from_id,to_id,rel_type,score
CHEMBL1000,EFO_0000274,OFF_LABEL_USE,
CHEMBL1000,EFO_0000400,CONTRAINDICATION,
CHEMBL1000,EFO_0000537,CONTRAINDICATION,
CHEMBL1000,EFO_0003086,CONTRAINDICATION,
CHEMBL1000,EFO_0003830,INDICATION,
CHEMBL1000,EFO_0003956,INDICATION,
CHEMBL1000,EFO_0004191,INDICATION,
CHEMBL1000,EFO_0004256,INDICATION,
CHEMBL1000,EFO_0005531,OFF_LABEL_USE,
CHEMBL1000,EFO_0005751,INDICATION,
CHEMBL1000,EFO_0005854,INDICATION,
CHEMBL1000,EFO_0007141,INDICATION,
CHEMBL1000,EFO_0007214,INDICATION,
CHEMBL1000,EFO_0007533,INDICATION,
CHEMBL1000,EFO_0008521,INDICATION,
CHEMBL1000,EFO_0009189,CONTRAINDICATION,
CHEMBL1000,EFO_1000749,INDICATION,
CHEMBL1000,EFO_1001417,INDICATION,
CHEMBL1000,MONDO_0001744,CONTRAINDICATION,
CHEMBL1000,MONDO_0002406,INDICATION,
CHEMBL1000,MONDO_0005041,CONTRAINDICATION,
CHEMBL1000,MONDO_0005271,INDICATION,
CHEMBL1000,MONDO_0005277,INDICATION,
CHEMBL1000,MONDO_0005301,INDICATION,
CHEMBL1000,MONDO_0009291,INDICATION,
CHEMBL1000,MONDO_0021661,CONTRAINDICATION,
CHEMBL1000,MONDO_0024327,CONTRAINDICATION,
CHEMBL1000,MONDO_0044212,INDICATION,
CHEMBL100014,EFO_0000095,INDICATION,
CHEMBL100014,EFO_0000756,INDICATION,
CHEMBL100014,EFO_0003060,INDICATION,
CHEMBL100116,EFO_0003843,INDICATION,
CHEMBL100116,MONDO_0004985,INDICATION,
CHEMBL1002,EFO_0000341,INDICATION,
CHEMBL1002,EFO_0000400,CONTRAINDICATION,
CHEMBL1002,EFO_0000474,CONTRAINDICATION,
CHEMBL1002,EFO_0000537,CONTRAINDICATION,
CHEMBL1002,EFO_0009189,CONTRAINDICATION,
CHEMBL1002,MONDO_0004979,INDICATION,
CHEMBL100259,EFO_0003060,INDICATION,
CHEMBL100259,MONDO_0004985,INDICATION,
CHEMBL100259,MONDO_0005129,INDICATION,
CHEMBL100259,MONDO_0008903,INDICATION,
CHEMBL100259,MONDO_0015486,INDICATION,
CHEMBL1003,EFO_0000544,INDICATION,
CHEMBL1003,EFO_0003103,INDICATION,
CHEMBL1003,EFO_0003106,INDICATION,
CHEMBL1003,EFO_0004992,INDICATION,
CHEMBL1003,EFO_0007486,INDICATION,
CHEMBL1003,EFO_1001034,INDICATION,
CHEMBL1003,EFO_1001141,INDICATION,
CHEMBL1003,EFO_1001313,INDICATION,
CHEMBL1003,EFO_1001391,INDICATION,
CHEMBL1003,MONDO_0018076,INDICATION,
CHEMBL1003,MONDO_0024355,INDICATION,
CHEMBL1004,EFO_0000400,CONTRAINDICATION,
CHEMBL1004,EFO_0000537,CONTRAINDICATION,
CHEMBL1004,EFO_0000544,INDICATION,
CHEMBL1004,EFO_0000612,CONTRAINDICATION,
CHEMBL1004,EFO_0001645,CONTRAINDICATION,
CHEMBL1004,EFO_0003956,INDICATION,
CHEMBL1004,EFO_0005306,CONTRAINDICATION,
CHEMBL1004,EFO_0005531,INDICATION,
CHEMBL1004,EFO_0005854,INDICATION,
CHEMBL1004,EFO_0007141,INDICATION,
CHEMBL1004,EFO_0007214,INDICATION,
CHEMBL1004,EFO_0007533,INDICATION,
CHEMBL1004,EFO_0009086,CONTRAINDICATION,
CHEMBL1004,EFO_0009189,CONTRAINDICATION,
CHEMBL1004,EFO_1000014,CONTRAINDICATION,
CHEMBL1004,EFO_1000652,CONTRAINDICATION,
CHEMBL1004,EFO_1001069,CONTRAINDICATION,
CHEMBL1004,MONDO_0001744,CONTRAINDICATION,
CHEMBL1004,MONDO_0002277,CONTRAINDICATION,
CHEMBL1004,MONDO_0004247,CONTRAINDICATION,
CHEMBL1004,MONDO_0005271,INDICATION,
CHEMBL1004,MONDO_0007079,CONTRAINDICATION,
CHEMBL1004,MONDO_0021661,CONTRAINDICATION,
CHEMBL1004,MONDO_0100192,CONTRAINDICATION,
CHEMBL1005,EFO_0000616,INDICATION,
CHEMBL1005,EFO_0000712,INDICATION,
CHEMBL1005,EFO_0001074,INDICATION,
CHEMBL1005,EFO_0003777,INDICATION,
CHEMBL1005,EFO_0003833,INDICATION,
CHEMBL1005,EFO_0003843,INDICATION,
CHEMBL1005,EFO_0003877,INDICATION,
CHEMBL1005,EFO_0003917,INDICATION,
CHEMBL1005,EFO_0003918,INDICATION,
CHEMBL1005,EFO_0004337,INDICATION,
CHEMBL1005,EFO_0005251,CONTRAINDICATION,
CHEMBL1005,EFO_0005611,INDICATION,
CHEMBL1005,EFO_0006834,INDICATION,
CHEMBL1005,EFO_0009483,INDICATION,
CHEMBL1005,EFO_0009842,INDICATION,
CHEMBL1005,EFO_0010702,INDICATION,
CHEMBL1005,MONDO_0021233,INDICATION,
CHEMBL1005,MONDO_0041052,INDICATION,
CHEMBL1006,EFO_0000183,INDICATION,
CHEMBL1006,EFO_0000198,INDICATION,
CHEMBL1006,EFO_0000222,INDICATION,
CHEMBL1006,EFO_0000565,INDICATION,
CHEMBL1006,EFO_0000574,INDICATION,
CHEMBL1006,EFO_0000616,INDICATION,
CHEMBL1006,EFO_0000621,INDICATION,
CHEMBL1006,EFO_0000673,INDICATION,
CHEMBL1006,EFO_0000691,INDICATION,
CHEMBL1006,EFO_0000712,CONTRAINDICATION,
CHEMBL1006,EFO_0000770,INDICATION,
CHEMBL1006,EFO_0001378,INDICATION,
CHEMBL1006,EFO_0002428,INDICATION,
CHEMBL1006,EFO_0003100,INDICATION,
CHEMBL1006,EFO_0003764,CONTRAINDICATION,
CHEMBL1006,EFO_0003833,INDICATION,
CHEMBL1006,EFO_0005251,CONTRAINDICATION,
CHEMBL1006,EFO_0005952,INDICATION,
CHEMBL1006,EFO_0006859,INDICATION,
CHEMBL1006,EFO_0009869,INDICATION,
CHEMBL1006,EFO_1000158,INDICATION,
CHEMBL1006,EFO_1000292,INDICATION,
CHEMBL1006,EFO_1000657,INDICATION,
CHEMBL1006,EFO_1001219,INDICATION,
CHEMBL1006,EFO_1001375,CONTRAINDICATION,
CHEMBL1006,EFO_1001951,INDICATION,
CHEMBL1006,MONDO_0001187,INDICATION,
CHEMBL1006,MONDO_0002087,INDICATION,
CHEMBL1006,MONDO_0002158,INDICATION,
CHEMBL1006,MONDO_0002367,INDICATION,
CHEMBL1006,MONDO_0002691,INDICATION,
CHEMBL1006,MONDO_0002974,INDICATION,
CHEMBL1006,MONDO_0003751,INDICATION,
CHEMBL1006,MONDO_0007254,INDICATION,
CHEMBL1006,MONDO_0008170,INDICATION,
CHEMBL1006,MONDO_0008315,INDICATION,
CHEMBL1006,MONDO_0008380,INDICATION,
CHEMBL1006,MONDO_0008903,INDICATION,
CHEMBL1006,MONDO_0008978,INDICATION,
CHEMBL1006,MONDO_0011962,INDICATION,
CHEMBL1006,MONDO_0019391,INDICATION,
CHEMBL1006,MONDO_0021310,INDICATION,
CHEMBL1007,EFO_0000196,INDICATION,
CHEMBL1007,EFO_0000512,INDICATION,
CHEMBL1007,EFO_0000545,INDICATION,
CHEMBL1007,EFO_0000673,INDICATION,
CHEMBL1007,EFO_0001663,INDICATION,
CHEMBL1007,EFO_0002610,INDICATION,
CHEMBL1007,EFO_0003882,INDICATION,
CHEMBL1007,MONDO_0002146,INDICATION,
CHEMBL1007,MONDO_0007254,INDICATION,
CHEMBL1007,MONDO_0008315,INDICATION,
CHEMBL1007,MONDO_0018555,INDICATION,
CHEMBL1007,MONDO_0018800,INDICATION,
CHEMBL1008,EFO_0000319,INDICATION,
CHEMBL1009,EFO_0000400,CONTRAINDICATION,
CHEMBL1009,EFO_0000474,CONTRAINDICATION,
CHEMBL1009,EFO_0000612,CONTRAINDICATION,
CHEMBL1009,EFO_0000712,INDICATION,
CHEMBL1009,EFO_0001358,INDICATION,
CHEMBL1009,EFO_0001365,OFF_LABEL_USE,
CHEMBL1009,EFO_0002610,INDICATION,
CHEMBL1009,EFO_0003086,CONTRAINDICATION,
CHEMBL1009,EFO_0003756,INDICATION,
CHEMBL1009,EFO_0003768,INDICATION,
CHEMBL1009,EFO_0003770,INDICATION,
CHEMBL1009,EFO_0003818,CONTRAINDICATION,
CHEMBL1009,EFO_0003843,INDICATION,
CHEMBL1009,EFO_0004190,CONTRAINDICATION,
CHEMBL1009,EFO_0004270,OFF_LABEL_USE,
CHEMBL1009,EFO_0004607,CONTRAINDICATION,
CHEMBL1009,EFO_0004895,INDICATION,
CHEMBL1009,EFO_0005252,CONTRAINDICATION,
CHEMBL1009,EFO_0005407,CONTRAINDICATION,
CHEMBL1009,EFO_0009454,CONTRAINDICATION,
CHEMBL1009,EFO_1000902,CONTRAINDICATION,
CHEMBL1009,EFO_1001402,INDICATION,
CHEMBL1009,EFO_1001919,INDICATION,
CHEMBL1009,MONDO_0001020,INDICATION,
CHEMBL1009,MONDO_0001744,CONTRAINDICATION,
CHEMBL1009,MONDO_0001751,CONTRAINDICATION,
CHEMBL1009,MONDO_0002050,CONTRAINDICATION,
CHEMBL1009,MONDO_0004247,CONTRAINDICATION,
CHEMBL1009,MONDO_0004976,INDICATION,
CHEMBL1009,MONDO_0004979,INDICATION,
CHEMBL1009,MONDO_0005090,INDICATION,
CHEMBL1009,MONDO_0005180,INDICATION,
CHEMBL1009,MONDO_0007113,INDICATION,
CHEMBL1009,MONDO_0018910,INDICATION,
CHEMBL1009,MONDO_0019200,INDICATION,
CHEMBL1009,MONDO_0021095,INDICATION,
CHEMBL1009,MONDO_0043209,INDICATION,
CHEMBL1009,MONDO_0043510,INDICATION,
CHEMBL101,EFO_0004274,OFF_LABEL_USE,
CHEMBL101,EFO_0005755,INDICATION,
CHEMBL1010,DOID_7551,INDICATION,
CHEMBL1010,EFO_0000544,INDICATION,
CHEMBL1010,EFO_0003102,INDICATION,
CHEMBL1010,EFO_0003106,INDICATION,
CHEMBL101253,EFO_0000222,INDICATION,
CHEMBL101253,EFO_0000339,INDICATION,
CHEMBL101253,EFO_0000389,INDICATION,
CHEMBL101253,EFO_0000403,INDICATION,
CHEMBL101253,EFO_0000519,INDICATION,
CHEMBL101253,EFO_0000588,INDICATION,
CHEMBL101253,EFO_0000616,INDICATION,
CHEMBL101253,EFO_0000691,INDICATION,
CHEMBL101253,EFO_0000756,INDICATION,
CHEMBL101253,EFO_0001365,INDICATION,
CHEMBL101253,EFO_0001378,INDICATION,
CHEMBL101253,EFO_0002430,INDICATION,
CHEMBL101253,EFO_0002618,INDICATION,
CHEMBL101253,EFO_0003060,INDICATION,
CHEMBL101253,EFO_0003869,INDICATION,
CHEMBL101253,EFO_0004288,INDICATION,
CHEMBL101253,EFO_0009708,INDICATION,
CHEMBL101253,EFO_1000158,INDICATION,
CHEMBL101253,EFO_1000657,INDICATION,
CHEMBL101253,EFO_1001901,INDICATION,
CHEMBL101253,MONDO_0002087,INDICATION,
CHEMBL101253,MONDO_0002158,INDICATION,
CHEMBL101253,MONDO_0002367,INDICATION,
CHEMBL101253,MONDO_0002974,INDICATION,
CHEMBL101253,MONDO_0004992,INDICATION,
CHEMBL101253,MONDO_0007254,INDICATION,
CHEMBL101253,MONDO_0008170,INDICATION,
CHEMBL101253,MONDO_0008315,INDICATION,
CHEMBL101253,MONDO_0008667,INDICATION,
CHEMBL101253,MONDO_0011962,INDICATION,
CHEMBL1013,EFO_0000771,INDICATION,
CHEMBL1013,EFO_0003102,INDICATION,
CHEMBL1013,EFO_0003103,INDICATION,
CHEMBL1013,EFO_0003106,INDICATION,
CHEMBL1013,EFO_0007499,INDICATION,
CHEMBL1013,EFO_0009661,INDICATION,
CHEMBL1013,MONDO_0001110,INDICATION,
CHEMBL1013,MONDO_0002186,INDICATION,
CHEMBL1014,EFO_0000275,OFF_LABEL_USE,
CHEMBL1014,EFO_0000319,INDICATION,
CHEMBL1014,EFO_0000373,INDICATION,
CHEMBL1014,EFO_0000400,CONTRAINDICATION,
CHEMBL1014,EFO_0000401,OFF_LABEL_USE,
CHEMBL1014,EFO_0000537,INDICATION,
CHEMBL1014,EFO_0000612,INDICATION,
CHEMBL1014,EFO_0000712,INDICATION,
CHEMBL1014,EFO_0001645,INDICATION,
CHEMBL1014,EFO_0003144,INDICATION,
CHEMBL1014,EFO_0003843,INDICATION,
CHEMBL1014,EFO_0003913,INDICATION,
CHEMBL1014,EFO_0003914,INDICATION,
CHEMBL1014,EFO_0004274,CONTRAINDICATION,
CHEMBL1014,EFO_0005251,CONTRAINDICATION,
CHEMBL1014,EFO_0008506,CONTRAINDICATION,
CHEMBL1014,EFO_0009530,CONTRAINDICATION,
CHEMBL1014,EFO_1000652,CONTRAINDICATION,
CHEMBL1014,EFO_1000899,OFF_LABEL_USE,
CHEMBL1014,EFO_1001150,INDICATION,
CHEMBL1014,EFO_1001153,INDICATION,
CHEMBL1014,MONDO_0001134,INDICATION,
CHEMBL1014,MONDO_0001343,CONTRAINDICATION,
CHEMBL1014,MONDO_0001566,CONTRAINDICATION,
CHEMBL1014,MONDO_0005147,INDICATION,
CHEMBL1014,MONDO_0005148,INDICATION,
CHEMBL1014,MONDO_0007254,INDICATION,
CHEMBL1014,MONDO_0007915,CONTRAINDICATION,
CHEMBL1014,MONDO_0018100,CONTRAINDICATION,
CHEMBL1014,MONDO_0043510,INDICATION,
CHEMBL1014,MONDO_0100096,INDICATION,
CHEMBL1016,EFO_0000266,INDICATION,
CHEMBL1016,EFO_0000275,INDICATION,
CHEMBL1016,EFO_0000280,INDICATION,
CHEMBL1016,EFO_0000319,INDICATION,
CHEMBL1016,EFO_0000373,INDICATION,
CHEMBL1016,EFO_0000407,INDICATION,
CHEMBL1016,EFO_0000537,INDICATION,
CHEMBL1016,EFO_0000538,INDICATION,
CHEMBL1016,EFO_0000694,INDICATION,
CHEMBL1016,EFO_0002610,INDICATION,
CHEMBL1016,EFO_0003047,INDICATION,
CHEMBL1016,EFO_0003100,INDICATION,
CHEMBL1016,EFO_0003144,INDICATION,
CHEMBL1016,EFO_0003777,INDICATION,
CHEMBL1016,EFO_0003896,INDICATION,
CHEMBL1016,EFO_0004701,INDICATION,
CHEMBL1016,EFO_0008573,INDICATION,
CHEMBL1016,MONDO_0001134,INDICATION,
CHEMBL1016,MONDO_0002491,INDICATION,
CHEMBL1016,MONDO_0004985,INDICATION,
CHEMBL1016,MONDO_0005147,INDICATION,
CHEMBL1016,MONDO_0005148,INDICATION,
CHEMBL1016,MONDO_0005277,INDICATION,
CHEMBL1016,MONDO_0005475,INDICATION,
CHEMBL1016,MONDO_0100096,INDICATION,
CHEMBL1016,MONDO_0100431,INDICATION,
CHEMBL1017,EFO_0000180,INDICATION,
CHEMBL1017,EFO_0000275,OFF_LABEL_USE,
CHEMBL1017,EFO_0000319,INDICATION,
CHEMBL1017,EFO_0000400,CONTRAINDICATION,
CHEMBL1017,EFO_0000401,OFF_LABEL_USE,
CHEMBL1017,EFO_0000537,INDICATION,
CHEMBL1017,EFO_0000612,INDICATION,
CHEMBL1017,EFO_0000694,INDICATION,
CHEMBL1017,EFO_0000712,INDICATION,
CHEMBL1017,EFO_0000764,INDICATION,
CHEMBL1017,EFO_0003086,CONTRAINDICATION,
CHEMBL1017,EFO_0003777,INDICATION,
CHEMBL1017,EFO_0003884,INDICATION,
CHEMBL1017,EFO_0003918,INDICATION,
CHEMBL1017,EFO_0004274,CONTRAINDICATION,
CHEMBL1017,EFO_0004285,INDICATION,
CHEMBL1017,EFO_0005251,CONTRAINDICATION,
CHEMBL1017,EFO_0005762,INDICATION,
CHEMBL1017,EFO_0008506,CONTRAINDICATION,
CHEMBL1017,EFO_0008620,INDICATION,
CHEMBL1017,EFO_0009530,CONTRAINDICATION,
CHEMBL1017,EFO_1000652,CONTRAINDICATION,
CHEMBL1017,EFO_1000899,OFF_LABEL_USE,
CHEMBL1017,EFO_1002048,CONTRAINDICATION,
CHEMBL1017,MONDO_0001134,INDICATION,
CHEMBL1017,MONDO_0001566,CONTRAINDICATION,
CHEMBL1017,MONDO_0001751,CONTRAINDICATION,
CHEMBL1017,MONDO_0004975,INDICATION,
CHEMBL1017,MONDO_0005148,INDICATION,
CHEMBL1017,MONDO_0007915,CONTRAINDICATION,
CHEMBL1017,MONDO_0018100,CONTRAINDICATION,
CHEMBL1017,MONDO_0100096,INDICATION,
CHEMBL1017,MONDO_0100192,CONTRAINDICATION,
CHEMBL1017,Orphanet_309005,INDICATION,
CHEMBL10188,EFO_0000555,INDICATION,
CHEMBL10188,MONDO_0005090,INDICATION,
CHEMBL1020,EFO_0000319,CONTRAINDICATION,
CHEMBL1020,EFO_0000537,CONTRAINDICATION,
CHEMBL1020,EFO_0000612,CONTRAINDICATION,
CHEMBL1020,EFO_0000685,INDICATION,
CHEMBL1020,EFO_0003086,CONTRAINDICATION,
CHEMBL1020,EFO_0003898,OFF_LABEL_USE,
CHEMBL1020,EFO_0005755,INDICATION,
CHEMBL1020,EFO_0009314,CONTRAINDICATION,
CHEMBL1020,MONDO_0004247,CONTRAINDICATION,
CHEMBL1020,MONDO_0005178,INDICATION,
CHEMBL1020,MONDO_0100192,CONTRAINDICATION,
CHEMBL1021,EFO_0000400,CONTRAINDICATION,
CHEMBL1021,EFO_0000685,CONTRAINDICATION,
CHEMBL1021,EFO_0003843,INDICATION,
CHEMBL1021,EFO_0005752,INDICATION,
CHEMBL1021,EFO_0009314,CONTRAINDICATION,
CHEMBL1021,EFO_0009449,CONTRAINDICATION,
CHEMBL1021,EFO_1000906,CONTRAINDICATION,
CHEMBL1021,MONDO_0003005,INDICATION,
CHEMBL1021,MONDO_0004577,CONTRAINDICATION,
CHEMBL1021,MONDO_0005129,INDICATION,
CHEMBL1021,MP_0001845,INDICATION,
CHEMBL1023,EFO_0000198,INDICATION,
CHEMBL1023,EFO_0000222,INDICATION,
CHEMBL1023,EFO_0000342,CONTRAINDICATION,
CHEMBL1023,EFO_0000400,CONTRAINDICATION,
CHEMBL1023,EFO_0000432,INDICATION,
CHEMBL1023,EFO_0000565,INDICATION,
CHEMBL1023,EFO_0000574,INDICATION,
CHEMBL1023,EFO_0000616,INDICATION,
CHEMBL1023,EFO_0000676,INDICATION,
CHEMBL1023,EFO_0001378,INDICATION,
CHEMBL1023,EFO_0002913,INDICATION,
CHEMBL1023,EFO_0003032,INDICATION,
CHEMBL1023,EFO_0003060,INDICATION,
CHEMBL1023,EFO_0004192,INDICATION,
CHEMBL1023,EFO_0004705,CONTRAINDICATION,
CHEMBL1023,EFO_0005411,INDICATION,
CHEMBL1023,EFO_0005537,INDICATION,
CHEMBL1023,EFO_1000652,CONTRAINDICATION,
CHEMBL1023,EFO_1000747,INDICATION,
CHEMBL1023,EFO_1000785,INDICATION,
CHEMBL1023,EFO_1001051,INDICATION,
CHEMBL1023,EFO_1001110,INDICATION,
CHEMBL1023,MONDO_0002108,INDICATION,
CHEMBL1023,MONDO_0004975,INDICATION,
CHEMBL1023,MONDO_0005090,INDICATION,
CHEMBL1023,MONDO_0007079,CONTRAINDICATION,
CHEMBL1023,MONDO_0007254,INDICATION,
CHEMBL1023,MONDO_0008903,INDICATION,
CHEMBL1023,MONDO_0015758,INDICATION,
CHEMBL1023,MONDO_0015760,INDICATION,
CHEMBL1023,MONDO_0020077,INDICATION,
CHEMBL1023,MONDO_0100192,CONTRAINDICATION,
CHEMBL1024,EFO_0000096,INDICATION,
CHEMBL1024,EFO_0000174,OFF_LABEL_USE,
CHEMBL1024,EFO_0000183,INDICATION,
CHEMBL1024,EFO_0000198,INDICATION,
CHEMBL1024,EFO_0000209,INDICATION,
CHEMBL1024,EFO_0000211,INDICATION,
CHEMBL1024,EFO_0000220,INDICATION,
CHEMBL1024,EFO_0000222,INDICATION,
CHEMBL1024,EFO_0000239,INDICATION,
CHEMBL1024,EFO_0000248,INDICATION,
CHEMBL1024,EFO_0000309,OFF_LABEL_USE,
CHEMBL1024,EFO_0000313,INDICATION,
CHEMBL1024,EFO_0000403,INDICATION,
CHEMBL1024,EFO_0000437,INDICATION,
CHEMBL1024,EFO_0000514,INDICATION,
CHEMBL1024,EFO_0000564,INDICATION,
CHEMBL1024,EFO_0000565,INDICATION,
CHEMBL1024,EFO_0000569,INDICATION,
CHEMBL1024,EFO_0000574,INDICATION,
CHEMBL1024,EFO_0000616,INDICATION,
CHEMBL1024,EFO_0000621,INDICATION,
CHEMBL1024,EFO_0000637,INDICATION,
CHEMBL1024,EFO_0000691,INDICATION,
CHEMBL1024,EFO_0000702,OFF_LABEL_USE,
CHEMBL1024,EFO_0000760,INDICATION,
CHEMBL1024,EFO_0001376,INDICATION,
CHEMBL1024,EFO_0001378,INDICATION,
CHEMBL1024,EFO_0002428,INDICATION,
CHEMBL1024,EFO_0002618,INDICATION,
CHEMBL1024,EFO_0002918,INDICATION,
CHEMBL1024,EFO_0003032,INDICATION,
CHEMBL1024,EFO_0003060,OFF_LABEL_USE,
CHEMBL1024,EFO_0003086,CONTRAINDICATION,
CHEMBL1024,EFO_0003968,INDICATION,
CHEMBL1024,EFO_0004252,INDICATION,
CHEMBL1024,EFO_0004281,INDICATION,
CHEMBL1024,EFO_0005088,INDICATION,
CHEMBL1024,EFO_0005561,INDICATION,
CHEMBL1024,EFO_0005952,INDICATION,
CHEMBL1024,EFO_0006859,OFF_LABEL_USE,
CHEMBL1024,EFO_0007143,INDICATION,
CHEMBL1024,EFO_0007362,INDICATION,
CHEMBL1024,EFO_0009708,INDICATION,
CHEMBL1024,EFO_1000158,INDICATION,
CHEMBL1024,EFO_1000251,INDICATION,
CHEMBL1024,EFO_1000613,INDICATION,
CHEMBL1024,EFO_1001042,INDICATION,
CHEMBL1024,EFO_1001365,INDICATION,
CHEMBL1024,EFO_1001469,INDICATION,
CHEMBL1024,EFO_1001938,INDICATION,
CHEMBL1024,EFO_1001968,INDICATION,
CHEMBL1024,MONDO_0000870,INDICATION,
CHEMBL1024,MONDO_0000873,INDICATION,
CHEMBL1024,MONDO_0001083,CONTRAINDICATION,
CHEMBL1024,MONDO_0001187,INDICATION,
CHEMBL1024,MONDO_0001325,INDICATION,
CHEMBL1024,MONDO_0001909,CONTRAINDICATION,
CHEMBL1024,MONDO_0002087,INDICATION,
CHEMBL1024,MONDO_0002158,INDICATION,
CHEMBL1024,MONDO_0002280,CONTRAINDICATION,
CHEMBL1024,MONDO_0002367,INDICATION,
CHEMBL1024,MONDO_0002601,INDICATION,
CHEMBL1024,MONDO_0002629,OFF_LABEL_USE,
CHEMBL1024,MONDO_0002678,INDICATION,
CHEMBL1024,MONDO_0002715,INDICATION,
CHEMBL1024,MONDO_0002974,INDICATION,
CHEMBL1024,MONDO_0003510,INDICATION,
CHEMBL1024,MONDO_0003751,INDICATION,
CHEMBL1024,MONDO_0004192,INDICATION,
CHEMBL1024,MONDO_0004992,INDICATION,
CHEMBL1024,MONDO_0005094,INDICATION,
CHEMBL1024,MONDO_0007254,INDICATION,
CHEMBL1024,MONDO_0008170,INDICATION,
CHEMBL1024,MONDO_0008903,INDICATION,
CHEMBL1024,MONDO_0009348,INDICATION,
CHEMBL1024,MONDO_0011934,INDICATION,
CHEMBL1024,MONDO_0011962,INDICATION,
CHEMBL1024,MONDO_0017387,INDICATION,
CHEMBL1024,MONDO_0018906,INDICATION,
CHEMBL1024,MONDO_0019004,INDICATION,
CHEMBL1024,MONDO_0044917,INDICATION,
CHEMBL1025,MONDO_0005041,INDICATION,
CHEMBL1026,EFO_0000537,INDICATION,
CHEMBL1027,EFO_0000474,INDICATION,
CHEMBL1027,EFO_0002610,INDICATION,
CHEMBL1027,EFO_0003918,INDICATION,
CHEMBL1027,EFO_0005230,INDICATION,
CHEMBL1027,EFO_1001892,INDICATION,
CHEMBL1027,MONDO_0002050,CONTRAINDICATION,
CHEMBL1027,MONDO_0005090,INDICATION,
CHEMBL1027,MONDO_0007079,INDICATION,
CHEMBL1029,EFO_0000764,INDICATION,
CHEMBL1029,EFO_0003100,CONTRAINDICATION,
CHEMBL1029,MONDO_0001343,CONTRAINDICATION,
CHEMBL1029,MONDO_0002412,INDICATION,
CHEMBL1029,MONDO_0009061,INDICATION,
CHEMBL1029,MONDO_0010006,INDICATION,
CHEMBL1029,MONDO_0017720,INDICATION,
CHEMBL1029,MONDO_0018150,INDICATION,
CHEMBL1029,MONDO_0018485,INDICATION,
CHEMBL1029,MONDO_0018982,INDICATION,
CHEMBL1029,MONDO_0019064,INDICATION,
CHEMBL1029,MONDO_0019262,INDICATION,
CHEMBL1029,Orphanet_365,INDICATION,
CHEMBL1029,Orphanet_77259,INDICATION,
CHEMBL103,EFO_0000180,INDICATION,
CHEMBL103,EFO_0000400,CONTRAINDICATION,
CHEMBL103,EFO_0000474,CONTRAINDICATION,
CHEMBL103,EFO_0000537,CONTRAINDICATION,
CHEMBL103,EFO_0000545,INDICATION,
CHEMBL103,EFO_0000612,CONTRAINDICATION,
CHEMBL103,EFO_0000660,OFF_LABEL_USE,
CHEMBL103,EFO_0000668,INDICATION,
CHEMBL103,EFO_0000712,CONTRAINDICATION,
CHEMBL103,EFO_0000731,INDICATION,
CHEMBL103,EFO_0001065,INDICATION,
CHEMBL103,EFO_0001072,INDICATION,
CHEMBL103,EFO_0001073,CONTRAINDICATION,
CHEMBL103,EFO_0001645,CONTRAINDICATION,
CHEMBL103,EFO_0002610,INDICATION,
CHEMBL103,EFO_0002950,INDICATION,
CHEMBL103,EFO_0003086,CONTRAINDICATION,
CHEMBL103,EFO_0003763,CONTRAINDICATION,
CHEMBL103,EFO_0003768,INDICATION,
CHEMBL103,EFO_0003832,CONTRAINDICATION,
CHEMBL103,EFO_0003854,INDICATION,
CHEMBL103,EFO_0003869,INDICATION,
CHEMBL103,EFO_0003882,CONTRAINDICATION,
CHEMBL103,EFO_0003893,INDICATION,
CHEMBL103,EFO_0003917,INDICATION,
CHEMBL103,EFO_0004152,CONTRAINDICATION,
CHEMBL103,EFO_0004701,INDICATION,
CHEMBL103,EFO_0004705,CONTRAINDICATION,
CHEMBL103,EFO_0005204,INDICATION,
CHEMBL103,EFO_0007191,INDICATION,
CHEMBL103,EFO_0007442,INDICATION,
CHEMBL103,EFO_0007453,INDICATION,
CHEMBL103,EFO_0008560,INDICATION,
CHEMBL103,EFO_0009315,CONTRAINDICATION,
CHEMBL103,EFO_0010269,INDICATION,
CHEMBL103,EFO_1000098,INDICATION,
CHEMBL103,EFO_1000623,INDICATION,
CHEMBL103,EFO_1000645,INDICATION,
CHEMBL103,EFO_1000985,INDICATION,
CHEMBL103,EFO_1001074,CONTRAINDICATION,
CHEMBL103,EFO_1001375,INDICATION,
CHEMBL103,EFO_1001465,INDICATION,
CHEMBL103,EFO_1001512,INDICATION,
CHEMBL103,MONDO_0000088,OFF_LABEL_USE,
CHEMBL103,MONDO_0000831,INDICATION,
CHEMBL103,MONDO_0001627,CONTRAINDICATION,
CHEMBL103,MONDO_0002050,CONTRAINDICATION,
CHEMBL103,MONDO_0002520,CONTRAINDICATION,
CHEMBL103,MONDO_0002691,CONTRAINDICATION,
CHEMBL103,MONDO_0004975,INDICATION,
CHEMBL103,MONDO_0004979,CONTRAINDICATION,
CHEMBL103,MONDO_0005147,INDICATION,
CHEMBL103,MONDO_0005277,CONTRAINDICATION,
CHEMBL103,MONDO_0005351,CONTRAINDICATION,
CHEMBL103,MONDO_0007079,CONTRAINDICATION,
CHEMBL103,MONDO_0007254,INDICATION,
CHEMBL103,MONDO_0007915,CONTRAINDICATION,
CHEMBL103,MONDO_0008170,CONTRAINDICATION,
CHEMBL103,MONDO_0011962,INDICATION,
CHEMBL103,MONDO_0011972,INDICATION,
CHEMBL103,MONDO_0021187,CONTRAINDICATION,
CHEMBL103,MONDO_0022394,INDICATION,
CHEMBL103,MONDO_0037748,CONTRAINDICATION,
CHEMBL103,MONDO_0037821,CONTRAINDICATION,
CHEMBL103,MONDO_0043510,INDICATION,
CHEMBL103,MONDO_0100096,INDICATION,
CHEMBL103,MONDO_0100192,CONTRAINDICATION,
CHEMBL103,MP_0001914,INDICATION,
CHEMBL10316,MONDO_0002009,INDICATION,
CHEMBL10316,MONDO_0004975,INDICATION,
CHEMBL1034,EFO_0000649,INDICATION,
CHEMBL1034,EFO_0000685,INDICATION,
CHEMBL1034,EFO_0002496,INDICATION,
CHEMBL1034,EFO_0002970,INDICATION,
CHEMBL1034,EFO_0003843,INDICATION,
CHEMBL1034,EFO_0003958,INDICATION,
CHEMBL1034,EFO_0004272,INDICATION,
CHEMBL1034,EFO_0004274,INDICATION,
CHEMBL1034,EFO_0004607,INDICATION,
CHEMBL1034,EFO_0004616,INDICATION,
CHEMBL1034,EFO_0009560,INDICATION,
CHEMBL1034,EFO_0009582,INDICATION,
CHEMBL1034,EFO_0010072,INDICATION,
CHEMBL1034,MONDO_0001187,INDICATION,
CHEMBL1034,MONDO_0002959,INDICATION,
CHEMBL1034,MONDO_0005178,INDICATION,
CHEMBL1034,MP_0001845,INDICATION,
CHEMBL1034,MP_0001914,INDICATION,
CHEMBL103667,EFO_0000676,INDICATION,
CHEMBL103667,EFO_0000685,INDICATION,
CHEMBL1037,EFO_0000537,INDICATION,
CHEMBL103735,EFO_0001378,INDICATION,
CHEMBL103735,MONDO_0002120,INDICATION,
CHEMBL103735,MONDO_0004992,INDICATION,
CHEMBL104,EFO_0000544,INDICATION,
CHEMBL104,EFO_0000764,INDICATION,
CHEMBL104,EFO_0003086,INDICATION,
CHEMBL104,EFO_0003875,CONTRAINDICATION,
CHEMBL104,EFO_0003932,INDICATION,
CHEMBL104,EFO_0007406,INDICATION,
CHEMBL104,EFO_0007421,OFF_LABEL_USE,
CHEMBL104,EFO_0007439,INDICATION,
CHEMBL104,EFO_0007510,INDICATION,
CHEMBL104,EFO_0007512,INDICATION,
CHEMBL104,EFO_0007543,INDICATION,
CHEMBL104,EFO_0009365,INDICATION,
CHEMBL104,EFO_0009491,CONTRAINDICATION,
CHEMBL104,EFO_1000702,INDICATION,
CHEMBL104,EFO_1000766,CONTRAINDICATION,
CHEMBL104,MONDO_0000879,INDICATION,
CHEMBL104,MONDO_0001576,CONTRAINDICATION,
CHEMBL104,MONDO_0002026,INDICATION,
CHEMBL104,MONDO_0002041,INDICATION,
CHEMBL104,MONDO_0011382,INDICATION,
CHEMBL104,MONDO_0021201,INDICATION,
CHEMBL1040,EFO_0000612,INDICATION,
CHEMBL1040,EFO_0003086,CONTRAINDICATION,
CHEMBL1040,EFO_0003762,INDICATION,
CHEMBL1040,EFO_0003884,INDICATION,
CHEMBL1040,EFO_0003918,INDICATION,
CHEMBL1040,EFO_0005583,INDICATION,
CHEMBL1040,EFO_0005754,INDICATION,
CHEMBL1040,EFO_1000820,CONTRAINDICATION,
CHEMBL1040,EFO_1001152,INDICATION,
CHEMBL1040,EFO_1001173,INDICATION,
CHEMBL1040,MONDO_0000313,INDICATION,
CHEMBL1040,MONDO_0000328,CONTRAINDICATION,
CHEMBL1040,MONDO_0001566,CONTRAINDICATION,
CHEMBL1040,MONDO_0019338,CONTRAINDICATION,
CHEMBL1040,MONDO_0100096,INDICATION,
CHEMBL1042,EFO_0000095,INDICATION,
CHEMBL1042,EFO_0000180,INDICATION,
CHEMBL1042,EFO_0000195,INDICATION,
CHEMBL1042,EFO_0000196,INDICATION,
CHEMBL1042,EFO_0000217,CONTRAINDICATION,
CHEMBL1042,EFO_0000222,INDICATION,
CHEMBL1042,EFO_0000274,INDICATION,
CHEMBL1042,EFO_0000275,CONTRAINDICATION,
CHEMBL1042,EFO_0000280,INDICATION,
CHEMBL1042,EFO_0000319,INDICATION,
CHEMBL1042,EFO_0000341,INDICATION,
CHEMBL1042,EFO_0000365,INDICATION,
CHEMBL1042,EFO_0000384,INDICATION,
CHEMBL1042,EFO_0000400,CONTRAINDICATION,
CHEMBL1042,EFO_0000403,INDICATION,
CHEMBL1042,EFO_0000432,INDICATION,
CHEMBL1042,EFO_0000474,INDICATION,
CHEMBL1042,EFO_0000519,INDICATION,
CHEMBL1042,EFO_0000537,CONTRAINDICATION,
CHEMBL1042,EFO_0000544,INDICATION,
CHEMBL1042,EFO_0000555,INDICATION,
CHEMBL1042,EFO_0000616,INDICATION,
CHEMBL1042,EFO_0000660,INDICATION,
CHEMBL1042,EFO_0000673,INDICATION,
CHEMBL1042,EFO_0000676,INDICATION,
CHEMBL1042,EFO_0000694,INDICATION,
CHEMBL1042,EFO_0000729,INDICATION,
CHEMBL1042,EFO_0000756,INDICATION,
CHEMBL1042,EFO_0000764,INDICATION,
CHEMBL1042,EFO_0000765,INDICATION,
CHEMBL1042,EFO_0001073,INDICATION,
CHEMBL1042,EFO_0002496,INDICATION,
CHEMBL1042,EFO_0002546,INDICATION,
CHEMBL1042,EFO_0002609,INDICATION,
CHEMBL1042,EFO_0002950,INDICATION,
CHEMBL1042,EFO_0003047,INDICATION,
CHEMBL1042,EFO_0003086,CONTRAINDICATION,
CHEMBL1042,EFO_0003095,INDICATION,
CHEMBL1042,EFO_0003103,INDICATION,
CHEMBL1042,EFO_0003106,INDICATION,
CHEMBL1042,EFO_0003144,INDICATION,
CHEMBL1042,EFO_0003758,INDICATION,
CHEMBL1042,EFO_0003762,INDICATION,
CHEMBL1042,EFO_0003767,INDICATION,
CHEMBL1042,EFO_0003854,INDICATION,
CHEMBL1042,EFO_0003882,INDICATION,
CHEMBL1042,EFO_0003884,INDICATION,
CHEMBL1042,EFO_0003917,INDICATION,
CHEMBL1042,EFO_0003929,INDICATION,
CHEMBL1042,EFO_0003931,INDICATION,
CHEMBL1042,EFO_0003944,INDICATION,
CHEMBL1042,EFO_0003964,INDICATION,
CHEMBL1042,EFO_0004248,INDICATION,
CHEMBL1042,EFO_0004261,INDICATION,
CHEMBL1042,EFO_0004272,INDICATION,
CHEMBL1042,EFO_0004593,INDICATION,
CHEMBL1042,EFO_0005406,INDICATION,
CHEMBL1042,EFO_0005411,INDICATION,
CHEMBL1042,EFO_0005531,INDICATION,
CHEMBL1042,EFO_0005583,INDICATION,
CHEMBL1042,EFO_0005681,INDICATION,
CHEMBL1042,EFO_0007141,INDICATION,
CHEMBL1042,EFO_0007214,INDICATION,
CHEMBL1042,EFO_0007328,INDICATION,
CHEMBL1042,EFO_0007405,INDICATION,
CHEMBL1042,EFO_0008506,CONTRAINDICATION,
CHEMBL1042,EFO_0008553,CONTRAINDICATION,
CHEMBL1042,EFO_0008572,INDICATION,
CHEMBL1042,EFO_0009314,CONTRAINDICATION,
CHEMBL1042,EFO_0009451,INDICATION,
CHEMBL1042,EFO_0009516,INDICATION,
CHEMBL1042,EFO_0009686,INDICATION,
CHEMBL1042,EFO_1000049,INDICATION,
CHEMBL1042,EFO_1000653,INDICATION,
CHEMBL1042,EFO_1000657,INDICATION,
CHEMBL1042,EFO_1000820,CONTRAINDICATION,
CHEMBL1042,EFO_1000892,CONTRAINDICATION,
CHEMBL1042,EFO_1000961,INDICATION,
CHEMBL1042,EFO_1000978,CONTRAINDICATION,
CHEMBL1042,EFO_1001121,INDICATION,
CHEMBL1042,EFO_1001152,OFF_LABEL_USE,
CHEMBL1042,EFO_1001951,INDICATION,
CHEMBL1042,MONDO_0000328,CONTRAINDICATION,
CHEMBL1042,MONDO_0001409,CONTRAINDICATION,
CHEMBL1042,MONDO_0001566,CONTRAINDICATION,
CHEMBL1042,MONDO_0002050,INDICATION,
CHEMBL1042,MONDO_0002146,INDICATION,
CHEMBL1042,MONDO_0002203,CONTRAINDICATION,
CHEMBL1042,MONDO_0002363,INDICATION,
CHEMBL1042,MONDO_0002474,CONTRAINDICATION,
CHEMBL1042,MONDO_0002508,INDICATION,
CHEMBL1042,MONDO_0002898,INDICATION,
CHEMBL1042,MONDO_0003778,INDICATION,
CHEMBL1042,MONDO_0004627,CONTRAINDICATION,
CHEMBL1042,MONDO_0004647,INDICATION,
CHEMBL1042,MONDO_0004979,INDICATION,
CHEMBL1042,MONDO_0004992,INDICATION,
CHEMBL1042,MONDO_0005090,INDICATION,
CHEMBL1042,MONDO_0005147,INDICATION,
CHEMBL1042,MONDO_0005148,INDICATION,
CHEMBL1042,MONDO_0005180,INDICATION,
CHEMBL1042,MONDO_0005271,INDICATION,
CHEMBL1042,MONDO_0005301,INDICATION,
CHEMBL1042,MONDO_0007254,INDICATION,
CHEMBL1042,MONDO_0007915,INDICATION,
CHEMBL1042,MONDO_0008170,INDICATION,
CHEMBL1042,MONDO_0008315,INDICATION,
CHEMBL1042,MONDO_0011382,CONTRAINDICATION,
CHEMBL1042,MONDO_0018076,INDICATION,
CHEMBL1042,MONDO_0018975,INDICATION,
CHEMBL1042,MONDO_0019338,CONTRAINDICATION,
CHEMBL1042,MONDO_0021063,INDICATION,
CHEMBL1042,MONDO_0021187,CONTRAINDICATION,
CHEMBL1042,MONDO_0021251,CONTRAINDICATION,
CHEMBL1042,MONDO_0021259,CONTRAINDICATION,
CHEMBL1042,MONDO_0024298,INDICATION,
CHEMBL1042,MONDO_0044782,CONTRAINDICATION,
CHEMBL1042,MONDO_0044881,INDICATION,
CHEMBL1042,MONDO_0100096,INDICATION,
CHEMBL1042,Orphanet_145,INDICATION,
CHEMBL1042,Orphanet_309005,INDICATION,
CHEMBL1042,Orphanet_43,INDICATION,
CHEMBL1043,EFO_0000712,INDICATION,
CHEMBL1043,EFO_0000764,INDICATION,
CHEMBL1043,EFO_0001054,INDICATION,
CHEMBL1043,EFO_0001068,INDICATION,
CHEMBL1043,EFO_0003060,INDICATION,
CHEMBL1043,EFO_0003894,INDICATION,
CHEMBL1043,EFO_0004719,INDICATION,
CHEMBL1043,EFO_0007187,OFF_LABEL_USE,
CHEMBL1043,EFO_0007287,CONTRAINDICATION,
CHEMBL1043,EFO_0007444,INDICATION,
CHEMBL1043,EFO_0007445,INDICATION,
CHEMBL1043,EFO_0007448,INDICATION,
CHEMBL1043,EFO_0007517,OFF_LABEL_USE,
CHEMBL1043,EFO_0009448,INDICATION,
CHEMBL1043,EFO_1000680,OFF_LABEL_USE,
CHEMBL1043,EFO_1000684,INDICATION,
CHEMBL1043,EFO_1000704,OFF_LABEL_USE,
CHEMBL1043,EFO_1000760,INDICATION,
CHEMBL1043,EFO_1000771,OFF_LABEL_USE,
CHEMBL1043,MONDO_0002280,CONTRAINDICATION,
CHEMBL1043,MONDO_0007915,OFF_LABEL_USE,
CHEMBL1043,MONDO_0019338,INDICATION,
CHEMBL1043,MONDO_0100096,INDICATION,
CHEMBL1044,EFO_0000474,CONTRAINDICATION,
CHEMBL1044,EFO_0003086,CONTRAINDICATION,
CHEMBL1044,MONDO_0000440,CONTRAINDICATION,
CHEMBL1046,EFO_0003086,CONTRAINDICATION,
CHEMBL1046,EFO_0005775,INDICATION,
CHEMBL1046,EFO_1000760,INDICATION,
CHEMBL1046,MONDO_0000831,CONTRAINDICATION,
CHEMBL1046,MONDO_0015469,INDICATION,
CHEMBL1046,MP_0001845,INDICATION,
CHEMBL1046,MP_0001914,INDICATION,
CHEMBL105,EFO_0000181,INDICATION,
CHEMBL105,EFO_0000182,INDICATION,
CHEMBL105,EFO_0000228,INDICATION,
CHEMBL105,EFO_0000294,INDICATION,
CHEMBL105,EFO_0000313,INDICATION,
CHEMBL105,EFO_0000565,INDICATION,
CHEMBL105,EFO_0000588,INDICATION,
CHEMBL105,EFO_0000616,INDICATION,
CHEMBL105,EFO_0000678,INDICATION,
CHEMBL105,EFO_0000691,INDICATION,
CHEMBL105,EFO_0002618,INDICATION,
CHEMBL105,EFO_0003060,OFF_LABEL_USE,
CHEMBL105,EFO_0003086,CONTRAINDICATION,
CHEMBL105,EFO_0003144,CONTRAINDICATION,
CHEMBL105,EFO_0003835,INDICATION,
CHEMBL105,EFO_0003884,INDICATION,
CHEMBL105,EFO_0004190,INDICATION,
CHEMBL105,EFO_0004252,INDICATION,
CHEMBL105,EFO_0004268,INDICATION,
CHEMBL105,EFO_0005221,INDICATION,
CHEMBL105,EFO_0006859,OFF_LABEL_USE,
CHEMBL105,EFO_0008528,INDICATION,
CHEMBL105,EFO_0009314,CONTRAINDICATION,
CHEMBL105,EFO_0009688,CONTRAINDICATION,
CHEMBL105,EFO_0009708,INDICATION,
CHEMBL105,EFO_1000044,INDICATION,
CHEMBL105,EFO_1000601,INDICATION,
CHEMBL105,EFO_1001060,INDICATION,
CHEMBL105,EFO_1001951,INDICATION,
CHEMBL105,MONDO_0001056,INDICATION,
CHEMBL105,MONDO_0001187,OFF_LABEL_USE,
CHEMBL105,MONDO_0001235,INDICATION,
CHEMBL105,MONDO_0001549,CONTRAINDICATION,
CHEMBL105,MONDO_0001879,OFF_LABEL_USE,
CHEMBL105,MONDO_0002280,CONTRAINDICATION,
CHEMBL105,MONDO_0002691,INDICATION,
CHEMBL105,MONDO_0002974,INDICATION,
CHEMBL105,MONDO_0003060,INDICATION,
CHEMBL105,MONDO_0003199,INDICATION,
CHEMBL105,MONDO_0004647,INDICATION,
CHEMBL105,MONDO_0004986,INDICATION,
CHEMBL105,MONDO_0004992,INDICATION,
CHEMBL105,MONDO_0005041,INDICATION,
CHEMBL105,MONDO_0007254,INDICATION,
CHEMBL105,MONDO_0008903,INDICATION,
CHEMBL105,MONDO_0015486,INDICATION,
CHEMBL105,MONDO_0021117,INDICATION,
CHEMBL105060,EFO_0000274,INDICATION,
CHEMBL105060,EFO_0000341,INDICATION,
CHEMBL105060,EFO_0000555,INDICATION,
CHEMBL1051,EFO_0000537,INDICATION,
CHEMBL1051,EFO_0004190,INDICATION,
CHEMBL1051,EFO_0004208,INDICATION,
CHEMBL1051,EFO_0006862,INDICATION,
CHEMBL1051,EFO_0009450,CONTRAINDICATION,
CHEMBL1051,EFO_1000997,CONTRAINDICATION,
CHEMBL1051,EFO_1001069,INDICATION,
CHEMBL1051,EFO_1001231,CONTRAINDICATION,
CHEMBL1051,MONDO_0003005,CONTRAINDICATION,
CHEMBL1051,MONDO_0005041,INDICATION,
CHEMBL1051,MONDO_0007935,CONTRAINDICATION,
CHEMBL105184,EFO_0001422,INDICATION,
CHEMBL105318,EFO_0000349,INDICATION,
CHEMBL105318,EFO_0000503,INDICATION,
CHEMBL105318,EFO_0000764,INDICATION,
CHEMBL105318,Orphanet_145,INDICATION,
CHEMBL1054,EFO_0000319,INDICATION,
CHEMBL1054,EFO_0000474,CONTRAINDICATION,
CHEMBL1054,EFO_0000537,INDICATION,
CHEMBL1054,EFO_0000729,CONTRAINDICATION,
CHEMBL1054,EFO_0003086,CONTRAINDICATION,
CHEMBL1054,EFO_0004799,CONTRAINDICATION,
CHEMBL1054,MONDO_0002050,CONTRAINDICATION,
CHEMBL1054,MONDO_0004247,CONTRAINDICATION,
CHEMBL105442,EFO_0002618,INDICATION,
CHEMBL105442,EFO_0003060,INDICATION,
CHEMBL105442,EFO_0003860,INDICATION,
CHEMBL105442,EFO_0003869,INDICATION,
CHEMBL105442,EFO_0004142,INDICATION,
CHEMBL105442,EFO_1001951,INDICATION,
CHEMBL105442,MONDO_0007254,INDICATION,
CHEMBL105442,MONDO_0008903,INDICATION,
CHEMBL1055,EFO_0000319,INDICATION,
CHEMBL1055,EFO_0000373,INDICATION,
CHEMBL1055,EFO_0000400,INDICATION,
CHEMBL1055,EFO_0000474,CONTRAINDICATION,
CHEMBL1055,EFO_0000537,INDICATION,
CHEMBL1055,EFO_0000612,CONTRAINDICATION,
CHEMBL1055,EFO_0000668,INDICATION,
CHEMBL1055,EFO_0000676,CONTRAINDICATION,
CHEMBL1055,EFO_0000729,CONTRAINDICATION,
CHEMBL1055,EFO_0001645,INDICATION,
CHEMBL1055,EFO_0003086,CONTRAINDICATION,
CHEMBL1055,EFO_0003144,INDICATION,
CHEMBL1055,EFO_0003763,CONTRAINDICATION,
CHEMBL1055,EFO_0003777,INDICATION,
CHEMBL1055,EFO_0003884,INDICATION,
CHEMBL1055,EFO_0003913,INDICATION,
CHEMBL1055,EFO_0003914,INDICATION,
CHEMBL1055,EFO_0004255,INDICATION,
CHEMBL1055,EFO_0004274,CONTRAINDICATION,
CHEMBL1055,EFO_0004278,INDICATION,
CHEMBL1055,EFO_0004799,CONTRAINDICATION,
CHEMBL1055,EFO_0009530,CONTRAINDICATION,
CHEMBL1055,EFO_1000652,CONTRAINDICATION,
CHEMBL1055,EFO_1000906,CONTRAINDICATION,
CHEMBL1055,EFO_1001375,INDICATION,
CHEMBL1055,MONDO_0000465,CONTRAINDICATION,
CHEMBL1055,MONDO_0000468,CONTRAINDICATION,
CHEMBL1055,MONDO_0001134,INDICATION,
CHEMBL1055,MONDO_0001566,CONTRAINDICATION,
CHEMBL1055,MONDO_0002050,CONTRAINDICATION,
CHEMBL1055,MONDO_0002462,INDICATION,
CHEMBL1055,MONDO_0004247,CONTRAINDICATION,
CHEMBL1055,MONDO_0004782,OFF_LABEL_USE,
CHEMBL1055,MONDO_0004979,CONTRAINDICATION,
CHEMBL1055,MONDO_0005147,CONTRAINDICATION,
CHEMBL1055,MONDO_0005148,CONTRAINDICATION,
CHEMBL1055,MONDO_0007915,CONTRAINDICATION,
CHEMBL1055,MONDO_0018100,CONTRAINDICATION,
CHEMBL1055,MONDO_0024327,CONTRAINDICATION,
CHEMBL1055,MONDO_0100192,CONTRAINDICATION,
CHEMBL1059,EFO_0000342,INDICATION,
CHEMBL1059,EFO_0000400,INDICATION,
CHEMBL1059,EFO_0000474,INDICATION,
CHEMBL1059,EFO_0000555,INDICATION,
CHEMBL1059,EFO_0000707,INDICATION,
CHEMBL1059,EFO_0002950,INDICATION,
CHEMBL1059,EFO_0003100,INDICATION,
CHEMBL1059,EFO_0003108,INDICATION,
CHEMBL1059,EFO_0003768,INDICATION,
CHEMBL1059,EFO_0003830,INDICATION,
CHEMBL1059,EFO_0003843,INDICATION,
CHEMBL1059,EFO_0003931,INDICATION,
CHEMBL1059,EFO_0004145,CONTRAINDICATION,
CHEMBL1059,EFO_0004149,INDICATION,
CHEMBL1059,EFO_0004257,INDICATION,
CHEMBL1059,EFO_0004263,INDICATION,
CHEMBL1059,EFO_0004270,INDICATION,
CHEMBL1059,EFO_0004698,INDICATION,
CHEMBL1059,EFO_0005230,INDICATION,
CHEMBL1059,EFO_0005532,CONTRAINDICATION,
CHEMBL1059,EFO_0005611,INDICATION,
CHEMBL1059,EFO_0005687,INDICATION,
CHEMBL1059,EFO_0005762,INDICATION,
CHEMBL1059,EFO_0006510,INDICATION,
CHEMBL1059,EFO_0006788,INDICATION,
CHEMBL1059,EFO_0007191,INDICATION,
CHEMBL1059,EFO_0009430,INDICATION,
CHEMBL1059,EFO_0009558,INDICATION,
CHEMBL1059,EFO_0009846,INDICATION,
CHEMBL1059,EFO_1000781,INDICATION,
CHEMBL1059,EFO_1000783,INDICATION,
CHEMBL1059,EFO_1000877,INDICATION,
CHEMBL1059,EFO_1000906,INDICATION,
CHEMBL1059,EFO_1001884,INDICATION,
CHEMBL1059,EFO_1001892,INDICATION,
CHEMBL1059,EFO_1001919,INDICATION,
CHEMBL1059,EFO_1001931,INDICATION,
CHEMBL1059,EFO_1001998,INDICATION,
CHEMBL1059,MONDO_0000465,CONTRAINDICATION,
CHEMBL1059,MONDO_0001343,CONTRAINDICATION,
CHEMBL1059,MONDO_0002050,CONTRAINDICATION,
CHEMBL1059,MONDO_0002959,INDICATION,
CHEMBL1059,MONDO_0004892,INDICATION,
CHEMBL1059,MONDO_0005090,INDICATION,
CHEMBL1059,MONDO_0005178,INDICATION,
CHEMBL1059,MONDO_0005277,INDICATION,
CHEMBL1059,MONDO_0007079,INDICATION,
CHEMBL1059,MONDO_0007254,INDICATION,
CHEMBL1059,MONDO_0041052,INDICATION,
CHEMBL106,EFO_0000222,INDICATION,
CHEMBL106,EFO_0000341,INDICATION,
CHEMBL106,EFO_0000384,INDICATION,
CHEMBL106,EFO_0000544,INDICATION,
CHEMBL106,EFO_0000574,INDICATION,
CHEMBL106,EFO_0000616,INDICATION,
CHEMBL106,EFO_0000764,INDICATION,
CHEMBL106,EFO_0000771,INDICATION,
CHEMBL106,EFO_0003086,CONTRAINDICATION,
CHEMBL106,EFO_0003103,INDICATION,
CHEMBL106,EFO_0003917,INDICATION,
CHEMBL106,EFO_0003932,INDICATION,
CHEMBL106,EFO_0004233,INDICATION,
CHEMBL106,EFO_0005046,OFF_LABEL_USE,
CHEMBL106,EFO_0007157,INDICATION,
CHEMBL106,EFO_0007174,OFF_LABEL_USE,
CHEMBL106,EFO_0007211,INDICATION,
CHEMBL106,EFO_0007228,INDICATION,
CHEMBL106,EFO_0007310,OFF_LABEL_USE,
CHEMBL106,EFO_0007406,INDICATION,
CHEMBL106,EFO_0007439,OFF_LABEL_USE,
CHEMBL106,EFO_0007494,INDICATION,
CHEMBL106,EFO_0007512,OFF_LABEL_USE,
CHEMBL106,EFO_0007543,INDICATION,
CHEMBL106,EFO_0009365,INDICATION,
CHEMBL106,EFO_1000781,INDICATION,
CHEMBL106,EFO_1000992,INDICATION,
CHEMBL106,EFO_1001240,INDICATION,
CHEMBL106,EFO_1001249,INDICATION,
CHEMBL106,EFO_1001282,INDICATION,
CHEMBL106,EFO_1001283,INDICATION,
CHEMBL106,EFO_1001413,INDICATION,
CHEMBL106,MONDO_0001628,OFF_LABEL_USE,
CHEMBL106,MONDO_0001699,OFF_LABEL_USE,
CHEMBL106,MONDO_0002026,INDICATION,
CHEMBL106,MONDO_0002041,INDICATION,
CHEMBL106,MONDO_0002234,INDICATION,
CHEMBL106,MONDO_0004975,INDICATION,
CHEMBL106,MONDO_0004992,INDICATION,
CHEMBL106,MONDO_0013730,INDICATION,
CHEMBL106,MONDO_0019171,CONTRAINDICATION,
CHEMBL106,MONDO_0042233,INDICATION,
CHEMBL1060,EFO_1000906,INDICATION,
CHEMBL1060,MONDO_0002203,INDICATION,
CHEMBL1060,MONDO_0005180,INDICATION,
CHEMBL1062,EFO_0003917,INDICATION,
CHEMBL1064,EFO_0000095,INDICATION,
CHEMBL1064,EFO_0000182,INDICATION,
CHEMBL1064,EFO_0000195,INDICATION,
CHEMBL1064,EFO_0000266,INDICATION,
CHEMBL1064,EFO_0000275,INDICATION,
CHEMBL1064,EFO_0000305,INDICATION,
CHEMBL1064,EFO_0000319,INDICATION,
CHEMBL1064,EFO_0000341,INDICATION,
CHEMBL1064,EFO_0000342,INDICATION,
CHEMBL1064,EFO_0000400,CONTRAINDICATION,
CHEMBL1064,EFO_0000401,INDICATION,
CHEMBL1064,EFO_0000407,INDICATION,
CHEMBL1064,EFO_0000474,INDICATION,
CHEMBL1064,EFO_0000537,INDICATION,
CHEMBL1064,EFO_0000574,INDICATION,
CHEMBL1064,EFO_0000612,CONTRAINDICATION,
CHEMBL1064,EFO_0000649,INDICATION,
CHEMBL1064,EFO_0000660,INDICATION,
CHEMBL1064,EFO_0000666,INDICATION,
CHEMBL1064,EFO_0000685,INDICATION,
CHEMBL1064,EFO_0000702,INDICATION,
CHEMBL1064,EFO_0000712,INDICATION,
CHEMBL1064,EFO_0000713,INDICATION,
CHEMBL1064,EFO_0000731,INDICATION,
CHEMBL1064,EFO_0000764,INDICATION,
CHEMBL1064,EFO_0001361,INDICATION,
CHEMBL1064,EFO_0001378,INDICATION,
CHEMBL1064,EFO_0001422,INDICATION,
CHEMBL1064,EFO_0001645,CONTRAINDICATION,
CHEMBL1064,EFO_0001663,INDICATION,
CHEMBL1064,EFO_0002618,INDICATION,
CHEMBL1064,EFO_0003060,INDICATION,
CHEMBL1064,EFO_0003106,INDICATION,
CHEMBL1064,EFO_0003144,INDICATION,
CHEMBL1064,EFO_0003770,INDICATION,
CHEMBL1064,EFO_0003876,INDICATION,
CHEMBL1064,EFO_0003884,INDICATION,
CHEMBL1064,EFO_0003914,INDICATION,
CHEMBL1064,EFO_0003929,INDICATION,
CHEMBL1064,EFO_0004145,CONTRAINDICATION,
CHEMBL1064,EFO_0004192,OFF_LABEL_USE,
CHEMBL1064,EFO_0004197,INDICATION,
CHEMBL1064,EFO_0004208,INDICATION,
CHEMBL1064,EFO_0004211,INDICATION,
CHEMBL1064,EFO_0004264,INDICATION,
CHEMBL1064,EFO_0004265,INDICATION,
CHEMBL1064,EFO_0004268,INDICATION,
CHEMBL1064,EFO_0004274,CONTRAINDICATION,
CHEMBL1064,EFO_0004319,INDICATION,
CHEMBL1064,EFO_0004911,INDICATION,
CHEMBL1064,EFO_0005251,CONTRAINDICATION,
CHEMBL1064,EFO_0005669,INDICATION,
CHEMBL1064,EFO_0005672,CONTRAINDICATION,
CHEMBL1064,EFO_0006834,INDICATION,
CHEMBL1064,EFO_0007328,INDICATION,
CHEMBL1064,EFO_0007405,INDICATION,
CHEMBL1064,EFO_0007486,INDICATION,
CHEMBL1064,EFO_0008522,INDICATION,
CHEMBL1064,EFO_0008568,INDICATION,
CHEMBL1064,EFO_0008583,INDICATION,
CHEMBL1064,EFO_0009086,INDICATION,
CHEMBL1064,EFO_0009314,CONTRAINDICATION,
CHEMBL1064,EFO_0009441,INDICATION,
CHEMBL1064,EFO_0009783,INDICATION,
CHEMBL1064,EFO_0009854,INDICATION,
CHEMBL1064,EFO_0600064,INDICATION,
CHEMBL1064,EFO_1000359,INDICATION,
CHEMBL1064,EFO_1000652,CONTRAINDICATION,
CHEMBL1064,EFO_1000657,INDICATION,
CHEMBL1064,EFO_1001121,INDICATION,
CHEMBL1064,EFO_1001231,INDICATION,
CHEMBL1064,EFO_1001343,INDICATION,
CHEMBL1064,EFO_1001375,INDICATION,
CHEMBL1064,EFO_1001466,INDICATION,
CHEMBL1064,EFO_1001782,INDICATION,
CHEMBL1064,EFO_1001898,INDICATION,
CHEMBL1064,EFO_1001951,INDICATION,
CHEMBL1064,MONDO_0000313,CONTRAINDICATION,
CHEMBL1064,MONDO_0001056,INDICATION,
CHEMBL1064,MONDO_0001134,INDICATION,
CHEMBL1064,MONDO_0001187,INDICATION,
CHEMBL1064,MONDO_0002009,INDICATION,
CHEMBL1064,MONDO_0002277,INDICATION,
CHEMBL1064,MONDO_0004247,CONTRAINDICATION,
CHEMBL1064,MONDO_0004975,INDICATION,
CHEMBL1064,MONDO_0004979,INDICATION,
CHEMBL1064,MONDO_0004985,INDICATION,
CHEMBL1064,MONDO_0004992,INDICATION,
CHEMBL1064,MONDO_0005147,INDICATION,
CHEMBL1064,MONDO_0005148,INDICATION,
CHEMBL1064,MONDO_0005149,INDICATION,
CHEMBL1064,MONDO_0005180,INDICATION,
CHEMBL1064,MONDO_0005277,INDICATION,
CHEMBL1064,MONDO_0005301,INDICATION,
CHEMBL1064,MONDO_0007079,CONTRAINDICATION,
CHEMBL1064,MONDO_0007254,INDICATION,
CHEMBL1064,MONDO_0007915,INDICATION,
CHEMBL1064,MONDO_0008170,INDICATION,
CHEMBL1064,MONDO_0008315,INDICATION,
CHEMBL1064,MONDO_0008903,INDICATION,
CHEMBL1064,MONDO_0009061,INDICATION,
CHEMBL1064,MONDO_0010035,INDICATION,
CHEMBL1064,MONDO_0010557,INDICATION,
CHEMBL1064,MONDO_0011382,INDICATION,
CHEMBL1064,MONDO_0018328,INDICATION,
CHEMBL1064,MONDO_0018473,INDICATION,
CHEMBL1064,MONDO_0018997,INDICATION,
CHEMBL1064,MONDO_0021118,INDICATION,
CHEMBL1064,MONDO_0021187,INDICATION,
CHEMBL1064,MONDO_0100096,INDICATION,
CHEMBL1064,MP_0001845,INDICATION,
CHEMBL1064,Orphanet_309005,INDICATION,
CHEMBL1064,Orphanet_79211,INDICATION,
CHEMBL1066,EFO_0000400,CONTRAINDICATION,
CHEMBL1066,EFO_0000474,CONTRAINDICATION,
CHEMBL1066,EFO_0000537,CONTRAINDICATION,
CHEMBL1066,EFO_0001422,CONTRAINDICATION,
CHEMBL1066,EFO_0004777,CONTRAINDICATION,
CHEMBL1066,EFO_0005687,OFF_LABEL_USE,
CHEMBL1066,EFO_0009430,OFF_LABEL_USE,
CHEMBL1066,EFO_1001132,CONTRAINDICATION,
CHEMBL1066,EFO_1001842,CONTRAINDICATION,
CHEMBL1066,MONDO_0002050,CONTRAINDICATION,
CHEMBL1066,MONDO_0002491,CONTRAINDICATION,
CHEMBL1066,MONDO_0005178,INDICATION,
CHEMBL1066,MONDO_0007079,CONTRAINDICATION,
CHEMBL1066,MONDO_0021187,CONTRAINDICATION,
CHEMBL1066,MONDO_0100192,CONTRAINDICATION,
CHEMBL1067,EFO_0000474,INDICATION,
CHEMBL1067,EFO_0009963,INDICATION,
CHEMBL1067,MONDO_0004985,INDICATION,
CHEMBL1068,EFO_0000474,INDICATION,
CHEMBL1068,EFO_0003015,INDICATION,
CHEMBL1068,EFO_0004263,INDICATION,
CHEMBL1068,EFO_0005230,INDICATION,
CHEMBL1068,EFO_0005762,INDICATION,
CHEMBL1068,EFO_1000982,CONTRAINDICATION,
CHEMBL1068,MONDO_0001343,CONTRAINDICATION,
CHEMBL1068,MONDO_0002050,CONTRAINDICATION,
CHEMBL1068,MONDO_0004992,INDICATION,
CHEMBL1068,MONDO_0005090,INDICATION,
CHEMBL1068,MONDO_0005301,INDICATION,
CHEMBL1069,EFO_0000195,INDICATION,
CHEMBL1069,EFO_0000275,OFF_LABEL_USE,
CHEMBL1069,EFO_0000319,INDICATION,
CHEMBL1069,EFO_0000373,INDICATION,
CHEMBL1069,EFO_0000400,CONTRAINDICATION,
CHEMBL1069,EFO_0000401,OFF_LABEL_USE,
CHEMBL1069,EFO_0000537,INDICATION,
CHEMBL1069,EFO_0000538,INDICATION,
CHEMBL1069,EFO_0000612,INDICATION,
CHEMBL1069,EFO_0000694,INDICATION,
CHEMBL1069,EFO_0000712,INDICATION,
CHEMBL1069,EFO_0001645,INDICATION,
CHEMBL1069,EFO_0003086,INDICATION,
CHEMBL1069,EFO_0003144,INDICATION,
CHEMBL1069,EFO_0003884,INDICATION,
CHEMBL1069,EFO_0003914,INDICATION,
CHEMBL1069,EFO_0004265,INDICATION,
CHEMBL1069,EFO_0004274,CONTRAINDICATION,
CHEMBL1069,EFO_0005251,CONTRAINDICATION,
CHEMBL1069,EFO_0005529,INDICATION,
CHEMBL1069,EFO_0005532,CONTRAINDICATION,
CHEMBL1069,EFO_0005672,INDICATION,
CHEMBL1069,EFO_0007148,INDICATION,
CHEMBL1069,EFO_0008506,CONTRAINDICATION,
CHEMBL1069,EFO_0008583,INDICATION,
CHEMBL1069,EFO_0008585,INDICATION,
CHEMBL1069,EFO_0008586,INDICATION,
CHEMBL1069,EFO_0009530,CONTRAINDICATION,
CHEMBL1069,EFO_1000652,CONTRAINDICATION,
CHEMBL1069,EFO_1000899,OFF_LABEL_USE,
CHEMBL1069,MONDO_0001134,INDICATION,
CHEMBL1069,MONDO_0001343,CONTRAINDICATION,
CHEMBL1069,MONDO_0001566,CONTRAINDICATION,
CHEMBL1069,MONDO_0001751,CONTRAINDICATION,
CHEMBL1069,MONDO_0005148,INDICATION,
CHEMBL1069,MONDO_0005149,INDICATION,
CHEMBL1069,MONDO_0007915,CONTRAINDICATION,
CHEMBL1069,MONDO_0018100,CONTRAINDICATION,
CHEMBL1069,MONDO_0018965,INDICATION,
CHEMBL1069,MONDO_0100096,INDICATION,
CHEMBL1069,MONDO_0100192,CONTRAINDICATION,
CHEMBL1069,Orphanet_309005,INDICATION,
CHEMBL107,EFO_0000275,INDICATION,
CHEMBL107,EFO_0000319,INDICATION,
CHEMBL107,EFO_0000401,INDICATION,
CHEMBL107,EFO_0000537,INDICATION,
CHEMBL107,EFO_0000551,INDICATION,
CHEMBL107,EFO_0000612,INDICATION,
CHEMBL107,EFO_0000616,INDICATION,
CHEMBL107,EFO_0000694,INDICATION,
CHEMBL107,EFO_0001378,INDICATION,
CHEMBL107,EFO_0001422,INDICATION,
CHEMBL107,EFO_0001645,INDICATION,
CHEMBL107,EFO_0002687,INDICATION,
CHEMBL107,EFO_0003144,INDICATION,
CHEMBL107,EFO_0003777,INDICATION,
CHEMBL107,EFO_0003780,INDICATION,
CHEMBL107,EFO_0003818,INDICATION,
CHEMBL107,EFO_0003863,INDICATION,
CHEMBL107,EFO_0003884,INDICATION,
CHEMBL107,EFO_0003914,INDICATION,
CHEMBL107,EFO_0003938,INDICATION,
CHEMBL107,EFO_0004220,INDICATION,
CHEMBL107,EFO_0004264,INDICATION,
CHEMBL107,EFO_0004269,INDICATION,
CHEMBL107,EFO_0004274,INDICATION,
CHEMBL107,EFO_0004616,INDICATION,
CHEMBL107,EFO_0005221,INDICATION,
CHEMBL107,EFO_0005672,INDICATION,
CHEMBL107,EFO_0006803,INDICATION,
CHEMBL107,EFO_0007224,INDICATION,
CHEMBL107,EFO_0007427,INDICATION,
CHEMBL107,EFO_0007541,INDICATION,
CHEMBL107,EFO_0008585,INDICATION,
CHEMBL107,EFO_0008586,INDICATION,
CHEMBL107,EFO_0009609,INDICATION,
CHEMBL107,EFO_1001129,INDICATION,
CHEMBL107,EFO_1001404,INDICATION,
CHEMBL107,EFO_1001486,INDICATION,
CHEMBL107,MONDO_0004976,INDICATION,
CHEMBL107,MONDO_0004979,INDICATION,
CHEMBL107,MONDO_0008315,INDICATION,
CHEMBL107,MONDO_0018088,INDICATION,
CHEMBL107,MONDO_0100096,INDICATION,
CHEMBL1070,EFO_0000319,CONTRAINDICATION,
CHEMBL1070,EFO_0000537,CONTRAINDICATION,
CHEMBL1070,EFO_0000612,CONTRAINDICATION,
CHEMBL1070,EFO_0000685,INDICATION,
CHEMBL1070,EFO_0003086,CONTRAINDICATION,
CHEMBL1070,EFO_0003898,OFF_LABEL_USE,
CHEMBL1070,EFO_0005755,INDICATION,
CHEMBL1070,EFO_0009314,CONTRAINDICATION,
CHEMBL1070,MONDO_0004247,CONTRAINDICATION,
CHEMBL1070,MONDO_0005178,INDICATION,
CHEMBL1070,MONDO_0007079,CONTRAINDICATION,
CHEMBL1071,EFO_0000319,CONTRAINDICATION,
CHEMBL1071,EFO_0000537,CONTRAINDICATION,
CHEMBL1071,EFO_0000612,CONTRAINDICATION,
CHEMBL1071,EFO_0000685,INDICATION,
CHEMBL1071,EFO_0002609,INDICATION,
CHEMBL1071,EFO_0003086,CONTRAINDICATION,
CHEMBL1071,EFO_0003898,OFF_LABEL_USE,
CHEMBL1071,EFO_0005755,INDICATION,
CHEMBL1071,EFO_0009314,CONTRAINDICATION,
CHEMBL1071,MONDO_0004247,CONTRAINDICATION,
CHEMBL1071,MONDO_0005178,INDICATION,
CHEMBL1071,MONDO_0100192,CONTRAINDICATION,
CHEMBL1072,EFO_0000182,INDICATION,
CHEMBL1072,EFO_0000319,INDICATION,
CHEMBL1072,EFO_0000373,INDICATION,
CHEMBL1072,EFO_0000400,CONTRAINDICATION,
CHEMBL1072,EFO_0000537,OFF_LABEL_USE,
CHEMBL1072,EFO_0003086,INDICATION,
CHEMBL1072,EFO_0003144,INDICATION,
CHEMBL1072,EFO_0003756,INDICATION,
CHEMBL1072,EFO_0003758,INDICATION,
CHEMBL1072,EFO_0003884,INDICATION,
CHEMBL1072,EFO_0004255,INDICATION,
CHEMBL1072,EFO_0009530,CONTRAINDICATION,
CHEMBL1072,MONDO_0001566,OFF_LABEL_USE,
CHEMBL1072,MONDO_0005148,INDICATION,
CHEMBL1072,MONDO_0008223,INDICATION,
CHEMBL1072,MONDO_0018100,CONTRAINDICATION,
CHEMBL1072,MONDO_0021945,CONTRAINDICATION,
CHEMBL1073,EFO_0000400,INDICATION,
CHEMBL1073,EFO_0000612,CONTRAINDICATION,
CHEMBL1073,EFO_0000734,CONTRAINDICATION,
CHEMBL1073,EFO_0001380,CONTRAINDICATION,
CHEMBL1073,EFO_0003086,CONTRAINDICATION,
CHEMBL1073,EFO_0003884,INDICATION,
CHEMBL1073,EFO_0003914,INDICATION,
CHEMBL1073,EFO_0005741,CONTRAINDICATION,
CHEMBL1073,EFO_0009491,CONTRAINDICATION,
CHEMBL1073,EFO_1000036,CONTRAINDICATION,
CHEMBL1073,MONDO_0000440,CONTRAINDICATION,
CHEMBL1073,MONDO_0002520,CONTRAINDICATION,
CHEMBL1073,MONDO_0005148,INDICATION,
CHEMBL1073,MONDO_0007079,CONTRAINDICATION,
CHEMBL1073,MONDO_0015129,CONTRAINDICATION,
CHEMBL107360,MONDO_0002009,INDICATION,
CHEMBL107367,EFO_0001422,INDICATION,
CHEMBL107400,MONDO_0015339,INDICATION,
CHEMBL107400,Orphanet_43,INDICATION,
CHEMBL107430,EFO_0000224,INDICATION,
CHEMBL1075,EFO_0000275,INDICATION,
CHEMBL1075,EFO_0004269,INDICATION,
CHEMBL1075790,EFO_0000319,INDICATION,
CHEMBL1075834,EFO_0000404,INDICATION,
CHEMBL1076263,EFO_0003047,INDICATION,
CHEMBL1076263,EFO_0004220,INDICATION,
CHEMBL1076903,EFO_0001071,INDICATION,
CHEMBL1076903,EFO_0002610,INDICATION,
CHEMBL1076903,EFO_0003768,INDICATION,
CHEMBL1076903,EFO_0003890,INDICATION,
CHEMBL1076903,EFO_0003966,INDICATION,
CHEMBL1076903,EFO_0004319,INDICATION,
CHEMBL1076903,EFO_0004329,INDICATION,
CHEMBL1076903,EFO_0004701,INDICATION,
CHEMBL1076903,EFO_0005411,INDICATION,
CHEMBL1076903,EFO_0005672,INDICATION,
CHEMBL1076903,EFO_0007191,INDICATION,
CHEMBL1076903,EFO_1000906,INDICATION,
CHEMBL1076903,MONDO_0002491,INDICATION,
CHEMBL1076903,MONDO_0004975,INDICATION,
CHEMBL1076903,MONDO_0004992,INDICATION,
CHEMBL1076903,MONDO_0005090,INDICATION,
CHEMBL1076903,MONDO_0005180,INDICATION,
CHEMBL1076903,MONDO_0007079,INDICATION,
CHEMBL1076903,MONDO_0008903,INDICATION,
CHEMBL1076903,MONDO_0100339,INDICATION,
CHEMBL1076903,Orphanet_98757,INDICATION,
CHEMBL1076930,EFO_0004239,INDICATION,
CHEMBL1077,EFO_0000400,CONTRAINDICATION,
CHEMBL1077,EFO_0000685,CONTRAINDICATION,
CHEMBL1077,EFO_0001365,INDICATION,
CHEMBL1077,EFO_0003843,INDICATION,
CHEMBL1077,EFO_0005752,INDICATION,
CHEMBL1077,EFO_0007141,INDICATION,
CHEMBL1077,EFO_1000906,INDICATION,
CHEMBL1077,MONDO_0001330,INDICATION,
CHEMBL1077,MONDO_0005129,INDICATION,
CHEMBL1077,MONDO_0007935,INDICATION,
CHEMBL1077,MP_0001845,INDICATION,
CHEMBL1077896,EFO_0000319,CONTRAINDICATION,
CHEMBL1077896,EFO_0000341,CONTRAINDICATION,
CHEMBL1077896,EFO_0001358,INDICATION,
CHEMBL1077896,EFO_0002950,INDICATION,
CHEMBL1077896,EFO_0003086,CONTRAINDICATION,
CHEMBL1077896,EFO_0003767,CONTRAINDICATION,
CHEMBL1077896,EFO_0003843,INDICATION,
CHEMBL1077896,EFO_0003869,INDICATION,
CHEMBL1077896,EFO_0003931,INDICATION,
CHEMBL1077896,EFO_0004616,INDICATION,
CHEMBL1077896,EFO_0004991,CONTRAINDICATION,
CHEMBL1077896,EFO_0005251,INDICATION,
CHEMBL1077896,EFO_0006859,INDICATION,
CHEMBL1077896,EFO_0007149,INDICATION,
CHEMBL1077896,EFO_0007355,INDICATION,
CHEMBL1077896,EFO_0007486,INDICATION,
CHEMBL1077896,EFO_0009507,INDICATION,
CHEMBL1077896,EFO_0009620,INDICATION,
CHEMBL1077896,EFO_0009676,INDICATION,
CHEMBL1077896,EFO_1001132,CONTRAINDICATION,
CHEMBL1077896,EFO_1001250,INDICATION,
CHEMBL1077896,EFO_1001909,INDICATION,
CHEMBL1077896,MONDO_0001056,INDICATION,
CHEMBL1077896,MONDO_0001572,INDICATION,
CHEMBL1077896,MONDO_0002491,CONTRAINDICATION,
CHEMBL1077896,MONDO_0004596,CONTRAINDICATION,
CHEMBL1077896,MONDO_0004992,INDICATION,
CHEMBL1077896,MONDO_0005178,INDICATION,
CHEMBL1077896,MONDO_0007079,CONTRAINDICATION,
CHEMBL1077896,MONDO_0007254,INDICATION,
CHEMBL1077896,MONDO_0008170,INDICATION,
CHEMBL1078178,EFO_0000479,INDICATION,
CHEMBL1078178,EFO_0002429,INDICATION,
CHEMBL1078178,EFO_0002430,INDICATION,
CHEMBL1078178,EFO_0003060,INDICATION,
CHEMBL1078178,MONDO_0005184,INDICATION,
CHEMBL1078178,MONDO_0044903,INDICATION,
CHEMBL1078261,EFO_1000781,INDICATION,
CHEMBL1078549,EFO_0005676,INDICATION,
CHEMBL1078685,EFO_0000401,INDICATION,
CHEMBL1078685,EFO_0004274,INDICATION,
CHEMBL1078685,EFO_0009104,INDICATION,
CHEMBL107874,MONDO_0010726,INDICATION,
CHEMBL1079,EFO_0000756,INDICATION,
CHEMBL1079,EFO_0003086,CONTRAINDICATION,
CHEMBL1079,EFO_0003843,INDICATION,
CHEMBL1079,EFO_0005251,CONTRAINDICATION,
CHEMBL1079,EFO_0005407,CONTRAINDICATION,
CHEMBL1079,MONDO_0002959,INDICATION,
CHEMBL1079,MONDO_0005475,INDICATION,
CHEMBL1079,MONDO_0043510,INDICATION,
CHEMBL1079,MONDO_0100192,CONTRAINDICATION,
CHEMBL1079,MONDO_0100431,INDICATION,
CHEMBL1079175,EFO_0000095,INDICATION,
CHEMBL1079175,EFO_0000181,INDICATION,
CHEMBL1079175,EFO_0000182,INDICATION,
CHEMBL1079175,EFO_0000305,INDICATION,
CHEMBL1079175,EFO_0000308,INDICATION,
CHEMBL1079175,EFO_0000403,INDICATION,
CHEMBL1079175,EFO_0000616,INDICATION,
CHEMBL1079175,EFO_0000681,INDICATION,
CHEMBL1079175,EFO_0000756,INDICATION,
CHEMBL1079175,EFO_0001663,INDICATION,
CHEMBL1079175,EFO_0003050,INDICATION,
CHEMBL1079175,EFO_0003060,INDICATION,
CHEMBL1079175,EFO_0004252,INDICATION,
CHEMBL1079175,EFO_0005221,INDICATION,
CHEMBL1079175,EFO_0005537,INDICATION,
CHEMBL1079175,EFO_0006861,INDICATION,
CHEMBL1079175,EFO_1000657,INDICATION,
CHEMBL1079175,MONDO_0004992,INDICATION,
CHEMBL1079175,MONDO_0005411,INDICATION,
CHEMBL1079175,MONDO_0007254,INDICATION,
CHEMBL1079175,MONDO_0008903,INDICATION,
CHEMBL1079175,MONDO_0011962,INDICATION,
CHEMBL1079175,MONDO_0021063,INDICATION,
CHEMBL1079175,MONDO_0100342,INDICATION,
CHEMBL1079593,EFO_0000574,INDICATION,
CHEMBL1079593,EFO_0000588,INDICATION,
CHEMBL1079604,MONDO_0019542,CONTRAINDICATION,
CHEMBL1079604,MONDO_0100192,CONTRAINDICATION,
CHEMBL1079742,EFO_0000181,INDICATION,
CHEMBL1079742,EFO_0000182,INDICATION,
CHEMBL1079742,EFO_0000305,INDICATION,
CHEMBL1079742,EFO_0000308,INDICATION,
CHEMBL1079742,EFO_0000365,INDICATION,
CHEMBL1079742,EFO_0000519,INDICATION,
CHEMBL1079742,EFO_0000571,INDICATION,
CHEMBL1079742,EFO_0000588,INDICATION,
CHEMBL1079742,EFO_0000616,INDICATION,
CHEMBL1079742,EFO_0000632,INDICATION,
CHEMBL1079742,EFO_0000640,INDICATION,
CHEMBL1079742,EFO_0000681,INDICATION,
CHEMBL1079742,EFO_0000691,INDICATION,
CHEMBL1079742,EFO_0000708,INDICATION,
CHEMBL1079742,EFO_0000756,INDICATION,
CHEMBL1079742,EFO_0001422,INDICATION,
CHEMBL1079742,EFO_0002499,INDICATION,
CHEMBL1079742,EFO_0002501,INDICATION,
CHEMBL1079742,EFO_0002618,INDICATION,
CHEMBL1079742,EFO_0003050,INDICATION,
CHEMBL1079742,EFO_0003060,INDICATION,
CHEMBL1079742,EFO_0003833,INDICATION,
CHEMBL1079742,EFO_0005221,INDICATION,
CHEMBL1079742,EFO_0005537,INDICATION,
CHEMBL1079742,EFO_0005567,INDICATION,
CHEMBL1079742,EFO_0006859,INDICATION,
CHEMBL1079742,EFO_1000158,INDICATION,
CHEMBL1079742,EFO_1000657,INDICATION,
CHEMBL1079742,EFO_1001465,INDICATION,
CHEMBL1079742,EFO_1001951,INDICATION,
CHEMBL1079742,MONDO_0000521,INDICATION,
CHEMBL1079742,MONDO_0001187,INDICATION,
CHEMBL1079742,MONDO_0002087,INDICATION,
CHEMBL1079742,MONDO_0002158,INDICATION,
CHEMBL1079742,MONDO_0002367,INDICATION,
CHEMBL1079742,MONDO_0002691,INDICATION,
CHEMBL1079742,MONDO_0002898,INDICATION,
CHEMBL1079742,MONDO_0002974,INDICATION,
CHEMBL1079742,MONDO_0003060,INDICATION,
CHEMBL1079742,MONDO_0003268,INDICATION,
CHEMBL1079742,MONDO_0004986,INDICATION,
CHEMBL1079742,MONDO_0004992,INDICATION,
CHEMBL1079742,MONDO_0005411,INDICATION,
CHEMBL1079742,MONDO_0007254,INDICATION,
CHEMBL1079742,MONDO_0007576,INDICATION,
CHEMBL1079742,MONDO_0008170,INDICATION,
CHEMBL1079742,MONDO_0008315,INDICATION,
CHEMBL1079742,MONDO_0008903,INDICATION,
CHEMBL1079742,MONDO_0011962,INDICATION,
CHEMBL1079742,MONDO_0020634,INDICATION,
CHEMBL1079742,MONDO_0021063,INDICATION,
CHEMBL1079742,MONDO_0044926,INDICATION,
CHEMBL1079742,Orphanet_733,INDICATION,
CHEMBL1079905,EFO_0003888,INDICATION,
CHEMBL108,EFO_0000474,INDICATION,
CHEMBL108,EFO_0000537,CONTRAINDICATION,
CHEMBL108,EFO_0000764,INDICATION,
CHEMBL108,EFO_0001645,CONTRAINDICATION,
CHEMBL108,EFO_0002610,INDICATION,
CHEMBL108,EFO_0003086,CONTRAINDICATION,
CHEMBL108,EFO_0003888,OFF_LABEL_USE,
CHEMBL108,EFO_0004197,INDICATION,
CHEMBL108,EFO_0004263,INDICATION,
CHEMBL108,EFO_0005230,INDICATION,
CHEMBL108,EFO_0006911,INDICATION,
CHEMBL108,EFO_0007262,INDICATION,
CHEMBL108,EFO_0009430,OFF_LABEL_USE,
CHEMBL108,EFO_0009963,INDICATION,
CHEMBL108,EFO_1000982,CONTRAINDICATION,
CHEMBL108,EFO_1001069,CONTRAINDICATION,
CHEMBL108,EFO_1001219,INDICATION,
CHEMBL108,MONDO_0000468,CONTRAINDICATION,
CHEMBL108,MONDO_0001343,CONTRAINDICATION,
CHEMBL108,MONDO_0002050,CONTRAINDICATION,
CHEMBL108,MONDO_0002280,CONTRAINDICATION,
CHEMBL108,MONDO_0004985,INDICATION,
CHEMBL108,MONDO_0005041,CONTRAINDICATION,
CHEMBL108,MONDO_0005090,INDICATION,
CHEMBL108,MONDO_0005180,INDICATION,
CHEMBL108,MONDO_0008294,CONTRAINDICATION,
CHEMBL108,MONDO_0015643,INDICATION,
CHEMBL108,MONDO_0015909,CONTRAINDICATION,
CHEMBL108,MONDO_0016532,INDICATION,
CHEMBL108,MONDO_0100096,INDICATION,
CHEMBL108,MONDO_0850093,CONTRAINDICATION,
CHEMBL1082,DOID_7551,INDICATION,
CHEMBL1082,EFO_0000191,INDICATION,
CHEMBL1082,EFO_0000217,INDICATION,
CHEMBL1082,EFO_0000519,INDICATION,
CHEMBL1082,EFO_0000544,INDICATION,
CHEMBL1082,EFO_0000574,INDICATION,
CHEMBL1082,EFO_0000649,INDICATION,
CHEMBL1082,EFO_0000729,INDICATION,
CHEMBL1082,EFO_0000771,INDICATION,
CHEMBL1082,EFO_0001073,INDICATION,
CHEMBL1082,EFO_0001074,INDICATION,
CHEMBL1082,EFO_0002499,INDICATION,
CHEMBL1082,EFO_0003030,INDICATION,
CHEMBL1082,EFO_0003033,INDICATION,
CHEMBL1082,EFO_0003086,CONTRAINDICATION,
CHEMBL1082,EFO_0003102,INDICATION,
CHEMBL1082,EFO_0003103,INDICATION,
CHEMBL1082,EFO_0003106,INDICATION,
CHEMBL1082,EFO_0003833,INDICATION,
CHEMBL1082,EFO_0003843,INDICATION,
CHEMBL1082,EFO_0003882,CONTRAINDICATION,
CHEMBL1082,EFO_0003932,INDICATION,
CHEMBL1082,EFO_0004607,INDICATION,
CHEMBL1082,EFO_0004991,CONTRAINDICATION,
CHEMBL1082,EFO_0004992,INDICATION,
CHEMBL1082,EFO_0005306,CONTRAINDICATION,
CHEMBL1082,EFO_0005307,CONTRAINDICATION,
CHEMBL1082,EFO_0005323,INDICATION,
CHEMBL1082,EFO_0005681,INDICATION,
CHEMBL1082,EFO_0005741,INDICATION,
CHEMBL1082,EFO_0005952,INDICATION,
CHEMBL1082,EFO_0006505,INDICATION,
CHEMBL1082,EFO_0006789,OFF_LABEL_USE,
CHEMBL1082,EFO_0006859,INDICATION,
CHEMBL1082,EFO_0007205,INDICATION,
CHEMBL1082,EFO_0007219,INDICATION,
CHEMBL1082,EFO_0007326,CONTRAINDICATION,
CHEMBL1082,EFO_0007328,INDICATION,
CHEMBL1082,EFO_0007444,INDICATION,
CHEMBL1082,EFO_0007456,INDICATION,
CHEMBL1082,EFO_0007470,INDICATION,
CHEMBL1082,EFO_0007486,INDICATION,
CHEMBL1082,EFO_0007499,INDICATION,
CHEMBL1082,EFO_0007503,INDICATION,
CHEMBL1082,EFO_0008510,OFF_LABEL_USE,
CHEMBL1082,EFO_0008533,INDICATION,
CHEMBL1082,EFO_0008572,INDICATION,
CHEMBL1082,EFO_0009454,INDICATION,
CHEMBL1082,EFO_0009784,INDICATION,
CHEMBL1082,EFO_1000025,INDICATION,
CHEMBL1082,EFO_1000049,INDICATION,
CHEMBL1082,EFO_1000961,INDICATION,
CHEMBL1082,EFO_1001034,INDICATION,
CHEMBL1082,EFO_1001141,INDICATION,
CHEMBL1082,EFO_1001216,INDICATION,
CHEMBL1082,EFO_1001272,INDICATION,
CHEMBL1082,EFO_1001313,INDICATION,
CHEMBL1082,EFO_1001318,INDICATION,
CHEMBL1082,EFO_1001345,INDICATION,
CHEMBL1082,EFO_1001391,INDICATION,
CHEMBL1082,MONDO_0000327,INDICATION,
CHEMBL1082,MONDO_0000565,INDICATION,
CHEMBL1082,MONDO_0001187,INDICATION,
CHEMBL1082,MONDO_0001475,INDICATION,
CHEMBL1082,MONDO_0001751,CONTRAINDICATION,
CHEMBL1082,MONDO_0001920,OFF_LABEL_USE,
CHEMBL1082,MONDO_0002258,INDICATION,
CHEMBL1082,MONDO_0004789,OFF_LABEL_USE,
CHEMBL1082,MONDO_0004979,INDICATION,
CHEMBL1082,MONDO_0005247,INDICATION,
CHEMBL1082,MONDO_0005271,INDICATION,
CHEMBL1082,MONDO_0018076,INDICATION,
CHEMBL1082,MONDO_0018100,CONTRAINDICATION,
CHEMBL1082,MONDO_0024355,INDICATION,
CHEMBL1082,MONDO_0030602,INDICATION,
CHEMBL1082,MONDO_0037821,CONTRAINDICATION,
CHEMBL1082,MONDO_0100096,INDICATION,
CHEMBL1082,MONDO_0100192,CONTRAINDICATION,
CHEMBL1082,MP_0001845,INDICATION,
CHEMBL1082,MP_0001914,INDICATION,
CHEMBL1082354,DOID_1947,INDICATION,
CHEMBL1082354,EFO_0007144,INDICATION,
CHEMBL1082407,EFO_0000182,INDICATION,
CHEMBL1082407,EFO_0000196,INDICATION,
CHEMBL1082407,EFO_0000313,INDICATION,
CHEMBL1082407,EFO_0000349,INDICATION,
CHEMBL1082407,EFO_0000616,INDICATION,
CHEMBL1082407,EFO_0000673,INDICATION,
CHEMBL1082407,EFO_0001421,INDICATION,
CHEMBL1082407,EFO_0001663,INDICATION,
CHEMBL1082407,EFO_0002618,INDICATION,
CHEMBL1082407,EFO_0003086,INDICATION,
CHEMBL1082407,EFO_0005537,INDICATION,
CHEMBL1082407,EFO_0007532,INDICATION,
CHEMBL1082407,EFO_1001469,INDICATION,
CHEMBL1082407,MONDO_0001187,INDICATION,
CHEMBL1082407,MONDO_0004992,INDICATION,
CHEMBL1082407,MONDO_0007254,INDICATION,
CHEMBL1082407,MONDO_0008170,INDICATION,
CHEMBL1082407,MONDO_0008315,INDICATION,
CHEMBL1082407,MONDO_0100096,INDICATION,
CHEMBL1082462,EFO_0001421,INDICATION,
CHEMBL1082462,EFO_0003086,INDICATION,
CHEMBL1082462,MONDO_0005148,INDICATION,
CHEMBL1082508,MONDO_0005180,INDICATION,
CHEMBL1082607,EFO_0000341,INDICATION,
CHEMBL1082607,EFO_0000464,INDICATION,
CHEMBL1082607,EFO_0001073,INDICATION,
CHEMBL1082607,EFO_0006505,INDICATION,
CHEMBL1082607,EFO_0007183,INDICATION,
CHEMBL1082607,MONDO_0004979,INDICATION,
CHEMBL1082723,EFO_0001068,INDICATION,
CHEMBL1082723,EFO_0007444,INDICATION,
CHEMBL1083385,EFO_0000556,INDICATION,
CHEMBL1083385,EFO_0000612,INDICATION,
CHEMBL1083385,EFO_0000712,INDICATION,
CHEMBL1083385,EFO_0001645,INDICATION,
CHEMBL1083385,EFO_0003869,INDICATION,
CHEMBL1083385,EFO_0004265,INDICATION,
CHEMBL1083385,EFO_0005672,INDICATION,
CHEMBL1083385,EFO_1000985,INDICATION,
CHEMBL1083390,MONDO_0004975,INDICATION,
CHEMBL108358,EFO_0000616,INDICATION,
CHEMBL1083659,EFO_0003758,INDICATION,
CHEMBL1083659,EFO_0003768,INDICATION,
CHEMBL1083659,EFO_0003877,INDICATION,
CHEMBL1083659,EFO_0004270,INDICATION,
CHEMBL1083659,EFO_0004319,INDICATION,
CHEMBL1083659,EFO_0004698,INDICATION,
CHEMBL1083659,EFO_0008568,INDICATION,
CHEMBL1083659,EFO_0009267,INDICATION,
CHEMBL1083659,EFO_0010702,INDICATION,
CHEMBL1083659,MONDO_0004975,INDICATION,
CHEMBL1083659,MONDO_0007079,INDICATION,
CHEMBL1083659,MONDO_0021107,CONTRAINDICATION,
CHEMBL1083993,EFO_0000275,INDICATION,
CHEMBL1083993,EFO_0003144,INDICATION,
CHEMBL1083993,EFO_0004287,INDICATION,
CHEMBL1083993,EFO_0005306,INDICATION,
CHEMBL1083993,EFO_0005529,INDICATION,
CHEMBL1083993,MONDO_0019438,INDICATION,
CHEMBL1084172,EFO_0000341,INDICATION,
CHEMBL1084172,EFO_0000464,INDICATION,
CHEMBL1084172,EFO_0006505,INDICATION,
CHEMBL1084172,MONDO_0004979,INDICATION,
CHEMBL1084173,EFO_0000341,INDICATION,
CHEMBL1084617,EFO_0005672,INDICATION,
CHEMBL1085,EFO_0000474,CONTRAINDICATION,
CHEMBL1085,EFO_0000612,CONTRAINDICATION,
CHEMBL1085,EFO_0001073,CONTRAINDICATION,
CHEMBL1085,EFO_0005252,CONTRAINDICATION,
CHEMBL1085,EFO_0005307,CONTRAINDICATION,
CHEMBL1085,EFO_0005407,INDICATION,
CHEMBL1085,EFO_0007319,CONTRAINDICATION,
CHEMBL1085,EFO_1001375,CONTRAINDICATION,
CHEMBL1085,EFO_1001379,CONTRAINDICATION,
CHEMBL1085,MONDO_0002280,CONTRAINDICATION,
CHEMBL1085,MONDO_0005041,CONTRAINDICATION,
CHEMBL1085,MONDO_0007079,CONTRAINDICATION,
CHEMBL1085,MONDO_0019171,CONTRAINDICATION,
CHEMBL1085,MONDO_0021095,CONTRAINDICATION,
CHEMBL108545,EFO_0000217,CONTRAINDICATION,
CHEMBL108545,EFO_0000319,CONTRAINDICATION,
CHEMBL108545,EFO_0000400,CONTRAINDICATION,
CHEMBL108545,EFO_0000474,CONTRAINDICATION,
CHEMBL108545,EFO_0000546,INDICATION,
CHEMBL108545,EFO_0000701,CONTRAINDICATION,
CHEMBL108545,EFO_0003086,CONTRAINDICATION,
CHEMBL108545,EFO_0003843,INDICATION,
CHEMBL108545,EFO_0003948,CONTRAINDICATION,
CHEMBL108545,EFO_0005856,INDICATION,
CHEMBL108545,EFO_0009190,CONTRAINDICATION,
CHEMBL108545,EFO_0009314,CONTRAINDICATION,
CHEMBL108545,EFO_0009582,INDICATION,
CHEMBL108545,EFO_1000391,CONTRAINDICATION,
CHEMBL108545,EFO_1000941,INDICATION,
CHEMBL108545,EFO_1001434,INDICATION,
CHEMBL108545,MONDO_0002280,CONTRAINDICATION,
CHEMBL108545,MONDO_0018660,CONTRAINDICATION,
CHEMBL108545,MONDO_0018896,CONTRAINDICATION,
CHEMBL108545,MONDO_0100192,CONTRAINDICATION,
CHEMBL1085699,EFO_0000319,INDICATION,
CHEMBL1085699,EFO_0000537,INDICATION,
CHEMBL1086,EFO_0000319,CONTRAINDICATION,
CHEMBL1086,EFO_0000474,CONTRAINDICATION,
CHEMBL1086,EFO_0003086,CONTRAINDICATION,
CHEMBL1086,EFO_0003958,INDICATION,
CHEMBL1086,EFO_0004991,CONTRAINDICATION,
CHEMBL1086,EFO_0009552,INDICATION,
CHEMBL1086218,EFO_0000198,INDICATION,
CHEMBL1086218,EFO_0000218,INDICATION,
CHEMBL1086218,EFO_0000221,INDICATION,
CHEMBL1086218,EFO_0000223,INDICATION,
CHEMBL1086218,EFO_0000565,INDICATION,
CHEMBL1086218,EFO_0000574,INDICATION,
CHEMBL1086218,EFO_0000681,INDICATION,
CHEMBL1086218,EFO_0000691,INDICATION,
CHEMBL1086218,EFO_0001378,INDICATION,
CHEMBL1086218,EFO_0003025,INDICATION,
CHEMBL1086218,EFO_0003027,INDICATION,
CHEMBL1086218,EFO_0003028,INDICATION,
CHEMBL1086218,EFO_0003029,INDICATION,
CHEMBL1086218,EFO_0003865,INDICATION,
CHEMBL1086218,EFO_0004251,INDICATION,
CHEMBL1086218,EFO_0009708,INDICATION,
CHEMBL1086218,MONDO_0007254,INDICATION,
CHEMBL1086218,MONDO_0008170,INDICATION,
CHEMBL1086440,EFO_1001324,INDICATION,
CHEMBL1086440,EFO_1001342,INDICATION,
CHEMBL1086863,EFO_0000183,INDICATION,
CHEMBL1086863,EFO_0000222,INDICATION,
CHEMBL1086863,EFO_0000349,INDICATION,
CHEMBL1086863,EFO_0000501,INDICATION,
CHEMBL1086863,EFO_0000503,INDICATION,
CHEMBL1086863,EFO_0000519,INDICATION,
CHEMBL1086863,EFO_0000574,INDICATION,
CHEMBL1086863,EFO_0000616,INDICATION,
CHEMBL1086863,EFO_0000641,INDICATION,
CHEMBL1086863,EFO_0000685,INDICATION,
CHEMBL1086863,EFO_0000691,INDICATION,
CHEMBL1086863,EFO_0000756,INDICATION,
CHEMBL1086863,EFO_0001416,INDICATION,
CHEMBL1086863,EFO_0001642,INDICATION,
CHEMBL1086863,EFO_0002618,INDICATION,
CHEMBL1086863,EFO_0003060,INDICATION,
CHEMBL1086863,EFO_0003843,INDICATION,
CHEMBL1086863,EFO_0003968,INDICATION,
CHEMBL1086863,EFO_0004142,INDICATION,
CHEMBL1086863,EFO_0006859,INDICATION,
CHEMBL1086863,EFO_1001051,INDICATION,
CHEMBL1086863,EFO_1001465,INDICATION,
CHEMBL1086863,MONDO_0001187,INDICATION,
CHEMBL1086863,MONDO_0002367,INDICATION,
CHEMBL1086863,MONDO_0002974,INDICATION,
CHEMBL1086863,MONDO_0004192,INDICATION,
CHEMBL1086863,MONDO_0004975,INDICATION,
CHEMBL1086863,MONDO_0004992,INDICATION,
CHEMBL1086863,MONDO_0007254,INDICATION,
CHEMBL1086863,MONDO_0008315,INDICATION,
CHEMBL1086863,MONDO_0008667,INDICATION,
CHEMBL1086863,MONDO_0008903,INDICATION,
CHEMBL1086863,MONDO_0009348,INDICATION,
CHEMBL1086863,MONDO_0018906,INDICATION,
CHEMBL1086997,MONDO_0010526,INDICATION,
CHEMBL1087,EFO_0000319,CONTRAINDICATION,
CHEMBL1087,EFO_0003086,CONTRAINDICATION,
CHEMBL1087,EFO_0003843,INDICATION,
CHEMBL1087,EFO_0004616,INDICATION,
CHEMBL1087,EFO_0004991,CONTRAINDICATION,
CHEMBL1087,EFO_1000786,INDICATION,
CHEMBL1087,MONDO_0004001,INDICATION,
CHEMBL10878,EFO_0004242,INDICATION,
CHEMBL10878,EFO_0005230,INDICATION,
CHEMBL10878,MONDO_0002009,INDICATION,
CHEMBL10878,MONDO_0002050,INDICATION,
CHEMBL10878,MONDO_0005090,INDICATION,
CHEMBL1088,EFO_0000474,CONTRAINDICATION,
CHEMBL1088,EFO_0005252,CONTRAINDICATION,
CHEMBL1088,EFO_0005407,INDICATION,
CHEMBL1088,EFO_1001379,CONTRAINDICATION,
CHEMBL1088,MONDO_0005090,INDICATION,
CHEMBL1088,MONDO_0019171,CONTRAINDICATION,
CHEMBL108821,EFO_0000771,INDICATION,
CHEMBL108821,MONDO_0018076,INDICATION,
CHEMBL1088750,EFO_0000407,INDICATION,
CHEMBL1088750,EFO_0000685,INDICATION,
CHEMBL1088750,EFO_0003898,INDICATION,
CHEMBL1088750,EFO_0004616,INDICATION,
CHEMBL1088750,EFO_0010072,INDICATION,
CHEMBL1088751,EFO_0000341,INDICATION,
CHEMBL1088751,EFO_0000685,INDICATION,
CHEMBL1088751,EFO_0003843,INDICATION,
CHEMBL1088751,MONDO_0005178,INDICATION,
CHEMBL1088751,MONDO_0041052,INDICATION,
CHEMBL1088752,EFO_0000319,INDICATION,
CHEMBL1088752,EFO_0000341,INDICATION,
CHEMBL1088752,EFO_0000685,INDICATION,
CHEMBL1088752,EFO_0003914,INDICATION,
CHEMBL1088752,EFO_0004236,INDICATION,
CHEMBL1088752,EFO_0005672,INDICATION,
CHEMBL1088752,EFO_0005762,INDICATION,
CHEMBL1088752,MONDO_0002009,INDICATION,
CHEMBL1088752,MONDO_0100096,INDICATION,
CHEMBL1088752,Orphanet_269,INDICATION,
CHEMBL1088752,Orphanet_309005,INDICATION,
CHEMBL1088977,EFO_0000400,CONTRAINDICATION,
CHEMBL1088977,EFO_0000537,CONTRAINDICATION,
CHEMBL1088977,EFO_0003047,INDICATION,
CHEMBL1088977,EFO_0003095,INDICATION,
CHEMBL1088977,EFO_0003768,INDICATION,
CHEMBL1088977,EFO_1000802,INDICATION,
CHEMBL1088977,EFO_1001486,INDICATION,
CHEMBL1088977,MONDO_0002009,INDICATION,
CHEMBL1088977,MONDO_0002050,INDICATION,
CHEMBL1088977,MONDO_0019072,INDICATION,
CHEMBL1088977,MONDO_0021187,CONTRAINDICATION,
CHEMBL1089,EFO_0000319,CONTRAINDICATION,
CHEMBL1089,EFO_0000400,CONTRAINDICATION,
CHEMBL1089,EFO_0000474,CONTRAINDICATION,
CHEMBL1089,EFO_0000537,CONTRAINDICATION,
CHEMBL1089,EFO_0000673,INDICATION,
CHEMBL1089,EFO_0001645,CONTRAINDICATION,
CHEMBL1089,EFO_0003086,CONTRAINDICATION,
CHEMBL1089,EFO_0003763,CONTRAINDICATION,
CHEMBL1089,EFO_0005204,OFF_LABEL_USE,
CHEMBL1089,EFO_0005251,CONTRAINDICATION,
CHEMBL1089,EFO_0005252,CONTRAINDICATION,
CHEMBL1089,EFO_0009189,CONTRAINDICATION,
CHEMBL1089,MONDO_0002009,INDICATION,
CHEMBL1089,MONDO_0002050,INDICATION,
CHEMBL1089,MONDO_0004985,CONTRAINDICATION,
CHEMBL1089,MONDO_0005090,CONTRAINDICATION,
CHEMBL1089,MONDO_0007079,CONTRAINDICATION,
CHEMBL1089,MONDO_0007254,INDICATION,
CHEMBL1089,MONDO_0008233,CONTRAINDICATION,
CHEMBL1089221,EFO_0005752,INDICATION,
CHEMBL1089318,MONDO_0005180,INDICATION,
CHEMBL1089636,EFO_0000519,INDICATION,
CHEMBL1089636,EFO_0000616,INDICATION,
CHEMBL1089636,EFO_0003833,INDICATION,
CHEMBL1089636,MONDO_0100342,INDICATION,
CHEMBL1089962,EFO_0000319,INDICATION,
CHEMBL109,EFO_0000095,INDICATION,
CHEMBL109,EFO_0000180,INDICATION,
CHEMBL109,EFO_0000181,INDICATION,
CHEMBL109,EFO_0000198,INDICATION,
CHEMBL109,EFO_0000222,INDICATION,
CHEMBL109,EFO_0000309,INDICATION,
CHEMBL109,EFO_0000339,INDICATION,
CHEMBL109,EFO_0000342,CONTRAINDICATION,
CHEMBL109,EFO_0000403,INDICATION,
CHEMBL109,EFO_0000474,OFF_LABEL_USE,
CHEMBL109,EFO_0000519,INDICATION,
CHEMBL109,EFO_0000546,INDICATION,
CHEMBL109,EFO_0000565,INDICATION,
CHEMBL109,EFO_0000574,INDICATION,
CHEMBL109,EFO_0000616,INDICATION,
CHEMBL109,EFO_0000691,INDICATION,
CHEMBL109,EFO_0000702,INDICATION,
CHEMBL109,EFO_0000717,INDICATION,
CHEMBL109,EFO_0000756,INDICATION,
CHEMBL109,EFO_0000764,INDICATION,
CHEMBL109,EFO_0001075,INDICATION,
CHEMBL109,EFO_0001358,INDICATION,
CHEMBL109,EFO_0002499,INDICATION,
CHEMBL109,EFO_0002618,INDICATION,
CHEMBL109,EFO_0002939,INDICATION,
CHEMBL109,EFO_0003060,INDICATION,
CHEMBL109,EFO_0003086,CONTRAINDICATION,
CHEMBL109,EFO_0003758,INDICATION,
CHEMBL109,EFO_0003833,INDICATION,
CHEMBL109,EFO_0003841,INDICATION,
CHEMBL109,EFO_0004191,INDICATION,
CHEMBL109,EFO_0004192,INDICATION,
CHEMBL109,EFO_0004247,INDICATION,
CHEMBL109,EFO_0004252,INDICATION,
CHEMBL109,EFO_0004263,INDICATION,
CHEMBL109,EFO_0005230,INDICATION,
CHEMBL109,EFO_0005762,INDICATION,
CHEMBL109,EFO_0005803,CONTRAINDICATION,
CHEMBL109,EFO_0006859,INDICATION,
CHEMBL109,EFO_0007262,OFF_LABEL_USE,
CHEMBL109,EFO_0007409,CONTRAINDICATION,
CHEMBL109,EFO_0007527,INDICATION,
CHEMBL109,EFO_0008525,INDICATION,
CHEMBL109,EFO_0008526,INDICATION,
CHEMBL109,EFO_0009267,INDICATION,
CHEMBL109,EFO_0009430,INDICATION,
CHEMBL109,EFO_0009963,INDICATION,
CHEMBL109,EFO_1000158,INDICATION,
CHEMBL109,EFO_1000652,CONTRAINDICATION,
CHEMBL109,EFO_1000877,INDICATION,
CHEMBL109,EFO_1001469,INDICATION,
CHEMBL109,EFO_1001951,INDICATION,
CHEMBL109,EFO_1001968,INDICATION,
CHEMBL109,MONDO_0001187,INDICATION,
CHEMBL109,MONDO_0002009,INDICATION,
CHEMBL109,MONDO_0002050,CONTRAINDICATION,
CHEMBL109,MONDO_0002974,INDICATION,
CHEMBL109,MONDO_0003478,INDICATION,
CHEMBL109,MONDO_0004975,INDICATION,
CHEMBL109,MONDO_0004976,INDICATION,
CHEMBL109,MONDO_0004985,OFF_LABEL_USE,
CHEMBL109,MONDO_0004992,INDICATION,
CHEMBL109,MONDO_0005090,INDICATION,
CHEMBL109,MONDO_0005277,INDICATION,
CHEMBL109,MONDO_0007079,INDICATION,
CHEMBL109,MONDO_0007254,INDICATION,
CHEMBL109,MONDO_0007739,INDICATION,
CHEMBL109,MONDO_0008170,INDICATION,
CHEMBL109,MONDO_0008315,INDICATION,
CHEMBL109,MONDO_0008814,CONTRAINDICATION,
CHEMBL109,MONDO_0008903,INDICATION,
CHEMBL109,MONDO_0009293,INDICATION,
CHEMBL109,MONDO_0010604,INDICATION,
CHEMBL109,MONDO_0010826,INDICATION,
CHEMBL109,MONDO_0015991,CONTRAINDICATION,
CHEMBL109,MONDO_0018105,INDICATION,
CHEMBL109,MONDO_0019037,INDICATION,
CHEMBL109,MONDO_0019188,INDICATION,
CHEMBL109,MONDO_0019200,INDICATION,
CHEMBL109,MONDO_0037821,CONTRAINDICATION,
CHEMBL109,MONDO_0043510,INDICATION,
CHEMBL109,MONDO_0044970,INDICATION,
CHEMBL109,MONDO_0100342,INDICATION,
CHEMBL109,MONDO_0850093,INDICATION,
CHEMBL109,Orphanet_83419,INDICATION,
CHEMBL109,Orphanet_90,CONTRAINDICATION,
CHEMBL1090,EFO_0000763,INDICATION,
CHEMBL1090,EFO_1001888,INDICATION,
CHEMBL1090,EFO_1002022,INDICATION,
CHEMBL1090090,EFO_0000685,INDICATION,
CHEMBL1090479,EFO_0000616,INDICATION,
CHEMBL1090488,EFO_0004234,INDICATION,
CHEMBL1090488,EFO_0004714,INDICATION,
CHEMBL1090771,MONDO_0004975,INDICATION,
CHEMBL1091,EFO_0000220,INDICATION,
CHEMBL1091,EFO_0000274,INDICATION,
CHEMBL1091,EFO_0000384,INDICATION,
CHEMBL1091,EFO_0000400,CONTRAINDICATION,
CHEMBL1091,EFO_0000474,CONTRAINDICATION,
CHEMBL1091,EFO_0000537,CONTRAINDICATION,
CHEMBL1091,EFO_0000676,INDICATION,
CHEMBL1091,EFO_0000685,INDICATION,
CHEMBL1091,EFO_0000701,INDICATION,
CHEMBL1091,EFO_0001380,CONTRAINDICATION,
CHEMBL1091,EFO_0001422,CONTRAINDICATION,
CHEMBL1091,EFO_0003086,CONTRAINDICATION,
CHEMBL1091,EFO_0003767,INDICATION,
CHEMBL1091,EFO_0003778,INDICATION,
CHEMBL1091,EFO_0003875,CONTRAINDICATION,
CHEMBL1091,EFO_0003882,CONTRAINDICATION,
CHEMBL1091,EFO_0003898,INDICATION,
CHEMBL1091,EFO_0003966,INDICATION,
CHEMBL1091,EFO_0004145,CONTRAINDICATION,
CHEMBL1091,EFO_0004190,CONTRAINDICATION,
CHEMBL1091,EFO_0004208,INDICATION,
CHEMBL1091,EFO_0004255,INDICATION,
CHEMBL1091,EFO_0004607,CONTRAINDICATION,
CHEMBL1091,EFO_0004705,CONTRAINDICATION,
CHEMBL1091,EFO_0005319,INDICATION,
CHEMBL1091,EFO_0005407,CONTRAINDICATION,
CHEMBL1091,EFO_0005532,INDICATION,
CHEMBL1091,EFO_0005741,CONTRAINDICATION,
CHEMBL1091,EFO_0005809,INDICATION,
CHEMBL1091,EFO_0005854,INDICATION,
CHEMBL1091,EFO_0005952,INDICATION,
CHEMBL1091,EFO_0006509,CONTRAINDICATION,
CHEMBL1091,EFO_0007308,CONTRAINDICATION,
CHEMBL1091,EFO_0008997,INDICATION,
CHEMBL1091,EFO_0009189,CONTRAINDICATION,
CHEMBL1091,EFO_0009449,INDICATION,
CHEMBL1091,EFO_0009454,CONTRAINDICATION,
CHEMBL1091,EFO_0009456,INDICATION,
CHEMBL1091,EFO_0009491,INDICATION,
CHEMBL1091,EFO_0009552,INDICATION,
CHEMBL1091,EFO_1000684,INDICATION,
CHEMBL1091,EFO_1000694,INDICATION,
CHEMBL1091,EFO_1000697,INDICATION,
CHEMBL1091,EFO_1000749,INDICATION,
CHEMBL1091,EFO_1000766,CONTRAINDICATION,
CHEMBL1091,EFO_1000845,INDICATION,
CHEMBL1091,EFO_1001051,INDICATION,
CHEMBL1091,EFO_1001069,CONTRAINDICATION,
CHEMBL1091,EFO_1001070,CONTRAINDICATION,
CHEMBL1091,EFO_1001161,INDICATION,
CHEMBL1091,EFO_1001264,INDICATION,
CHEMBL1091,EFO_1001399,INDICATION,
CHEMBL1091,EFO_1001435,INDICATION,
CHEMBL1091,EFO_1001888,CONTRAINDICATION,
CHEMBL1091,EFO_1002022,CONTRAINDICATION,
CHEMBL1091,EFO_1002025,CONTRAINDICATION,
CHEMBL1091,MONDO_0001198,INDICATION,
CHEMBL1091,MONDO_0001409,CONTRAINDICATION,
CHEMBL1091,MONDO_0001576,CONTRAINDICATION,
CHEMBL1091,MONDO_0002041,CONTRAINDICATION,
CHEMBL1091,MONDO_0002050,INDICATION,
CHEMBL1091,MONDO_0002307,INDICATION,
CHEMBL1091,MONDO_0002406,INDICATION,
CHEMBL1091,MONDO_0002471,INDICATION,
CHEMBL1091,MONDO_0004126,INDICATION,
CHEMBL1091,MONDO_0004247,CONTRAINDICATION,
CHEMBL1091,MONDO_0004857,INDICATION,
CHEMBL1091,MONDO_0004979,INDICATION,
CHEMBL1091,MONDO_0005041,CONTRAINDICATION,
CHEMBL1091,MONDO_0005301,INDICATION,
CHEMBL1091,MONDO_0007915,INDICATION,
CHEMBL1091,MONDO_0009348,INDICATION,
CHEMBL1091,MONDO_0015253,OFF_LABEL_USE,
CHEMBL1091,MONDO_0019338,INDICATION,
CHEMBL1091,MONDO_0019801,INDICATION,
CHEMBL1091,MONDO_0020944,CONTRAINDICATION,
CHEMBL1091,MONDO_0020950,CONTRAINDICATION,
CHEMBL1091,MONDO_0043885,CONTRAINDICATION,
CHEMBL1091,MP_0001845,INDICATION,
CHEMBL1091,Orphanet_124,OFF_LABEL_USE,
CHEMBL1091024,EFO_0000771,INDICATION,
CHEMBL1091250,EFO_0003833,INDICATION,
CHEMBL1091644,EFO_0000174,INDICATION,
CHEMBL1091644,EFO_0000181,INDICATION,
CHEMBL1091644,EFO_0000182,INDICATION,
CHEMBL1091644,EFO_0000616,INDICATION,
CHEMBL1091644,EFO_0000673,INDICATION,
CHEMBL1091644,EFO_0000702,INDICATION,
CHEMBL1091644,EFO_0003060,INDICATION,
CHEMBL1091644,EFO_0006859,INDICATION,
CHEMBL1091644,EFO_1000796,INDICATION,
CHEMBL1091644,EFO_1001951,INDICATION,
CHEMBL1091644,MONDO_0002898,INDICATION,
CHEMBL1091644,MONDO_0007254,INDICATION,
CHEMBL1091644,MONDO_0008170,INDICATION,
CHEMBL1092067,EFO_0000183,INDICATION,
CHEMBL1092067,EFO_0000222,INDICATION,
CHEMBL1092067,EFO_0000349,INDICATION,
CHEMBL1092067,EFO_0000501,INDICATION,
CHEMBL1092067,EFO_0000503,INDICATION,
CHEMBL1092067,EFO_0000519,INDICATION,
CHEMBL1092067,EFO_0000574,INDICATION,
CHEMBL1092067,EFO_0000616,INDICATION,
CHEMBL1092067,EFO_0000641,INDICATION,
CHEMBL1092067,EFO_0000685,INDICATION,
CHEMBL1092067,EFO_0000691,INDICATION,
CHEMBL1092067,EFO_0000756,INDICATION,
CHEMBL1092067,EFO_0001416,INDICATION,
CHEMBL1092067,EFO_0001642,INDICATION,
CHEMBL1092067,EFO_0002618,INDICATION,
CHEMBL1092067,EFO_0003060,INDICATION,
CHEMBL1092067,EFO_0003843,INDICATION,
CHEMBL1092067,EFO_0003968,INDICATION,
CHEMBL1092067,EFO_0006859,INDICATION,
CHEMBL1092067,EFO_1001051,INDICATION,
CHEMBL1092067,EFO_1001465,INDICATION,
CHEMBL1092067,MONDO_0001187,INDICATION,
CHEMBL1092067,MONDO_0002367,INDICATION,
CHEMBL1092067,MONDO_0002974,INDICATION,
CHEMBL1092067,MONDO_0004192,INDICATION,
CHEMBL1092067,MONDO_0004975,INDICATION,
CHEMBL1092067,MONDO_0004992,INDICATION,
CHEMBL1092067,MONDO_0007254,INDICATION,
CHEMBL1092067,MONDO_0008315,INDICATION,
CHEMBL1092067,MONDO_0008667,INDICATION,
CHEMBL1092067,MONDO_0008903,INDICATION,
CHEMBL1092067,MONDO_0009348,INDICATION,
CHEMBL1092067,MONDO_0018906,INDICATION,
CHEMBL1092581,EFO_0003047,INDICATION,
CHEMBL1093,EFO_0000319,CONTRAINDICATION,
CHEMBL1093,EFO_0000400,CONTRAINDICATION,
CHEMBL1093,EFO_0000407,CONTRAINDICATION,
CHEMBL1093,EFO_0000537,CONTRAINDICATION,
CHEMBL1093,EFO_0000612,CONTRAINDICATION,
CHEMBL1093,EFO_0000649,INDICATION,
CHEMBL1093,EFO_0001645,CONTRAINDICATION,
CHEMBL1093,EFO_0003086,CONTRAINDICATION,
CHEMBL1093,EFO_0003843,INDICATION,
CHEMBL1093,EFO_0004991,CONTRAINDICATION,
CHEMBL1093,EFO_0009189,CONTRAINDICATION,
CHEMBL1093,EFO_1001139,INDICATION,
CHEMBL1093,EFO_1002048,INDICATION,
CHEMBL1093,MONDO_0001744,CONTRAINDICATION,
CHEMBL1093,MONDO_0021095,CONTRAINDICATION,
CHEMBL1093059,EFO_0000574,INDICATION,
CHEMBL1093423,MONDO_0005148,INDICATION,
CHEMBL1093458,EFO_0000305,INDICATION,
CHEMBL1093458,EFO_0000432,INDICATION,
CHEMBL1093458,EFO_0000616,INDICATION,
CHEMBL1093458,EFO_0003968,INDICATION,
CHEMBL1093458,EFO_0005537,INDICATION,
CHEMBL1093458,EFO_0009963,INDICATION,
CHEMBL1093458,MONDO_0007254,INDICATION,
CHEMBL1094,EFO_0000474,INDICATION,
CHEMBL1094,EFO_0003086,CONTRAINDICATION,
CHEMBL1094,EFO_0005307,CONTRAINDICATION,
CHEMBL1094,EFO_0005803,CONTRAINDICATION,
CHEMBL1094,MONDO_0002050,CONTRAINDICATION,
CHEMBL1094,MONDO_0002280,INDICATION,
CHEMBL1094,MONDO_0004985,INDICATION,
CHEMBL1094,MONDO_0015909,CONTRAINDICATION,
CHEMBL1094,MONDO_0016532,INDICATION,
CHEMBL1094,MONDO_0019171,CONTRAINDICATION,
CHEMBL1094,MONDO_0037821,CONTRAINDICATION,
CHEMBL1094,MONDO_0100192,CONTRAINDICATION,
CHEMBL1094636,EFO_0000095,INDICATION,
CHEMBL1094636,EFO_0000174,INDICATION,
CHEMBL1094636,EFO_0000181,INDICATION,
CHEMBL1094636,EFO_0000196,INDICATION,
CHEMBL1094636,EFO_0000365,INDICATION,
CHEMBL1094636,EFO_0000519,INDICATION,
CHEMBL1094636,EFO_0000564,INDICATION,
CHEMBL1094636,EFO_0000574,INDICATION,
CHEMBL1094636,EFO_0000588,INDICATION,
CHEMBL1094636,EFO_0000616,INDICATION,
CHEMBL1094636,EFO_0000673,INDICATION,
CHEMBL1094636,EFO_0000702,INDICATION,
CHEMBL1094636,EFO_0000707,INDICATION,
CHEMBL1094636,EFO_0001061,INDICATION,
CHEMBL1094636,EFO_0001075,INDICATION,
CHEMBL1094636,EFO_0001663,INDICATION,
CHEMBL1094636,EFO_0002617,INDICATION,
CHEMBL1094636,EFO_0002618,INDICATION,
CHEMBL1094636,EFO_0003060,INDICATION,
CHEMBL1094636,EFO_0003863,INDICATION,
CHEMBL1094636,EFO_0003869,INDICATION,
CHEMBL1094636,EFO_0003891,INDICATION,
CHEMBL1094636,EFO_0003893,INDICATION,
CHEMBL1094636,EFO_0004230,INDICATION,
CHEMBL1094636,EFO_0006859,INDICATION,
CHEMBL1094636,EFO_0008528,INDICATION,
CHEMBL1094636,EFO_1000251,INDICATION,
CHEMBL1094636,EFO_1000294,INDICATION,
CHEMBL1094636,EFO_1000465,INDICATION,
CHEMBL1094636,EFO_1000657,INDICATION,
CHEMBL1094636,EFO_1001100,INDICATION,
CHEMBL1094636,EFO_1001512,INDICATION,
CHEMBL1094636,MONDO_0001056,INDICATION,
CHEMBL1094636,MONDO_0001187,INDICATION,
CHEMBL1094636,MONDO_0002087,INDICATION,
CHEMBL1094636,MONDO_0002158,INDICATION,
CHEMBL1094636,MONDO_0002974,INDICATION,
CHEMBL1094636,MONDO_0003060,INDICATION,
CHEMBL1094636,MONDO_0004992,INDICATION,
CHEMBL1094636,MONDO_0005184,INDICATION,
CHEMBL1094636,MONDO_0007254,INDICATION,
CHEMBL1094636,MONDO_0008170,INDICATION,
CHEMBL1094636,MONDO_0008315,INDICATION,
CHEMBL1094636,MONDO_0008903,INDICATION,
CHEMBL1094636,MONDO_0011962,INDICATION,
CHEMBL1094636,MONDO_0018364,INDICATION,
CHEMBL1094636,Orphanet_145,INDICATION,
CHEMBL1094785,EFO_0000341,INDICATION,
CHEMBL109480,EFO_0000095,INDICATION,
CHEMBL109480,EFO_0000183,INDICATION,
CHEMBL109480,EFO_0000191,INDICATION,
CHEMBL109480,EFO_0000255,INDICATION,
CHEMBL109480,EFO_0000309,INDICATION,
CHEMBL109480,EFO_0000333,INDICATION,
CHEMBL109480,EFO_0000389,INDICATION,
CHEMBL109480,EFO_0000403,INDICATION,
CHEMBL109480,EFO_0000565,INDICATION,
CHEMBL109480,EFO_0000574,INDICATION,
CHEMBL109480,EFO_0000616,INDICATION,
CHEMBL109480,EFO_0000637,INDICATION,
CHEMBL109480,EFO_0000641,INDICATION,
CHEMBL109480,EFO_0000673,INDICATION,
CHEMBL109480,EFO_0000756,INDICATION,
CHEMBL109480,EFO_0001378,INDICATION,
CHEMBL109480,EFO_0002428,INDICATION,
CHEMBL109480,EFO_0003032,INDICATION,
CHEMBL109480,EFO_0006859,INDICATION,
CHEMBL109480,EFO_0009441,INDICATION,
CHEMBL109480,EFO_1000785,INDICATION,
CHEMBL109480,EFO_1001051,INDICATION,
CHEMBL109480,EFO_1001365,INDICATION,
CHEMBL109480,EFO_1001469,INDICATION,
CHEMBL109480,EFO_1001951,INDICATION,
CHEMBL109480,MONDO_0000873,INDICATION,
CHEMBL109480,MONDO_0001023,INDICATION,
CHEMBL109480,MONDO_0001056,INDICATION,
CHEMBL109480,MONDO_0001187,INDICATION,
CHEMBL109480,MONDO_0002367,INDICATION,
CHEMBL109480,MONDO_0004992,INDICATION,
CHEMBL109480,MONDO_0007254,INDICATION,
CHEMBL109480,MONDO_0008170,INDICATION,
CHEMBL109480,MONDO_0008315,INDICATION,
CHEMBL109480,MONDO_0008903,INDICATION,
CHEMBL109480,MONDO_0015277,INDICATION,
CHEMBL109480,MONDO_0018906,INDICATION,
CHEMBL109480,MONDO_0019471,INDICATION,
CHEMBL1094966,EFO_0000400,CONTRAINDICATION,
CHEMBL1094966,EFO_0000464,INDICATION,
CHEMBL1094966,EFO_0000537,CONTRAINDICATION,
CHEMBL1094966,EFO_0003818,INDICATION,
CHEMBL1094966,EFO_0009189,CONTRAINDICATION,
CHEMBL1094966,EFO_0009661,INDICATION,
CHEMBL1094966,MONDO_0004822,INDICATION,
CHEMBL1094966,MONDO_0004979,INDICATION,
CHEMBL1094982,EFO_0000319,INDICATION,
CHEMBL1094982,EFO_0000400,CONTRAINDICATION,
CHEMBL1094982,EFO_0000612,CONTRAINDICATION,
CHEMBL1094982,EFO_0000712,CONTRAINDICATION,
CHEMBL1094982,EFO_0001645,CONTRAINDICATION,
CHEMBL1094982,EFO_0004274,CONTRAINDICATION,
CHEMBL1094982,EFO_0005251,CONTRAINDICATION,
CHEMBL1094982,EFO_0005672,CONTRAINDICATION,
CHEMBL1094982,EFO_0009314,CONTRAINDICATION,
CHEMBL1094982,MONDO_0000313,CONTRAINDICATION,
CHEMBL1094982,MONDO_0002679,CONTRAINDICATION,
CHEMBL1094982,MONDO_0004247,CONTRAINDICATION,
CHEMBL1094982,MONDO_0007079,CONTRAINDICATION,
CHEMBL1094982,MONDO_0021187,OFF_LABEL_USE,
CHEMBL1095,EFO_0000474,INDICATION,
CHEMBL1095,EFO_0005803,CONTRAINDICATION,
CHEMBL1095,EFO_0007262,INDICATION,
CHEMBL1095,MONDO_0002050,CONTRAINDICATION,
CHEMBL1095,MONDO_0007915,CONTRAINDICATION,
CHEMBL1095,MONDO_0037821,CONTRAINDICATION,
CHEMBL1095032,EFO_0004286,INDICATION,
CHEMBL1095032,EFO_0005672,INDICATION,
CHEMBL1095097,EFO_0000275,INDICATION,
CHEMBL1095097,EFO_0000318,INDICATION,
CHEMBL1095097,EFO_0000319,INDICATION,
CHEMBL1095097,EFO_0000373,INDICATION,
CHEMBL1095097,EFO_0000401,CONTRAINDICATION,
CHEMBL1095097,EFO_0000537,INDICATION,
CHEMBL1095097,EFO_0000612,INDICATION,
CHEMBL1095097,EFO_0000712,INDICATION,
CHEMBL1095097,EFO_0003144,INDICATION,
CHEMBL1095097,EFO_0003884,INDICATION,
CHEMBL1095097,EFO_0008519,INDICATION,
CHEMBL1095097,EFO_0009784,INDICATION,
CHEMBL1095097,MONDO_0001134,INDICATION,
CHEMBL1095097,MONDO_0001343,CONTRAINDICATION,
CHEMBL1095097,MONDO_0005148,INDICATION,
CHEMBL1095097,MONDO_0007254,INDICATION,
CHEMBL1095097,MONDO_0010679,INDICATION,
CHEMBL1095282,EFO_0005230,INDICATION,
CHEMBL1095284,EFO_0000771,INDICATION,
CHEMBL1095292,EFO_0004269,INDICATION,
CHEMBL1095292,EFO_0004287,INDICATION,
CHEMBL1095607,MONDO_0004979,INDICATION,
CHEMBL1095777,EFO_0000341,INDICATION,
CHEMBL1095777,EFO_0000400,CONTRAINDICATION,
CHEMBL1095777,EFO_0000464,INDICATION,
CHEMBL1095777,EFO_0000474,CONTRAINDICATION,
CHEMBL1095777,EFO_0000537,CONTRAINDICATION,
CHEMBL1095777,EFO_0003144,INDICATION,
CHEMBL1095777,EFO_0006505,INDICATION,
CHEMBL1095777,EFO_0009190,CONTRAINDICATION,
CHEMBL1095777,MONDO_0004979,INDICATION,
CHEMBL1095777,MONDO_0019171,CONTRAINDICATION,
CHEMBL1095930,EFO_0000544,INDICATION,
CHEMBL1095930,EFO_0003102,INDICATION,
CHEMBL1095930,EFO_0003103,INDICATION,
CHEMBL1095930,EFO_0004992,INDICATION,
CHEMBL1095930,EFO_0006505,INDICATION,
CHEMBL1095930,EFO_0007361,INDICATION,
CHEMBL1095930,EFO_0007486,INDICATION,
CHEMBL1095930,MONDO_0002258,INDICATION,
CHEMBL1096,EFO_0009688,CONTRAINDICATION,
CHEMBL1096,EFO_1001904,INDICATION,
CHEMBL1096146,EFO_0000540,INDICATION,
CHEMBL1096146,EFO_0000612,CONTRAINDICATION,
CHEMBL1096146,EFO_0000676,INDICATION,
CHEMBL1096146,EFO_0000712,CONTRAINDICATION,
CHEMBL1096146,EFO_0003144,CONTRAINDICATION,
CHEMBL1096146,EFO_0003764,CONTRAINDICATION,
CHEMBL1096146,EFO_0003929,INDICATION,
CHEMBL1096146,EFO_1000985,CONTRAINDICATION,
CHEMBL1096146,MONDO_0000468,CONTRAINDICATION,
CHEMBL1096146,MONDO_0001823,CONTRAINDICATION,
CHEMBL1096146,MONDO_0005301,INDICATION,
CHEMBL1096146,MONDO_0020547,INDICATION,
CHEMBL1096237,EFO_0000616,INDICATION,
CHEMBL1096380,EFO_0000702,INDICATION,
CHEMBL1096380,EFO_0001378,INDICATION,
CHEMBL1096380,EFO_0003060,INDICATION,
CHEMBL1096380,MONDO_0001475,INDICATION,
CHEMBL1096380,MONDO_0004992,INDICATION,
CHEMBL109648,EFO_0000713,INDICATION,
CHEMBL1096562,EFO_0000616,INDICATION,
CHEMBL1096562,EFO_0000707,INDICATION,
CHEMBL1096562,EFO_0002496,INDICATION,
CHEMBL1096562,EFO_0003843,INDICATION,
CHEMBL1096562,EFO_0003894,INDICATION,
CHEMBL1096562,EFO_0004193,INDICATION,
CHEMBL1096562,EFO_0004795,CONTRAINDICATION,
CHEMBL1096562,EFO_0005422,INDICATION,
CHEMBL1096562,EFO_1000910,INDICATION,
CHEMBL1096562,MONDO_0002102,INDICATION,
CHEMBL1096562,MONDO_0005341,INDICATION,
CHEMBL1096643,MONDO_0005180,INDICATION,
CHEMBL1096882,EFO_0000094,INDICATION,
CHEMBL1096882,EFO_0000095,INDICATION,
CHEMBL1096882,EFO_0000096,INDICATION,
CHEMBL1096882,EFO_0000174,INDICATION,
CHEMBL1096882,EFO_0000182,INDICATION,
CHEMBL1096882,EFO_0000183,INDICATION,
CHEMBL1096882,EFO_0000191,INDICATION,
CHEMBL1096882,EFO_0000196,INDICATION,
CHEMBL1096882,EFO_0000198,INDICATION,
CHEMBL1096882,EFO_0000209,INDICATION,
CHEMBL1096882,EFO_0000211,INDICATION,
CHEMBL1096882,EFO_0000218,INDICATION,
CHEMBL1096882,EFO_0000220,INDICATION,
CHEMBL1096882,EFO_0000221,INDICATION,
CHEMBL1096882,EFO_0000222,INDICATION,
CHEMBL1096882,EFO_0000223,INDICATION,
CHEMBL1096882,EFO_0000255,INDICATION,
CHEMBL1096882,EFO_0000309,INDICATION,
CHEMBL1096882,EFO_0000326,INDICATION,
CHEMBL1096882,EFO_0000339,INDICATION,
CHEMBL1096882,EFO_0000349,INDICATION,
CHEMBL1096882,EFO_0000384,INDICATION,
CHEMBL1096882,EFO_0000389,INDICATION,
CHEMBL1096882,EFO_0000403,INDICATION,
CHEMBL1096882,EFO_0000519,INDICATION,
CHEMBL1096882,EFO_0000540,INDICATION,
CHEMBL1096882,EFO_0000565,INDICATION,
CHEMBL1096882,EFO_0000571,INDICATION,
CHEMBL1096882,EFO_0000574,INDICATION,
CHEMBL1096882,EFO_0000588,INDICATION,
CHEMBL1096882,EFO_0000616,INDICATION,
CHEMBL1096882,EFO_0000621,INDICATION,
CHEMBL1096882,EFO_0000637,INDICATION,
CHEMBL1096882,EFO_0000676,INDICATION,
CHEMBL1096882,EFO_0000681,INDICATION,
CHEMBL1096882,EFO_0000685,INDICATION,
CHEMBL1096882,EFO_0000691,INDICATION,
CHEMBL1096882,EFO_0000708,INDICATION,
CHEMBL1096882,EFO_0000717,INDICATION,
CHEMBL1096882,EFO_0000756,INDICATION,
CHEMBL1096882,EFO_0001061,INDICATION,
CHEMBL1096882,EFO_0001075,INDICATION,
CHEMBL1096882,EFO_0001378,INDICATION,
CHEMBL1096882,EFO_0001642,INDICATION,
CHEMBL1096882,EFO_0002428,INDICATION,
CHEMBL1096882,EFO_0002429,INDICATION,
CHEMBL1096882,EFO_0002430,INDICATION,
CHEMBL1096882,EFO_0002617,INDICATION,
CHEMBL1096882,EFO_0003025,INDICATION,
CHEMBL1096882,EFO_0003027,INDICATION,
CHEMBL1096882,EFO_0003032,INDICATION,
CHEMBL1096882,EFO_0003060,INDICATION,
CHEMBL1096882,EFO_0003778,INDICATION,
CHEMBL1096882,EFO_0003802,INDICATION,
CHEMBL1096882,EFO_0003811,INDICATION,
CHEMBL1096882,EFO_0003865,INDICATION,
CHEMBL1096882,EFO_0003869,INDICATION,
CHEMBL1096882,EFO_0004251,INDICATION,
CHEMBL1096882,EFO_0004252,INDICATION,
CHEMBL1096882,EFO_0004256,INDICATION,
CHEMBL1096882,EFO_0004272,INDICATION,
CHEMBL1096882,EFO_0004289,INDICATION,
CHEMBL1096882,EFO_0004599,INDICATION,
CHEMBL1096882,EFO_0005761,INDICATION,
CHEMBL1096882,EFO_0005803,INDICATION,
CHEMBL1096882,EFO_0005952,INDICATION,
CHEMBL1096882,EFO_0006475,INDICATION,
CHEMBL1096882,EFO_0006803,INDICATION,
CHEMBL1096882,EFO_0006859,INDICATION,
CHEMBL1096882,EFO_0006927,INDICATION,
CHEMBL1096882,EFO_0009441,INDICATION,
CHEMBL1096882,EFO_0009708,INDICATION,
CHEMBL1096882,EFO_0009709,INDICATION,
CHEMBL1096882,EFO_1000102,INDICATION,
CHEMBL1096882,EFO_1000131,INDICATION,
CHEMBL1096882,EFO_1000292,INDICATION,
CHEMBL1096882,EFO_1000309,INDICATION,
CHEMBL1096882,EFO_1000318,INDICATION,
CHEMBL1096882,EFO_1000560,INDICATION,
CHEMBL1096882,EFO_1000690,INDICATION,
CHEMBL1096882,EFO_1000785,INDICATION,
CHEMBL1096882,EFO_1000956,INDICATION,
CHEMBL1096882,EFO_1001051,INDICATION,
CHEMBL1096882,EFO_1001257,INDICATION,
CHEMBL1096882,EFO_1001465,INDICATION,
CHEMBL1096882,EFO_1001469,INDICATION,
CHEMBL1096882,EFO_1001779,INDICATION,
CHEMBL1096882,EFO_1001938,INDICATION,
CHEMBL1096882,EFO_1001996,INDICATION,
CHEMBL1096882,EFO_1002048,INDICATION,
CHEMBL1096882,MONDO_0000159,INDICATION,
CHEMBL1096882,MONDO_0000870,INDICATION,
CHEMBL1096882,MONDO_0000873,INDICATION,
CHEMBL1096882,MONDO_0001023,INDICATION,
CHEMBL1096882,MONDO_0001657,INDICATION,
CHEMBL1096882,MONDO_0002087,INDICATION,
CHEMBL1096882,MONDO_0002108,INDICATION,
CHEMBL1096882,MONDO_0002158,INDICATION,
CHEMBL1096882,MONDO_0002334,INDICATION,
CHEMBL1096882,MONDO_0002367,INDICATION,
CHEMBL1096882,MONDO_0002691,INDICATION,
CHEMBL1096882,MONDO_0002898,INDICATION,
CHEMBL1096882,MONDO_0004992,INDICATION,
CHEMBL1096882,MONDO_0005184,INDICATION,
CHEMBL1096882,MONDO_0005301,INDICATION,
CHEMBL1096882,MONDO_0007254,INDICATION,
CHEMBL1096882,MONDO_0007576,INDICATION,
CHEMBL1096882,MONDO_0007915,INDICATION,
CHEMBL1096882,MONDO_0008170,INDICATION,
CHEMBL1096882,MONDO_0008315,INDICATION,
CHEMBL1096882,MONDO_0008903,INDICATION,
CHEMBL1096882,MONDO_0009348,INDICATION,
CHEMBL1096882,MONDO_0009833,INDICATION,
CHEMBL1096882,MONDO_0010518,INDICATION,
CHEMBL1096882,MONDO_0011382,INDICATION,
CHEMBL1096882,MONDO_0013730,INDICATION,
CHEMBL1096882,MONDO_0015253,INDICATION,
CHEMBL1096882,MONDO_0015277,INDICATION,
CHEMBL1096882,MONDO_0015760,INDICATION,
CHEMBL1096882,MONDO_0015974,INDICATION,
CHEMBL1096882,MONDO_0017198,INDICATION,
CHEMBL1096882,MONDO_0018305,INDICATION,
CHEMBL1096882,MONDO_0018906,INDICATION,
CHEMBL1096882,MONDO_0018922,INDICATION,
CHEMBL1096882,MONDO_0019391,INDICATION,
CHEMBL1096882,MONDO_0019460,INDICATION,
CHEMBL1096882,MONDO_0019469,INDICATION,
CHEMBL1096882,MONDO_0019471,INDICATION,
CHEMBL1096882,MONDO_0019472,INDICATION,
CHEMBL1096882,MONDO_0020077,INDICATION,
CHEMBL1096882,MONDO_0021063,INDICATION,
CHEMBL1096882,MONDO_0021193,INDICATION,
CHEMBL1096882,MONDO_0044881,INDICATION,
CHEMBL1096882,MONDO_0044903,INDICATION,
CHEMBL1096882,MONDO_0100244,INDICATION,
CHEMBL1096882,Orphanet_848,INDICATION,
CHEMBL1096885,EFO_0000313,INDICATION,
CHEMBL1096885,EFO_0000616,INDICATION,
CHEMBL1096885,EFO_0003103,CONTRAINDICATION,
CHEMBL1096885,EFO_0008528,INDICATION,
CHEMBL1096885,MONDO_0001187,INDICATION,
CHEMBL1096885,MONDO_0004647,INDICATION,
CHEMBL1096896,EFO_0000341,INDICATION,
CHEMBL1096927,EFO_0000546,INDICATION,
CHEMBL1096979,EFO_0004270,INDICATION,
CHEMBL1096979,MONDO_0005180,INDICATION,
CHEMBL1097205,EFO_0003913,INDICATION,
CHEMBL1097235,EFO_0000373,INDICATION,
CHEMBL1097279,EFO_0000612,INDICATION,
CHEMBL1097999,EFO_0000616,INDICATION,
CHEMBL1097999,EFO_0000676,INDICATION,
CHEMBL1097999,EFO_1001494,INDICATION,
CHEMBL1098,EFO_0000275,CONTRAINDICATION,
CHEMBL1098,EFO_0000319,CONTRAINDICATION,
CHEMBL1098,EFO_0000341,CONTRAINDICATION,
CHEMBL1098,EFO_0000342,INDICATION,
CHEMBL1098,EFO_0000400,CONTRAINDICATION,
CHEMBL1098,EFO_0000407,CONTRAINDICATION,
CHEMBL1098,EFO_0000464,CONTRAINDICATION,
CHEMBL1098,EFO_0000474,CONTRAINDICATION,
CHEMBL1098,EFO_0000537,CONTRAINDICATION,
CHEMBL1098,EFO_0000546,INDICATION,
CHEMBL1098,EFO_0000612,CONTRAINDICATION,
CHEMBL1098,EFO_0000616,INDICATION,
CHEMBL1098,EFO_0000691,INDICATION,
CHEMBL1098,EFO_0000729,CONTRAINDICATION,
CHEMBL1098,EFO_0000764,INDICATION,
CHEMBL1098,EFO_0001074,CONTRAINDICATION,
CHEMBL1098,EFO_0001358,INDICATION,
CHEMBL1098,EFO_0001421,INDICATION,
CHEMBL1098,EFO_0001645,CONTRAINDICATION,
CHEMBL1098,EFO_0002618,INDICATION,
CHEMBL1098,EFO_0002950,INDICATION,
CHEMBL1098,EFO_0003060,INDICATION,
CHEMBL1098,EFO_0003086,CONTRAINDICATION,
CHEMBL1098,EFO_0003767,CONTRAINDICATION,
CHEMBL1098,EFO_0003818,INDICATION,
CHEMBL1098,EFO_0003832,CONTRAINDICATION,
CHEMBL1098,EFO_0003833,CONTRAINDICATION,
CHEMBL1098,EFO_0003843,INDICATION,
CHEMBL1098,EFO_0003869,INDICATION,
CHEMBL1098,EFO_0003890,CONTRAINDICATION,
CHEMBL1098,EFO_0003931,INDICATION,
CHEMBL1098,EFO_0003964,INDICATION,
CHEMBL1098,EFO_0004209,INDICATION,
CHEMBL1098,EFO_0004229,INDICATION,
CHEMBL1098,EFO_0004616,INDICATION,
CHEMBL1098,EFO_0004705,CONTRAINDICATION,
CHEMBL1098,EFO_0004888,INDICATION,
CHEMBL1098,EFO_0004991,CONTRAINDICATION,
CHEMBL1098,EFO_0005251,CONTRAINDICATION,
CHEMBL1098,EFO_0005762,INDICATION,
CHEMBL1098,EFO_0007149,INDICATION,
CHEMBL1098,EFO_0007486,INDICATION,
CHEMBL1098,EFO_0007490,INDICATION,
CHEMBL1098,EFO_0009189,CONTRAINDICATION,
CHEMBL1098,EFO_0009314,INDICATION,
CHEMBL1098,EFO_0009552,INDICATION,
CHEMBL1098,EFO_0009615,INDICATION,
CHEMBL1098,EFO_0009620,INDICATION,
CHEMBL1098,EFO_0009676,INDICATION,
CHEMBL1098,EFO_0010072,INDICATION,
CHEMBL1098,EFO_1000786,INDICATION,
CHEMBL1098,EFO_1000800,CONTRAINDICATION,
CHEMBL1098,EFO_1000902,CONTRAINDICATION,
CHEMBL1098,EFO_1000994,INDICATION,
CHEMBL1098,EFO_1001087,INDICATION,
CHEMBL1098,EFO_1001132,CONTRAINDICATION,
CHEMBL1098,EFO_1001139,INDICATION,
CHEMBL1098,EFO_1001250,INDICATION,
CHEMBL1098,EFO_1001267,INDICATION,
CHEMBL1098,EFO_1001331,INDICATION,
CHEMBL1098,EFO_1001450,CONTRAINDICATION,
CHEMBL1098,EFO_1001792,INDICATION,
CHEMBL1098,EFO_1001866,INDICATION,
CHEMBL1098,EFO_1001898,INDICATION,
CHEMBL1098,EFO_1001909,INDICATION,
CHEMBL1098,EFO_1001968,INDICATION,
CHEMBL1098,MONDO_0000468,CONTRAINDICATION,
CHEMBL1098,MONDO_0000728,INDICATION,
CHEMBL1098,MONDO_0001744,CONTRAINDICATION,
CHEMBL1098,MONDO_0002087,INDICATION,
CHEMBL1098,MONDO_0002203,CONTRAINDICATION,
CHEMBL1098,MONDO_0002491,CONTRAINDICATION,
CHEMBL1098,MONDO_0002959,INDICATION,
CHEMBL1098,MONDO_0004567,INDICATION,
CHEMBL1098,MONDO_0004596,CONTRAINDICATION,
CHEMBL1098,MONDO_0004992,INDICATION,
CHEMBL1098,MONDO_0005178,INDICATION,
CHEMBL1098,MONDO_0005277,INDICATION,
CHEMBL1098,MONDO_0007079,CONTRAINDICATION,
CHEMBL1098,MONDO_0007254,INDICATION,
CHEMBL1098,MONDO_0008315,INDICATION,
CHEMBL1098,MONDO_0015129,CONTRAINDICATION,
CHEMBL1098,MONDO_0021095,CONTRAINDICATION,
CHEMBL1098,MONDO_0021117,INDICATION,
CHEMBL1098,MONDO_0041052,INDICATION,
CHEMBL1098,MONDO_0100192,CONTRAINDICATION,
CHEMBL1098,MP_0001914,INDICATION,
CHEMBL109831,EFO_0000764,INDICATION,
CHEMBL1098319,EFO_0000094,INDICATION,
CHEMBL1098319,EFO_0000095,INDICATION,
CHEMBL1098319,EFO_0000096,INDICATION,
CHEMBL1098319,EFO_0000174,OFF_LABEL_USE,
CHEMBL1098319,EFO_0000182,INDICATION,
CHEMBL1098319,EFO_0000183,INDICATION,
CHEMBL1098319,EFO_0000198,INDICATION,
CHEMBL1098319,EFO_0000209,INDICATION,
CHEMBL1098319,EFO_0000220,INDICATION,
CHEMBL1098319,EFO_0000222,INDICATION,
CHEMBL1098319,EFO_0000309,OFF_LABEL_USE,
CHEMBL1098319,EFO_0000384,INDICATION,
CHEMBL1098319,EFO_0000403,INDICATION,
CHEMBL1098319,EFO_0000502,INDICATION,
CHEMBL1098319,EFO_0000514,INDICATION,
CHEMBL1098319,EFO_0000565,INDICATION,
CHEMBL1098319,EFO_0000574,INDICATION,
CHEMBL1098319,EFO_0000621,INDICATION,
CHEMBL1098319,EFO_0000637,INDICATION,
CHEMBL1098319,EFO_0000691,INDICATION,
CHEMBL1098319,EFO_0000717,INDICATION,
CHEMBL1098319,EFO_0000756,INDICATION,
CHEMBL1098319,EFO_0001073,INDICATION,
CHEMBL1098319,EFO_0001378,INDICATION,
CHEMBL1098319,EFO_0001642,INDICATION,
CHEMBL1098319,EFO_0002617,INDICATION,
CHEMBL1098319,EFO_0002939,INDICATION,
CHEMBL1098319,EFO_0003060,OFF_LABEL_USE,
CHEMBL1098319,EFO_0003086,CONTRAINDICATION,
CHEMBL1098319,EFO_0003833,INDICATION,
CHEMBL1098319,EFO_0003865,INDICATION,
CHEMBL1098319,EFO_0003869,INDICATION,
CHEMBL1098319,EFO_0003884,INDICATION,
CHEMBL1098319,EFO_0003929,INDICATION,
CHEMBL1098319,EFO_0004145,INDICATION,
CHEMBL1098319,EFO_0004256,INDICATION,
CHEMBL1098319,EFO_0004991,INDICATION,
CHEMBL1098319,EFO_0005088,INDICATION,
CHEMBL1098319,EFO_0005952,INDICATION,
CHEMBL1098319,EFO_0006803,INDICATION,
CHEMBL1098319,EFO_0006859,OFF_LABEL_USE,
CHEMBL1098319,EFO_0007498,INDICATION,
CHEMBL1098319,EFO_0009708,INDICATION,
CHEMBL1098319,EFO_1001469,INDICATION,
CHEMBL1098319,EFO_1001938,INDICATION,
CHEMBL1098319,EFO_1001968,INDICATION,
CHEMBL1098319,MONDO_0000870,INDICATION,
CHEMBL1098319,MONDO_0001083,CONTRAINDICATION,
CHEMBL1098319,MONDO_0001909,CONTRAINDICATION,
CHEMBL1098319,MONDO_0002280,CONTRAINDICATION,
CHEMBL1098319,MONDO_0002629,OFF_LABEL_USE,
CHEMBL1098319,MONDO_0004992,INDICATION,
CHEMBL1098319,MONDO_0005301,INDICATION,
CHEMBL1098319,MONDO_0007254,INDICATION,
CHEMBL1098319,MONDO_0007915,INDICATION,
CHEMBL1098319,MONDO_0008380,INDICATION,
CHEMBL1098319,MONDO_0008903,INDICATION,
CHEMBL1098319,MONDO_0011382,INDICATION,
CHEMBL1098319,MONDO_0016700,INDICATION,
CHEMBL1098319,MONDO_0044881,INDICATION,
CHEMBL1098319,MONDO_0044903,INDICATION,
CHEMBL1098659,EFO_0000319,INDICATION,
CHEMBL1098659,EFO_0000389,INDICATION,
CHEMBL1098659,EFO_0000544,INDICATION,
CHEMBL1098659,EFO_0000649,INDICATION,
CHEMBL1098659,EFO_0000685,INDICATION,
CHEMBL1098659,EFO_0001060,INDICATION,
CHEMBL1098659,EFO_0001358,INDICATION,
CHEMBL1098659,EFO_0003819,INDICATION,
CHEMBL1098659,EFO_0003843,INDICATION,
CHEMBL1098659,EFO_0003894,INDICATION,
CHEMBL1098659,EFO_0004329,INDICATION,
CHEMBL1098659,EFO_0005230,INDICATION,
CHEMBL1098659,EFO_0007415,INDICATION,
CHEMBL1098659,EFO_0007512,INDICATION,
CHEMBL1098659,EFO_0009516,INDICATION,
CHEMBL1098659,EFO_0009552,INDICATION,
CHEMBL1098659,EFO_1000710,INDICATION,
CHEMBL1098659,EFO_1000905,INDICATION,
CHEMBL1098659,EFO_1001216,INDICATION,
CHEMBL1098659,MONDO_0002508,INDICATION,
CHEMBL1098659,MONDO_0004567,INDICATION,
CHEMBL1098659,MONDO_0004976,INDICATION,
CHEMBL1098659,MONDO_0100096,INDICATION,
CHEMBL11,EFO_0000319,CONTRAINDICATION,
CHEMBL11,EFO_0000474,CONTRAINDICATION,
CHEMBL11,EFO_0000519,INDICATION,
CHEMBL11,EFO_0000612,INDICATION,
CHEMBL11,EFO_0000712,CONTRAINDICATION,
CHEMBL11,EFO_0001645,CONTRAINDICATION,
CHEMBL11,EFO_0002496,INDICATION,
CHEMBL11,EFO_0003086,CONTRAINDICATION,
CHEMBL11,EFO_0003888,OFF_LABEL_USE,
CHEMBL11,EFO_0003948,INDICATION,
CHEMBL11,EFO_0004262,OFF_LABEL_USE,
CHEMBL11,EFO_0004278,INDICATION,
CHEMBL11,EFO_0004287,INDICATION,
CHEMBL11,EFO_0005204,OFF_LABEL_USE,
CHEMBL11,EFO_0005230,INDICATION,
CHEMBL11,EFO_0008623,INDICATION,
CHEMBL11,EFO_0009189,CONTRAINDICATION,
CHEMBL11,EFO_0009430,OFF_LABEL_USE,
CHEMBL11,EFO_0009687,INDICATION,
CHEMBL11,EFO_0010282,INDICATION,
CHEMBL11,EFO_1001069,CONTRAINDICATION,
CHEMBL11,MONDO_0001744,CONTRAINDICATION,
CHEMBL11,MONDO_0002009,INDICATION,
CHEMBL11,MONDO_0002050,INDICATION,
CHEMBL11,MONDO_0004567,CONTRAINDICATION,
CHEMBL11,MONDO_0004985,CONTRAINDICATION,
CHEMBL11,MONDO_0005090,CONTRAINDICATION,
CHEMBL11,MONDO_0007079,CONTRAINDICATION,
CHEMBL11,MONDO_0007254,INDICATION,
CHEMBL11,MONDO_0021107,OFF_LABEL_USE,
CHEMBL11,MONDO_0024290,INDICATION,
CHEMBL110,DOID_10113,INDICATION,
CHEMBL110,EFO_0005044,INDICATION,
CHEMBL110,EFO_0008559,INDICATION,
CHEMBL110,MONDO_0001444,INDICATION,
CHEMBL1100,EFO_0000474,INDICATION,
CHEMBL1100,MONDO_0850093,INDICATION,
CHEMBL110094,MONDO_0002009,INDICATION,
CHEMBL1101,EFO_0000341,CONTRAINDICATION,
CHEMBL1101,EFO_0000537,CONTRAINDICATION,
CHEMBL1101,EFO_0000729,CONTRAINDICATION,
CHEMBL1101,EFO_0001645,CONTRAINDICATION,
CHEMBL1101,EFO_0002610,INDICATION,
CHEMBL1101,EFO_0003086,CONTRAINDICATION,
CHEMBL1101,EFO_0003948,CONTRAINDICATION,
CHEMBL1101,EFO_0004190,CONTRAINDICATION,
CHEMBL1101,EFO_0004991,CONTRAINDICATION,
CHEMBL1101,EFO_0005230,INDICATION,
CHEMBL1101,EFO_0005251,CONTRAINDICATION,
CHEMBL1101,EFO_0005585,CONTRAINDICATION,
CHEMBL1101,EFO_0009190,CONTRAINDICATION,
CHEMBL1101,EFO_0009454,CONTRAINDICATION,
CHEMBL1101,EFO_0009532,CONTRAINDICATION,
CHEMBL1101,EFO_0009571,CONTRAINDICATION,
CHEMBL1101,EFO_1001402,INDICATION,
CHEMBL1101,EFO_1001869,CONTRAINDICATION,
CHEMBL1101,MONDO_0001744,CONTRAINDICATION,
CHEMBL1101,MONDO_0002050,INDICATION,
CHEMBL1101,MONDO_0005090,INDICATION,
CHEMBL1101,MONDO_0005180,INDICATION,
CHEMBL1101,MONDO_0021095,INDICATION,
CHEMBL1101,MONDO_0043510,INDICATION,
CHEMBL1102,EFO_0004698,INDICATION,
CHEMBL1102,EFO_0004705,CONTRAINDICATION,
CHEMBL1102,EFO_0005251,CONTRAINDICATION,
CHEMBL1102,EFO_0005741,CONTRAINDICATION,
CHEMBL1104,EFO_0000537,CONTRAINDICATION,
CHEMBL1104,EFO_0000729,CONTRAINDICATION,
CHEMBL1104,EFO_0001064,CONTRAINDICATION,
CHEMBL1104,EFO_0001645,CONTRAINDICATION,
CHEMBL1104,EFO_0003086,CONTRAINDICATION,
CHEMBL1104,EFO_0004991,CONTRAINDICATION,
CHEMBL1104,EFO_0005252,INDICATION,
CHEMBL1104,EFO_0009189,CONTRAINDICATION,
CHEMBL1104,EFO_0009454,CONTRAINDICATION,
CHEMBL1104,EFO_0009571,CONTRAINDICATION,
CHEMBL1104,EFO_0009910,CONTRAINDICATION,
CHEMBL1104,EFO_1000645,INDICATION,
CHEMBL1104,EFO_1001095,CONTRAINDICATION,
CHEMBL1104,MONDO_0001744,CONTRAINDICATION,
CHEMBL1104,MONDO_0004979,CONTRAINDICATION,
CHEMBL110458,MONDO_0010526,INDICATION,
CHEMBL1106,EFO_0003956,INDICATION,
CHEMBL1106,EFO_0005751,INDICATION,
CHEMBL1106,EFO_0005854,INDICATION,
CHEMBL1106,EFO_0007141,INDICATION,
CHEMBL1106,EFO_1001417,INDICATION,
CHEMBL1106,MONDO_0005271,INDICATION,
CHEMBL1107,EFO_0001068,INDICATION,
CHEMBL1107,EFO_0003086,CONTRAINDICATION,
CHEMBL1107,EFO_0007444,INDICATION,
CHEMBL1107,EFO_0007445,INDICATION,
CHEMBL110739,EFO_1000786,INDICATION,
CHEMBL1108,EFO_0000341,CONTRAINDICATION,
CHEMBL1108,EFO_0000537,CONTRAINDICATION,
CHEMBL1108,EFO_0003086,CONTRAINDICATION,
CHEMBL1108,EFO_0003767,CONTRAINDICATION,
CHEMBL1108,EFO_0003843,INDICATION,
CHEMBL1108,EFO_0004888,INDICATION,
CHEMBL1108,EFO_0005252,CONTRAINDICATION,
CHEMBL1108,EFO_0005307,CONTRAINDICATION,
CHEMBL1108,EFO_0005407,INDICATION,
CHEMBL1108,EFO_1001132,CONTRAINDICATION,
CHEMBL1108,EFO_1001379,CONTRAINDICATION,
CHEMBL1108,MONDO_0002050,CONTRAINDICATION,
CHEMBL1108,MONDO_0002491,CONTRAINDICATION,
CHEMBL1108,MONDO_0004596,CONTRAINDICATION,
CHEMBL1108,MONDO_0007079,CONTRAINDICATION,
CHEMBL1108,MONDO_0008233,CONTRAINDICATION,
CHEMBL1108,MONDO_0018100,CONTRAINDICATION,
CHEMBL1108,MONDO_0019171,CONTRAINDICATION,
CHEMBL1109,EFO_0000771,INDICATION,
CHEMBL1109,EFO_1001888,INDICATION,
CHEMBL111,EFO_0000195,INDICATION,
CHEMBL111,EFO_0000319,INDICATION,
CHEMBL111,EFO_0001073,INDICATION,
CHEMBL111,EFO_0003768,INDICATION,
CHEMBL111,EFO_0003843,INDICATION,
CHEMBL111,EFO_0004319,INDICATION,
CHEMBL111,EFO_0004329,INDICATION,
CHEMBL111,EFO_0007191,INDICATION,
CHEMBL111,EFO_0009086,INDICATION,
CHEMBL111,EFO_1001121,INDICATION,
CHEMBL111,EFO_1001919,INDICATION,
CHEMBL111,MONDO_0005148,INDICATION,
CHEMBL111,MONDO_0008300,INDICATION,
CHEMBL111,MONDO_0021661,INDICATION,
CHEMBL111,Orphanet_309005,INDICATION,
CHEMBL1110,EFO_0000384,CONTRAINDICATION,
CHEMBL1110,EFO_0000555,INDICATION,
CHEMBL1110,EFO_0000729,CONTRAINDICATION,
CHEMBL1110,EFO_0003872,CONTRAINDICATION,
CHEMBL1110,EFO_0009315,CONTRAINDICATION,
CHEMBL1110,EFO_0010282,INDICATION,
CHEMBL1110,MONDO_0002203,CONTRAINDICATION,
CHEMBL1110,MONDO_0020675,CONTRAINDICATION,
CHEMBL1110,MONDO_0100192,CONTRAINDICATION,
CHEMBL1111,EFO_0000537,INDICATION,
CHEMBL1111,EFO_0000768,INDICATION,
CHEMBL1111,EFO_0001361,INDICATION,
CHEMBL1111,EFO_0004264,INDICATION,
CHEMBL1111,EFO_1000782,INDICATION,
CHEMBL1111,MONDO_0002280,CONTRAINDICATION,
CHEMBL1111,MONDO_0004933,INDICATION,
CHEMBL1111,MONDO_0004979,INDICATION,
CHEMBL1111,MONDO_0005149,INDICATION,
CHEMBL1111,MONDO_0009937,CONTRAINDICATION,
CHEMBL1111,MONDO_0011382,INDICATION,
CHEMBL1111,MONDO_0100096,INDICATION,
CHEMBL1112,EFO_0000400,CONTRAINDICATION,
CHEMBL1112,EFO_0000474,CONTRAINDICATION,
CHEMBL1112,EFO_0000612,CONTRAINDICATION,
CHEMBL1112,EFO_0001073,CONTRAINDICATION,
CHEMBL1112,EFO_0001358,INDICATION,
CHEMBL1112,EFO_0002610,INDICATION,
CHEMBL1112,EFO_0003015,INDICATION,
CHEMBL1112,EFO_0003756,INDICATION,
CHEMBL1112,EFO_0003757,INDICATION,
CHEMBL1112,EFO_0003758,INDICATION,
CHEMBL1112,EFO_0003763,CONTRAINDICATION,
CHEMBL1112,EFO_0003888,INDICATION,
CHEMBL1112,EFO_0004242,INDICATION,
CHEMBL1112,EFO_0004701,INDICATION,
CHEMBL1112,EFO_0004895,INDICATION,
CHEMBL1112,EFO_0005230,INDICATION,
CHEMBL1112,EFO_0005251,CONTRAINDICATION,
CHEMBL1112,EFO_0005252,CONTRAINDICATION,
CHEMBL1112,EFO_0005407,INDICATION,
CHEMBL1112,EFO_0005411,INDICATION,
CHEMBL1112,EFO_0007453,INDICATION,
CHEMBL1112,EFO_0009963,INDICATION,
CHEMBL1112,EFO_1001375,CONTRAINDICATION,
CHEMBL1112,EFO_1001379,CONTRAINDICATION,
CHEMBL1112,MONDO_0000594,INDICATION,
CHEMBL1112,MONDO_0002009,INDICATION,
CHEMBL1112,MONDO_0002050,INDICATION,
CHEMBL1112,MONDO_0004975,CONTRAINDICATION,
CHEMBL1112,MONDO_0004985,INDICATION,
CHEMBL1112,MONDO_0005090,INDICATION,
CHEMBL1112,MONDO_0005351,INDICATION,
CHEMBL1112,MONDO_0007079,INDICATION,
CHEMBL1112,MONDO_0010383,INDICATION,
CHEMBL1112,MONDO_0021187,CONTRAINDICATION,
CHEMBL1113,EFO_0000319,CONTRAINDICATION,
CHEMBL1113,EFO_0000474,CONTRAINDICATION,
CHEMBL1113,EFO_0003086,CONTRAINDICATION,
CHEMBL1113,EFO_0009189,CONTRAINDICATION,
CHEMBL1113,EFO_1001069,CONTRAINDICATION,
CHEMBL1113,EFO_1001379,CONTRAINDICATION,
CHEMBL1113,MONDO_0001744,CONTRAINDICATION,
CHEMBL1113,MONDO_0002009,INDICATION,
CHEMBL1113,MONDO_0002050,INDICATION,
CHEMBL1113,MONDO_0004985,CONTRAINDICATION,
CHEMBL1113,MONDO_0005090,CONTRAINDICATION,
CHEMBL1113,MONDO_0007079,CONTRAINDICATION,
CHEMBL1114,EFO_0000319,INDICATION,
CHEMBL1114,EFO_1002018,INDICATION,
CHEMBL1115,EFO_0000400,INDICATION,
CHEMBL1115,EFO_0000764,INDICATION,
CHEMBL1115,EFO_0003086,CONTRAINDICATION,
CHEMBL1115,EFO_0003144,INDICATION,
CHEMBL1115,EFO_0004991,INDICATION,
CHEMBL1115,EFO_0005251,INDICATION,
CHEMBL1115,EFO_0005252,INDICATION,
CHEMBL1115,EFO_0005687,INDICATION,
CHEMBL1115,EFO_0009571,CONTRAINDICATION,
CHEMBL1115,MONDO_0004567,INDICATION,
CHEMBL1115,MONDO_0004979,CONTRAINDICATION,
CHEMBL1115,MONDO_0005180,INDICATION,
CHEMBL1115,MONDO_0009672,INDICATION,
CHEMBL1115,MONDO_0100096,INDICATION,
CHEMBL1115,Orphanet_365,INDICATION,
CHEMBL1115,Orphanet_83419,INDICATION,
CHEMBL1116,EFO_0000673,INDICATION,
CHEMBL1116,EFO_0003854,INDICATION,
CHEMBL1116,EFO_0003882,INDICATION,
CHEMBL1116,MONDO_0007254,INDICATION,
CHEMBL1117,EFO_0000182,INDICATION,
CHEMBL1117,EFO_0000198,INDICATION,
CHEMBL1117,EFO_0000218,INDICATION,
CHEMBL1117,EFO_0000220,INDICATION,
CHEMBL1117,EFO_0000221,INDICATION,
CHEMBL1117,EFO_0000222,INDICATION,
CHEMBL1117,EFO_0000223,INDICATION,
CHEMBL1117,EFO_0000224,INDICATION,
CHEMBL1117,EFO_0000318,CONTRAINDICATION,
CHEMBL1117,EFO_0000339,INDICATION,
CHEMBL1117,EFO_0000565,INDICATION,
CHEMBL1117,EFO_0000574,INDICATION,
CHEMBL1117,EFO_0000616,INDICATION,
CHEMBL1117,EFO_0001378,INDICATION,
CHEMBL1117,EFO_0002428,INDICATION,
CHEMBL1117,EFO_0003025,INDICATION,
CHEMBL1117,EFO_0003027,INDICATION,
CHEMBL1117,EFO_0003086,CONTRAINDICATION,
CHEMBL1117,EFO_0003802,INDICATION,
CHEMBL1117,EFO_0003811,INDICATION,
CHEMBL1117,EFO_0004251,INDICATION,
CHEMBL1117,EFO_0005952,INDICATION,
CHEMBL1117,EFO_0007427,CONTRAINDICATION,
CHEMBL1117,EFO_0009609,CONTRAINDICATION,
CHEMBL1117,EFO_1000131,INDICATION,
CHEMBL1117,EFO_1001257,INDICATION,
CHEMBL1117,EFO_1001481,CONTRAINDICATION,
CHEMBL1117,EFO_1001779,INDICATION,
CHEMBL1117,EFO_1001968,INDICATION,
CHEMBL1117,MONDO_0000873,INDICATION,
CHEMBL1117,MONDO_0001475,INDICATION,
CHEMBL1117,MONDO_0002280,CONTRAINDICATION,
CHEMBL1117,MONDO_0002691,INDICATION,
CHEMBL1117,MONDO_0004643,INDICATION,
CHEMBL1118,EFO_0000319,CONTRAINDICATION,
CHEMBL1118,EFO_0000474,CONTRAINDICATION,
CHEMBL1118,EFO_0000537,CONTRAINDICATION,
CHEMBL1118,EFO_0003763,CONTRAINDICATION,
CHEMBL1118,EFO_0004220,INDICATION,
CHEMBL1118,EFO_0004262,OFF_LABEL_USE,
CHEMBL1118,EFO_0005687,INDICATION,
CHEMBL1118,EFO_0009314,CONTRAINDICATION,
CHEMBL1118,EFO_0009430,OFF_LABEL_USE,
CHEMBL1118,EFO_1000783,INDICATION,
CHEMBL1118,EFO_1000982,CONTRAINDICATION,
CHEMBL1118,EFO_1001069,CONTRAINDICATION,
CHEMBL1118,EFO_1001379,CONTRAINDICATION,
CHEMBL1118,EFO_1001842,CONTRAINDICATION,
CHEMBL1118,EFO_1001892,OFF_LABEL_USE,
CHEMBL1118,MONDO_0001343,CONTRAINDICATION,
CHEMBL1118,MONDO_0001744,CONTRAINDICATION,
CHEMBL1118,MONDO_0002009,INDICATION,
CHEMBL1118,MONDO_0002050,INDICATION,
CHEMBL1118,MONDO_0004985,CONTRAINDICATION,
CHEMBL112,EFO_0000095,INDICATION,
CHEMBL112,EFO_0000096,INDICATION,
CHEMBL112,EFO_0000198,INDICATION,
CHEMBL112,EFO_0000220,INDICATION,
CHEMBL112,EFO_0000222,INDICATION,
CHEMBL112,EFO_0000339,INDICATION,
CHEMBL112,EFO_0000384,INDICATION,
CHEMBL112,EFO_0000389,INDICATION,
CHEMBL112,EFO_0000403,INDICATION,
CHEMBL112,EFO_0000537,INDICATION,
CHEMBL112,EFO_0000540,INDICATION,
CHEMBL112,EFO_0000544,INDICATION,
CHEMBL112,EFO_0000546,INDICATION,
CHEMBL112,EFO_0000574,INDICATION,
CHEMBL112,EFO_0000616,INDICATION,
CHEMBL112,EFO_0000618,INDICATION,
CHEMBL112,EFO_0000668,INDICATION,
CHEMBL112,EFO_0000685,INDICATION,
CHEMBL112,EFO_0000764,INDICATION,
CHEMBL112,EFO_0001068,INDICATION,
CHEMBL112,EFO_0001073,INDICATION,
CHEMBL112,EFO_0001074,INDICATION,
CHEMBL112,EFO_0001378,INDICATION,
CHEMBL112,EFO_0001422,CONTRAINDICATION,
CHEMBL112,EFO_0002460,INDICATION,
CHEMBL112,EFO_0003060,INDICATION,
CHEMBL112,EFO_0003086,INDICATION,
CHEMBL112,EFO_0003843,INDICATION,
CHEMBL112,EFO_0003931,INDICATION,
CHEMBL112,EFO_0004197,INDICATION,
CHEMBL112,EFO_0004209,INDICATION,
CHEMBL112,EFO_0004253,INDICATION,
CHEMBL112,EFO_0004255,INDICATION,
CHEMBL112,EFO_0004269,INDICATION,
CHEMBL112,EFO_0004273,INDICATION,
CHEMBL112,EFO_0004599,INDICATION,
CHEMBL112,EFO_0004616,INDICATION,
CHEMBL112,EFO_0004888,INDICATION,
CHEMBL112,EFO_0005230,INDICATION,
CHEMBL112,EFO_0005592,INDICATION,
CHEMBL112,EFO_0005687,OFF_LABEL_USE,
CHEMBL112,EFO_0005761,INDICATION,
CHEMBL112,EFO_0005762,INDICATION,
CHEMBL112,EFO_0005854,INDICATION,
CHEMBL112,EFO_0005856,INDICATION,
CHEMBL112,EFO_0005952,INDICATION,
CHEMBL112,EFO_0007160,INDICATION,
CHEMBL112,EFO_0007214,INDICATION,
CHEMBL112,EFO_0007328,INDICATION,
CHEMBL112,EFO_0007359,INDICATION,
CHEMBL112,EFO_0007444,INDICATION,
CHEMBL112,EFO_0007486,INDICATION,
CHEMBL112,EFO_0009267,INDICATION,
CHEMBL112,EFO_0009550,INDICATION,
CHEMBL112,EFO_0009615,INDICATION,
CHEMBL112,EFO_0009846,INDICATION,
CHEMBL112,EFO_0010072,INDICATION,
CHEMBL112,EFO_0010282,INDICATION,
CHEMBL112,EFO_0011023,INDICATION,
CHEMBL112,EFO_0801084,INDICATION,
CHEMBL112,EFO_1000249,INDICATION,
CHEMBL112,EFO_1000749,INDICATION,
CHEMBL112,EFO_1000783,INDICATION,
CHEMBL112,EFO_1000786,INDICATION,
CHEMBL112,EFO_1000831,INDICATION,
CHEMBL112,EFO_1001139,INDICATION,
CHEMBL112,EFO_1001216,INDICATION,
CHEMBL112,EFO_1001250,INDICATION,
CHEMBL112,EFO_1001412,INDICATION,
CHEMBL112,EFO_1001476,INDICATION,
CHEMBL112,EFO_1001898,INDICATION,
CHEMBL112,MONDO_0002258,INDICATION,
CHEMBL112,MONDO_0002367,INDICATION,
CHEMBL112,MONDO_0004992,INDICATION,
CHEMBL112,MONDO_0005041,INDICATION,
CHEMBL112,MONDO_0005147,INDICATION,
CHEMBL112,MONDO_0005148,INDICATION,
CHEMBL112,MONDO_0005178,INDICATION,
CHEMBL112,MONDO_0005180,INDICATION,
CHEMBL112,MONDO_0005277,INDICATION,
CHEMBL112,MONDO_0005301,INDICATION,
CHEMBL112,MONDO_0007254,INDICATION,
CHEMBL112,MONDO_0007915,INDICATION,
CHEMBL112,MONDO_0009291,INDICATION,
CHEMBL112,MONDO_0017287,INDICATION,
CHEMBL112,MONDO_0024355,INDICATION,
CHEMBL112,MONDO_0043510,INDICATION,
CHEMBL112,MONDO_0044917,INDICATION,
CHEMBL112,MONDO_0100096,INDICATION,
CHEMBL112,MONDO_0100192,CONTRAINDICATION,
CHEMBL112,MONDO_0100342,INDICATION,
CHEMBL112,MP_0001914,INDICATION,
CHEMBL112,Orphanet_365,INDICATION,
CHEMBL1120,EFO_0000574,INDICATION,
CHEMBL1120,EFO_1000961,INDICATION,
CHEMBL1123,EFO_0000537,CONTRAINDICATION,
CHEMBL1123,EFO_0000555,INDICATION,
CHEMBL1123,EFO_0000729,CONTRAINDICATION,
CHEMBL1123,EFO_0001064,CONTRAINDICATION,
CHEMBL1123,EFO_0001645,CONTRAINDICATION,
CHEMBL1123,EFO_0003086,CONTRAINDICATION,
CHEMBL1123,EFO_0003877,CONTRAINDICATION,
CHEMBL1123,EFO_0004799,OFF_LABEL_USE,
CHEMBL1123,EFO_0004991,CONTRAINDICATION,
CHEMBL1123,EFO_0009189,CONTRAINDICATION,
CHEMBL1123,EFO_0009454,CONTRAINDICATION,
CHEMBL1123,EFO_0009571,CONTRAINDICATION,
CHEMBL1123,EFO_0009910,CONTRAINDICATION,
CHEMBL1123,EFO_0010282,INDICATION,
CHEMBL1123,EFO_1001095,CONTRAINDICATION,
CHEMBL1123,MONDO_0001744,CONTRAINDICATION,
CHEMBL1123,MONDO_0002050,CONTRAINDICATION,
CHEMBL1123,MONDO_0002280,CONTRAINDICATION,
CHEMBL1123,MONDO_0002491,CONTRAINDICATION,
CHEMBL1123,MONDO_0007079,CONTRAINDICATION,
CHEMBL1123,MONDO_0037821,CONTRAINDICATION,
CHEMBL1123,MONDO_0100192,CONTRAINDICATION,
CHEMBL112302,EFO_0000673,INDICATION,
CHEMBL112302,EFO_0003777,INDICATION,
CHEMBL112302,EFO_0003869,INDICATION,
CHEMBL112302,EFO_0009492,INDICATION,
CHEMBL112302,MONDO_0008315,INDICATION,
CHEMBL112302,MONDO_0019297,INDICATION,
CHEMBL112570,EFO_0003757,INDICATION,
CHEMBL112570,EFO_0003758,INDICATION,
CHEMBL112570,EFO_0006859,INDICATION,
CHEMBL112570,EFO_1000757,INDICATION,
CHEMBL112570,MONDO_0010035,INDICATION,
CHEMBL1126,EFO_0000544,INDICATION,
CHEMBL1126,EFO_0003102,INDICATION,
CHEMBL112797,MONDO_0004975,INDICATION,
CHEMBL1129,EFO_0000365,INDICATION,
CHEMBL1129,EFO_0000616,INDICATION,
CHEMBL1129,EFO_0003869,INDICATION,
CHEMBL1129,EFO_0004142,INDICATION,
CHEMBL1129,EFO_0005221,INDICATION,
CHEMBL1129,EFO_0007308,INDICATION,
CHEMBL1129,EFO_1000657,INDICATION,
CHEMBL1129,EFO_1001888,INDICATION,
CHEMBL1129,EFO_1001951,INDICATION,
CHEMBL1129,EFO_1002022,INDICATION,
CHEMBL1129,MONDO_0001056,INDICATION,
CHEMBL1129,MONDO_0004768,INDICATION,
CHEMBL1129,MONDO_0005575,INDICATION,
CHEMBL1129,MONDO_0007254,INDICATION,
CHEMBL1129,MONDO_0007576,INDICATION,
CHEMBL1129,MONDO_0021063,INDICATION,
CHEMBL1129,MONDO_0044937,INDICATION,
CHEMBL11298,EFO_0000400,CONTRAINDICATION,
CHEMBL11298,EFO_0000474,CONTRAINDICATION,
CHEMBL11298,EFO_0000734,CONTRAINDICATION,
CHEMBL11298,EFO_0001358,INDICATION,
CHEMBL11298,EFO_0002618,INDICATION,
CHEMBL11298,EFO_0003086,CONTRAINDICATION,
CHEMBL11298,EFO_0003777,CONTRAINDICATION,
CHEMBL11298,EFO_0004190,INDICATION,
CHEMBL11298,EFO_0004287,CONTRAINDICATION,
CHEMBL11298,EFO_0005407,CONTRAINDICATION,
CHEMBL11298,EFO_0005411,INDICATION,
CHEMBL11298,EFO_1000039,OFF_LABEL_USE,
CHEMBL11298,EFO_1000049,INDICATION,
CHEMBL11298,MONDO_0001566,CONTRAINDICATION,
CHEMBL11298,MONDO_0001700,CONTRAINDICATION,
CHEMBL11298,MONDO_0001744,OFF_LABEL_USE,
CHEMBL11298,MONDO_0002050,CONTRAINDICATION,
CHEMBL11298,MONDO_0004975,INDICATION,
CHEMBL11298,MONDO_0004976,INDICATION,
CHEMBL11298,MONDO_0005090,INDICATION,
CHEMBL11298,MONDO_0005247,INDICATION,
CHEMBL11298,MONDO_0007079,CONTRAINDICATION,
CHEMBL11298,MONDO_0015194,CONTRAINDICATION,
CHEMBL11298,MONDO_0018213,INDICATION,
CHEMBL11298,MONDO_0019259,CONTRAINDICATION,
CHEMBL11298,MONDO_0019338,CONTRAINDICATION,
CHEMBL11298,MONDO_0020590,OFF_LABEL_USE,
CHEMBL11298,MONDO_0024327,CONTRAINDICATION,
CHEMBL11298,Orphanet_79254,CONTRAINDICATION,
CHEMBL113,EFO_0000217,CONTRAINDICATION,
CHEMBL113,EFO_0000274,INDICATION,
CHEMBL113,EFO_0000275,INDICATION,
CHEMBL113,EFO_0000305,INDICATION,
CHEMBL113,EFO_0000319,CONTRAINDICATION,
CHEMBL113,EFO_0000341,CONTRAINDICATION,
CHEMBL113,EFO_0000384,INDICATION,
CHEMBL113,EFO_0000400,CONTRAINDICATION,
CHEMBL113,EFO_0000464,CONTRAINDICATION,
CHEMBL113,EFO_0000474,CONTRAINDICATION,
CHEMBL113,EFO_0000537,CONTRAINDICATION,
CHEMBL113,EFO_0000612,CONTRAINDICATION,
CHEMBL113,EFO_0000616,INDICATION,
CHEMBL113,EFO_0000676,INDICATION,
CHEMBL113,EFO_0000685,INDICATION,
CHEMBL113,EFO_0000729,CONTRAINDICATION,
CHEMBL113,EFO_0000756,INDICATION,
CHEMBL113,EFO_0000764,INDICATION,
CHEMBL113,EFO_0001064,CONTRAINDICATION,
CHEMBL113,EFO_0001072,INDICATION,
CHEMBL113,EFO_0001073,OFF_LABEL_USE,
CHEMBL113,EFO_0001074,CONTRAINDICATION,
CHEMBL113,EFO_0001421,INDICATION,
CHEMBL113,EFO_0001645,CONTRAINDICATION,
CHEMBL113,EFO_0002610,INDICATION,
CHEMBL113,EFO_0002617,INDICATION,
CHEMBL113,EFO_0003086,CONTRAINDICATION,
CHEMBL113,EFO_0003767,CONTRAINDICATION,
CHEMBL113,EFO_0003832,CONTRAINDICATION,
CHEMBL113,EFO_0003833,CONTRAINDICATION,
CHEMBL113,EFO_0003843,INDICATION,
CHEMBL113,EFO_0003875,CONTRAINDICATION,
CHEMBL113,EFO_0003876,INDICATION,
CHEMBL113,EFO_0003877,CONTRAINDICATION,
CHEMBL113,EFO_0003888,INDICATION,
CHEMBL113,EFO_0003890,CONTRAINDICATION,
CHEMBL113,EFO_0003917,INDICATION,
CHEMBL113,EFO_0003928,CONTRAINDICATION,
CHEMBL113,EFO_0003929,INDICATION,
CHEMBL113,EFO_0003948,CONTRAINDICATION,
CHEMBL113,EFO_0004220,INDICATION,
CHEMBL113,EFO_0004242,CONTRAINDICATION,
CHEMBL113,EFO_0004262,CONTRAINDICATION,
CHEMBL113,EFO_0004272,INDICATION,
CHEMBL113,EFO_0004274,CONTRAINDICATION,
CHEMBL113,EFO_0004698,CONTRAINDICATION,
CHEMBL113,EFO_0004705,CONTRAINDICATION,
CHEMBL113,EFO_0004714,INDICATION,
CHEMBL113,EFO_0004991,CONTRAINDICATION,
CHEMBL113,EFO_0005251,CONTRAINDICATION,
CHEMBL113,EFO_0005252,CONTRAINDICATION,
CHEMBL113,EFO_0005306,CONTRAINDICATION,
CHEMBL113,EFO_0005741,INDICATION,
CHEMBL113,EFO_0005854,INDICATION,
CHEMBL113,EFO_0007214,INDICATION,
CHEMBL113,EFO_0007467,CONTRAINDICATION,
CHEMBL113,EFO_0009086,CONTRAINDICATION,
CHEMBL113,EFO_0009189,CONTRAINDICATION,
CHEMBL113,EFO_0009190,CONTRAINDICATION,
CHEMBL113,EFO_0009314,CONTRAINDICATION,
CHEMBL113,EFO_0009444,INDICATION,
CHEMBL113,EFO_0009448,CONTRAINDICATION,
CHEMBL113,EFO_0009454,CONTRAINDICATION,
CHEMBL113,EFO_0009550,INDICATION,
CHEMBL113,EFO_0009552,CONTRAINDICATION,
CHEMBL113,EFO_0009571,CONTRAINDICATION,
CHEMBL113,EFO_0009692,INDICATION,
CHEMBL113,EFO_0009708,INDICATION,
CHEMBL113,EFO_0009910,CONTRAINDICATION,
CHEMBL113,EFO_0010072,INDICATION,
CHEMBL113,EFO_0600064,INDICATION,
CHEMBL113,EFO_1000014,CONTRAINDICATION,
CHEMBL113,EFO_1000391,CONTRAINDICATION,
CHEMBL113,EFO_1000652,CONTRAINDICATION,
CHEMBL113,EFO_1000800,CONTRAINDICATION,
CHEMBL113,EFO_1000826,CONTRAINDICATION,
CHEMBL113,EFO_1000902,CONTRAINDICATION,
CHEMBL113,EFO_1000948,CONTRAINDICATION,
CHEMBL113,EFO_1001069,CONTRAINDICATION,
CHEMBL113,EFO_1001095,CONTRAINDICATION,
CHEMBL113,EFO_1001132,CONTRAINDICATION,
CHEMBL113,EFO_1001158,INDICATION,
CHEMBL113,EFO_1001249,INDICATION,
CHEMBL113,EFO_1001375,CONTRAINDICATION,
CHEMBL113,EFO_1001872,CONTRAINDICATION,
CHEMBL113,EFO_1001919,INDICATION,
CHEMBL113,MONDO_0000313,CONTRAINDICATION,
CHEMBL113,MONDO_0000468,CONTRAINDICATION,
CHEMBL113,MONDO_0001020,INDICATION,
CHEMBL113,MONDO_0001343,CONTRAINDICATION,
CHEMBL113,MONDO_0001744,CONTRAINDICATION,
CHEMBL113,MONDO_0002050,CONTRAINDICATION,
CHEMBL113,MONDO_0002203,CONTRAINDICATION,
CHEMBL113,MONDO_0002277,CONTRAINDICATION,
CHEMBL113,MONDO_0002280,CONTRAINDICATION,
CHEMBL113,MONDO_0002491,CONTRAINDICATION,
CHEMBL113,MONDO_0004247,CONTRAINDICATION,
CHEMBL113,MONDO_0004567,INDICATION,
CHEMBL113,MONDO_0004596,CONTRAINDICATION,
CHEMBL113,MONDO_0004938,INDICATION,
CHEMBL113,MONDO_0004975,INDICATION,
CHEMBL113,MONDO_0004976,INDICATION,
CHEMBL113,MONDO_0005041,CONTRAINDICATION,
CHEMBL113,MONDO_0005148,INDICATION,
CHEMBL113,MONDO_0005180,INDICATION,
CHEMBL113,MONDO_0005277,INDICATION,
CHEMBL113,MONDO_0005299,CONTRAINDICATION,
CHEMBL113,MONDO_0005475,INDICATION,
CHEMBL113,MONDO_0007079,CONTRAINDICATION,
CHEMBL113,MONDO_0008224,CONTRAINDICATION,
CHEMBL113,MONDO_0008315,INDICATION,
CHEMBL113,MONDO_0010788,CONTRAINDICATION,
CHEMBL113,MONDO_0015129,CONTRAINDICATION,
CHEMBL113,MONDO_0018660,CONTRAINDICATION,
CHEMBL113,MONDO_0018848,CONTRAINDICATION,
CHEMBL113,MONDO_0018896,CONTRAINDICATION,
CHEMBL113,MONDO_0019091,INDICATION,
CHEMBL113,MONDO_0019171,CONTRAINDICATION,
CHEMBL113,MONDO_0021107,INDICATION,
CHEMBL113,MONDO_0024327,CONTRAINDICATION,
CHEMBL113,MONDO_0024574,CONTRAINDICATION,
CHEMBL113,MONDO_0037821,CONTRAINDICATION,
CHEMBL113,MONDO_0044751,CONTRAINDICATION,
CHEMBL113,MONDO_0044970,INDICATION,
CHEMBL113,MONDO_0100096,INDICATION,
CHEMBL113,MONDO_0100192,CONTRAINDICATION,
CHEMBL113,MONDO_0100431,INDICATION,
CHEMBL113,Orphanet_903,CONTRAINDICATION,
CHEMBL1130,MONDO_0001056,INDICATION,
CHEMBL113051,EFO_0000198,INDICATION,
CHEMBL113051,EFO_0000616,INDICATION,
CHEMBL113051,EFO_0000702,INDICATION,
CHEMBL113051,EFO_0002618,INDICATION,
CHEMBL113051,EFO_1000158,INDICATION,
CHEMBL1131,EFO_0000400,CONTRAINDICATION,
CHEMBL1131,EFO_0000676,INDICATION,
CHEMBL1131,EFO_0000756,INDICATION,
CHEMBL1131,EFO_0000764,INDICATION,
CHEMBL1131,EFO_0001073,CONTRAINDICATION,
CHEMBL1131,EFO_1000652,CONTRAINDICATION,
CHEMBL1131,EFO_1000726,OFF_LABEL_USE,
CHEMBL1131,EFO_1000905,CONTRAINDICATION,
CHEMBL1131,EFO_1001132,CONTRAINDICATION,
CHEMBL1131,EFO_1001494,INDICATION,
CHEMBL1131,MONDO_0002050,CONTRAINDICATION,
CHEMBL1131,MONDO_0002185,CONTRAINDICATION,
CHEMBL1131,MONDO_0002406,INDICATION,
CHEMBL1131,MONDO_0004588,CONTRAINDICATION,
CHEMBL1131,MONDO_0004975,INDICATION,
CHEMBL1131,MONDO_0007079,CONTRAINDICATION,
CHEMBL1131,MONDO_0007417,OFF_LABEL_USE,
CHEMBL1131,MONDO_0015758,OFF_LABEL_USE,
CHEMBL1131,MONDO_0019306,OFF_LABEL_USE,
CHEMBL1131,MONDO_0100192,CONTRAINDICATION,
CHEMBL113178,EFO_0000349,INDICATION,
CHEMBL113178,EFO_0000365,INDICATION,
CHEMBL113178,EFO_0003779,INDICATION,
CHEMBL113178,EFO_0005406,INDICATION,
CHEMBL113178,EFO_1001951,INDICATION,
CHEMBL113178,MONDO_0008315,INDICATION,
CHEMBL113178,MONDO_0008903,INDICATION,
CHEMBL113178,MONDO_0018906,INDICATION,
CHEMBL1133,EFO_0001663,INDICATION,
CHEMBL1133,EFO_0006865,INDICATION,
CHEMBL1133,EFO_1000781,INDICATION,
CHEMBL11359,EFO_0000096,INDICATION,
CHEMBL11359,EFO_0000178,INDICATION,
CHEMBL11359,EFO_0000181,INDICATION,
CHEMBL11359,EFO_0000182,INDICATION,
CHEMBL11359,EFO_0000183,INDICATION,
CHEMBL11359,EFO_0000198,INDICATION,
CHEMBL11359,EFO_0000199,INDICATION,
CHEMBL11359,EFO_0000211,INDICATION,
CHEMBL11359,EFO_0000228,INDICATION,
CHEMBL11359,EFO_0000255,INDICATION,
CHEMBL11359,EFO_0000294,INDICATION,
CHEMBL11359,EFO_0000305,INDICATION,
CHEMBL11359,EFO_0000313,INDICATION,
CHEMBL11359,EFO_0000326,INDICATION,
CHEMBL11359,EFO_0000365,INDICATION,
CHEMBL11359,EFO_0000389,INDICATION,
CHEMBL11359,EFO_0000403,INDICATION,
CHEMBL11359,EFO_0000466,INDICATION,
CHEMBL11359,EFO_0000502,INDICATION,
CHEMBL11359,EFO_0000503,INDICATION,
CHEMBL11359,EFO_0000514,INDICATION,
CHEMBL11359,EFO_0000519,INDICATION,
CHEMBL11359,EFO_0000565,INDICATION,
CHEMBL11359,EFO_0000571,INDICATION,
CHEMBL11359,EFO_0000574,INDICATION,
CHEMBL11359,EFO_0000588,INDICATION,
CHEMBL11359,EFO_0000616,INDICATION,
CHEMBL11359,EFO_0000621,INDICATION,
CHEMBL11359,EFO_0000637,INDICATION,
CHEMBL11359,EFO_0000681,INDICATION,
CHEMBL11359,EFO_0000691,INDICATION,
CHEMBL11359,EFO_0000702,INDICATION,
CHEMBL11359,EFO_0000707,INDICATION,
CHEMBL11359,EFO_0000708,INDICATION,
CHEMBL11359,EFO_0000756,INDICATION,
CHEMBL11359,EFO_0000770,INDICATION,
CHEMBL11359,EFO_0001061,INDICATION,
CHEMBL11359,EFO_0001068,INDICATION,
CHEMBL11359,EFO_0001071,INDICATION,
CHEMBL11359,EFO_0001075,INDICATION,
CHEMBL11359,EFO_0001378,INDICATION,
CHEMBL11359,EFO_0001416,INDICATION,
CHEMBL11359,EFO_0001421,INDICATION,
CHEMBL11359,EFO_0002617,INDICATION,
CHEMBL11359,EFO_0002618,INDICATION,
CHEMBL11359,EFO_0002626,INDICATION,
CHEMBL11359,EFO_0002916,INDICATION,
CHEMBL11359,EFO_0002918,INDICATION,
CHEMBL11359,EFO_0002938,INDICATION,
CHEMBL11359,EFO_0002939,INDICATION,
CHEMBL11359,EFO_0003032,INDICATION,
CHEMBL11359,EFO_0003050,INDICATION,
CHEMBL11359,EFO_0003060,INDICATION,
CHEMBL11359,EFO_0003086,INDICATION,
CHEMBL11359,EFO_0003817,INDICATION,
CHEMBL11359,EFO_0003826,INDICATION,
CHEMBL11359,EFO_0003833,INDICATION,
CHEMBL11359,EFO_0003859,INDICATION,
CHEMBL11359,EFO_0003860,INDICATION,
CHEMBL11359,EFO_0003863,INDICATION,
CHEMBL11359,EFO_0003866,INDICATION,
CHEMBL11359,EFO_0003868,INDICATION,
CHEMBL11359,EFO_0003869,INDICATION,
CHEMBL11359,EFO_0003871,INDICATION,
CHEMBL11359,EFO_0003891,INDICATION,
CHEMBL11359,EFO_0003893,INDICATION,
CHEMBL11359,EFO_0003897,INDICATION,
CHEMBL11359,EFO_0004142,INDICATION,
CHEMBL11359,EFO_0004193,INDICATION,
CHEMBL11359,EFO_0004230,INDICATION,
CHEMBL11359,EFO_0004243,INDICATION,
CHEMBL11359,EFO_0004252,INDICATION,
CHEMBL11359,EFO_0004272,INDICATION,
CHEMBL11359,EFO_0004281,INDICATION,
CHEMBL11359,EFO_0004284,INDICATION,
CHEMBL11359,EFO_0004606,INDICATION,
CHEMBL11359,EFO_0005088,INDICATION,
CHEMBL11359,EFO_0005221,INDICATION,
CHEMBL11359,EFO_0005235,INDICATION,
CHEMBL11359,EFO_0005537,INDICATION,
CHEMBL11359,EFO_0005543,INDICATION,
CHEMBL11359,EFO_0005570,INDICATION,
CHEMBL11359,EFO_0005577,INDICATION,
CHEMBL11359,EFO_0005922,INDICATION,
CHEMBL11359,EFO_0005950,INDICATION,
CHEMBL11359,EFO_0005952,INDICATION,
CHEMBL11359,EFO_0006352,INDICATION,
CHEMBL11359,EFO_0006772,INDICATION,
CHEMBL11359,EFO_0006859,INDICATION,
CHEMBL11359,EFO_0006911,INDICATION,
CHEMBL11359,EFO_0007362,INDICATION,
CHEMBL11359,EFO_0007416,INDICATION,
CHEMBL11359,EFO_0007532,INDICATION,
CHEMBL11359,EFO_0008528,INDICATION,
CHEMBL11359,EFO_0008549,INDICATION,
CHEMBL11359,EFO_0009637,INDICATION,
CHEMBL11359,EFO_0009688,INDICATION,
CHEMBL11359,EFO_0009708,INDICATION,
CHEMBL11359,EFO_0009869,INDICATION,
CHEMBL11359,EFO_0010282,INDICATION,
CHEMBL11359,EFO_1000043,INDICATION,
CHEMBL11359,EFO_1000158,INDICATION,
CHEMBL11359,EFO_1000251,INDICATION,
CHEMBL11359,EFO_1000292,INDICATION,
CHEMBL11359,EFO_1000359,INDICATION,
CHEMBL11359,EFO_1000415,INDICATION,
CHEMBL11359,EFO_1000437,INDICATION,
CHEMBL11359,EFO_1000564,INDICATION,
CHEMBL11359,EFO_1000574,INDICATION,
CHEMBL11359,EFO_1000576,INDICATION,
CHEMBL11359,EFO_1000581,INDICATION,
CHEMBL11359,EFO_1000796,INDICATION,
CHEMBL11359,EFO_1000984,INDICATION,
CHEMBL11359,EFO_1001100,INDICATION,
CHEMBL11359,EFO_1001365,INDICATION,
CHEMBL11359,EFO_1001469,INDICATION,
CHEMBL11359,EFO_1001471,INDICATION,
CHEMBL11359,EFO_1001898,INDICATION,
CHEMBL11359,EFO_1001904,INDICATION,
CHEMBL11359,EFO_1001931,INDICATION,
CHEMBL11359,EFO_1001951,INDICATION,
CHEMBL11359,EFO_1001956,INDICATION,
CHEMBL11359,EFO_1001959,INDICATION,
CHEMBL11359,EFO_1001960,INDICATION,
CHEMBL11359,EFO_1001961,INDICATION,
CHEMBL11359,EFO_1001968,INDICATION,
CHEMBL11359,EFO_1002017,INDICATION,
CHEMBL11359,MONDO_0000521,INDICATION,
CHEMBL11359,MONDO_0001056,INDICATION,
CHEMBL11359,MONDO_0001187,INDICATION,
CHEMBL11359,MONDO_0001325,INDICATION,
CHEMBL11359,MONDO_0001528,INDICATION,
CHEMBL11359,MONDO_0001657,INDICATION,
CHEMBL11359,MONDO_0001879,INDICATION,
CHEMBL11359,MONDO_0002038,INDICATION,
CHEMBL11359,MONDO_0002087,INDICATION,
CHEMBL11359,MONDO_0002108,INDICATION,
CHEMBL11359,MONDO_0002120,INDICATION,
CHEMBL11359,MONDO_0002158,INDICATION,
CHEMBL11359,MONDO_0002358,INDICATION,
CHEMBL11359,MONDO_0002367,INDICATION,
CHEMBL11359,MONDO_0002601,INDICATION,
CHEMBL11359,MONDO_0002691,INDICATION,
CHEMBL11359,MONDO_0002715,INDICATION,
CHEMBL11359,MONDO_0002898,INDICATION,
CHEMBL11359,MONDO_0002974,INDICATION,
CHEMBL11359,MONDO_0003001,INDICATION,
CHEMBL11359,MONDO_0003060,INDICATION,
CHEMBL11359,MONDO_0003199,INDICATION,
CHEMBL11359,MONDO_0003478,INDICATION,
CHEMBL11359,MONDO_0003751,INDICATION,
CHEMBL11359,MONDO_0004192,INDICATION,
CHEMBL11359,MONDO_0004669,INDICATION,
CHEMBL11359,MONDO_0004986,INDICATION,
CHEMBL11359,MONDO_0004992,INDICATION,
CHEMBL11359,MONDO_0005184,INDICATION,
CHEMBL11359,MONDO_0005411,INDICATION,
CHEMBL11359,MONDO_0005575,INDICATION,
CHEMBL11359,MONDO_0007254,INDICATION,
CHEMBL11359,MONDO_0007576,INDICATION,
CHEMBL11359,MONDO_0008170,INDICATION,
CHEMBL11359,MONDO_0008315,INDICATION,
CHEMBL11359,MONDO_0008380,INDICATION,
CHEMBL11359,MONDO_0008627,INDICATION,
CHEMBL11359,MONDO_0008903,INDICATION,
CHEMBL11359,MONDO_0009348,INDICATION,
CHEMBL11359,MONDO_0011719,INDICATION,
CHEMBL11359,MONDO_0011962,INDICATION,
CHEMBL11359,MONDO_0016700,INDICATION,
CHEMBL11359,MONDO_0016717,INDICATION,
CHEMBL11359,MONDO_0018944,INDICATION,
CHEMBL11359,MONDO_0019471,INDICATION,
CHEMBL11359,MONDO_0019472,INDICATION,
CHEMBL11359,MONDO_0021117,INDICATION,
CHEMBL11359,MONDO_0021148,INDICATION,
CHEMBL11359,MONDO_0021310,INDICATION,
CHEMBL11359,MONDO_0021355,INDICATION,
CHEMBL11359,MONDO_0021364,INDICATION,
CHEMBL11359,MONDO_0021657,INDICATION,
CHEMBL11359,MONDO_0044704,INDICATION,
CHEMBL11359,MONDO_0044903,INDICATION,
CHEMBL11359,MONDO_0044926,INDICATION,
CHEMBL11359,MONDO_0100342,INDICATION,
CHEMBL1136,EFO_0000544,INDICATION,
CHEMBL1136,EFO_0000771,INDICATION,
CHEMBL1136,EFO_0003106,INDICATION,
CHEMBL1136,EFO_0004991,CONTRAINDICATION,
CHEMBL1136,EFO_0004992,INDICATION,
CHEMBL1136,EFO_0005307,CONTRAINDICATION,
CHEMBL1136,EFO_0006505,INDICATION,
CHEMBL1136,EFO_0007361,INDICATION,
CHEMBL1136,EFO_0007387,INDICATION,
CHEMBL1136,EFO_0007480,INDICATION,
CHEMBL1136,EFO_0007486,INDICATION,
CHEMBL1136,EFO_0007499,INDICATION,
CHEMBL1136,EFO_0007503,INDICATION,
CHEMBL1136,EFO_1000905,CONTRAINDICATION,
CHEMBL1136,EFO_1001272,INDICATION,
CHEMBL1136,MONDO_0002258,INDICATION,
CHEMBL1136,MONDO_0004979,INDICATION,
CHEMBL1136,MONDO_0018100,CONTRAINDICATION,
CHEMBL1136,MONDO_0019171,CONTRAINDICATION,
CHEMBL1136,MONDO_0025598,INDICATION,
CHEMBL1138,EFO_0000195,INDICATION,
CHEMBL1138,EFO_0000266,INDICATION,
CHEMBL1138,EFO_0000319,INDICATION,
CHEMBL1138,EFO_0000400,INDICATION,
CHEMBL1138,EFO_0000537,INDICATION,
CHEMBL1138,EFO_0000612,INDICATION,
CHEMBL1138,EFO_0000764,INDICATION,
CHEMBL1138,EFO_0001645,INDICATION,
CHEMBL1138,EFO_0003095,INDICATION,
CHEMBL1138,EFO_0003914,INDICATION,
CHEMBL1138,EFO_0004145,CONTRAINDICATION,
CHEMBL1138,EFO_0004192,OFF_LABEL_USE,
CHEMBL1138,EFO_0004211,INDICATION,
CHEMBL1138,EFO_0004220,INDICATION,
CHEMBL1138,EFO_0004911,INDICATION,
CHEMBL1138,EFO_0007304,INDICATION,
CHEMBL1138,EFO_1000652,CONTRAINDICATION,
CHEMBL1138,MONDO_0005148,INDICATION,
CHEMBL1138,MONDO_0007079,CONTRAINDICATION,
CHEMBL1138,MONDO_0008315,INDICATION,
CHEMBL1138,MONDO_0008863,INDICATION,
CHEMBL1138,MONDO_0018328,INDICATION,
CHEMBL1138,MONDO_0019052,INDICATION,
CHEMBL1138,MONDO_0021187,INDICATION,
CHEMBL1138,Orphanet_309005,INDICATION,
CHEMBL1139,EFO_0000713,INDICATION,
CHEMBL1139,EFO_0001361,INDICATION,
CHEMBL1139,EFO_0002687,INDICATION,
CHEMBL1139,EFO_0005854,INDICATION,
CHEMBL1139,EFO_0007214,INDICATION,
CHEMBL1139,EFO_0008521,INDICATION,
CHEMBL1139,EFO_0009314,CONTRAINDICATION,
CHEMBL1139,EFO_1001134,CONTRAINDICATION,
CHEMBL1139,MONDO_0005149,INDICATION,
CHEMBL1139,MONDO_0043510,INDICATION,
CHEMBL1139,MONDO_0100096,INDICATION,
CHEMBL114,EFO_0000180,INDICATION,
CHEMBL114,EFO_0000400,CONTRAINDICATION,
CHEMBL114,EFO_0000691,INDICATION,
CHEMBL114,EFO_0000763,INDICATION,
CHEMBL114,EFO_0000764,INDICATION,
CHEMBL114,EFO_0000765,INDICATION,
CHEMBL114,EFO_0001361,INDICATION,
CHEMBL114,EFO_0001422,CONTRAINDICATION,
CHEMBL114,EFO_0003047,CONTRAINDICATION,
CHEMBL114,EFO_0004239,CONTRAINDICATION,
CHEMBL114,EFO_0005307,CONTRAINDICATION,
CHEMBL114,EFO_0007313,INDICATION,
CHEMBL114,MONDO_0000468,CONTRAINDICATION,
CHEMBL114,MONDO_0007079,CONTRAINDICATION,
CHEMBL114,MONDO_0010602,CONTRAINDICATION,
CHEMBL114,MONDO_0010604,CONTRAINDICATION,
CHEMBL114,MONDO_0018100,CONTRAINDICATION,
CHEMBL114,MONDO_0019171,CONTRAINDICATION,
CHEMBL114,MONDO_0100192,CONTRAINDICATION,
CHEMBL1140,EFO_0000095,INDICATION,
CHEMBL1140,EFO_0000183,INDICATION,
CHEMBL1140,EFO_0000400,CONTRAINDICATION,
CHEMBL1140,EFO_0000668,INDICATION,
CHEMBL1140,EFO_0000676,INDICATION,
CHEMBL1140,EFO_0000707,INDICATION,
CHEMBL1140,EFO_0001070,INDICATION,
CHEMBL1140,EFO_0002496,INDICATION,
CHEMBL1140,EFO_0003060,INDICATION,
CHEMBL1140,EFO_0003086,CONTRAINDICATION,
CHEMBL1140,EFO_0003779,CONTRAINDICATION,
CHEMBL1140,EFO_0003834,INDICATION,
CHEMBL1140,EFO_0003884,INDICATION,
CHEMBL1140,EFO_0003894,INDICATION,
CHEMBL1140,EFO_0003963,INDICATION,
CHEMBL1140,EFO_0004190,INDICATION,
CHEMBL1140,EFO_0004193,INDICATION,
CHEMBL1140,EFO_0004272,INDICATION,
CHEMBL1140,EFO_0004274,CONTRAINDICATION,
CHEMBL1140,EFO_0004283,CONTRAINDICATION,
CHEMBL1140,EFO_0005251,CONTRAINDICATION,
CHEMBL1140,EFO_0005672,CONTRAINDICATION,
CHEMBL1140,EFO_0005772,INDICATION,
CHEMBL1140,EFO_0005952,INDICATION,
CHEMBL1140,EFO_0008572,INDICATION,
CHEMBL1140,EFO_0008620,INDICATION,
CHEMBL1140,EFO_0009314,CONTRAINDICATION,
CHEMBL1140,EFO_0009661,CONTRAINDICATION,
CHEMBL1140,EFO_1000684,CONTRAINDICATION,
CHEMBL1140,EFO_1000783,INDICATION,
CHEMBL1140,EFO_1001068,INDICATION,
CHEMBL1140,MONDO_0001117,OFF_LABEL_USE,
CHEMBL1140,MONDO_0001187,INDICATION,
CHEMBL1140,MONDO_0002050,INDICATION,
CHEMBL1140,MONDO_0002474,CONTRAINDICATION,
CHEMBL1140,MONDO_0002898,INDICATION,
CHEMBL1140,MONDO_0004247,CONTRAINDICATION,
CHEMBL1140,MONDO_0004975,INDICATION,
CHEMBL1140,MONDO_0005301,INDICATION,
CHEMBL1140,MONDO_0007915,INDICATION,
CHEMBL1140,MONDO_0011382,CONTRAINDICATION,
CHEMBL1140,MONDO_0018660,CONTRAINDICATION,
CHEMBL1140,MONDO_0019558,INDICATION,
CHEMBL1140,MONDO_0100339,INDICATION,
CHEMBL1140,Orphanet_100,INDICATION,
CHEMBL1141,EFO_0000319,CONTRAINDICATION,
CHEMBL1141,EFO_0000341,CONTRAINDICATION,
CHEMBL1141,EFO_0000400,CONTRAINDICATION,
CHEMBL1141,EFO_0000474,CONTRAINDICATION,
CHEMBL1141,EFO_0000537,CONTRAINDICATION,
CHEMBL1141,EFO_0000574,INDICATION,
CHEMBL1141,EFO_0000612,CONTRAINDICATION,
CHEMBL1141,EFO_0000621,INDICATION,
CHEMBL1141,EFO_0001645,CONTRAINDICATION,
CHEMBL1141,EFO_0002950,INDICATION,
CHEMBL1141,EFO_0003086,CONTRAINDICATION,
CHEMBL1141,EFO_0003767,CONTRAINDICATION,
CHEMBL1141,EFO_0003779,CONTRAINDICATION,
CHEMBL1141,EFO_0003832,CONTRAINDICATION,
CHEMBL1141,EFO_0003877,CONTRAINDICATION,
CHEMBL1141,EFO_0003890,CONTRAINDICATION,
CHEMBL1141,EFO_0003966,INDICATION,
CHEMBL1141,EFO_0004237,INDICATION,
CHEMBL1141,EFO_0004272,INDICATION,
CHEMBL1141,EFO_0004283,CONTRAINDICATION,
CHEMBL1141,EFO_0004705,CONTRAINDICATION,
CHEMBL1141,EFO_0005251,CONTRAINDICATION,
CHEMBL1141,EFO_0005306,CONTRAINDICATION,
CHEMBL1141,EFO_0005407,CONTRAINDICATION,
CHEMBL1141,EFO_0005854,INDICATION,
CHEMBL1141,EFO_0005952,INDICATION,
CHEMBL1141,EFO_0007214,INDICATION,
CHEMBL1141,EFO_0009086,CONTRAINDICATION,
CHEMBL1141,EFO_0009189,CONTRAINDICATION,
CHEMBL1141,EFO_0009661,CONTRAINDICATION,
CHEMBL1141,EFO_1000014,CONTRAINDICATION,
CHEMBL1141,EFO_1000652,CONTRAINDICATION,
CHEMBL1141,EFO_1000684,CONTRAINDICATION,
CHEMBL1141,EFO_1001132,CONTRAINDICATION,
CHEMBL1141,EFO_1001134,CONTRAINDICATION,
CHEMBL1141,EFO_1001375,CONTRAINDICATION,
CHEMBL1141,MONDO_0001744,CONTRAINDICATION,
CHEMBL1141,MONDO_0002050,CONTRAINDICATION,
CHEMBL1141,MONDO_0002277,CONTRAINDICATION,
CHEMBL1141,MONDO_0002280,CONTRAINDICATION,
CHEMBL1141,MONDO_0002491,CONTRAINDICATION,
CHEMBL1141,MONDO_0004247,CONTRAINDICATION,
CHEMBL1141,MONDO_0004596,CONTRAINDICATION,
CHEMBL1141,MONDO_0007079,CONTRAINDICATION,
CHEMBL1141,MONDO_0009061,CONTRAINDICATION,
CHEMBL1141,MONDO_0015129,CONTRAINDICATION,
CHEMBL1141,MONDO_0037821,CONTRAINDICATION,
CHEMBL1141,MONDO_0100192,CONTRAINDICATION,
CHEMBL114283,EFO_0000616,INDICATION,
CHEMBL1144,EFO_0000180,INDICATION,
CHEMBL1144,EFO_0000182,INDICATION,
CHEMBL1144,EFO_0000313,INDICATION,
CHEMBL1144,EFO_0000318,INDICATION,
CHEMBL1144,EFO_0000319,INDICATION,
CHEMBL1144,EFO_0000400,INDICATION,
CHEMBL1144,EFO_0000537,INDICATION,
CHEMBL1144,EFO_0000565,INDICATION,
CHEMBL1144,EFO_0000612,INDICATION,
CHEMBL1144,EFO_0000668,INDICATION,
CHEMBL1144,EFO_0000685,INDICATION,
CHEMBL1144,EFO_0000712,INDICATION,
CHEMBL1144,EFO_0000764,INDICATION,
CHEMBL1144,EFO_0001645,INDICATION,
CHEMBL1144,EFO_0003086,CONTRAINDICATION,
CHEMBL1144,EFO_0003106,INDICATION,
CHEMBL1144,EFO_0003144,INDICATION,
CHEMBL1144,EFO_0003884,INDICATION,
CHEMBL1144,EFO_0003914,INDICATION,
CHEMBL1144,EFO_0003929,INDICATION,
CHEMBL1144,EFO_0004145,CONTRAINDICATION,
CHEMBL1144,EFO_0004246,INDICATION,
CHEMBL1144,EFO_0004255,INDICATION,
CHEMBL1144,EFO_0004274,CONTRAINDICATION,
CHEMBL1144,EFO_0004705,INDICATION,
CHEMBL1144,EFO_0004911,INDICATION,
CHEMBL1144,EFO_0005251,CONTRAINDICATION,
CHEMBL1144,EFO_0006890,INDICATION,
CHEMBL1144,EFO_0007467,CONTRAINDICATION,
CHEMBL1144,EFO_0008506,CONTRAINDICATION,
CHEMBL1144,EFO_0009086,INDICATION,
CHEMBL1144,EFO_1000049,INDICATION,
CHEMBL1144,EFO_1000391,CONTRAINDICATION,
CHEMBL1144,EFO_1000727,INDICATION,
CHEMBL1144,EFO_1001375,INDICATION,
CHEMBL1144,EFO_1001496,INDICATION,
CHEMBL1144,MONDO_0001566,CONTRAINDICATION,
CHEMBL1144,MONDO_0002203,CONTRAINDICATION,
CHEMBL1144,MONDO_0002277,INDICATION,
CHEMBL1144,MONDO_0002280,CONTRAINDICATION,
CHEMBL1144,MONDO_0002691,INDICATION,
CHEMBL1144,MONDO_0004247,CONTRAINDICATION,
CHEMBL1144,MONDO_0005147,INDICATION,
CHEMBL1144,MONDO_0007079,CONTRAINDICATION,
CHEMBL1144,MONDO_0007254,INDICATION,
CHEMBL1144,MONDO_0007915,INDICATION,
CHEMBL1144,MONDO_0008310,INDICATION,
CHEMBL1144,MONDO_0008903,INDICATION,
CHEMBL1144,MONDO_0018076,INDICATION,
CHEMBL1144,MONDO_0018473,INDICATION,
CHEMBL1144,MONDO_0018660,CONTRAINDICATION,
CHEMBL1144,MONDO_0018896,CONTRAINDICATION,
CHEMBL1144,MONDO_0019338,CONTRAINDICATION,
CHEMBL1144,MONDO_0020732,INDICATION,
CHEMBL1144,MONDO_0021187,INDICATION,
CHEMBL1144,MONDO_0021661,INDICATION,
CHEMBL1144,MONDO_0024574,CONTRAINDICATION,
CHEMBL1144,Orphanet_309005,INDICATION,
CHEMBL1144,Orphanet_79211,INDICATION,
CHEMBL1144,Orphanet_903,CONTRAINDICATION,
CHEMBL114503,EFO_1001466,INDICATION,
CHEMBL114551,EFO_0000685,INDICATION,
CHEMBL114551,MONDO_0004979,INDICATION,
CHEMBL114551,MONDO_0005277,INDICATION,
CHEMBL1146,EFO_0000771,INDICATION,
CHEMBL1146,EFO_0002623,INDICATION,
CHEMBL1146,EFO_0003086,CONTRAINDICATION,
CHEMBL1146,EFO_0003102,INDICATION,
CHEMBL1146,EFO_0003103,INDICATION,
CHEMBL1146,EFO_0003106,INDICATION,
CHEMBL1146,EFO_0005681,INDICATION,
CHEMBL1146,EFO_0007496,INDICATION,
CHEMBL1146,EFO_0007499,INDICATION,
CHEMBL1146,EFO_0008588,INDICATION,
CHEMBL1146,EFO_0009314,CONTRAINDICATION,
CHEMBL1146,EFO_1001318,INDICATION,
CHEMBL1146,MONDO_0005247,INDICATION,
CHEMBL1146,MONDO_0007079,CONTRAINDICATION,
CHEMBL114655,EFO_0000319,INDICATION,
CHEMBL114655,EFO_0000612,CONTRAINDICATION,
CHEMBL114655,EFO_0003777,CONTRAINDICATION,
CHEMBL114655,EFO_0004264,INDICATION,
CHEMBL114655,EFO_0009190,CONTRAINDICATION,
CHEMBL114655,EFO_0009493,CONTRAINDICATION,
CHEMBL1148,EFO_0000319,INDICATION,
CHEMBL1148,EFO_0000373,INDICATION,
CHEMBL1148,EFO_0000537,INDICATION,
CHEMBL1148,EFO_0000612,INDICATION,
CHEMBL1148,EFO_0000668,INDICATION,
CHEMBL1148,EFO_0000712,INDICATION,
CHEMBL1148,EFO_0001422,CONTRAINDICATION,
CHEMBL1148,EFO_0003144,INDICATION,
CHEMBL1148,EFO_0004274,CONTRAINDICATION,
CHEMBL1148,EFO_0009530,CONTRAINDICATION,
CHEMBL1148,MONDO_0005148,INDICATION,
CHEMBL1148,MONDO_0021945,CONTRAINDICATION,
CHEMBL1149,EFO_0000275,INDICATION,
CHEMBL1149,EFO_0000373,INDICATION,
CHEMBL1149,EFO_0000474,CONTRAINDICATION,
CHEMBL1149,EFO_0000616,INDICATION,
CHEMBL1149,EFO_0000660,INDICATION,
CHEMBL1149,EFO_0000685,INDICATION,
CHEMBL1149,EFO_0000764,INDICATION,
CHEMBL1149,EFO_0000765,INDICATION,
CHEMBL1149,EFO_0001062,INDICATION,
CHEMBL1149,EFO_0002618,INDICATION,
CHEMBL1149,EFO_0003086,CONTRAINDICATION,
CHEMBL1149,EFO_0003095,INDICATION,
CHEMBL1149,EFO_0003144,INDICATION,
CHEMBL1149,EFO_0003884,INDICATION,
CHEMBL1149,EFO_0004265,INDICATION,
CHEMBL1149,EFO_0005251,CONTRAINDICATION,
CHEMBL1149,EFO_0006834,INDICATION,
CHEMBL1149,EFO_0008525,INDICATION,
CHEMBL1149,EFO_0008546,INDICATION,
CHEMBL1149,EFO_0009189,INDICATION,
CHEMBL1149,EFO_0009314,CONTRAINDICATION,
CHEMBL1149,EFO_0009846,INDICATION,
CHEMBL1149,EFO_1000653,INDICATION,
CHEMBL1149,EFO_1001141,INDICATION,
CHEMBL1149,EFO_1001919,INDICATION,
CHEMBL1149,MONDO_0001751,CONTRAINDICATION,
CHEMBL1149,MONDO_0004979,INDICATION,
CHEMBL1149,MONDO_0005148,INDICATION,
CHEMBL1149,MONDO_0005301,INDICATION,
CHEMBL1149,MONDO_0011382,INDICATION,
CHEMBL1149,MONDO_0011719,INDICATION,
CHEMBL1149,MONDO_0016487,INDICATION,
CHEMBL1149,MONDO_0023161,OFF_LABEL_USE,
CHEMBL1149,MONDO_0800373,INDICATION,
CHEMBL1149,Orphanet_309005,INDICATION,
CHEMBL115,EFO_0000174,INDICATION,
CHEMBL115,EFO_0000400,CONTRAINDICATION,
CHEMBL115,EFO_0000537,INDICATION,
CHEMBL115,EFO_0000558,INDICATION,
CHEMBL115,EFO_0000691,INDICATION,
CHEMBL115,EFO_0000763,INDICATION,
CHEMBL115,EFO_0000764,INDICATION,
CHEMBL115,EFO_0000765,INDICATION,
CHEMBL115,EFO_0001422,CONTRAINDICATION,
CHEMBL115,EFO_0002918,INDICATION,
CHEMBL115,EFO_0007386,INDICATION,
CHEMBL115,MONDO_0004992,INDICATION,
CHEMBL115,MONDO_0018660,CONTRAINDICATION,
CHEMBL1152,EFO_0000400,CONTRAINDICATION,
CHEMBL1152,EFO_0004190,CONTRAINDICATION,
CHEMBL1152,EFO_0007141,INDICATION,
CHEMBL1152,EFO_0007287,CONTRAINDICATION,
CHEMBL1152,EFO_0007308,CONTRAINDICATION,
CHEMBL1152,EFO_1000811,INDICATION,
CHEMBL1152,EFO_1000829,INDICATION,
CHEMBL1152,EFO_1000997,INDICATION,
CHEMBL1152,EFO_1001069,CONTRAINDICATION,
CHEMBL1152,EFO_1001070,CONTRAINDICATION,
CHEMBL1152,EFO_1001157,INDICATION,
CHEMBL1152,EFO_1001231,INDICATION,
CHEMBL1152,EFO_1001888,CONTRAINDICATION,
CHEMBL1152,MONDO_0002280,INDICATION,
CHEMBL1152,MONDO_0002307,INDICATION,
CHEMBL1152,MONDO_0003005,INDICATION,
CHEMBL1152,MONDO_0004773,INDICATION,
CHEMBL1152,MONDO_0005129,INDICATION,
CHEMBL1152,MONDO_0005301,INDICATION,
CHEMBL1152,MONDO_0020944,CONTRAINDICATION,
CHEMBL1152,MONDO_0020950,CONTRAINDICATION,
CHEMBL1152,MONDO_0037821,CONTRAINDICATION,
CHEMBL1152,MONDO_0043885,CONTRAINDICATION,
CHEMBL1152,MP_0001845,INDICATION,
CHEMBL1159,EFO_0000537,INDICATION,
CHEMBL1159650,EFO_0000274,INDICATION,
CHEMBL1159650,EFO_0000400,CONTRAINDICATION,
CHEMBL1159650,EFO_0000676,INDICATION,
CHEMBL1159650,EFO_0000685,INDICATION,
CHEMBL1159650,EFO_0000701,INDICATION,
CHEMBL1159650,EFO_0003875,CONTRAINDICATION,
CHEMBL1159650,EFO_0004192,INDICATION,
CHEMBL1159650,EFO_0004775,INDICATION,
CHEMBL1159650,EFO_0005319,INDICATION,
CHEMBL1159650,EFO_0007187,INDICATION,
CHEMBL1159650,EFO_0008517,INDICATION,
CHEMBL1159650,EFO_0009491,CONTRAINDICATION,
CHEMBL1159650,EFO_1000623,INDICATION,
CHEMBL1159650,EFO_1000657,INDICATION,
CHEMBL1159650,EFO_1000702,CONTRAINDICATION,
CHEMBL1159650,EFO_1000724,INDICATION,
CHEMBL1159650,EFO_1000726,INDICATION,
CHEMBL1159650,EFO_1000761,INDICATION,
CHEMBL1159650,EFO_1000764,INDICATION,
CHEMBL1159650,EFO_1000766,CONTRAINDICATION,
CHEMBL1159650,EFO_1001347,INDICATION,
CHEMBL1159650,EFO_1001395,INDICATION,
CHEMBL1159650,EFO_1001494,INDICATION,
CHEMBL1159650,EFO_1001949,INDICATION,
CHEMBL1159650,EFO_1001993,INDICATION,
CHEMBL1159650,MONDO_0002406,INDICATION,
CHEMBL1159650,MONDO_0005041,CONTRAINDICATION,
CHEMBL1159650,MONDO_0005129,INDICATION,
CHEMBL1159650,MONDO_0013730,INDICATION,
CHEMBL1159650,MONDO_0020547,INDICATION,
CHEMBL1159662,EFO_0000373,INDICATION,
CHEMBL1159662,EFO_0003060,INDICATION,
CHEMBL1159662,EFO_0005687,INDICATION,
CHEMBL1159662,EFO_1000899,INDICATION,
CHEMBL1159717,EFO_0000464,INDICATION,
CHEMBL1159717,MONDO_0004979,INDICATION,
CHEMBL116,EFO_0000400,CONTRAINDICATION,
CHEMBL116,EFO_0000537,CONTRAINDICATION,
CHEMBL116,EFO_0000612,CONTRAINDICATION,
CHEMBL116,EFO_0000763,INDICATION,
CHEMBL116,EFO_0000764,INDICATION,
CHEMBL116,EFO_0000765,INDICATION,
CHEMBL116,EFO_0001073,CONTRAINDICATION,
CHEMBL116,EFO_0001645,CONTRAINDICATION,
CHEMBL116,EFO_0004239,CONTRAINDICATION,
CHEMBL116,EFO_0009314,CONTRAINDICATION,
CHEMBL116,EFO_1000727,CONTRAINDICATION,
CHEMBL116,EFO_1000897,CONTRAINDICATION,
CHEMBL116,EFO_1001264,CONTRAINDICATION,
CHEMBL116,MONDO_0010602,CONTRAINDICATION,
CHEMBL116,MONDO_0010604,CONTRAINDICATION,
CHEMBL116,MONDO_0018328,CONTRAINDICATION,
CHEMBL1160571,Orphanet_758,INDICATION,
CHEMBL1160714,EFO_0000319,INDICATION,
CHEMBL11608,EFO_0003086,CONTRAINDICATION,
CHEMBL11608,EFO_0004799,CONTRAINDICATION,
CHEMBL11608,EFO_0005252,INDICATION,
CHEMBL11608,EFO_0009314,CONTRAINDICATION,
CHEMBL11608,EFO_0009552,CONTRAINDICATION,
CHEMBL11608,EFO_1000645,INDICATION,
CHEMBL11608,MONDO_0002203,CONTRAINDICATION,
CHEMBL11608,MONDO_0005180,INDICATION,
CHEMBL11608,MONDO_0019259,CONTRAINDICATION,
CHEMBL11608,MONDO_0021187,INDICATION,
CHEMBL11608,MONDO_0044751,OFF_LABEL_USE,
CHEMBL11608,Orphanet_79254,CONTRAINDICATION,
CHEMBL1160819,EFO_0001645,INDICATION,
CHEMBL1161,EFO_0000274,INDICATION,
CHEMBL1161,EFO_0000341,INDICATION,
CHEMBL1161,EFO_0000400,CONTRAINDICATION,
CHEMBL1161,EFO_0000474,CONTRAINDICATION,
CHEMBL1161,EFO_0000537,CONTRAINDICATION,
CHEMBL1161,EFO_0000676,INDICATION,
CHEMBL1161,EFO_0000701,INDICATION,
CHEMBL1161,EFO_0000771,CONTRAINDICATION,
CHEMBL1161,EFO_0001380,CONTRAINDICATION,
CHEMBL1161,EFO_0002460,INDICATION,
CHEMBL1161,EFO_0003875,CONTRAINDICATION,
CHEMBL1161,EFO_0003882,CONTRAINDICATION,
CHEMBL1161,EFO_0003918,INDICATION,
CHEMBL1161,EFO_0003956,INDICATION,
CHEMBL1161,EFO_0004192,INDICATION,
CHEMBL1161,EFO_0004232,INDICATION,
CHEMBL1161,EFO_0005319,INDICATION,
CHEMBL1161,EFO_0005854,INDICATION,
CHEMBL1161,EFO_0006509,CONTRAINDICATION,
CHEMBL1161,EFO_0007187,INDICATION,
CHEMBL1161,EFO_0007204,CONTRAINDICATION,
CHEMBL1161,EFO_0007308,CONTRAINDICATION,
CHEMBL1161,EFO_0007415,INDICATION,
CHEMBL1161,EFO_0007486,INDICATION,
CHEMBL1161,EFO_0009190,CONTRAINDICATION,
CHEMBL1161,EFO_0009491,CONTRAINDICATION,
CHEMBL1161,EFO_1000391,INDICATION,
CHEMBL1161,EFO_1000697,INDICATION,
CHEMBL1161,EFO_1000704,INDICATION,
CHEMBL1161,EFO_1000764,INDICATION,
CHEMBL1161,EFO_1000766,CONTRAINDICATION,
CHEMBL1161,EFO_1001069,CONTRAINDICATION,
CHEMBL1161,EFO_1001417,INDICATION,
CHEMBL1161,EFO_1001494,INDICATION,
CHEMBL1161,EFO_1001919,INDICATION,
CHEMBL1161,EFO_1002025,CONTRAINDICATION,
CHEMBL1161,MONDO_0001576,CONTRAINDICATION,
CHEMBL1161,MONDO_0002041,CONTRAINDICATION,
CHEMBL1161,MONDO_0004784,INDICATION,
CHEMBL1161,MONDO_0004979,INDICATION,
CHEMBL1161,MONDO_0005041,CONTRAINDICATION,
CHEMBL1161,MONDO_0005271,INDICATION,
CHEMBL1161,MONDO_0007254,INDICATION,
CHEMBL1161,MONDO_0011382,INDICATION,
CHEMBL1161,MONDO_0015758,INDICATION,
CHEMBL1161,MONDO_0019171,CONTRAINDICATION,
CHEMBL1161,MONDO_0043771,INDICATION,
CHEMBL1161,MONDO_0100096,INDICATION,
CHEMBL1161632,EFO_0003843,INDICATION,
CHEMBL1161632,EFO_0003884,INDICATION,
CHEMBL1161632,MONDO_0009061,INDICATION,
CHEMBL1161681,EFO_0000400,INDICATION,
CHEMBL1161681,EFO_0000537,INDICATION,
CHEMBL1161681,EFO_0000713,INDICATION,
CHEMBL1161681,EFO_0001361,INDICATION,
CHEMBL1161681,EFO_0003144,INDICATION,
CHEMBL1161681,EFO_0003884,INDICATION,
CHEMBL1161681,EFO_0004265,INDICATION,
CHEMBL1161681,EFO_0007444,INDICATION,
CHEMBL1161681,EFO_0008546,INDICATION,
CHEMBL1161681,EFO_0008583,INDICATION,
CHEMBL1161681,EFO_0008585,INDICATION,
CHEMBL1161681,EFO_0009492,INDICATION,
CHEMBL1161681,MONDO_0004979,INDICATION,
CHEMBL1161681,MONDO_0005149,INDICATION,
CHEMBL1161681,MONDO_0009061,INDICATION,
CHEMBL1161681,MONDO_0011382,INDICATION,
CHEMBL1162,EFO_0000400,CONTRAINDICATION,
CHEMBL1162,EFO_0000474,CONTRAINDICATION,
CHEMBL1162,EFO_0000537,CONTRAINDICATION,
CHEMBL1162,EFO_0000612,CONTRAINDICATION,
CHEMBL1162,EFO_0000616,INDICATION,
CHEMBL1162,EFO_0000660,OFF_LABEL_USE,
CHEMBL1162,EFO_0000712,CONTRAINDICATION,
CHEMBL1162,EFO_0001065,INDICATION,
CHEMBL1162,EFO_0001073,CONTRAINDICATION,
CHEMBL1162,EFO_0001645,CONTRAINDICATION,
CHEMBL1162,EFO_0002687,INDICATION,
CHEMBL1162,EFO_0003047,INDICATION,
CHEMBL1162,EFO_0003086,CONTRAINDICATION,
CHEMBL1162,EFO_0003832,CONTRAINDICATION,
CHEMBL1162,EFO_0003843,INDICATION,
CHEMBL1162,EFO_0003854,INDICATION,
CHEMBL1162,EFO_0003929,INDICATION,
CHEMBL1162,EFO_0004152,CONTRAINDICATION,
CHEMBL1162,EFO_0004705,CONTRAINDICATION,
CHEMBL1162,EFO_0004714,INDICATION,
CHEMBL1162,EFO_0008520,INDICATION,
CHEMBL1162,EFO_0008522,INDICATION,
CHEMBL1162,EFO_0009006,INDICATION,
CHEMBL1162,EFO_0009315,CONTRAINDICATION,
CHEMBL1162,EFO_0009551,CONTRAINDICATION,
CHEMBL1162,EFO_1001068,CONTRAINDICATION,
CHEMBL1162,EFO_1001074,CONTRAINDICATION,
CHEMBL1162,EFO_1001512,CONTRAINDICATION,
CHEMBL1162,MONDO_0001627,CONTRAINDICATION,
CHEMBL1162,MONDO_0001836,OFF_LABEL_USE,
CHEMBL1162,MONDO_0002050,CONTRAINDICATION,
CHEMBL1162,MONDO_0002520,CONTRAINDICATION,
CHEMBL1162,MONDO_0002691,CONTRAINDICATION,
CHEMBL1162,MONDO_0004979,CONTRAINDICATION,
CHEMBL1162,MONDO_0004992,INDICATION,
CHEMBL1162,MONDO_0005277,CONTRAINDICATION,
CHEMBL1162,MONDO_0007915,CONTRAINDICATION,
CHEMBL1162,MONDO_0008170,CONTRAINDICATION,
CHEMBL1162,MONDO_0021187,CONTRAINDICATION,
CHEMBL1162,MONDO_0037748,CONTRAINDICATION,
CHEMBL1162,MONDO_0037821,CONTRAINDICATION,
CHEMBL1162144,EFO_0000673,INDICATION,
CHEMBL1162144,EFO_0004190,INDICATION,
CHEMBL1162144,MONDO_0004979,INDICATION,
CHEMBL1162144,MONDO_0007254,INDICATION,
CHEMBL1162144,MONDO_0009061,INDICATION,
CHEMBL1162144,MONDO_0100096,INDICATION,
CHEMBL1162175,EFO_0000319,INDICATION,
CHEMBL1162175,EFO_0001645,INDICATION,
CHEMBL1163,EFO_0000180,INDICATION,
CHEMBL1163,EFO_0000400,CONTRAINDICATION,
CHEMBL1163,EFO_0000544,INDICATION,
CHEMBL1163,EFO_0000763,INDICATION,
CHEMBL1163,EFO_0000764,INDICATION,
CHEMBL1163,EFO_0000765,INDICATION,
CHEMBL1163,EFO_0001642,INDICATION,
CHEMBL1163,EFO_0004239,CONTRAINDICATION,
CHEMBL1163,EFO_1000036,CONTRAINDICATION,
CHEMBL1163,MONDO_0000465,CONTRAINDICATION,
CHEMBL1163,MONDO_0005147,INDICATION,
CHEMBL1163,MONDO_0018660,CONTRAINDICATION,
CHEMBL1163,MONDO_0100096,INDICATION,
CHEMBL1163,MONDO_0100192,CONTRAINDICATION,
CHEMBL116438,EFO_0000095,INDICATION,
CHEMBL116438,EFO_0000198,INDICATION,
CHEMBL116438,EFO_0000220,INDICATION,
CHEMBL116438,EFO_0000384,INDICATION,
CHEMBL116438,EFO_0000616,INDICATION,
CHEMBL116438,EFO_0000649,INDICATION,
CHEMBL116438,EFO_0000729,INDICATION,
CHEMBL116438,EFO_0001365,INDICATION,
CHEMBL116438,EFO_0001378,INDICATION,
CHEMBL116438,EFO_0001416,INDICATION,
CHEMBL116438,EFO_0002618,INDICATION,
CHEMBL116438,EFO_0002913,INDICATION,
CHEMBL116438,EFO_0003060,INDICATION,
CHEMBL116438,EFO_0003768,INDICATION,
CHEMBL116438,EFO_0003884,INDICATION,
CHEMBL116438,EFO_0003925,INDICATION,
CHEMBL116438,EFO_0004268,INDICATION,
CHEMBL116438,EFO_0004288,INDICATION,
CHEMBL116438,EFO_0005761,INDICATION,
CHEMBL116438,EFO_0007430,INDICATION,
CHEMBL116438,EFO_0008517,INDICATION,
CHEMBL116438,EFO_1000826,INDICATION,
CHEMBL116438,EFO_1000910,INDICATION,
CHEMBL116438,EFO_1001801,INDICATION,
CHEMBL116438,EFO_1001818,INDICATION,
CHEMBL116438,EFO_1001898,INDICATION,
CHEMBL116438,EFO_1001904,INDICATION,
CHEMBL116438,EFO_1001951,INDICATION,
CHEMBL116438,MONDO_0002974,INDICATION,
CHEMBL116438,MONDO_0004975,INDICATION,
CHEMBL116438,MONDO_0004979,INDICATION,
CHEMBL116438,MONDO_0004985,INDICATION,
CHEMBL116438,MONDO_0004992,INDICATION,
CHEMBL116438,MONDO_0005147,INDICATION,
CHEMBL116438,MONDO_0005301,INDICATION,
CHEMBL116438,MONDO_0005575,INDICATION,
CHEMBL116438,MONDO_0007254,INDICATION,
CHEMBL116438,MONDO_0007915,INDICATION,
CHEMBL116438,MONDO_0008315,INDICATION,
CHEMBL116438,MONDO_0010788,INDICATION,
CHEMBL116438,MONDO_0011962,INDICATION,
CHEMBL116438,MONDO_0021063,INDICATION,
CHEMBL116438,MONDO_0022394,INDICATION,
CHEMBL116438,MONDO_0043771,INDICATION,
CHEMBL116438,MONDO_0044937,INDICATION,
CHEMBL116438,Orphanet_733,INDICATION,
CHEMBL1164729,EFO_0000319,INDICATION,
CHEMBL1164729,EFO_0000537,INDICATION,
CHEMBL1164729,EFO_0000612,CONTRAINDICATION,
CHEMBL1164729,EFO_0000712,CONTRAINDICATION,
CHEMBL1164729,EFO_0003086,INDICATION,
CHEMBL1164729,EFO_0003095,INDICATION,
CHEMBL1164729,EFO_0003913,INDICATION,
CHEMBL1164729,EFO_0004253,INDICATION,
CHEMBL1164729,EFO_0004274,INDICATION,
CHEMBL1164729,EFO_0009104,INDICATION,
CHEMBL1164729,EFO_1001479,INDICATION,
CHEMBL1165,EFO_0000275,OFF_LABEL_USE,
CHEMBL1165,EFO_0000319,INDICATION,
CHEMBL1165,EFO_0000400,CONTRAINDICATION,
CHEMBL1165,EFO_0000401,OFF_LABEL_USE,
CHEMBL1165,EFO_0000537,INDICATION,
CHEMBL1165,EFO_0003086,CONTRAINDICATION,
CHEMBL1165,EFO_0004274,CONTRAINDICATION,
CHEMBL1165,EFO_0005251,CONTRAINDICATION,
CHEMBL1165,EFO_0005532,CONTRAINDICATION,
CHEMBL1165,EFO_0008506,CONTRAINDICATION,
CHEMBL1165,EFO_0009530,CONTRAINDICATION,
CHEMBL1165,EFO_1000652,CONTRAINDICATION,
CHEMBL1165,EFO_1000899,OFF_LABEL_USE,
CHEMBL1165,EFO_1001375,CONTRAINDICATION,
CHEMBL1165,EFO_1001486,INDICATION,
CHEMBL1165,EFO_1001986,CONTRAINDICATION,
CHEMBL1165,MONDO_0001566,CONTRAINDICATION,
CHEMBL1165,MONDO_0007915,CONTRAINDICATION,
CHEMBL1165,MONDO_0018100,CONTRAINDICATION,
CHEMBL1165,MONDO_0042981,CONTRAINDICATION,
CHEMBL1165,Orphanet_98702,CONTRAINDICATION,
CHEMBL1165342,EFO_0000319,INDICATION,
CHEMBL1165342,EFO_0005669,CONTRAINDICATION,
CHEMBL1165342,EFO_0009314,CONTRAINDICATION,
CHEMBL116583,MONDO_0007079,INDICATION,
CHEMBL1166,EFO_0004607,CONTRAINDICATION,
CHEMBL1166,EFO_0009314,CONTRAINDICATION,
CHEMBL1166,EFO_0009454,CONTRAINDICATION,
CHEMBL1166,EFO_1000985,INDICATION,
CHEMBL1166,MONDO_0000831,INDICATION,
CHEMBL1166,MONDO_0002243,INDICATION,
CHEMBL1166,MONDO_0004247,CONTRAINDICATION,
CHEMBL11662,EFO_1000906,INDICATION,
CHEMBL11662,MONDO_0004979,INDICATION,
CHEMBL1167,DOID_7551,INDICATION,
CHEMBL1167,EFO_0000771,INDICATION,
CHEMBL1167,EFO_0003102,INDICATION,
CHEMBL1167,MONDO_0001080,INDICATION,
CHEMBL11672,EFO_0000616,INDICATION,
CHEMBL1168,EFO_0000195,INDICATION,
CHEMBL1168,EFO_0000275,OFF_LABEL_USE,
CHEMBL1168,EFO_0000319,INDICATION,
CHEMBL1168,EFO_0000373,INDICATION,
CHEMBL1168,EFO_0000400,INDICATION,
CHEMBL1168,EFO_0000401,OFF_LABEL_USE,
CHEMBL1168,EFO_0000537,INDICATION,
CHEMBL1168,EFO_0000589,INDICATION,
CHEMBL1168,EFO_0000612,INDICATION,
CHEMBL1168,EFO_0000685,INDICATION,
CHEMBL1168,EFO_0000712,INDICATION,
CHEMBL1168,EFO_0001645,INDICATION,
CHEMBL1168,EFO_0002546,INDICATION,
CHEMBL1168,EFO_0003086,CONTRAINDICATION,
CHEMBL1168,EFO_0003144,INDICATION,
CHEMBL1168,EFO_0003777,INDICATION,
CHEMBL1168,EFO_0003884,INDICATION,
CHEMBL1168,EFO_0003911,INDICATION,
CHEMBL1168,EFO_0003914,INDICATION,
CHEMBL1168,EFO_0004285,INDICATION,
CHEMBL1168,EFO_0005251,CONTRAINDICATION,
CHEMBL1168,EFO_0008583,INDICATION,
CHEMBL1168,EFO_1000899,OFF_LABEL_USE,
CHEMBL1168,EFO_1001375,INDICATION,
CHEMBL1168,EFO_1001986,CONTRAINDICATION,
CHEMBL1168,EFO_1001993,CONTRAINDICATION,
CHEMBL1168,MONDO_0002462,INDICATION,
CHEMBL1168,MONDO_0005147,INDICATION,
CHEMBL1168,MONDO_0005148,INDICATION,
CHEMBL1168,MONDO_0007915,CONTRAINDICATION,
CHEMBL1168,MONDO_0019623,CONTRAINDICATION,
CHEMBL1168,MONDO_0100096,INDICATION,
CHEMBL1168,Orphanet_98702,CONTRAINDICATION,
CHEMBL1169,EFO_0000384,OFF_LABEL_USE,
CHEMBL1169,EFO_0000729,OFF_LABEL_USE,
CHEMBL1169,EFO_0000734,CONTRAINDICATION,
CHEMBL1169,EFO_0003086,CONTRAINDICATION,
CHEMBL1169,EFO_0003102,INDICATION,
CHEMBL1169,EFO_0004283,CONTRAINDICATION,
CHEMBL1169,EFO_0004607,CONTRAINDICATION,
CHEMBL1169,EFO_0007287,CONTRAINDICATION,
CHEMBL1169,EFO_0009454,CONTRAINDICATION,
CHEMBL1169,EFO_1000014,CONTRAINDICATION,
CHEMBL1169,EFO_1000049,INDICATION,
CHEMBL1169,MONDO_0004247,CONTRAINDICATION,
CHEMBL1169,MONDO_0018076,INDICATION,
CHEMBL116943,EFO_0000684,INDICATION,
CHEMBL116943,MONDO_0018044,INDICATION,
CHEMBL1169490,EFO_0000616,INDICATION,
CHEMBL1170,EFO_0000400,CONTRAINDICATION,
CHEMBL1170,EFO_0001073,CONTRAINDICATION,
CHEMBL1170,EFO_0003086,CONTRAINDICATION,
CHEMBL1170,EFO_0003777,CONTRAINDICATION,
CHEMBL1170,EFO_0003877,CONTRAINDICATION,
CHEMBL1170,EFO_0004562,INDICATION,
CHEMBL1170,EFO_0009910,CONTRAINDICATION,
CHEMBL1170,EFO_1001006,INDICATION,
CHEMBL1170,EFO_1001271,INDICATION,
CHEMBL1170,MONDO_0021259,CONTRAINDICATION,
CHEMBL1170047,EFO_0000616,INDICATION,
CHEMBL1170047,EFO_0000708,INDICATION,
CHEMBL1170047,EFO_0003060,INDICATION,
CHEMBL1170047,EFO_1000613,INDICATION,
CHEMBL1170047,MONDO_0007254,INDICATION,
CHEMBL1170047,MONDO_0008170,INDICATION,
CHEMBL1171754,EFO_0005854,INDICATION,
CHEMBL1171829,EFO_0004242,INDICATION,
CHEMBL1171829,MONDO_0001676,INDICATION,
CHEMBL1171829,MONDO_0005090,INDICATION,
CHEMBL1171829,MONDO_0015253,INDICATION,
CHEMBL1171829,Orphanet_848,INDICATION,
CHEMBL1171837,EFO_0000198,INDICATION,
CHEMBL1171837,EFO_0000220,INDICATION,
CHEMBL1171837,EFO_0000222,INDICATION,
CHEMBL1171837,EFO_0000339,INDICATION,
CHEMBL1171837,EFO_0000519,INDICATION,
CHEMBL1171837,EFO_0000565,INDICATION,
CHEMBL1171837,EFO_0000571,INDICATION,
CHEMBL1171837,EFO_0000616,INDICATION,
CHEMBL1171837,EFO_0000702,INDICATION,
CHEMBL1171837,EFO_0003060,INDICATION,
CHEMBL1171837,EFO_0003841,INDICATION,
CHEMBL1171837,EFO_1000131,INDICATION,
CHEMBL1171837,MONDO_0004992,INDICATION,
CHEMBL1171837,MONDO_0011719,INDICATION,
CHEMBL1171837,MONDO_0015277,INDICATION,
CHEMBL1172,EFO_0000274,INDICATION,
CHEMBL1172,EFO_0000400,CONTRAINDICATION,
CHEMBL1172,EFO_0000537,CONTRAINDICATION,
CHEMBL1172,EFO_0003060,INDICATION,
CHEMBL1172,EFO_0003086,CONTRAINDICATION,
CHEMBL1172,EFO_0003956,INDICATION,
CHEMBL1172,EFO_0005531,INDICATION,
CHEMBL1172,EFO_0005854,INDICATION,
CHEMBL1172,EFO_0007141,INDICATION,
CHEMBL1172,EFO_0007214,INDICATION,
CHEMBL1172,EFO_0007533,INDICATION,
CHEMBL1172,EFO_0008520,INDICATION,
CHEMBL1172,EFO_0009189,CONTRAINDICATION,
CHEMBL1172,EFO_1000669,INDICATION,
CHEMBL1172,EFO_1001417,INDICATION,
CHEMBL1172,MONDO_0001744,CONTRAINDICATION,
CHEMBL1172,MONDO_0002406,INDICATION,
CHEMBL1172,MONDO_0005271,INDICATION,
CHEMBL1172,MONDO_0021661,CONTRAINDICATION,
CHEMBL1172,MONDO_0044212,INDICATION,
CHEMBL1172,Orphanet_79292,INDICATION,
CHEMBL117287,EFO_0000555,INDICATION,
CHEMBL117287,EFO_0000729,CONTRAINDICATION,
CHEMBL117287,EFO_0001421,INDICATION,
CHEMBL117287,EFO_0008533,INDICATION,
CHEMBL117287,EFO_1000987,CONTRAINDICATION,
CHEMBL117287,MONDO_0002050,INDICATION,
CHEMBL117287,MONDO_0002203,INDICATION,
CHEMBL117287,MONDO_0004567,INDICATION,
CHEMBL1172928,MONDO_0002009,INDICATION,
CHEMBL1173055,EFO_0000564,INDICATION,
CHEMBL1173055,EFO_0000588,INDICATION,
CHEMBL1173055,EFO_0000616,INDICATION,
CHEMBL1173055,EFO_0000673,INDICATION,
CHEMBL1173055,EFO_0000702,INDICATION,
CHEMBL1173055,EFO_0001075,INDICATION,
CHEMBL1173055,EFO_0002618,INDICATION,
CHEMBL1173055,EFO_0003060,INDICATION,
CHEMBL1173055,EFO_0003893,INDICATION,
CHEMBL1173055,EFO_1000613,INDICATION,
CHEMBL1173055,MONDO_0001056,INDICATION,
CHEMBL1173055,MONDO_0002087,INDICATION,
CHEMBL1173055,MONDO_0002158,INDICATION,
CHEMBL1173055,MONDO_0002974,INDICATION,
CHEMBL1173055,MONDO_0003060,INDICATION,
CHEMBL1173055,MONDO_0004992,INDICATION,
CHEMBL1173055,MONDO_0005184,INDICATION,
CHEMBL1173055,MONDO_0007254,INDICATION,
CHEMBL1173055,MONDO_0008170,INDICATION,
CHEMBL1173055,MONDO_0008315,INDICATION,
CHEMBL1173055,MONDO_0011962,INDICATION,
CHEMBL1173055,Orphanet_145,INDICATION,
CHEMBL117348,EFO_1000657,INDICATION,
CHEMBL117348,MONDO_0007254,INDICATION,
CHEMBL117348,MONDO_0021063,INDICATION,
CHEMBL1173532,MONDO_0002050,INDICATION,
CHEMBL1173655,EFO_0000181,INDICATION,
CHEMBL1173655,EFO_0000519,INDICATION,
CHEMBL1173655,EFO_0000616,INDICATION,
CHEMBL1173655,EFO_0000673,INDICATION,
CHEMBL1173655,EFO_0000702,INDICATION,
CHEMBL1173655,EFO_0000707,INDICATION,
CHEMBL1173655,EFO_0001065,INDICATION,
CHEMBL1173655,EFO_0001378,INDICATION,
CHEMBL1173655,EFO_0001421,INDICATION,
CHEMBL1173655,EFO_0002618,INDICATION,
CHEMBL1173655,EFO_0003060,INDICATION,
CHEMBL1173655,EFO_0003859,INDICATION,
CHEMBL1173655,EFO_0003863,INDICATION,
CHEMBL1173655,EFO_0003869,INDICATION,
CHEMBL1173655,EFO_0004142,INDICATION,
CHEMBL1173655,EFO_0004284,INDICATION,
CHEMBL1173655,EFO_0005543,INDICATION,
CHEMBL1173655,EFO_0005922,INDICATION,
CHEMBL1173655,EFO_0006859,INDICATION,
CHEMBL1173655,EFO_0009709,INDICATION,
CHEMBL1173655,EFO_1001956,INDICATION,
CHEMBL1173655,MONDO_0001657,INDICATION,
CHEMBL1173655,MONDO_0004992,INDICATION,
CHEMBL1173655,MONDO_0007254,INDICATION,
CHEMBL1173655,MONDO_0008903,INDICATION,
CHEMBL1173655,MONDO_0008978,INDICATION,
CHEMBL1173655,MONDO_0021117,INDICATION,
CHEMBL1174,EFO_0000319,INDICATION,
CHEMBL1174,EFO_0000612,INDICATION,
CHEMBL1174,EFO_0000712,INDICATION,
CHEMBL1174,EFO_0001645,INDICATION,
CHEMBL1174,EFO_0003106,INDICATION,
CHEMBL1174,EFO_0004277,INDICATION,
CHEMBL1174,EFO_0005672,INDICATION,
CHEMBL1174,EFO_0006834,INDICATION,
CHEMBL1174,EFO_0008583,INDICATION,
CHEMBL1174,EFO_0008585,INDICATION,
CHEMBL1174,MONDO_0011382,INDICATION,
CHEMBL1175,EFO_0000400,INDICATION,
CHEMBL1175,EFO_0000401,INDICATION,
CHEMBL1175,EFO_0000474,CONTRAINDICATION,
CHEMBL1175,EFO_0000537,CONTRAINDICATION,
CHEMBL1175,EFO_0000712,INDICATION,
CHEMBL1175,EFO_0001358,INDICATION,
CHEMBL1175,EFO_0001422,CONTRAINDICATION,
CHEMBL1175,EFO_0002970,INDICATION,
CHEMBL1175,EFO_0003100,INDICATION,
CHEMBL1175,EFO_0003843,INDICATION,
CHEMBL1175,EFO_0003888,INDICATION,
CHEMBL1175,EFO_0004244,INDICATION,
CHEMBL1175,EFO_0004540,INDICATION,
CHEMBL1175,EFO_0004616,INDICATION,
CHEMBL1175,EFO_0004701,INDICATION,
CHEMBL1175,EFO_0005230,INDICATION,
CHEMBL1175,EFO_0005252,CONTRAINDICATION,
CHEMBL1175,EFO_0005687,INDICATION,
CHEMBL1175,EFO_0005762,INDICATION,
CHEMBL1175,EFO_0006788,INDICATION,
CHEMBL1175,EFO_0007169,INDICATION,
CHEMBL1175,EFO_0008496,CONTRAINDICATION,
CHEMBL1175,EFO_0009314,CONTRAINDICATION,
CHEMBL1175,EFO_1000783,INDICATION,
CHEMBL1175,EFO_1000982,CONTRAINDICATION,
CHEMBL1175,EFO_1001379,CONTRAINDICATION,
CHEMBL1175,EFO_1001842,CONTRAINDICATION,
CHEMBL1175,EFO_1001892,INDICATION,
CHEMBL1175,EFO_1001951,INDICATION,
CHEMBL1175,MONDO_0001583,INDICATION,
CHEMBL1175,MONDO_0001744,CONTRAINDICATION,
CHEMBL1175,MONDO_0002009,INDICATION,
CHEMBL1175,MONDO_0002050,INDICATION,
CHEMBL1175,MONDO_0004985,CONTRAINDICATION,
CHEMBL1175,MONDO_0005090,INDICATION,
CHEMBL1175,MONDO_0005178,OFF_LABEL_USE,
CHEMBL1175,MONDO_0005180,INDICATION,
CHEMBL1175,MONDO_0005301,INDICATION,
CHEMBL1175,MONDO_0007079,CONTRAINDICATION,
CHEMBL1177,EFO_0002610,INDICATION,
CHEMBL1177,EFO_0003888,INDICATION,
CHEMBL117785,EFO_0004152,INDICATION,
CHEMBL117785,EFO_0004280,INDICATION,
CHEMBL117785,EFO_0004895,INDICATION,
CHEMBL117785,EFO_0005251,CONTRAINDICATION,
CHEMBL117785,EFO_0005252,CONTRAINDICATION,
CHEMBL117785,EFO_0005307,CONTRAINDICATION,
CHEMBL117785,EFO_0007319,CONTRAINDICATION,
CHEMBL117785,EFO_1000632,INDICATION,
CHEMBL117785,MONDO_0002050,CONTRAINDICATION,
CHEMBL117785,MONDO_0003441,INDICATION,
CHEMBL117785,MONDO_0007739,INDICATION,
CHEMBL117785,MONDO_0019171,CONTRAINDICATION,
CHEMBL117785,MONDO_0021095,CONTRAINDICATION,
CHEMBL117822,EFO_0001358,INDICATION,
CHEMBL117822,EFO_0008583,INDICATION,
CHEMBL1178725,EFO_0000729,INDICATION,
CHEMBL1179047,EFO_0000319,CONTRAINDICATION,
CHEMBL1179047,EFO_0002950,INDICATION,
CHEMBL1179047,EFO_0003086,CONTRAINDICATION,
CHEMBL1179047,EFO_0003843,INDICATION,
CHEMBL1179047,EFO_0004991,CONTRAINDICATION,
CHEMBL1179047,MONDO_0005129,INDICATION,
CHEMBL118,EFO_0000182,INDICATION,
CHEMBL118,EFO_0000199,INDICATION,
CHEMBL118,EFO_0000203,INDICATION,
CHEMBL118,EFO_0000284,INDICATION,
CHEMBL118,EFO_0000305,INDICATION,
CHEMBL118,EFO_0000319,CONTRAINDICATION,
CHEMBL118,EFO_0000365,INDICATION,
CHEMBL118,EFO_0000519,INDICATION,
CHEMBL118,EFO_0000537,CONTRAINDICATION,
CHEMBL118,EFO_0000546,INDICATION,
CHEMBL118,EFO_0000612,CONTRAINDICATION,
CHEMBL118,EFO_0000616,INDICATION,
CHEMBL118,EFO_0000621,INDICATION,
CHEMBL118,EFO_0000668,INDICATION,
CHEMBL118,EFO_0000673,INDICATION,
CHEMBL118,EFO_0000681,INDICATION,
CHEMBL118,EFO_0000685,INDICATION,
CHEMBL118,EFO_0000691,INDICATION,
CHEMBL118,EFO_0000712,CONTRAINDICATION,
CHEMBL118,EFO_0000756,INDICATION,
CHEMBL118,EFO_0001072,INDICATION,
CHEMBL118,EFO_0001073,INDICATION,
CHEMBL118,EFO_0001075,INDICATION,
CHEMBL118,EFO_0001378,INDICATION,
CHEMBL118,EFO_0001416,INDICATION,
CHEMBL118,EFO_0001668,INDICATION,
CHEMBL118,EFO_0002496,INDICATION,
CHEMBL118,EFO_0002609,INDICATION,
CHEMBL118,EFO_0002618,INDICATION,
CHEMBL118,EFO_0002939,INDICATION,
CHEMBL118,EFO_0003060,INDICATION,
CHEMBL118,EFO_0003086,CONTRAINDICATION,
CHEMBL118,EFO_0003768,INDICATION,
CHEMBL118,EFO_0003843,INDICATION,
CHEMBL118,EFO_0003868,INDICATION,
CHEMBL118,EFO_0003869,INDICATION,
CHEMBL118,EFO_0003893,INDICATION,
CHEMBL118,EFO_0003898,INDICATION,
CHEMBL118,EFO_0003931,INDICATION,
CHEMBL118,EFO_0004142,INDICATION,
CHEMBL118,EFO_0004239,INDICATION,
CHEMBL118,EFO_0004242,INDICATION,
CHEMBL118,EFO_0004251,INDICATION,
CHEMBL118,EFO_0004252,INDICATION,
CHEMBL118,EFO_0004274,INDICATION,
CHEMBL118,EFO_0004288,INDICATION,
CHEMBL118,EFO_0004616,INDICATION,
CHEMBL118,EFO_0005252,INDICATION,
CHEMBL118,EFO_0005279,INDICATION,
CHEMBL118,EFO_0005406,INDICATION,
CHEMBL118,EFO_0005537,INDICATION,
CHEMBL118,EFO_0005543,INDICATION,
CHEMBL118,EFO_0005669,INDICATION,
CHEMBL118,EFO_0005755,INDICATION,
CHEMBL118,EFO_0005762,INDICATION,
CHEMBL118,EFO_0006859,INDICATION,
CHEMBL118,EFO_0007328,INDICATION,
CHEMBL118,EFO_0007453,INDICATION,
CHEMBL118,EFO_0008525,INDICATION,
CHEMBL118,EFO_0009606,INDICATION,
CHEMBL118,EFO_0009625,INDICATION,
CHEMBL118,EFO_0010072,INDICATION,
CHEMBL118,EFO_1000158,INDICATION,
CHEMBL118,EFO_1000657,INDICATION,
CHEMBL118,EFO_1000786,INDICATION,
CHEMBL118,EFO_1001250,INDICATION,
CHEMBL118,EFO_1001466,INDICATION,
CHEMBL118,EFO_1001893,INDICATION,
CHEMBL118,EFO_1001904,INDICATION,
CHEMBL118,EFO_1001950,INDICATION,
CHEMBL118,EFO_1001951,INDICATION,
CHEMBL118,MONDO_0001187,INDICATION,
CHEMBL118,MONDO_0001657,INDICATION,
CHEMBL118,MONDO_0002009,INDICATION,
CHEMBL118,MONDO_0002050,INDICATION,
CHEMBL118,MONDO_0002087,INDICATION,
CHEMBL118,MONDO_0002258,INDICATION,
CHEMBL118,MONDO_0002280,CONTRAINDICATION,
CHEMBL118,MONDO_0002363,INDICATION,
CHEMBL118,MONDO_0002691,INDICATION,
CHEMBL118,MONDO_0002715,INDICATION,
CHEMBL118,MONDO_0002974,INDICATION,
CHEMBL118,MONDO_0003937,INDICATION,
CHEMBL118,MONDO_0004247,CONTRAINDICATION,
CHEMBL118,MONDO_0004658,INDICATION,
CHEMBL118,MONDO_0004975,INDICATION,
CHEMBL118,MONDO_0004976,INDICATION,
CHEMBL118,MONDO_0004979,CONTRAINDICATION,
CHEMBL118,MONDO_0004985,INDICATION,
CHEMBL118,MONDO_0004992,INDICATION,
CHEMBL118,MONDO_0005090,INDICATION,
CHEMBL118,MONDO_0005178,INDICATION,
CHEMBL118,MONDO_0005277,INDICATION,
CHEMBL118,MONDO_0007079,CONTRAINDICATION,
CHEMBL118,MONDO_0007254,INDICATION,
CHEMBL118,MONDO_0007576,INDICATION,
CHEMBL118,MONDO_0008170,INDICATION,
CHEMBL118,MONDO_0008315,INDICATION,
CHEMBL118,MONDO_0008903,INDICATION,
CHEMBL118,MONDO_0010200,INDICATION,
CHEMBL118,MONDO_0011705,INDICATION,
CHEMBL118,MONDO_0018076,INDICATION,
CHEMBL118,MONDO_0018975,INDICATION,
CHEMBL118,MONDO_0021056,INDICATION,
CHEMBL118,MONDO_0021063,INDICATION,
CHEMBL118,MONDO_0024475,INDICATION,
CHEMBL118,MONDO_0042487,INDICATION,
CHEMBL118,MONDO_0044937,INDICATION,
CHEMBL118,MONDO_0100096,INDICATION,
CHEMBL118,MP_0001845,INDICATION,
CHEMBL118,MP_0001914,INDICATION,
CHEMBL118,Orphanet_733,INDICATION,
CHEMBL1180725,EFO_0000537,CONTRAINDICATION,
CHEMBL1180725,EFO_0000555,OFF_LABEL_USE,
CHEMBL1180725,EFO_0000729,CONTRAINDICATION,
CHEMBL1180725,EFO_0001064,CONTRAINDICATION,
CHEMBL1180725,EFO_0001645,CONTRAINDICATION,
CHEMBL1180725,EFO_0003086,CONTRAINDICATION,
CHEMBL1180725,EFO_0004991,CONTRAINDICATION,
CHEMBL1180725,EFO_0009189,CONTRAINDICATION,
CHEMBL1180725,EFO_0009454,CONTRAINDICATION,
CHEMBL1180725,EFO_0009571,CONTRAINDICATION,
CHEMBL1180725,EFO_0009910,CONTRAINDICATION,
CHEMBL1180725,EFO_0010282,INDICATION,
CHEMBL1180725,EFO_1000781,INDICATION,
CHEMBL1180725,EFO_1001095,CONTRAINDICATION,
CHEMBL1180725,MONDO_0001744,CONTRAINDICATION,
CHEMBL1180725,MONDO_0004247,INDICATION,
CHEMBL1181731,EFO_0000574,INDICATION,
CHEMBL1181829,EFO_0000616,INDICATION,
CHEMBL118218,EFO_0000198,INDICATION,
CHEMBL118218,EFO_0000389,INDICATION,
CHEMBL118218,EFO_0000565,INDICATION,
CHEMBL118218,EFO_0000616,INDICATION,
CHEMBL118218,EFO_0002618,INDICATION,
CHEMBL118218,EFO_1000158,INDICATION,
CHEMBL118218,EFO_1001951,INDICATION,
CHEMBL118218,MONDO_0001056,INDICATION,
CHEMBL118218,MONDO_0002087,INDICATION,
CHEMBL118218,MONDO_0002108,INDICATION,
CHEMBL118218,MONDO_0002158,INDICATION,
CHEMBL118218,MONDO_0002367,INDICATION,
CHEMBL118218,MONDO_0002691,INDICATION,
CHEMBL118218,MONDO_0002974,INDICATION,
CHEMBL118218,MONDO_0007254,INDICATION,
CHEMBL118218,MONDO_0008170,INDICATION,
CHEMBL118218,MONDO_0008315,INDICATION,
CHEMBL118218,MONDO_0008903,INDICATION,
CHEMBL118218,MONDO_0011962,INDICATION,
CHEMBL1182714,EFO_0000616,INDICATION,
CHEMBL1182743,EFO_0003843,INDICATION,
CHEMBL1182833,EFO_0000319,CONTRAINDICATION,
CHEMBL1182833,EFO_0004991,CONTRAINDICATION,
CHEMBL1182833,MONDO_0024327,CONTRAINDICATION,
CHEMBL1183040,EFO_0001068,INDICATION,
CHEMBL1183349,EFO_0001642,INDICATION,
CHEMBL1183349,EFO_0007157,INDICATION,
CHEMBL1183349,EFO_0007229,INDICATION,
CHEMBL1183349,EFO_0007380,INDICATION,
CHEMBL1183349,MONDO_0002041,INDICATION,
CHEMBL1183627,EFO_0000574,INDICATION,
CHEMBL1183627,EFO_0001378,INDICATION,
CHEMBL1183691,EFO_0000616,INDICATION,
CHEMBL1183717,EFO_0000341,INDICATION,
CHEMBL1183717,EFO_0000684,INDICATION,
CHEMBL1183717,EFO_0009686,INDICATION,
CHEMBL1183717,MONDO_0100096,INDICATION,
CHEMBL1184,MONDO_0005129,INDICATION,
CHEMBL1184904,EFO_0000305,INDICATION,
CHEMBL1184904,EFO_0000673,INDICATION,
CHEMBL1184904,EFO_0001378,INDICATION,
CHEMBL1184904,EFO_0002617,INDICATION,
CHEMBL1184904,EFO_0003060,INDICATION,
CHEMBL1184904,EFO_0003085,INDICATION,
CHEMBL1184904,MONDO_0004992,INDICATION,
CHEMBL1184904,MONDO_0007254,INDICATION,
CHEMBL1184904,MONDO_0008903,INDICATION,
CHEMBL1184904,MONDO_0011719,INDICATION,
CHEMBL1185,EFO_0000537,CONTRAINDICATION,
CHEMBL1185,EFO_0000612,CONTRAINDICATION,
CHEMBL1185,EFO_0000712,CONTRAINDICATION,
CHEMBL1185,EFO_0001645,CONTRAINDICATION,
CHEMBL1185,EFO_0003086,CONTRAINDICATION,
CHEMBL1185,EFO_0003764,CONTRAINDICATION,
CHEMBL1185,EFO_0003875,CONTRAINDICATION,
CHEMBL1185,EFO_1000013,CONTRAINDICATION,
CHEMBL1185,EFO_1001375,CONTRAINDICATION,
CHEMBL1185,EFO_1001450,CONTRAINDICATION,
CHEMBL1185,MONDO_0005277,INDICATION,
CHEMBL1185,MONDO_0005299,CONTRAINDICATION,
CHEMBL1185,MONDO_0020675,CONTRAINDICATION,
CHEMBL1186579,EFO_0002618,INDICATION,
CHEMBL1186579,EFO_0003086,INDICATION,
CHEMBL1186579,EFO_0005611,INDICATION,
CHEMBL1186579,EFO_1000652,INDICATION,
CHEMBL1186579,EFO_1000948,INDICATION,
CHEMBL1186579,MONDO_0004565,INDICATION,
CHEMBL1186579,MONDO_0004567,INDICATION,
CHEMBL1186581,EFO_0002610,INDICATION,
CHEMBL1186581,EFO_0004701,INDICATION,
CHEMBL1186581,MONDO_0002491,INDICATION,
CHEMBL1186894,EFO_0000616,INDICATION,
CHEMBL1186894,EFO_0000702,INDICATION,
CHEMBL1186894,EFO_0001378,INDICATION,
CHEMBL1186894,EFO_1000576,INDICATION,
CHEMBL1186894,EFO_1000581,INDICATION,
CHEMBL1186894,EFO_1001968,INDICATION,
CHEMBL1186894,MONDO_0001187,INDICATION,
CHEMBL1186894,MONDO_0007254,INDICATION,
CHEMBL1186894,MONDO_0008903,INDICATION,
CHEMBL1187,MONDO_0005271,INDICATION,
CHEMBL1187,Orphanet_89936,INDICATION,
CHEMBL1187011,EFO_0000544,INDICATION,
CHEMBL1187011,EFO_0007543,INDICATION,
CHEMBL118722,MONDO_0005180,INDICATION,
CHEMBL118722,MONDO_0008315,INDICATION,
CHEMBL1187231,EFO_0000195,INDICATION,
CHEMBL1187231,EFO_0002546,INDICATION,
CHEMBL1187417,EFO_0003966,INDICATION,
CHEMBL1187646,EFO_0005411,INDICATION,
CHEMBL1187646,MONDO_0005090,INDICATION,
CHEMBL1187694,EFO_0003956,INDICATION,
CHEMBL1187694,EFO_0005854,INDICATION,
CHEMBL1187694,EFO_0007141,INDICATION,
CHEMBL1187694,MONDO_0005271,INDICATION,
CHEMBL1187724,EFO_0010282,INDICATION,
CHEMBL1187833,EFO_0000341,INDICATION,
CHEMBL1187833,EFO_0000464,INDICATION,
CHEMBL1187833,EFO_0006505,INDICATION,
CHEMBL1187833,MONDO_0004979,INDICATION,
CHEMBL1188395,EFO_0001358,INDICATION,
CHEMBL1188395,EFO_0002610,INDICATION,
CHEMBL118841,EFO_0000389,INDICATION,
CHEMBL118841,EFO_0000621,INDICATION,
CHEMBL118841,EFO_1000158,INDICATION,
CHEMBL118841,MONDO_0007254,INDICATION,
CHEMBL118841,MONDO_0008903,INDICATION,
CHEMBL118865,MONDO_0004985,INDICATION,
CHEMBL1189,EFO_0003843,INDICATION,
CHEMBL1189,EFO_0004616,INDICATION,
CHEMBL1189,EFO_0009582,INDICATION,
CHEMBL1189025,EFO_0000613,INDICATION,
CHEMBL1189025,EFO_0001378,INDICATION,
CHEMBL1189025,EFO_0005537,INDICATION,
CHEMBL1189150,EFO_0000319,INDICATION,
CHEMBL1189432,EFO_0003956,INDICATION,
CHEMBL1189432,EFO_0005751,INDICATION,
CHEMBL1189432,EFO_0005854,INDICATION,
CHEMBL1189432,EFO_0007141,INDICATION,
CHEMBL1189432,EFO_1001417,INDICATION,
CHEMBL1189679,EFO_0000616,INDICATION,
CHEMBL1189679,EFO_0000756,INDICATION,
CHEMBL1189679,EFO_0001378,INDICATION,
CHEMBL1189679,EFO_0003869,INDICATION,
CHEMBL1189679,EFO_0004888,INDICATION,
CHEMBL1189679,EFO_0006911,INDICATION,
CHEMBL1189679,MONDO_0001056,INDICATION,
CHEMBL1189679,MONDO_0001657,INDICATION,
CHEMBL1189679,MONDO_0004992,INDICATION,
CHEMBL1189679,MONDO_0100342,INDICATION,
CHEMBL119,EFO_0000691,INDICATION,
CHEMBL119,EFO_0002618,INDICATION,
CHEMBL119,EFO_0003086,CONTRAINDICATION,
CHEMBL119,EFO_0007144,INDICATION,
CHEMBL119,EFO_0007448,INDICATION,
CHEMBL119,EFO_1001951,INDICATION,
CHEMBL1190199,EFO_0000555,INDICATION,
CHEMBL1190199,MONDO_0004567,INDICATION,
CHEMBL1191,EFO_0000771,INDICATION,
CHEMBL1191,EFO_0003086,CONTRAINDICATION,
CHEMBL1191,EFO_0003102,INDICATION,
CHEMBL1191,EFO_0004274,CONTRAINDICATION,
CHEMBL1191,EFO_0005585,INDICATION,
CHEMBL1191,EFO_0005803,CONTRAINDICATION,
CHEMBL1191,EFO_0007287,CONTRAINDICATION,
CHEMBL1191,EFO_1001226,CONTRAINDICATION,
CHEMBL1191,EFO_1001888,INDICATION,
CHEMBL1191,MONDO_0001909,CONTRAINDICATION,
CHEMBL1191,MONDO_0002462,CONTRAINDICATION,
CHEMBL1191,MONDO_0005147,CONTRAINDICATION,
CHEMBL1191,MONDO_0005148,CONTRAINDICATION,
CHEMBL1191,MONDO_0005247,INDICATION,
CHEMBL1191,MONDO_0015129,CONTRAINDICATION,
CHEMBL1191,MONDO_0100192,CONTRAINDICATION,
CHEMBL1192517,EFO_0003763,INDICATION,
CHEMBL1192517,MONDO_0002009,INDICATION,
CHEMBL1193,EFO_0000217,CONTRAINDICATION,
CHEMBL1193,EFO_0000319,CONTRAINDICATION,
CHEMBL1193,EFO_0000341,CONTRAINDICATION,
CHEMBL1193,EFO_0000400,CONTRAINDICATION,
CHEMBL1193,EFO_0000464,CONTRAINDICATION,
CHEMBL1193,EFO_0000474,CONTRAINDICATION,
CHEMBL1193,EFO_0000537,CONTRAINDICATION,
CHEMBL1193,EFO_0000612,CONTRAINDICATION,
CHEMBL1193,EFO_0000729,CONTRAINDICATION,
CHEMBL1193,EFO_0001064,CONTRAINDICATION,
CHEMBL1193,EFO_0001074,CONTRAINDICATION,
CHEMBL1193,EFO_0001645,CONTRAINDICATION,
CHEMBL1193,EFO_0003086,CONTRAINDICATION,
CHEMBL1193,EFO_0003767,CONTRAINDICATION,
CHEMBL1193,EFO_0003777,CONTRAINDICATION,
CHEMBL1193,EFO_0003779,CONTRAINDICATION,
CHEMBL1193,EFO_0003832,CONTRAINDICATION,
CHEMBL1193,EFO_0003833,CONTRAINDICATION,
CHEMBL1193,EFO_0003890,CONTRAINDICATION,
CHEMBL1193,EFO_0003928,CONTRAINDICATION,
CHEMBL1193,EFO_0003948,CONTRAINDICATION,
CHEMBL1193,EFO_0003956,INDICATION,
CHEMBL1193,EFO_0004242,CONTRAINDICATION,
CHEMBL1193,EFO_0004262,CONTRAINDICATION,
CHEMBL1193,EFO_0004274,CONTRAINDICATION,
CHEMBL1193,EFO_0004283,CONTRAINDICATION,
CHEMBL1193,EFO_0004698,CONTRAINDICATION,
CHEMBL1193,EFO_0004705,CONTRAINDICATION,
CHEMBL1193,EFO_0004991,CONTRAINDICATION,
CHEMBL1193,EFO_0005251,CONTRAINDICATION,
CHEMBL1193,EFO_0005306,CONTRAINDICATION,
CHEMBL1193,EFO_0005407,CONTRAINDICATION,
CHEMBL1193,EFO_0005531,INDICATION,
CHEMBL1193,EFO_0005672,CONTRAINDICATION,
CHEMBL1193,EFO_0005854,INDICATION,
CHEMBL1193,EFO_0007141,INDICATION,
CHEMBL1193,EFO_0007214,INDICATION,
CHEMBL1193,EFO_0007328,INDICATION,
CHEMBL1193,EFO_0007467,CONTRAINDICATION,
CHEMBL1193,EFO_0007533,INDICATION,
CHEMBL1193,EFO_0009086,CONTRAINDICATION,
CHEMBL1193,EFO_0009189,CONTRAINDICATION,
CHEMBL1193,EFO_0009190,CONTRAINDICATION,
CHEMBL1193,EFO_0009314,CONTRAINDICATION,
CHEMBL1193,EFO_0009454,CONTRAINDICATION,
CHEMBL1193,EFO_0009532,CONTRAINDICATION,
CHEMBL1193,EFO_0009550,INDICATION,
CHEMBL1193,EFO_0009571,CONTRAINDICATION,
CHEMBL1193,EFO_0009661,CONTRAINDICATION,
CHEMBL1193,EFO_0009910,CONTRAINDICATION,
CHEMBL1193,EFO_1000014,CONTRAINDICATION,
CHEMBL1193,EFO_1000391,CONTRAINDICATION,
CHEMBL1193,EFO_1000652,CONTRAINDICATION,
CHEMBL1193,EFO_1000684,CONTRAINDICATION,
CHEMBL1193,EFO_1000800,CONTRAINDICATION,
CHEMBL1193,EFO_1000902,CONTRAINDICATION,
CHEMBL1193,EFO_1001069,CONTRAINDICATION,
CHEMBL1193,EFO_1001095,CONTRAINDICATION,
CHEMBL1193,EFO_1001132,CONTRAINDICATION,
CHEMBL1193,EFO_1001375,CONTRAINDICATION,
CHEMBL1193,EFO_1001872,CONTRAINDICATION,
CHEMBL1193,EFO_1001888,CONTRAINDICATION,
CHEMBL1193,MONDO_0000313,CONTRAINDICATION,
CHEMBL1193,MONDO_0001343,CONTRAINDICATION,
CHEMBL1193,MONDO_0001744,CONTRAINDICATION,
CHEMBL1193,MONDO_0002203,CONTRAINDICATION,
CHEMBL1193,MONDO_0002277,CONTRAINDICATION,
CHEMBL1193,MONDO_0002280,CONTRAINDICATION,
CHEMBL1193,MONDO_0002491,CONTRAINDICATION,
CHEMBL1193,MONDO_0004247,CONTRAINDICATION,
CHEMBL1193,MONDO_0004596,CONTRAINDICATION,
CHEMBL1193,MONDO_0005041,CONTRAINDICATION,
CHEMBL1193,MONDO_0005271,INDICATION,
CHEMBL1193,MONDO_0007079,CONTRAINDICATION,
CHEMBL1193,MONDO_0015129,CONTRAINDICATION,
CHEMBL1193,MONDO_0018660,CONTRAINDICATION,
CHEMBL1193,MONDO_0018896,CONTRAINDICATION,
CHEMBL1193,MONDO_0021661,CONTRAINDICATION,
CHEMBL1193,MONDO_0024355,INDICATION,
CHEMBL1193,MONDO_0024574,CONTRAINDICATION,
CHEMBL1193,MONDO_0043885,CONTRAINDICATION,
CHEMBL1193,MONDO_0100192,CONTRAINDICATION,
CHEMBL1193,Orphanet_903,CONTRAINDICATION,
CHEMBL119385,MONDO_0004975,INDICATION,
CHEMBL119385,MONDO_0007739,INDICATION,
CHEMBL1193948,EFO_0005230,INDICATION,
CHEMBL1193948,MONDO_0002009,INDICATION,
CHEMBL1193948,MONDO_0002050,INDICATION,
CHEMBL1194,EFO_0000319,CONTRAINDICATION,
CHEMBL1194,EFO_0000400,CONTRAINDICATION,
CHEMBL1194,EFO_0000407,CONTRAINDICATION,
CHEMBL1194,EFO_0000474,CONTRAINDICATION,
CHEMBL1194,EFO_0000537,CONTRAINDICATION,
CHEMBL1194,EFO_0000612,CONTRAINDICATION,
CHEMBL1194,EFO_0000701,INDICATION,
CHEMBL1194,EFO_0000707,INDICATION,
CHEMBL1194,EFO_0001645,CONTRAINDICATION,
CHEMBL1194,EFO_0002496,INDICATION,
CHEMBL1194,EFO_0002950,INDICATION,
CHEMBL1194,EFO_0003086,CONTRAINDICATION,
CHEMBL1194,EFO_0003843,INDICATION,
CHEMBL1194,EFO_0004991,CONTRAINDICATION,
CHEMBL1194,EFO_0009189,CONTRAINDICATION,
CHEMBL1194,EFO_0803321,INDICATION,
CHEMBL1194,MONDO_0001744,CONTRAINDICATION,
CHEMBL1194,MONDO_0001780,INDICATION,
CHEMBL1194,MONDO_0021095,CONTRAINDICATION,
CHEMBL1194,MONDO_0041052,INDICATION,
CHEMBL119423,EFO_0004274,INDICATION,
CHEMBL1194287,MONDO_0005271,INDICATION,
CHEMBL1194325,EFO_0000341,INDICATION,
CHEMBL1194325,EFO_0000464,INDICATION,
CHEMBL1194325,EFO_0003768,INDICATION,
CHEMBL1194325,EFO_0006505,INDICATION,
CHEMBL1194325,MONDO_0004979,INDICATION,
CHEMBL119443,EFO_0000474,CONTRAINDICATION,
CHEMBL119443,EFO_0000537,CONTRAINDICATION,
CHEMBL119443,EFO_0000712,CONTRAINDICATION,
CHEMBL119443,EFO_0003086,CONTRAINDICATION,
CHEMBL119443,EFO_0009579,INDICATION,
CHEMBL119443,EFO_1000820,CONTRAINDICATION,
CHEMBL1194666,EFO_0000474,CONTRAINDICATION,
CHEMBL1194666,EFO_0000537,CONTRAINDICATION,
CHEMBL1194666,EFO_0001073,INDICATION,
CHEMBL1194666,EFO_0001645,CONTRAINDICATION,
CHEMBL1194666,EFO_0009086,CONTRAINDICATION,
CHEMBL1194666,EFO_0009189,CONTRAINDICATION,
CHEMBL1194666,EFO_0009551,CONTRAINDICATION,
CHEMBL1194666,EFO_1000902,CONTRAINDICATION,
CHEMBL1194666,MONDO_0002277,CONTRAINDICATION,
CHEMBL1194666,MONDO_0002491,CONTRAINDICATION,
CHEMBL1194666,MONDO_0005041,CONTRAINDICATION,
CHEMBL1194666,MONDO_0005147,CONTRAINDICATION,
CHEMBL1194666,MONDO_0005148,CONTRAINDICATION,
CHEMBL1194666,MONDO_0005149,CONTRAINDICATION,
CHEMBL1194666,MONDO_0007079,CONTRAINDICATION,
CHEMBL1195136,EFO_0000565,INDICATION,
CHEMBL1195136,EFO_0000574,INDICATION,
CHEMBL1195136,MONDO_0004992,INDICATION,
CHEMBL1195136,MONDO_0044881,INDICATION,
CHEMBL1195301,EFO_0003890,INDICATION,
CHEMBL1196,EFO_0003777,CONTRAINDICATION,
CHEMBL1196,EFO_0003843,INDICATION,
CHEMBL1196,EFO_0009189,CONTRAINDICATION,
CHEMBL1196,EFO_1001231,CONTRAINDICATION,
CHEMBL1196,EFO_1001888,CONTRAINDICATION,
CHEMBL1196,MONDO_0043885,CONTRAINDICATION,
CHEMBL119604,EFO_0000556,INDICATION,
CHEMBL119625,EFO_0000712,INDICATION,
CHEMBL1197,EFO_0000474,CONTRAINDICATION,
CHEMBL1197051,EFO_0000319,INDICATION,
CHEMBL1197051,MONDO_0005301,INDICATION,
CHEMBL1197091,EFO_0000558,INDICATION,
CHEMBL1197091,EFO_0000616,INDICATION,
CHEMBL1197091,MONDO_0010679,INDICATION,
CHEMBL1197564,EFO_0007328,INDICATION,
CHEMBL1198,EFO_0000400,CONTRAINDICATION,
CHEMBL1198,EFO_0000537,CONTRAINDICATION,
CHEMBL1198,EFO_0001645,CONTRAINDICATION,
CHEMBL1198,EFO_0003086,CONTRAINDICATION,
CHEMBL1198,EFO_0003875,CONTRAINDICATION,
CHEMBL1198,EFO_0003882,CONTRAINDICATION,
CHEMBL1198,EFO_0003958,INDICATION,
CHEMBL1198,EFO_0004190,CONTRAINDICATION,
CHEMBL1198,EFO_0004705,CONTRAINDICATION,
CHEMBL1198,EFO_0005319,CONTRAINDICATION,
CHEMBL1198,EFO_0005407,CONTRAINDICATION,
CHEMBL1198,EFO_0005628,INDICATION,
CHEMBL1198,EFO_0005741,CONTRAINDICATION,
CHEMBL1198,EFO_0006509,CONTRAINDICATION,
CHEMBL1198,EFO_0007281,CONTRAINDICATION,
CHEMBL1198,EFO_0007308,CONTRAINDICATION,
CHEMBL1198,EFO_0007512,INDICATION,
CHEMBL1198,EFO_0009189,CONTRAINDICATION,
CHEMBL1198,EFO_0009491,CONTRAINDICATION,
CHEMBL1198,EFO_0009516,INDICATION,
CHEMBL1198,EFO_0009552,INDICATION,
CHEMBL1198,EFO_0009560,INDICATION,
CHEMBL1198,EFO_1000697,INDICATION,
CHEMBL1198,EFO_1000766,CONTRAINDICATION,
CHEMBL1198,EFO_1002022,CONTRAINDICATION,
CHEMBL1198,EFO_1002025,CONTRAINDICATION,
CHEMBL1198,MONDO_0001576,CONTRAINDICATION,
CHEMBL1198,MONDO_0002041,CONTRAINDICATION,
CHEMBL1198,MONDO_0002406,INDICATION,
CHEMBL1198,MP_0001845,INDICATION,
CHEMBL1198855,EFO_0003882,INDICATION,
CHEMBL1198855,EFO_0003931,INDICATION,
CHEMBL1198857,EFO_0000341,INDICATION,
CHEMBL1198857,EFO_0000464,INDICATION,
CHEMBL1198857,EFO_0006505,INDICATION,
CHEMBL1198857,MONDO_0004979,INDICATION,
CHEMBL1199080,EFO_0004269,INDICATION,
CHEMBL1199080,EFO_0004287,INDICATION,
CHEMBL1199307,EFO_0004991,INDICATION,
CHEMBL1199307,MONDO_0001650,INDICATION,
CHEMBL1199324,EFO_0000616,INDICATION,
CHEMBL1199324,EFO_0000691,INDICATION,
CHEMBL1199324,EFO_0001378,INDICATION,
CHEMBL1199324,EFO_0004252,INDICATION,
CHEMBL1199324,EFO_0004888,INDICATION,
CHEMBL1199324,EFO_0006911,INDICATION,
CHEMBL1199324,MONDO_0004992,INDICATION,
CHEMBL1199324,MONDO_0021148,INDICATION,
CHEMBL1199324,MONDO_0043510,INDICATION,
CHEMBL1199324,MONDO_0100192,CONTRAINDICATION,
CHEMBL1199480,EFO_0000544,INDICATION,
CHEMBL1199480,EFO_0007512,INDICATION,
CHEMBL1199480,MONDO_0002026,INDICATION,
CHEMBL1199480,MONDO_0002508,INDICATION,
CHEMBL12,EFO_0000474,INDICATION,
CHEMBL12,EFO_0000546,INDICATION,
CHEMBL12,EFO_0003818,CONTRAINDICATION,
CHEMBL12,EFO_0003843,INDICATION,
CHEMBL12,EFO_0003877,CONTRAINDICATION,
CHEMBL12,EFO_0004190,CONTRAINDICATION,
CHEMBL12,EFO_0004262,OFF_LABEL_USE,
CHEMBL12,EFO_0004777,INDICATION,
CHEMBL12,EFO_0004991,CONTRAINDICATION,
CHEMBL12,EFO_0005230,INDICATION,
CHEMBL12,EFO_0005593,INDICATION,
CHEMBL12,EFO_0006788,INDICATION,
CHEMBL12,EFO_0007498,INDICATION,
CHEMBL12,EFO_0008526,INDICATION,
CHEMBL12,EFO_0009868,INDICATION,
CHEMBL12,EFO_1000632,INDICATION,
CHEMBL12,EFO_1000800,INDICATION,
CHEMBL12,EFO_1000877,INDICATION,
CHEMBL12,EFO_1001010,INDICATION,
CHEMBL12,EFO_1001250,INDICATION,
CHEMBL12,MONDO_0001744,CONTRAINDICATION,
CHEMBL12,MONDO_0002050,CONTRAINDICATION,
CHEMBL12,MONDO_0002491,CONTRAINDICATION,
CHEMBL12,MONDO_0005090,INDICATION,
CHEMBL12,MONDO_0100192,CONTRAINDICATION,
CHEMBL1200322,EFO_0000555,INDICATION,
CHEMBL1200322,EFO_0004262,INDICATION,
CHEMBL1200322,EFO_0006788,INDICATION,
CHEMBL1200322,EFO_1001892,INDICATION,
CHEMBL1200322,EFO_1001919,INDICATION,
CHEMBL1200322,MONDO_0002009,INDICATION,
CHEMBL1200322,MONDO_0002050,INDICATION,
CHEMBL1200323,EFO_0000537,INDICATION,
CHEMBL1200323,EFO_0000668,INDICATION,
CHEMBL1200323,EFO_0005669,INDICATION,
CHEMBL1200326,EFO_0000319,INDICATION,
CHEMBL1200326,EFO_0000537,INDICATION,
CHEMBL1200326,EFO_0005669,INDICATION,
CHEMBL1200326,EFO_1000994,INDICATION,
CHEMBL1200328,EFO_0001358,INDICATION,
CHEMBL1200328,EFO_0002970,INDICATION,
CHEMBL1200328,EFO_0003843,INDICATION,
CHEMBL1200328,EFO_0005230,INDICATION,
CHEMBL1200328,EFO_0005687,INDICATION,
CHEMBL1200328,EFO_0005762,INDICATION,
CHEMBL1200328,EFO_0006788,INDICATION,
CHEMBL1200328,EFO_1000783,INDICATION,
CHEMBL1200328,EFO_1001951,INDICATION,
CHEMBL1200328,MONDO_0002009,INDICATION,
CHEMBL1200328,MONDO_0002050,INDICATION,
CHEMBL1200328,MONDO_0005178,INDICATION,
CHEMBL1200328,MONDO_0005301,INDICATION,
CHEMBL1200329,MONDO_0002959,INDICATION,
CHEMBL1200329,MONDO_0005475,INDICATION,
CHEMBL1200329,MONDO_0043510,INDICATION,
CHEMBL1200329,MONDO_0100431,INDICATION,
CHEMBL1200330,EFO_0006859,INDICATION,
CHEMBL1200330,MONDO_0001330,INDICATION,
CHEMBL1200331,EFO_0001076,INDICATION,
CHEMBL1200331,EFO_0003102,INDICATION,
CHEMBL1200331,EFO_0003103,INDICATION,
CHEMBL1200332,MONDO_0002050,INDICATION,
CHEMBL1200335,EFO_0000196,INDICATION,
CHEMBL1200335,EFO_0000341,INDICATION,
CHEMBL1200335,EFO_0000400,CONTRAINDICATION,
CHEMBL1200335,EFO_0000474,CONTRAINDICATION,
CHEMBL1200335,EFO_0000537,CONTRAINDICATION,
CHEMBL1200335,EFO_0000612,CONTRAINDICATION,
CHEMBL1200335,EFO_0000616,INDICATION,
CHEMBL1200335,EFO_0000673,INDICATION,
CHEMBL1200335,EFO_0000712,CONTRAINDICATION,
CHEMBL1200335,EFO_0001065,CONTRAINDICATION,
CHEMBL1200335,EFO_0001073,CONTRAINDICATION,
CHEMBL1200335,EFO_0001645,CONTRAINDICATION,
CHEMBL1200335,EFO_0003086,CONTRAINDICATION,
CHEMBL1200335,EFO_0003777,CONTRAINDICATION,
CHEMBL1200335,EFO_0003832,CONTRAINDICATION,
CHEMBL1200335,EFO_0003877,CONTRAINDICATION,
CHEMBL1200335,EFO_0004152,CONTRAINDICATION,
CHEMBL1200335,EFO_0004562,INDICATION,
CHEMBL1200335,EFO_0004705,CONTRAINDICATION,
CHEMBL1200335,EFO_0007312,INDICATION,
CHEMBL1200335,EFO_0009315,CONTRAINDICATION,
CHEMBL1200335,EFO_0009910,CONTRAINDICATION,
CHEMBL1200335,EFO_1001006,INDICATION,
CHEMBL1200335,EFO_1001078,INDICATION,
CHEMBL1200335,EFO_1001512,CONTRAINDICATION,
CHEMBL1200335,MONDO_0001627,CONTRAINDICATION,
CHEMBL1200335,MONDO_0002146,INDICATION,
CHEMBL1200335,MONDO_0002520,CONTRAINDICATION,
CHEMBL1200335,MONDO_0004979,CONTRAINDICATION,
CHEMBL1200335,MONDO_0005277,CONTRAINDICATION,
CHEMBL1200335,MONDO_0007915,CONTRAINDICATION,
CHEMBL1200335,MONDO_0008170,CONTRAINDICATION,
CHEMBL1200335,MONDO_0008315,INDICATION,
CHEMBL1200335,MONDO_0021259,CONTRAINDICATION,
CHEMBL1200335,MONDO_0037748,CONTRAINDICATION,
CHEMBL1200335,Orphanet_269,INDICATION,
CHEMBL1200338,EFO_0000537,INDICATION,
CHEMBL1200339,EFO_0000178,INDICATION,
CHEMBL1200339,EFO_0000319,INDICATION,
CHEMBL1200339,EFO_0000544,INDICATION,
CHEMBL1200339,EFO_0003956,INDICATION,
CHEMBL1200339,EFO_0004269,INDICATION,
CHEMBL1200339,EFO_0004610,INDICATION,
CHEMBL1200339,EFO_0005251,INDICATION,
CHEMBL1200339,EFO_0006834,INDICATION,
CHEMBL1200339,EFO_0007214,INDICATION,
CHEMBL1200339,EFO_0007486,INDICATION,
CHEMBL1200339,EFO_0007533,INDICATION,
CHEMBL1200339,EFO_0008521,INDICATION,
CHEMBL1200339,EFO_0009552,INDICATION,
CHEMBL1200339,MONDO_0005129,INDICATION,
CHEMBL1200339,MONDO_0005271,INDICATION,
CHEMBL1200339,MONDO_0024355,INDICATION,
CHEMBL1200340,EFO_0000763,INDICATION,
CHEMBL1200340,EFO_0003884,INDICATION,
CHEMBL1200340,EFO_0007328,INDICATION,
CHEMBL1200343,EFO_0000537,INDICATION,
CHEMBL1200343,EFO_0000612,INDICATION,
CHEMBL1200343,EFO_0001645,INDICATION,
CHEMBL1200343,MONDO_0001134,INDICATION,
CHEMBL1200345,EFO_1000014,INDICATION,
CHEMBL1200348,EFO_0007512,INDICATION,
CHEMBL1200354,EFO_0005741,CONTRAINDICATION,
CHEMBL1200354,EFO_0005803,CONTRAINDICATION,
CHEMBL1200354,EFO_0009086,CONTRAINDICATION,
CHEMBL1200354,EFO_0009190,CONTRAINDICATION,
CHEMBL1200354,EFO_1000243,INDICATION,
CHEMBL1200354,EFO_1001211,CONTRAINDICATION,
CHEMBL1200354,MONDO_0000945,CONTRAINDICATION,
CHEMBL1200354,MONDO_0002277,CONTRAINDICATION,
CHEMBL1200354,MONDO_0008638,INDICATION,
CHEMBL1200356,EFO_0003086,CONTRAINDICATION,
CHEMBL1200356,EFO_0003103,INDICATION,
CHEMBL1200356,EFO_0007326,CONTRAINDICATION,
CHEMBL1200356,EFO_0007486,OFF_LABEL_USE,
CHEMBL1200356,EFO_0009661,INDICATION,
CHEMBL1200356,MONDO_0002258,INDICATION,
CHEMBL1200356,MONDO_0004789,OFF_LABEL_USE,
CHEMBL1200358,EFO_1000158,INDICATION,
CHEMBL1200359,EFO_0000771,INDICATION,
CHEMBL1200365,EFO_0000764,INDICATION,
CHEMBL1200370,EFO_0000274,INDICATION,
CHEMBL1200370,EFO_0000384,CONTRAINDICATION,
CHEMBL1200370,EFO_0000400,CONTRAINDICATION,
CHEMBL1200370,EFO_0000544,INDICATION,
CHEMBL1200370,EFO_0000729,CONTRAINDICATION,
CHEMBL1200370,EFO_0002496,INDICATION,
CHEMBL1200370,EFO_0003086,CONTRAINDICATION,
CHEMBL1200370,EFO_0003875,CONTRAINDICATION,
CHEMBL1200370,EFO_0003894,INDICATION,
CHEMBL1200370,EFO_0004795,CONTRAINDICATION,
CHEMBL1200370,EFO_0005319,INDICATION,
CHEMBL1200370,EFO_0007375,INDICATION,
CHEMBL1200370,EFO_0009456,CONTRAINDICATION,
CHEMBL1200370,EFO_0009491,CONTRAINDICATION,
CHEMBL1200370,EFO_1000697,INDICATION,
CHEMBL1200370,EFO_1000704,INDICATION,
CHEMBL1200370,EFO_1000760,INDICATION,
CHEMBL1200370,EFO_1000764,INDICATION,
CHEMBL1200370,EFO_1000766,CONTRAINDICATION,
CHEMBL1200370,MONDO_0001576,CONTRAINDICATION,
CHEMBL1200370,MONDO_0002406,CONTRAINDICATION,
CHEMBL1200374,EFO_0000305,INDICATION,
CHEMBL1200374,EFO_0000432,INDICATION,
CHEMBL1200374,EFO_0000574,INDICATION,
CHEMBL1200374,EFO_0000616,INDICATION,
CHEMBL1200374,EFO_0003060,INDICATION,
CHEMBL1200374,EFO_0003869,INDICATION,
CHEMBL1200374,EFO_0005537,INDICATION,
CHEMBL1200374,EFO_0006861,INDICATION,
CHEMBL1200374,EFO_1000098,INDICATION,
CHEMBL1200374,MONDO_0004658,INDICATION,
CHEMBL1200374,MONDO_0004992,INDICATION,
CHEMBL1200374,MONDO_0007254,INDICATION,
CHEMBL1200374,MONDO_0008170,INDICATION,
CHEMBL1200374,MONDO_0008315,INDICATION,
CHEMBL1200374,MONDO_0011962,INDICATION,
CHEMBL1200375,EFO_0000544,INDICATION,
CHEMBL1200375,EFO_0001645,INDICATION,
CHEMBL1200375,EFO_1000131,INDICATION,
CHEMBL1200375,EFO_1001141,INDICATION,
CHEMBL1200375,EFO_1001518,INDICATION,
CHEMBL1200375,EFO_1002022,INDICATION,
CHEMBL1200377,EFO_0003888,INDICATION,
CHEMBL1200380,EFO_0000094,INDICATION,
CHEMBL1200380,EFO_0000403,INDICATION,
CHEMBL1200380,EFO_0000544,INDICATION,
CHEMBL1200380,EFO_0000764,INDICATION,
CHEMBL1200380,EFO_0001062,INDICATION,
CHEMBL1200380,EFO_0001073,INDICATION,
CHEMBL1200380,EFO_0003060,INDICATION,
CHEMBL1200380,EFO_0003086,INDICATION,
CHEMBL1200380,EFO_0006862,INDICATION,
CHEMBL1200380,EFO_0007282,INDICATION,
CHEMBL1200380,EFO_0007308,INDICATION,
CHEMBL1200380,EFO_1001347,INDICATION,
CHEMBL1200380,EFO_1002022,INDICATION,
CHEMBL1200380,MONDO_0004992,INDICATION,
CHEMBL1200380,MONDO_0005301,INDICATION,
CHEMBL1200380,MONDO_0008315,INDICATION,
CHEMBL1200381,EFO_0000182,INDICATION,
CHEMBL1200381,EFO_1001109,INDICATION,
CHEMBL1200381,MONDO_0004992,INDICATION,
CHEMBL1200381,MONDO_0011382,INDICATION,
CHEMBL1200381,MONDO_0100096,INDICATION,
CHEMBL1200383,EFO_0009387,INDICATION,
CHEMBL1200383,MONDO_0005180,INDICATION,
CHEMBL1200384,EFO_0000274,INDICATION,
CHEMBL1200384,EFO_0000544,INDICATION,
CHEMBL1200384,EFO_0000676,INDICATION,
CHEMBL1200384,EFO_0000701,INDICATION,
CHEMBL1200384,EFO_0007486,INDICATION,
CHEMBL1200384,EFO_0008517,INDICATION,
CHEMBL1200384,EFO_1001097,INDICATION,
CHEMBL1200384,EFO_1001494,INDICATION,
CHEMBL1200386,EFO_0000274,INDICATION,
CHEMBL1200386,EFO_0000676,INDICATION,
CHEMBL1200386,EFO_0000701,INDICATION,
CHEMBL1200386,EFO_0003875,CONTRAINDICATION,
CHEMBL1200386,EFO_0005319,INDICATION,
CHEMBL1200386,EFO_0007512,INDICATION,
CHEMBL1200386,EFO_0009491,CONTRAINDICATION,
CHEMBL1200386,EFO_1000697,INDICATION,
CHEMBL1200386,EFO_1000704,INDICATION,
CHEMBL1200386,EFO_1000764,INDICATION,
CHEMBL1200386,EFO_1000766,CONTRAINDICATION,
CHEMBL1200386,MONDO_0001576,CONTRAINDICATION,
CHEMBL1200386,MONDO_0002026,INDICATION,
CHEMBL1200386,MONDO_0015758,INDICATION,
CHEMBL1200388,EFO_0003102,INDICATION,
CHEMBL1200388,EFO_1001034,INDICATION,
CHEMBL1200388,EFO_1001313,INDICATION,
CHEMBL1200391,EFO_0000319,CONTRAINDICATION,
CHEMBL1200391,EFO_0000400,CONTRAINDICATION,
CHEMBL1200391,EFO_0000537,CONTRAINDICATION,
CHEMBL1200391,EFO_0000612,CONTRAINDICATION,
CHEMBL1200391,EFO_0000616,INDICATION,
CHEMBL1200391,EFO_0000685,CONTRAINDICATION,
CHEMBL1200391,EFO_0000712,CONTRAINDICATION,
CHEMBL1200391,EFO_0001068,INDICATION,
CHEMBL1200391,EFO_0003086,CONTRAINDICATION,
CHEMBL1200391,EFO_0003103,INDICATION,
CHEMBL1200391,EFO_0003767,CONTRAINDICATION,
CHEMBL1200391,EFO_0003843,INDICATION,
CHEMBL1200391,EFO_0004607,CONTRAINDICATION,
CHEMBL1200391,EFO_0005669,CONTRAINDICATION,
CHEMBL1200391,EFO_0007141,INDICATION,
CHEMBL1200391,EFO_0009314,CONTRAINDICATION,
CHEMBL1200391,EFO_0009454,CONTRAINDICATION,
CHEMBL1200391,EFO_0009464,CONTRAINDICATION,
CHEMBL1200391,EFO_0009530,CONTRAINDICATION,
CHEMBL1200391,EFO_1000014,INDICATION,
CHEMBL1200391,EFO_1000906,CONTRAINDICATION,
CHEMBL1200391,EFO_1001226,CONTRAINDICATION,
CHEMBL1200391,MONDO_0001343,CONTRAINDICATION,
CHEMBL1200391,MONDO_0001515,CONTRAINDICATION,
CHEMBL1200391,MONDO_0002280,CONTRAINDICATION,
CHEMBL1200391,MONDO_0004247,CONTRAINDICATION,
CHEMBL1200391,MONDO_0004979,CONTRAINDICATION,
CHEMBL1200391,MONDO_0004992,INDICATION,
CHEMBL1200391,MONDO_0005129,INDICATION,
CHEMBL1200391,MONDO_0009061,INDICATION,
CHEMBL1200391,MONDO_0018660,CONTRAINDICATION,
CHEMBL1200392,EFO_0000544,INDICATION,
CHEMBL1200392,EFO_0005854,INDICATION,
CHEMBL1200395,EFO_0003843,INDICATION,
CHEMBL1200396,EFO_0000546,INDICATION,
CHEMBL1200396,EFO_0000764,INDICATION,
CHEMBL1200396,EFO_0003843,INDICATION,
CHEMBL1200396,EFO_0004616,INDICATION,
CHEMBL1200396,EFO_0009552,INDICATION,
CHEMBL1200396,EFO_1001087,INDICATION,
CHEMBL1200396,MONDO_0002087,INDICATION,
CHEMBL1200396,MONDO_0002959,INDICATION,
CHEMBL1200396,MONDO_0004992,INDICATION,
CHEMBL1200396,MONDO_0005277,INDICATION,
CHEMBL1200396,MONDO_0007254,INDICATION,
CHEMBL1200396,MONDO_0041052,INDICATION,
CHEMBL1200397,EFO_0007510,INDICATION,
CHEMBL1200397,EFO_0007512,INDICATION,
CHEMBL1200397,MONDO_0002406,INDICATION,
CHEMBL1200397,MONDO_0005271,INDICATION,
CHEMBL1200398,EFO_0007543,INDICATION,
CHEMBL1200398,EFO_1001240,INDICATION,
CHEMBL1200399,EFO_0004714,INDICATION,
CHEMBL1200399,EFO_0004888,INDICATION,
CHEMBL1200399,EFO_0005411,INDICATION,
CHEMBL1200399,EFO_0006788,INDICATION,
CHEMBL1200399,EFO_1001892,INDICATION,
CHEMBL1200399,EFO_1001919,INDICATION,
CHEMBL1200399,MONDO_0002050,INDICATION,
CHEMBL1200399,MONDO_0005090,INDICATION,
CHEMBL1200402,EFO_0000373,INDICATION,
CHEMBL1200402,EFO_0000400,INDICATION,
CHEMBL1200402,EFO_0000537,INDICATION,
CHEMBL1200402,EFO_0000612,INDICATION,
CHEMBL1200402,EFO_0000712,INDICATION,
CHEMBL1200402,EFO_0001645,INDICATION,
CHEMBL1200402,EFO_0003144,INDICATION,
CHEMBL1200402,EFO_0003913,INDICATION,
CHEMBL1200402,EFO_0004911,INDICATION,
CHEMBL1200402,EFO_1000013,INDICATION,
CHEMBL1200402,MONDO_0001134,INDICATION,
CHEMBL1200402,MONDO_0005178,INDICATION,
CHEMBL1200402,MONDO_0021187,INDICATION,
CHEMBL1200402,Orphanet_79292,INDICATION,
CHEMBL1200406,EFO_0000400,CONTRAINDICATION,
CHEMBL1200406,EFO_0000537,CONTRAINDICATION,
CHEMBL1200406,EFO_0000612,CONTRAINDICATION,
CHEMBL1200406,EFO_0001645,CONTRAINDICATION,
CHEMBL1200406,EFO_0004274,CONTRAINDICATION,
CHEMBL1200406,EFO_0004888,INDICATION,
CHEMBL1200406,EFO_0005251,CONTRAINDICATION,
CHEMBL1200406,EFO_0005672,CONTRAINDICATION,
CHEMBL1200406,EFO_0006862,OFF_LABEL_USE,
CHEMBL1200406,EFO_0009189,CONTRAINDICATION,
CHEMBL1200406,EFO_0009314,CONTRAINDICATION,
CHEMBL1200406,EFO_1001069,CONTRAINDICATION,
CHEMBL1200406,MONDO_0000313,CONTRAINDICATION,
CHEMBL1200406,MONDO_0001744,CONTRAINDICATION,
CHEMBL1200406,MONDO_0004247,CONTRAINDICATION,
CHEMBL1200406,MONDO_0005271,INDICATION,
CHEMBL1200406,MONDO_0007079,CONTRAINDICATION,
CHEMBL1200409,EFO_0000400,INDICATION,
CHEMBL1200409,EFO_0000537,INDICATION,
CHEMBL1200409,EFO_0000546,INDICATION,
CHEMBL1200409,EFO_0001663,INDICATION,
CHEMBL1200409,EFO_0002618,INDICATION,
CHEMBL1200409,EFO_0002950,INDICATION,
CHEMBL1200409,EFO_0003843,INDICATION,
CHEMBL1200409,EFO_0007490,INDICATION,
CHEMBL1200409,EFO_0009552,INDICATION,
CHEMBL1200409,EFO_1001250,INDICATION,
CHEMBL1200409,EFO_1001898,INDICATION,
CHEMBL1200409,EFO_1001996,INDICATION,
CHEMBL1200409,MONDO_0002691,INDICATION,
CHEMBL1200409,MONDO_0004992,INDICATION,
CHEMBL1200409,MONDO_0005277,INDICATION,
CHEMBL1200410,EFO_0000519,INDICATION,
CHEMBL1200410,EFO_0000574,INDICATION,
CHEMBL1200410,EFO_0002499,INDICATION,
CHEMBL1200410,EFO_0003833,INDICATION,
CHEMBL1200410,EFO_1000158,INDICATION,
CHEMBL1200410,EFO_1001365,INDICATION,
CHEMBL1200410,MONDO_0009348,INDICATION,
CHEMBL1200411,EFO_0004270,INDICATION,
CHEMBL1200411,MONDO_0005180,INDICATION,
CHEMBL1200413,EFO_0000678,INDICATION,
CHEMBL1200413,MP_0001845,INDICATION,
CHEMBL1200418,EFO_0000319,INDICATION,
CHEMBL1200418,EFO_0000373,INDICATION,
CHEMBL1200419,MONDO_0005090,INDICATION,
CHEMBL1200420,EFO_0000274,INDICATION,
CHEMBL1200420,EFO_0000616,INDICATION,
CHEMBL1200420,EFO_0000618,INDICATION,
CHEMBL1200420,EFO_0000662,INDICATION,
CHEMBL1200420,EFO_0008526,INDICATION,
CHEMBL1200420,EFO_1001454,INDICATION,
CHEMBL1200420,EFO_1001884,INDICATION,
CHEMBL1200420,MONDO_0002009,INDICATION,
CHEMBL1200420,MONDO_0002050,INDICATION,
CHEMBL1200420,MONDO_0004985,INDICATION,
CHEMBL1200420,MONDO_0005148,INDICATION,
CHEMBL1200420,MONDO_0018076,INDICATION,
CHEMBL1200421,EFO_0003095,INDICATION,
CHEMBL1200430,EFO_1000096,INDICATION,
CHEMBL1200436,EFO_0000546,INDICATION,
CHEMBL1200436,EFO_0000616,INDICATION,
CHEMBL1200436,EFO_0001645,CONTRAINDICATION,
CHEMBL1200436,EFO_0003086,CONTRAINDICATION,
CHEMBL1200436,EFO_0003144,CONTRAINDICATION,
CHEMBL1200436,EFO_0004255,CONTRAINDICATION,
CHEMBL1200436,EFO_0007067,INDICATION,
CHEMBL1200436,EFO_0008572,INDICATION,
CHEMBL1200436,EFO_0009086,CONTRAINDICATION,
CHEMBL1200436,EFO_0009314,CONTRAINDICATION,
CHEMBL1200436,EFO_0009516,INDICATION,
CHEMBL1200436,EFO_1001006,INDICATION,
CHEMBL1200436,EFO_1001250,INDICATION,
CHEMBL1200436,EFO_1001387,CONTRAINDICATION,
CHEMBL1200436,MONDO_0001566,CONTRAINDICATION,
CHEMBL1200436,MONDO_0002277,CONTRAINDICATION,
CHEMBL1200436,MONDO_0019391,INDICATION,
CHEMBL1200436,MONDO_0019499,OFF_LABEL_USE,
CHEMBL1200436,MONDO_0021259,CONTRAINDICATION,
CHEMBL1200437,EFO_0001068,INDICATION,
CHEMBL1200438,EFO_0007543,INDICATION,
CHEMBL1200444,MONDO_0004979,INDICATION,
CHEMBL1200453,EFO_0000763,INDICATION,
CHEMBL1200453,EFO_1002022,INDICATION,
CHEMBL1200453,MONDO_0043653,INDICATION,
CHEMBL1200454,EFO_0000765,INDICATION,
CHEMBL1200454,EFO_1000811,INDICATION,
CHEMBL1200454,EFO_1001302,INDICATION,
CHEMBL1200454,MONDO_0002708,INDICATION,
CHEMBL1200455,EFO_0000616,INDICATION,
CHEMBL1200455,EFO_0000764,INDICATION,
CHEMBL1200455,EFO_0003086,INDICATION,
CHEMBL1200455,EFO_1001375,INDICATION,
CHEMBL1200455,MONDO_0007254,INDICATION,
CHEMBL1200455,MONDO_0010526,INDICATION,
CHEMBL1200458,EFO_0000537,CONTRAINDICATION,
CHEMBL1200458,EFO_0000612,CONTRAINDICATION,
CHEMBL1200458,EFO_0001645,CONTRAINDICATION,
CHEMBL1200458,EFO_0003086,CONTRAINDICATION,
CHEMBL1200458,EFO_0004253,INDICATION,
CHEMBL1200458,EFO_0005306,CONTRAINDICATION,
CHEMBL1200458,EFO_0009086,CONTRAINDICATION,
CHEMBL1200458,EFO_0009189,CONTRAINDICATION,
CHEMBL1200458,EFO_0009491,CONTRAINDICATION,
CHEMBL1200458,EFO_0009530,CONTRAINDICATION,
CHEMBL1200458,EFO_1000014,CONTRAINDICATION,
CHEMBL1200458,EFO_1000652,CONTRAINDICATION,
CHEMBL1200458,EFO_1000897,CONTRAINDICATION,
CHEMBL1200458,EFO_1000948,CONTRAINDICATION,
CHEMBL1200458,EFO_1001134,CONTRAINDICATION,
CHEMBL1200458,MONDO_0000440,CONTRAINDICATION,
CHEMBL1200458,MONDO_0000468,CONTRAINDICATION,
CHEMBL1200458,MONDO_0001343,CONTRAINDICATION,
CHEMBL1200458,MONDO_0001909,INDICATION,
CHEMBL1200458,MONDO_0002277,CONTRAINDICATION,
CHEMBL1200458,MONDO_0004247,CONTRAINDICATION,
CHEMBL1200458,MONDO_0008224,CONTRAINDICATION,
CHEMBL1200458,MONDO_0009067,OFF_LABEL_USE,
CHEMBL1200458,MONDO_0015129,CONTRAINDICATION,
CHEMBL1200458,MONDO_0044751,CONTRAINDICATION,
CHEMBL1200459,EFO_0003086,CONTRAINDICATION,
CHEMBL1200459,EFO_0003777,CONTRAINDICATION,
CHEMBL1200459,EFO_0004287,CONTRAINDICATION,
CHEMBL1200459,EFO_0009530,CONTRAINDICATION,
CHEMBL1200459,MONDO_0000313,OFF_LABEL_USE,
CHEMBL1200459,MONDO_0000328,CONTRAINDICATION,
CHEMBL1200459,MONDO_0001566,CONTRAINDICATION,
CHEMBL1200459,MONDO_0019338,CONTRAINDICATION,
CHEMBL1200459,MONDO_0024327,CONTRAINDICATION,
CHEMBL1200461,EFO_0000712,INDICATION,
CHEMBL1200461,EFO_0005252,INDICATION,
CHEMBL1200461,EFO_0006834,INDICATION,
CHEMBL1200467,EFO_0000701,INDICATION,
CHEMBL1200467,EFO_0004257,INDICATION,
CHEMBL1200467,EFO_0005531,INDICATION,
CHEMBL1200467,EFO_0006788,INDICATION,
CHEMBL1200468,EFO_0001067,INDICATION,
CHEMBL1200468,MONDO_0003472,INDICATION,
CHEMBL1200470,EFO_0003948,INDICATION,
CHEMBL1200470,EFO_0004607,INDICATION,
CHEMBL1200470,MONDO_0004247,INDICATION,
CHEMBL1200472,EFO_0003086,CONTRAINDICATION,
CHEMBL1200472,EFO_0003818,CONTRAINDICATION,
CHEMBL1200472,EFO_0003877,CONTRAINDICATION,
CHEMBL1200472,EFO_0004698,INDICATION,
CHEMBL1200472,MONDO_0002050,CONTRAINDICATION,
CHEMBL1200472,MONDO_0002491,CONTRAINDICATION,
CHEMBL1200472,MONDO_0037821,CONTRAINDICATION,
CHEMBL1200474,EFO_0000544,INDICATION,
CHEMBL1200474,EFO_0003102,INDICATION,
CHEMBL1200475,EFO_0000565,INDICATION,
CHEMBL1200475,EFO_0000691,INDICATION,
CHEMBL1200475,MONDO_0007254,INDICATION,
CHEMBL1200477,EFO_1001793,INDICATION,
CHEMBL1200479,EFO_0000555,INDICATION,
CHEMBL1200480,EFO_0000574,INDICATION,
CHEMBL1200480,EFO_0000616,INDICATION,
CHEMBL1200480,EFO_0001073,INDICATION,
CHEMBL1200480,EFO_0002626,INDICATION,
CHEMBL1200480,EFO_0003770,INDICATION,
CHEMBL1200480,EFO_0004243,INDICATION,
CHEMBL1200480,EFO_0009708,INDICATION,
CHEMBL1200480,EFO_1000852,INDICATION,
CHEMBL1200480,EFO_1001485,INDICATION,
CHEMBL1200480,EFO_1001901,INDICATION,
CHEMBL1200480,EFO_1001951,INDICATION,
CHEMBL1200480,EFO_1002048,INDICATION,
CHEMBL1200480,MONDO_0002691,INDICATION,
CHEMBL1200480,MONDO_0004565,INDICATION,
CHEMBL1200480,MONDO_0007254,INDICATION,
CHEMBL1200480,MONDO_0008300,INDICATION,
CHEMBL1200480,MONDO_0008315,INDICATION,
CHEMBL1200480,MONDO_0017182,INDICATION,
CHEMBL1200480,MONDO_0017611,INDICATION,
CHEMBL1200480,MONDO_0043579,INDICATION,
CHEMBL1200482,EFO_0003102,INDICATION,
CHEMBL1200485,EFO_0000095,INDICATION,
CHEMBL1200485,EFO_0000182,INDICATION,
CHEMBL1200485,EFO_0000220,INDICATION,
CHEMBL1200485,EFO_0000222,INDICATION,
CHEMBL1200485,EFO_0000224,INDICATION,
CHEMBL1200485,EFO_0000335,INDICATION,
CHEMBL1200485,EFO_0000349,INDICATION,
CHEMBL1200485,EFO_0000365,INDICATION,
CHEMBL1200485,EFO_0000389,INDICATION,
CHEMBL1200485,EFO_0000403,INDICATION,
CHEMBL1200485,EFO_0000501,INDICATION,
CHEMBL1200485,EFO_0000519,INDICATION,
CHEMBL1200485,EFO_0000588,INDICATION,
CHEMBL1200485,EFO_0000616,INDICATION,
CHEMBL1200485,EFO_0000637,INDICATION,
CHEMBL1200485,EFO_0000640,INDICATION,
CHEMBL1200485,EFO_0000641,INDICATION,
CHEMBL1200485,EFO_0000673,INDICATION,
CHEMBL1200485,EFO_0000681,INDICATION,
CHEMBL1200485,EFO_0000691,INDICATION,
CHEMBL1200485,EFO_0000702,INDICATION,
CHEMBL1200485,EFO_0000756,INDICATION,
CHEMBL1200485,EFO_0001378,INDICATION,
CHEMBL1200485,EFO_0002499,INDICATION,
CHEMBL1200485,EFO_0002501,INDICATION,
CHEMBL1200485,EFO_0002618,INDICATION,
CHEMBL1200485,EFO_0002892,INDICATION,
CHEMBL1200485,EFO_0002938,INDICATION,
CHEMBL1200485,EFO_0003032,INDICATION,
CHEMBL1200485,EFO_0003060,INDICATION,
CHEMBL1200485,EFO_0003833,INDICATION,
CHEMBL1200485,EFO_0003871,INDICATION,
CHEMBL1200485,EFO_0006352,INDICATION,
CHEMBL1200485,EFO_0006861,INDICATION,
CHEMBL1200485,EFO_0007535,INDICATION,
CHEMBL1200485,EFO_0009907,INDICATION,
CHEMBL1200485,EFO_1000158,INDICATION,
CHEMBL1200485,EFO_1000613,INDICATION,
CHEMBL1200485,EFO_1000657,INDICATION,
CHEMBL1200485,EFO_1001052,INDICATION,
CHEMBL1200485,EFO_1001465,INDICATION,
CHEMBL1200485,EFO_1001469,INDICATION,
CHEMBL1200485,EFO_1001951,INDICATION,
CHEMBL1200485,EFO_1001968,INDICATION,
CHEMBL1200485,MONDO_0001187,INDICATION,
CHEMBL1200485,MONDO_0002087,INDICATION,
CHEMBL1200485,MONDO_0002108,INDICATION,
CHEMBL1200485,MONDO_0002158,INDICATION,
CHEMBL1200485,MONDO_0002367,INDICATION,
CHEMBL1200485,MONDO_0002691,INDICATION,
CHEMBL1200485,MONDO_0004192,INDICATION,
CHEMBL1200485,MONDO_0004986,INDICATION,
CHEMBL1200485,MONDO_0004992,INDICATION,
CHEMBL1200485,MONDO_0007254,INDICATION,
CHEMBL1200485,MONDO_0008170,INDICATION,
CHEMBL1200485,MONDO_0008315,INDICATION,
CHEMBL1200485,MONDO_0008903,INDICATION,
CHEMBL1200485,MONDO_0011719,INDICATION,
CHEMBL1200485,MONDO_0021063,INDICATION,
CHEMBL1200485,MONDO_0044926,INDICATION,
CHEMBL1200485,MONDO_0044937,INDICATION,
CHEMBL1200490,EFO_0000284,INDICATION,
CHEMBL1200490,EFO_0000545,INDICATION,
CHEMBL1200490,EFO_0000660,INDICATION,
CHEMBL1200490,EFO_0000685,INDICATION,
CHEMBL1200490,EFO_0001065,INDICATION,
CHEMBL1200490,MONDO_0011972,INDICATION,
CHEMBL1200491,EFO_0007141,INDICATION,
CHEMBL1200492,MONDO_0002009,INDICATION,
CHEMBL1200493,EFO_0007510,INDICATION,
CHEMBL1200493,EFO_0007512,INDICATION,
CHEMBL1200494,EFO_0000537,INDICATION,
CHEMBL1200494,EFO_0003888,INDICATION,
CHEMBL1200495,EFO_0000220,INDICATION,
CHEMBL1200495,EFO_0000309,INDICATION,
CHEMBL1200495,EFO_0000403,INDICATION,
CHEMBL1200495,EFO_0000565,INDICATION,
CHEMBL1200495,EFO_0003032,INDICATION,
CHEMBL1200495,EFO_0006834,INDICATION,
CHEMBL1200495,MONDO_0000870,INDICATION,
CHEMBL1200495,MONDO_0004979,INDICATION,
CHEMBL1200498,EFO_0000771,INDICATION,
CHEMBL1200500,EFO_0000341,INDICATION,
CHEMBL1200500,EFO_0000544,INDICATION,
CHEMBL1200500,EFO_0000702,INDICATION,
CHEMBL1200500,EFO_0000768,INDICATION,
CHEMBL1200500,EFO_0000771,CONTRAINDICATION,
CHEMBL1200500,EFO_0003956,INDICATION,
CHEMBL1200500,EFO_0004232,INDICATION,
CHEMBL1200500,EFO_0004599,INDICATION,
CHEMBL1200500,EFO_0005854,INDICATION,
CHEMBL1200500,EFO_0006509,CONTRAINDICATION,
CHEMBL1200500,EFO_0007227,INDICATION,
CHEMBL1200500,EFO_0007308,CONTRAINDICATION,
CHEMBL1200500,EFO_0007486,INDICATION,
CHEMBL1200500,EFO_0007533,INDICATION,
CHEMBL1200500,EFO_0008521,INDICATION,
CHEMBL1200500,EFO_0009491,CONTRAINDICATION,
CHEMBL1200500,EFO_1000391,INDICATION,
CHEMBL1200500,EFO_1000644,INDICATION,
CHEMBL1200500,EFO_1000702,INDICATION,
CHEMBL1200500,EFO_1001069,CONTRAINDICATION,
CHEMBL1200500,EFO_1001417,INDICATION,
CHEMBL1200500,EFO_1002025,CONTRAINDICATION,
CHEMBL1200500,MONDO_0002041,CONTRAINDICATION,
CHEMBL1200500,MONDO_0004979,INDICATION,
CHEMBL1200500,MONDO_0005041,CONTRAINDICATION,
CHEMBL1200500,MONDO_0013730,INDICATION,
CHEMBL1200500,MONDO_0019091,INDICATION,
CHEMBL1200500,MONDO_0020547,INDICATION,
CHEMBL1200500,MONDO_0020590,CONTRAINDICATION,
CHEMBL1200500,MONDO_0043579,INDICATION,
CHEMBL1200500,MONDO_0100096,INDICATION,
CHEMBL1200501,EFO_0000195,INDICATION,
CHEMBL1200501,EFO_0000305,INDICATION,
CHEMBL1200501,EFO_0000313,INDICATION,
CHEMBL1200501,EFO_0000545,INDICATION,
CHEMBL1200501,EFO_0000673,INDICATION,
CHEMBL1200501,EFO_0001663,INDICATION,
CHEMBL1200501,EFO_0006861,INDICATION,
CHEMBL1200501,MONDO_0000521,INDICATION,
CHEMBL1200501,MONDO_0002087,INDICATION,
CHEMBL1200501,MONDO_0002158,INDICATION,
CHEMBL1200501,MONDO_0007254,INDICATION,
CHEMBL1200501,MONDO_0008170,INDICATION,
CHEMBL1200501,MONDO_0008315,INDICATION,
CHEMBL1200503,EFO_0000232,INDICATION,
CHEMBL1200503,EFO_0000545,INDICATION,
CHEMBL1200503,EFO_0007319,INDICATION,
CHEMBL1200503,EFO_1001485,INDICATION,
CHEMBL1200503,MONDO_0002146,INDICATION,
CHEMBL1200503,MONDO_0005148,INDICATION,
CHEMBL1200503,MONDO_0005180,INDICATION,
CHEMBL1200506,EFO_0000544,INDICATION,
CHEMBL1200506,EFO_0003102,INDICATION,
CHEMBL1200506,MONDO_0005147,INDICATION,
CHEMBL1200507,EFO_0006859,INDICATION,
CHEMBL1200509,EFO_0000673,INDICATION,
CHEMBL1200509,MONDO_0008315,INDICATION,
CHEMBL1200511,EFO_0000196,INDICATION,
CHEMBL1200511,EFO_0000512,INDICATION,
CHEMBL1200511,EFO_0000545,INDICATION,
CHEMBL1200511,EFO_0000673,INDICATION,
CHEMBL1200511,EFO_0001663,INDICATION,
CHEMBL1200511,MONDO_0002146,INDICATION,
CHEMBL1200511,MONDO_0007254,INDICATION,
CHEMBL1200511,MONDO_0008315,INDICATION,
CHEMBL1200511,MONDO_0018555,INDICATION,
CHEMBL1200511,MONDO_0018800,INDICATION,
CHEMBL1200515,EFO_0000400,CONTRAINDICATION,
CHEMBL1200515,EFO_0000537,INDICATION,
CHEMBL1200515,EFO_0001422,CONTRAINDICATION,
CHEMBL1200515,EFO_0004274,CONTRAINDICATION,
CHEMBL1200515,EFO_0008506,CONTRAINDICATION,
CHEMBL1200515,EFO_0009530,CONTRAINDICATION,
CHEMBL1200515,EFO_1000652,CONTRAINDICATION,
CHEMBL1200515,MONDO_0001343,CONTRAINDICATION,
CHEMBL1200515,MONDO_0001566,CONTRAINDICATION,
CHEMBL1200515,MONDO_0007915,CONTRAINDICATION,
CHEMBL1200515,MONDO_0018100,CONTRAINDICATION,
CHEMBL1200517,MONDO_0005277,INDICATION,
CHEMBL1200521,MONDO_0005277,INDICATION,
CHEMBL1200522,EFO_0003958,INDICATION,
CHEMBL1200522,EFO_0003963,INDICATION,
CHEMBL1200522,MONDO_0002898,INDICATION,
CHEMBL1200523,EFO_0000465,INDICATION,
CHEMBL1200523,EFO_0000544,INDICATION,
CHEMBL1200523,EFO_0000616,INDICATION,
CHEMBL1200523,EFO_0003035,INDICATION,
CHEMBL1200523,EFO_0003830,INDICATION,
CHEMBL1200530,EFO_0000544,INDICATION,
CHEMBL1200530,EFO_0003106,INDICATION,
CHEMBL1200534,EFO_0000537,INDICATION,
CHEMBL1200535,EFO_0000612,INDICATION,
CHEMBL1200535,EFO_0001645,INDICATION,
CHEMBL1200538,EFO_0000729,INDICATION,
CHEMBL1200538,EFO_0004255,INDICATION,
CHEMBL1200538,EFO_1001222,INDICATION,
CHEMBL1200538,EFO_1001434,INDICATION,
CHEMBL1200538,MONDO_0002280,INDICATION,
CHEMBL1200538,MONDO_0002406,INDICATION,
CHEMBL1200538,MONDO_0004979,INDICATION,
CHEMBL1200538,MONDO_0005178,INDICATION,
CHEMBL1200539,EFO_0000180,INDICATION,
CHEMBL1200539,EFO_0000275,INDICATION,
CHEMBL1200539,EFO_0000401,INDICATION,
CHEMBL1200539,EFO_0000764,INDICATION,
CHEMBL1200539,EFO_0001073,INDICATION,
CHEMBL1200539,EFO_0001422,INDICATION,
CHEMBL1200539,EFO_0002609,INDICATION,
CHEMBL1200539,EFO_0003762,INDICATION,
CHEMBL1200539,EFO_0003819,INDICATION,
CHEMBL1200539,EFO_0003854,INDICATION,
CHEMBL1200539,EFO_0003869,INDICATION,
CHEMBL1200539,EFO_0003882,INDICATION,
CHEMBL1200539,EFO_0003884,INDICATION,
CHEMBL1200539,EFO_0003957,INDICATION,
CHEMBL1200539,EFO_0004272,INDICATION,
CHEMBL1200539,EFO_0004288,INDICATION,
CHEMBL1200539,EFO_0005952,INDICATION,
CHEMBL1200539,EFO_0008533,INDICATION,
CHEMBL1200539,EFO_0009451,INDICATION,
CHEMBL1200539,EFO_1001152,INDICATION,
CHEMBL1200539,MONDO_0004992,INDICATION,
CHEMBL1200539,MONDO_0007079,INDICATION,
CHEMBL1200539,Orphanet_733,INDICATION,
CHEMBL1200544,EFO_0000222,INDICATION,
CHEMBL1200544,EFO_0000274,INDICATION,
CHEMBL1200544,EFO_0000544,INDICATION,
CHEMBL1200544,EFO_0000701,INDICATION,
CHEMBL1200544,EFO_0000771,INDICATION,
CHEMBL1200544,EFO_0003035,INDICATION,
CHEMBL1200544,EFO_0003103,INDICATION,
CHEMBL1200544,EFO_0003830,INDICATION,
CHEMBL1200544,EFO_0004992,INDICATION,
CHEMBL1200544,EFO_0005681,INDICATION,
CHEMBL1200544,EFO_0009582,INDICATION,
CHEMBL1200544,EFO_1000781,INDICATION,
CHEMBL1200544,MONDO_0001187,INDICATION,
CHEMBL1200544,MONDO_0007254,INDICATION,
CHEMBL1200544,MONDO_0009061,INDICATION,
CHEMBL1200544,MONDO_0018076,INDICATION,
CHEMBL1200544,MONDO_0024355,INDICATION,
CHEMBL1200545,EFO_0000701,INDICATION,
CHEMBL1200553,EFO_0006887,INDICATION,
CHEMBL1200554,EFO_0000196,INDICATION,
CHEMBL1200554,EFO_0000673,INDICATION,
CHEMBL1200554,EFO_0001065,INDICATION,
CHEMBL1200554,EFO_0001663,INDICATION,
CHEMBL1200554,EFO_0009029,INDICATION,
CHEMBL1200554,MONDO_0000088,INDICATION,
CHEMBL1200554,MONDO_0007254,INDICATION,
CHEMBL1200554,MONDO_0008315,INDICATION,
CHEMBL1200556,EFO_0000537,INDICATION,
CHEMBL1200556,EFO_0005669,INDICATION,
CHEMBL1200556,EFO_0009505,INDICATION,
CHEMBL1200556,MONDO_0004782,INDICATION,
CHEMBL1200556,MONDO_0024290,INDICATION,
CHEMBL1200556,MONDO_0024574,INDICATION,
CHEMBL1200556,MP_0001914,INDICATION,
CHEMBL1200557,EFO_0001070,INDICATION,
CHEMBL1200557,EFO_0004272,INDICATION,
CHEMBL1200558,EFO_0000400,CONTRAINDICATION,
CHEMBL1200558,EFO_0000474,CONTRAINDICATION,
CHEMBL1200558,EFO_0000544,INDICATION,
CHEMBL1200558,EFO_0000771,INDICATION,
CHEMBL1200558,EFO_0003086,CONTRAINDICATION,
CHEMBL1200558,EFO_0003102,INDICATION,
CHEMBL1200558,EFO_0003106,INDICATION,
CHEMBL1200558,EFO_0003875,CONTRAINDICATION,
CHEMBL1200558,EFO_0004190,CONTRAINDICATION,
CHEMBL1200558,EFO_0004269,INDICATION,
CHEMBL1200558,EFO_0004991,CONTRAINDICATION,
CHEMBL1200558,EFO_0007308,CONTRAINDICATION,
CHEMBL1200558,EFO_0009449,INDICATION,
CHEMBL1200558,EFO_0009481,INDICATION,
CHEMBL1200558,EFO_0009491,CONTRAINDICATION,
CHEMBL1200558,EFO_0009516,INDICATION,
CHEMBL1200558,EFO_1000766,CONTRAINDICATION,
CHEMBL1200558,EFO_1000829,OFF_LABEL_USE,
CHEMBL1200558,EFO_1001069,CONTRAINDICATION,
CHEMBL1200558,EFO_1001070,CONTRAINDICATION,
CHEMBL1200558,EFO_1001888,CONTRAINDICATION,
CHEMBL1200558,MONDO_0001576,CONTRAINDICATION,
CHEMBL1200558,MONDO_0002307,INDICATION,
CHEMBL1200558,MONDO_0004577,OFF_LABEL_USE,
CHEMBL1200558,MONDO_0020944,CONTRAINDICATION,
CHEMBL1200558,MONDO_0020950,CONTRAINDICATION,
CHEMBL1200558,MONDO_0043885,CONTRAINDICATION,
CHEMBL1200558,MP_0001845,INDICATION,
CHEMBL1200559,EFO_0003843,INDICATION,
CHEMBL1200561,EFO_0000284,INDICATION,
CHEMBL1200561,EFO_0000537,INDICATION,
CHEMBL1200561,EFO_0000612,INDICATION,
CHEMBL1200569,EFO_0001421,INDICATION,
CHEMBL1200569,EFO_0003843,INDICATION,
CHEMBL1200569,EFO_0003917,INDICATION,
CHEMBL1200569,EFO_1001158,INDICATION,
CHEMBL1200569,MONDO_0004567,INDICATION,
CHEMBL1200569,MONDO_0005299,INDICATION,
CHEMBL1200570,EFO_0007379,INDICATION,
CHEMBL1200570,EFO_1000014,INDICATION,
CHEMBL1200572,EFO_0011023,INDICATION,
CHEMBL1200572,EFO_1001121,INDICATION,
CHEMBL1200572,MONDO_0005148,INDICATION,
CHEMBL1200572,Orphanet_758,INDICATION,
CHEMBL1200574,EFO_0000180,INDICATION,
CHEMBL1200574,EFO_0000182,INDICATION,
CHEMBL1200574,EFO_0000183,INDICATION,
CHEMBL1200574,EFO_0000198,INDICATION,
CHEMBL1200574,EFO_0000222,INDICATION,
CHEMBL1200574,EFO_0000275,INDICATION,
CHEMBL1200574,EFO_0000284,INDICATION,
CHEMBL1200574,EFO_0000319,INDICATION,
CHEMBL1200574,EFO_0000341,INDICATION,
CHEMBL1200574,EFO_0000373,INDICATION,
CHEMBL1200574,EFO_0000384,INDICATION,
CHEMBL1200574,EFO_0000389,INDICATION,
CHEMBL1200574,EFO_0000400,INDICATION,
CHEMBL1200574,EFO_0000407,INDICATION,
CHEMBL1200574,EFO_0000519,INDICATION,
CHEMBL1200574,EFO_0000537,INDICATION,
CHEMBL1200574,EFO_0000544,INDICATION,
CHEMBL1200574,EFO_0000545,INDICATION,
CHEMBL1200574,EFO_0000546,INDICATION,
CHEMBL1200574,EFO_0000556,INDICATION,
CHEMBL1200574,EFO_0000612,INDICATION,
CHEMBL1200574,EFO_0000616,INDICATION,
CHEMBL1200574,EFO_0000649,INDICATION,
CHEMBL1200574,EFO_0000662,INDICATION,
CHEMBL1200574,EFO_0000668,INDICATION,
CHEMBL1200574,EFO_0000676,INDICATION,
CHEMBL1200574,EFO_0000684,INDICATION,
CHEMBL1200574,EFO_0000685,INDICATION,
CHEMBL1200574,EFO_0000694,INDICATION,
CHEMBL1200574,EFO_0000699,INDICATION,
CHEMBL1200574,EFO_0000701,INDICATION,
CHEMBL1200574,EFO_0000702,INDICATION,
CHEMBL1200574,EFO_0000712,INDICATION,
CHEMBL1200574,EFO_0000713,INDICATION,
CHEMBL1200574,EFO_0000717,INDICATION,
CHEMBL1200574,EFO_0000729,INDICATION,
CHEMBL1200574,EFO_0000731,INDICATION,
CHEMBL1200574,EFO_0000756,INDICATION,
CHEMBL1200574,EFO_0000763,INDICATION,
CHEMBL1200574,EFO_0000764,INDICATION,
CHEMBL1200574,EFO_0000765,INDICATION,
CHEMBL1200574,EFO_0000771,INDICATION,
CHEMBL1200574,EFO_0000772,INDICATION,
CHEMBL1200574,EFO_0001064,INDICATION,
CHEMBL1200574,EFO_0001068,INDICATION,
CHEMBL1200574,EFO_0001069,INDICATION,
CHEMBL1200574,EFO_0001073,INDICATION,
CHEMBL1200574,EFO_0001074,INDICATION,
CHEMBL1200574,EFO_0001076,INDICATION,
CHEMBL1200574,EFO_0001358,INDICATION,
CHEMBL1200574,EFO_0001365,INDICATION,
CHEMBL1200574,EFO_0001422,INDICATION,
CHEMBL1200574,EFO_0001645,INDICATION,
CHEMBL1200574,EFO_0001666,INDICATION,
CHEMBL1200574,EFO_0002610,INDICATION,
CHEMBL1200574,EFO_0002614,INDICATION,
CHEMBL1200574,EFO_0002618,INDICATION,
CHEMBL1200574,EFO_0002687,INDICATION,
CHEMBL1200574,EFO_0003030,INDICATION,
CHEMBL1200574,EFO_0003047,INDICATION,
CHEMBL1200574,EFO_0003060,INDICATION,
CHEMBL1200574,EFO_0003086,INDICATION,
CHEMBL1200574,EFO_0003106,INDICATION,
CHEMBL1200574,EFO_0003144,INDICATION,
CHEMBL1200574,EFO_0003756,INDICATION,
CHEMBL1200574,EFO_0003768,INDICATION,
CHEMBL1200574,EFO_0003777,INDICATION,
CHEMBL1200574,EFO_0003818,INDICATION,
CHEMBL1200574,EFO_0003819,INDICATION,
CHEMBL1200574,EFO_0003833,INDICATION,
CHEMBL1200574,EFO_0003843,INDICATION,
CHEMBL1200574,EFO_0003876,INDICATION,
CHEMBL1200574,EFO_0003884,INDICATION,
CHEMBL1200574,EFO_0003890,INDICATION,
CHEMBL1200574,EFO_0003894,INDICATION,
CHEMBL1200574,EFO_0003929,INDICATION,
CHEMBL1200574,EFO_0003931,INDICATION,
CHEMBL1200574,EFO_0003932,INDICATION,
CHEMBL1200574,EFO_0003958,INDICATION,
CHEMBL1200574,EFO_0003964,INDICATION,
CHEMBL1200574,EFO_0003966,INDICATION,
CHEMBL1200574,EFO_0004143,INDICATION,
CHEMBL1200574,EFO_0004190,INDICATION,
CHEMBL1200574,EFO_0004197,INDICATION,
CHEMBL1200574,EFO_0004209,INDICATION,
CHEMBL1200574,EFO_0004227,INDICATION,
CHEMBL1200574,EFO_0004229,INDICATION,
CHEMBL1200574,EFO_0004232,INDICATION,
CHEMBL1200574,EFO_0004234,INDICATION,
CHEMBL1200574,EFO_0004239,INDICATION,
CHEMBL1200574,EFO_0004242,INDICATION,
CHEMBL1200574,EFO_0004244,INDICATION,
CHEMBL1200574,EFO_0004248,INDICATION,
CHEMBL1200574,EFO_0004252,INDICATION,
CHEMBL1200574,EFO_0004265,INDICATION,
CHEMBL1200574,EFO_0004269,INDICATION,
CHEMBL1200574,EFO_0004270,INDICATION,
CHEMBL1200574,EFO_0004272,INDICATION,
CHEMBL1200574,EFO_0004273,INDICATION,
CHEMBL1200574,EFO_0004278,INDICATION,
CHEMBL1200574,EFO_0004282,INDICATION,
CHEMBL1200574,EFO_0004288,INDICATION,
CHEMBL1200574,EFO_0004319,INDICATION,
CHEMBL1200574,EFO_0004320,INDICATION,
CHEMBL1200574,EFO_0004321,INDICATION,
CHEMBL1200574,EFO_0004599,INDICATION,
CHEMBL1200574,EFO_0004610,INDICATION,
CHEMBL1200574,EFO_0004616,INDICATION,
CHEMBL1200574,EFO_0004888,INDICATION,
CHEMBL1200574,EFO_0004991,INDICATION,
CHEMBL1200574,EFO_0004994,INDICATION,
CHEMBL1200574,EFO_0005226,INDICATION,
CHEMBL1200574,EFO_0005230,INDICATION,
CHEMBL1200574,EFO_0005251,INDICATION,
CHEMBL1200574,EFO_0005306,INDICATION,
CHEMBL1200574,EFO_0005323,INDICATION,
CHEMBL1200574,EFO_0005531,INDICATION,
CHEMBL1200574,EFO_0005532,INDICATION,
CHEMBL1200574,EFO_0005547,INDICATION,
CHEMBL1200574,EFO_0005549,INDICATION,
CHEMBL1200574,EFO_0005585,INDICATION,
CHEMBL1200574,EFO_0005611,INDICATION,
CHEMBL1200574,EFO_0005669,INDICATION,
CHEMBL1200574,EFO_0005687,INDICATION,
CHEMBL1200574,EFO_0005754,INDICATION,
CHEMBL1200574,EFO_0005762,INDICATION,
CHEMBL1200574,EFO_0005799,INDICATION,
CHEMBL1200574,EFO_0005854,INDICATION,
CHEMBL1200574,EFO_0006346,INDICATION,
CHEMBL1200574,EFO_0006510,INDICATION,
CHEMBL1200574,EFO_0006834,INDICATION,
CHEMBL1200574,EFO_0006859,INDICATION,
CHEMBL1200574,EFO_0006911,INDICATION,
CHEMBL1200574,EFO_0007141,INDICATION,
CHEMBL1200574,EFO_0007149,INDICATION,
CHEMBL1200574,EFO_0007214,INDICATION,
CHEMBL1200574,EFO_0007243,INDICATION,
CHEMBL1200574,EFO_0007282,INDICATION,
CHEMBL1200574,EFO_0007328,INDICATION,
CHEMBL1200574,EFO_0007332,INDICATION,
CHEMBL1200574,EFO_0007411,INDICATION,
CHEMBL1200574,EFO_0007415,INDICATION,
CHEMBL1200574,EFO_0007440,INDICATION,
CHEMBL1200574,EFO_0007454,INDICATION,
CHEMBL1200574,EFO_0007475,INDICATION,
CHEMBL1200574,EFO_0007486,INDICATION,
CHEMBL1200574,EFO_0007541,INDICATION,
CHEMBL1200574,EFO_0008507,INDICATION,
CHEMBL1200574,EFO_0008510,INDICATION,
CHEMBL1200574,EFO_0008518,INDICATION,
CHEMBL1200574,EFO_0008521,INDICATION,
CHEMBL1200574,EFO_0008522,INDICATION,
CHEMBL1200574,EFO_0008528,INDICATION,
CHEMBL1200574,EFO_0008583,INDICATION,
CHEMBL1200574,EFO_0008586,INDICATION,
CHEMBL1200574,EFO_0008590,INDICATION,
CHEMBL1200574,EFO_0009130,INDICATION,
CHEMBL1200574,EFO_0009267,INDICATION,
CHEMBL1200574,EFO_0009314,INDICATION,
CHEMBL1200574,EFO_0009364,INDICATION,
CHEMBL1200574,EFO_0009444,INDICATION,
CHEMBL1200574,EFO_0009492,INDICATION,
CHEMBL1200574,EFO_0009516,INDICATION,
CHEMBL1200574,EFO_0009550,INDICATION,
CHEMBL1200574,EFO_0009579,INDICATION,
CHEMBL1200574,EFO_0009606,INDICATION,
CHEMBL1200574,EFO_0009609,INDICATION,
CHEMBL1200574,EFO_0009619,INDICATION,
CHEMBL1200574,EFO_0009620,INDICATION,
CHEMBL1200574,EFO_0009637,INDICATION,
CHEMBL1200574,EFO_0009662,INDICATION,
CHEMBL1200574,EFO_0009686,INDICATION,
CHEMBL1200574,EFO_0009840,INDICATION,
CHEMBL1200574,EFO_0009869,INDICATION,
CHEMBL1200574,EFO_0009907,INDICATION,
CHEMBL1200574,EFO_0010282,INDICATION,
CHEMBL1200574,EFO_0011023,INDICATION,
CHEMBL1200574,EFO_1000350,INDICATION,
CHEMBL1200574,EFO_1000637,INDICATION,
CHEMBL1200574,EFO_1000657,INDICATION,
CHEMBL1200574,EFO_1000668,INDICATION,
CHEMBL1200574,EFO_1000710,INDICATION,
CHEMBL1200574,EFO_1000760,INDICATION,
CHEMBL1200574,EFO_1000783,INDICATION,
CHEMBL1200574,EFO_1000786,INDICATION,
CHEMBL1200574,EFO_1000794,INDICATION,
CHEMBL1200574,EFO_1000845,INDICATION,
CHEMBL1200574,EFO_1000874,INDICATION,
CHEMBL1200574,EFO_1000879,INDICATION,
CHEMBL1200574,EFO_1000880,INDICATION,
CHEMBL1200574,EFO_1000897,INDICATION,
CHEMBL1200574,EFO_1000906,INDICATION,
CHEMBL1200574,EFO_1000941,INDICATION,
CHEMBL1200574,EFO_1001051,INDICATION,
CHEMBL1200574,EFO_1001060,INDICATION,
CHEMBL1200574,EFO_1001068,INDICATION,
CHEMBL1200574,EFO_1001097,INDICATION,
CHEMBL1200574,EFO_1001103,INDICATION,
CHEMBL1200574,EFO_1001121,INDICATION,
CHEMBL1200574,EFO_1001134,INDICATION,
CHEMBL1200574,EFO_1001139,INDICATION,
CHEMBL1200574,EFO_1001141,INDICATION,
CHEMBL1200574,EFO_1001145,INDICATION,
CHEMBL1200574,EFO_1001209,INDICATION,
CHEMBL1200574,EFO_1001267,INDICATION,
CHEMBL1200574,EFO_1001289,INDICATION,
CHEMBL1200574,EFO_1001373,INDICATION,
CHEMBL1200574,EFO_1001375,INDICATION,
CHEMBL1200574,EFO_1001412,INDICATION,
CHEMBL1200574,EFO_1001413,INDICATION,
CHEMBL1200574,EFO_1001434,INDICATION,
CHEMBL1200574,EFO_1001459,INDICATION,
CHEMBL1200574,EFO_1001463,INDICATION,
CHEMBL1200574,EFO_1001466,INDICATION,
CHEMBL1200574,EFO_1001474,INDICATION,
CHEMBL1200574,EFO_1001476,INDICATION,
CHEMBL1200574,EFO_1001485,INDICATION,
CHEMBL1200574,EFO_1001494,INDICATION,
CHEMBL1200574,EFO_1001496,INDICATION,
CHEMBL1200574,EFO_1001518,INDICATION,
CHEMBL1200574,EFO_1001753,INDICATION,
CHEMBL1200574,EFO_1001780,INDICATION,
CHEMBL1200574,EFO_1001887,INDICATION,
CHEMBL1200574,EFO_1001896,INDICATION,
CHEMBL1200574,EFO_1001904,INDICATION,
CHEMBL1200574,EFO_1001909,INDICATION,
CHEMBL1200574,EFO_1001917,INDICATION,
CHEMBL1200574,EFO_1001919,INDICATION,
CHEMBL1200574,EFO_1001923,INDICATION,
CHEMBL1200574,EFO_1001993,INDICATION,
CHEMBL1200574,EFO_1002000,INDICATION,
CHEMBL1200574,EFO_1002048,INDICATION,
CHEMBL1200574,MONDO_0001134,INDICATION,
CHEMBL1200574,MONDO_0001572,INDICATION,
CHEMBL1200574,MONDO_0002009,INDICATION,
CHEMBL1200574,MONDO_0002050,INDICATION,
CHEMBL1200574,MONDO_0002070,INDICATION,
CHEMBL1200574,MONDO_0002146,INDICATION,
CHEMBL1200574,MONDO_0002282,INDICATION,
CHEMBL1200574,MONDO_0002363,INDICATION,
CHEMBL1200574,MONDO_0002471,INDICATION,
CHEMBL1200574,MONDO_0002491,INDICATION,
CHEMBL1200574,MONDO_0002635,INDICATION,
CHEMBL1200574,MONDO_0002691,INDICATION,
CHEMBL1200574,MONDO_0003037,INDICATION,
CHEMBL1200574,MONDO_0003544,INDICATION,
CHEMBL1200574,MONDO_0004001,INDICATION,
CHEMBL1200574,MONDO_0004567,INDICATION,
CHEMBL1200574,MONDO_0004857,INDICATION,
CHEMBL1200574,MONDO_0004907,INDICATION,
CHEMBL1200574,MONDO_0004975,INDICATION,
CHEMBL1200574,MONDO_0004976,INDICATION,
CHEMBL1200574,MONDO_0004979,INDICATION,
CHEMBL1200574,MONDO_0004985,INDICATION,
CHEMBL1200574,MONDO_0004992,INDICATION,
CHEMBL1200574,MONDO_0005041,INDICATION,
CHEMBL1200574,MONDO_0005090,INDICATION,
CHEMBL1200574,MONDO_0005129,INDICATION,
CHEMBL1200574,MONDO_0005147,INDICATION,
CHEMBL1200574,MONDO_0005148,INDICATION,
CHEMBL1200574,MONDO_0005149,INDICATION,
CHEMBL1200574,MONDO_0005178,INDICATION,
CHEMBL1200574,MONDO_0005180,INDICATION,
CHEMBL1200574,MONDO_0005271,INDICATION,
CHEMBL1200574,MONDO_0005301,INDICATION,
CHEMBL1200574,MONDO_0007079,INDICATION,
CHEMBL1200574,MONDO_0007254,INDICATION,
CHEMBL1200574,MONDO_0007571,INDICATION,
CHEMBL1200574,MONDO_0008170,INDICATION,
CHEMBL1200574,MONDO_0008300,INDICATION,
CHEMBL1200574,MONDO_0008315,INDICATION,
CHEMBL1200574,MONDO_0008903,INDICATION,
CHEMBL1200574,MONDO_0009061,INDICATION,
CHEMBL1200574,MONDO_0009661,INDICATION,
CHEMBL1200574,MONDO_0010674,INDICATION,
CHEMBL1200574,MONDO_0010679,INDICATION,
CHEMBL1200574,MONDO_0011382,INDICATION,
CHEMBL1200574,MONDO_0011972,INDICATION,
CHEMBL1200574,MONDO_0013730,INDICATION,
CHEMBL1200574,MONDO_0016575,INDICATION,
CHEMBL1200574,MONDO_0017147,INDICATION,
CHEMBL1200574,MONDO_0017276,INDICATION,
CHEMBL1200574,MONDO_0018076,INDICATION,
CHEMBL1200574,MONDO_0018088,INDICATION,
CHEMBL1200574,MONDO_0018661,INDICATION,
CHEMBL1200574,MONDO_0019091,INDICATION,
CHEMBL1200574,MONDO_0019180,INDICATION,
CHEMBL1200574,MONDO_0019297,INDICATION,
CHEMBL1200574,MONDO_0019623,INDICATION,
CHEMBL1200574,MONDO_0021063,INDICATION,
CHEMBL1200574,MONDO_0021108,INDICATION,
CHEMBL1200574,MONDO_0043510,INDICATION,
CHEMBL1200574,MONDO_0100096,INDICATION,
CHEMBL1200574,MONDO_0100130,INDICATION,
CHEMBL1200574,MP_0001845,INDICATION,
CHEMBL1200574,MP_0001914,INDICATION,
CHEMBL1200574,Orphanet_136,INDICATION,
CHEMBL1200574,Orphanet_365,INDICATION,
CHEMBL1200580,EFO_0001054,INDICATION,
CHEMBL1200581,MONDO_0004567,INDICATION,
CHEMBL1200582,EFO_0000519,INDICATION,
CHEMBL1200582,EFO_0000565,INDICATION,
CHEMBL1200582,EFO_0000574,INDICATION,
CHEMBL1200582,EFO_0000616,INDICATION,
CHEMBL1200582,EFO_0000729,INDICATION,
CHEMBL1200582,EFO_0002496,INDICATION,
CHEMBL1200582,EFO_0003833,INDICATION,
CHEMBL1200582,EFO_0003894,INDICATION,
CHEMBL1200582,EFO_0005543,INDICATION,
CHEMBL1200582,EFO_0006859,INDICATION,
CHEMBL1200582,EFO_1001051,INDICATION,
CHEMBL1200582,MONDO_0004647,INDICATION,
CHEMBL1200582,MONDO_0007254,INDICATION,
CHEMBL1200582,MONDO_0018975,INDICATION,
CHEMBL1200582,MONDO_0100342,INDICATION,
CHEMBL1200585,EFO_0000400,CONTRAINDICATION,
CHEMBL1200585,EFO_0001645,CONTRAINDICATION,
CHEMBL1200585,EFO_0003086,CONTRAINDICATION,
CHEMBL1200585,EFO_0003777,CONTRAINDICATION,
CHEMBL1200585,EFO_0004255,CONTRAINDICATION,
CHEMBL1200585,EFO_0009086,CONTRAINDICATION,
CHEMBL1200585,EFO_0009314,CONTRAINDICATION,
CHEMBL1200585,EFO_1001387,CONTRAINDICATION,
CHEMBL1200585,MONDO_0002277,CONTRAINDICATION,
CHEMBL1200585,MONDO_0015253,INDICATION,
CHEMBL1200585,MONDO_0015909,INDICATION,
CHEMBL1200585,MONDO_0021259,CONTRAINDICATION,
CHEMBL1200585,MONDO_0100192,CONTRAINDICATION,
CHEMBL1200585,Orphanet_124,INDICATION,
CHEMBL1200588,EFO_0000544,INDICATION,
CHEMBL1200588,EFO_0003102,INDICATION,
CHEMBL1200588,EFO_0003106,INDICATION,
CHEMBL1200588,EFO_0003894,INDICATION,
CHEMBL1200593,EFO_0000519,INDICATION,
CHEMBL1200593,EFO_0002499,INDICATION,
CHEMBL1200596,EFO_1000764,INDICATION,
CHEMBL1200598,EFO_0000616,INDICATION,
CHEMBL1200600,EFO_0000400,CONTRAINDICATION,
CHEMBL1200600,EFO_0003894,INDICATION,
CHEMBL1200600,EFO_0004190,CONTRAINDICATION,
CHEMBL1200600,EFO_0005752,INDICATION,
CHEMBL1200600,EFO_0007141,INDICATION,
CHEMBL1200600,EFO_0007287,CONTRAINDICATION,
CHEMBL1200600,EFO_0007308,CONTRAINDICATION,
CHEMBL1200600,EFO_0009552,INDICATION,
CHEMBL1200600,EFO_0009560,OFF_LABEL_USE,
CHEMBL1200600,EFO_1000760,INDICATION,
CHEMBL1200600,EFO_1000906,INDICATION,
CHEMBL1200600,EFO_1000997,INDICATION,
CHEMBL1200600,EFO_1001069,CONTRAINDICATION,
CHEMBL1200600,EFO_1001070,CONTRAINDICATION,
CHEMBL1200600,EFO_1001231,INDICATION,
CHEMBL1200600,EFO_1001888,CONTRAINDICATION,
CHEMBL1200600,MONDO_0004577,INDICATION,
CHEMBL1200600,MONDO_0004773,INDICATION,
CHEMBL1200600,MONDO_0020944,CONTRAINDICATION,
CHEMBL1200600,MONDO_0020950,CONTRAINDICATION,
CHEMBL1200600,MONDO_0037821,CONTRAINDICATION,
CHEMBL1200600,MONDO_0043885,CONTRAINDICATION,
CHEMBL1200600,MP_0001845,INDICATION,
CHEMBL1200601,MONDO_0005277,INDICATION,
CHEMBL1200604,EFO_0000400,CONTRAINDICATION,
CHEMBL1200604,EFO_0000537,CONTRAINDICATION,
CHEMBL1200604,EFO_0003966,INDICATION,
CHEMBL1200604,EFO_0004190,CONTRAINDICATION,
CHEMBL1200604,EFO_0005758,INDICATION,
CHEMBL1200604,EFO_0009189,CONTRAINDICATION,
CHEMBL1200604,EFO_1001069,CONTRAINDICATION,
CHEMBL1200604,EFO_1001375,CONTRAINDICATION,
CHEMBL1200604,MONDO_0001330,INDICATION,
CHEMBL1200604,MONDO_0001744,CONTRAINDICATION,
CHEMBL1200604,MONDO_0005180,INDICATION,
CHEMBL1200606,EFO_0009387,INDICATION,
CHEMBL1200606,MONDO_0016120,INDICATION,
CHEMBL1200609,EFO_0001358,INDICATION,
CHEMBL1200609,EFO_0004242,INDICATION,
CHEMBL1200609,EFO_0004262,INDICATION,
CHEMBL1200609,EFO_0006788,INDICATION,
CHEMBL1200609,EFO_1001917,INDICATION,
CHEMBL1200609,MONDO_0002009,INDICATION,
CHEMBL1200610,EFO_0000771,INDICATION,
CHEMBL1200610,EFO_0003102,INDICATION,
CHEMBL1200613,EFO_0000685,INDICATION,
CHEMBL1200613,MONDO_0005178,INDICATION,
CHEMBL1200617,EFO_0005752,INDICATION,
CHEMBL1200617,EFO_0007308,CONTRAINDICATION,
CHEMBL1200617,EFO_1000906,INDICATION,
CHEMBL1200617,EFO_1001070,CONTRAINDICATION,
CHEMBL1200617,EFO_1001231,INDICATION,
CHEMBL1200617,MONDO_0020944,CONTRAINDICATION,
CHEMBL1200617,MONDO_0020950,CONTRAINDICATION,
CHEMBL1200618,EFO_0003956,INDICATION,
CHEMBL1200618,EFO_0004253,INDICATION,
CHEMBL1200618,EFO_0005531,INDICATION,
CHEMBL1200618,EFO_0005854,INDICATION,
CHEMBL1200618,EFO_1001417,INDICATION,
CHEMBL1200618,MONDO_0005271,INDICATION,
CHEMBL1200622,EFO_0000342,INDICATION,
CHEMBL1200622,EFO_0000401,INDICATION,
CHEMBL1200622,EFO_0000616,INDICATION,
CHEMBL1200622,EFO_0001378,INDICATION,
CHEMBL1200622,EFO_0002618,INDICATION,
CHEMBL1200622,EFO_0003086,INDICATION,
CHEMBL1200622,EFO_0003884,INDICATION,
CHEMBL1200622,EFO_0003896,INDICATION,
CHEMBL1200622,EFO_0004194,INDICATION,
CHEMBL1200622,EFO_0004285,INDICATION,
CHEMBL1200622,EFO_0005754,INDICATION,
CHEMBL1200622,EFO_0008506,INDICATION,
CHEMBL1200622,EFO_1000359,INDICATION,
CHEMBL1200622,EFO_1000657,INDICATION,
CHEMBL1200622,EFO_1001173,INDICATION,
CHEMBL1200622,MONDO_0000328,CONTRAINDICATION,
CHEMBL1200622,MONDO_0001566,CONTRAINDICATION,
CHEMBL1200622,MONDO_0005148,INDICATION,
CHEMBL1200622,MONDO_0005184,INDICATION,
CHEMBL1200622,MONDO_0007254,INDICATION,
CHEMBL1200622,MONDO_0008315,INDICATION,
CHEMBL1200624,EFO_0000400,CONTRAINDICATION,
CHEMBL1200624,EFO_0000537,CONTRAINDICATION,
CHEMBL1200624,EFO_0000612,CONTRAINDICATION,
CHEMBL1200624,EFO_0000660,OFF_LABEL_USE,
CHEMBL1200624,EFO_0000712,CONTRAINDICATION,
CHEMBL1200624,EFO_0001073,CONTRAINDICATION,
CHEMBL1200624,EFO_0001645,CONTRAINDICATION,
CHEMBL1200624,EFO_0003832,CONTRAINDICATION,
CHEMBL1200624,EFO_0009551,CONTRAINDICATION,
CHEMBL1200624,EFO_1001068,CONTRAINDICATION,
CHEMBL1200624,EFO_1001512,CONTRAINDICATION,
CHEMBL1200624,MONDO_0002050,CONTRAINDICATION,
CHEMBL1200624,MONDO_0002691,CONTRAINDICATION,
CHEMBL1200624,MONDO_0005277,CONTRAINDICATION,
CHEMBL1200624,MONDO_0021187,CONTRAINDICATION,
CHEMBL1200624,MONDO_0037821,CONTRAINDICATION,
CHEMBL1200625,EFO_0003843,INDICATION,
CHEMBL1200625,EFO_0009708,INDICATION,
CHEMBL1200628,EFO_0000465,INDICATION,
CHEMBL1200628,EFO_0000544,INDICATION,
CHEMBL1200628,EFO_0000701,INDICATION,
CHEMBL1200628,EFO_0000771,INDICATION,
CHEMBL1200628,EFO_0003030,INDICATION,
CHEMBL1200628,EFO_0003035,INDICATION,
CHEMBL1200628,EFO_0009130,INDICATION,
CHEMBL1200628,EFO_1001849,INDICATION,
CHEMBL1200628,MONDO_0009061,INDICATION,
CHEMBL1200628,MONDO_0043544,INDICATION,
CHEMBL1200630,EFO_0001421,INDICATION,
CHEMBL1200630,MONDO_0001676,INDICATION,
CHEMBL1200632,EFO_0000544,INDICATION,
CHEMBL1200632,EFO_0003102,INDICATION,
CHEMBL1200633,EFO_0000274,INDICATION,
CHEMBL1200633,EFO_0000544,INDICATION,
CHEMBL1200633,EFO_0000694,INDICATION,
CHEMBL1200633,EFO_0001068,INDICATION,
CHEMBL1200633,EFO_0003106,INDICATION,
CHEMBL1200633,EFO_0003894,INDICATION,
CHEMBL1200633,EFO_0004227,INDICATION,
CHEMBL1200633,EFO_0005537,INDICATION,
CHEMBL1200633,EFO_0005547,INDICATION,
CHEMBL1200633,EFO_0007272,INDICATION,
CHEMBL1200633,EFO_0007328,INDICATION,
CHEMBL1200633,EFO_0007402,INDICATION,
CHEMBL1200633,EFO_0007501,INDICATION,
CHEMBL1200633,EFO_0007524,INDICATION,
CHEMBL1200633,EFO_0009536,INDICATION,
CHEMBL1200633,EFO_1000760,INDICATION,
CHEMBL1200633,EFO_1001342,INDICATION,
CHEMBL1200633,MONDO_0003472,INDICATION,
CHEMBL1200633,MONDO_0007079,INDICATION,
CHEMBL1200633,MONDO_0100096,INDICATION,
CHEMBL1200636,EFO_0009488,INDICATION,
CHEMBL1200636,EFO_1000632,INDICATION,
CHEMBL1200636,MONDO_0005277,INDICATION,
CHEMBL1200638,EFO_0003956,INDICATION,
CHEMBL1200640,EFO_0000764,INDICATION,
CHEMBL1200640,EFO_0001070,INDICATION,
CHEMBL1200640,EFO_0004272,INDICATION,
CHEMBL1200640,EFO_1000961,INDICATION,
CHEMBL1200641,EFO_1000637,INDICATION,
CHEMBL1200644,EFO_0000612,INDICATION,
CHEMBL1200644,EFO_0003827,INDICATION,
CHEMBL1200644,EFO_0003907,INDICATION,
CHEMBL1200644,EFO_0004286,INDICATION,
CHEMBL1200644,EFO_1000985,INDICATION,
CHEMBL1200645,EFO_0000094,INDICATION,
CHEMBL1200645,EFO_0000096,INDICATION,
CHEMBL1200645,EFO_0000183,INDICATION,
CHEMBL1200645,EFO_0000220,INDICATION,
CHEMBL1200645,EFO_0000222,INDICATION,
CHEMBL1200645,EFO_0000313,INDICATION,
CHEMBL1200645,EFO_0000502,INDICATION,
CHEMBL1200645,EFO_0000565,INDICATION,
CHEMBL1200645,EFO_0000574,INDICATION,
CHEMBL1200645,EFO_0000621,INDICATION,
CHEMBL1200645,EFO_0001378,INDICATION,
CHEMBL1200645,EFO_0002501,INDICATION,
CHEMBL1200645,EFO_0002918,INDICATION,
CHEMBL1200645,EFO_0002939,INDICATION,
CHEMBL1200645,EFO_0005952,INDICATION,
CHEMBL1200645,EFO_1000158,INDICATION,
CHEMBL1200645,MONDO_0000873,INDICATION,
CHEMBL1200645,MONDO_0002087,INDICATION,
CHEMBL1200645,MONDO_0002158,INDICATION,
CHEMBL1200645,MONDO_0008170,INDICATION,
CHEMBL1200645,MONDO_0008903,INDICATION,
CHEMBL1200645,MONDO_0009348,INDICATION,
CHEMBL1200645,MONDO_0100342,INDICATION,
CHEMBL1200648,EFO_0007490,INDICATION,
CHEMBL1200648,EFO_0009492,INDICATION,
CHEMBL1200649,EFO_0003102,INDICATION,
CHEMBL1200656,EFO_0000544,INDICATION,
CHEMBL1200656,EFO_0007126,INDICATION,
CHEMBL1200656,EFO_0009449,INDICATION,
CHEMBL1200656,EFO_1001888,INDICATION,
CHEMBL1200656,MONDO_0002041,INDICATION,
CHEMBL1200656,MONDO_0033821,INDICATION,
CHEMBL1200659,EFO_0000373,INDICATION,
CHEMBL1200659,EFO_0000537,INDICATION,
CHEMBL1200659,EFO_0000668,INDICATION,
CHEMBL1200659,EFO_0000685,INDICATION,
CHEMBL1200659,EFO_0003144,INDICATION,
CHEMBL1200659,EFO_0005669,INDICATION,
CHEMBL1200660,EFO_0000095,INDICATION,
CHEMBL1200660,EFO_0000181,INDICATION,
CHEMBL1200660,EFO_0000403,INDICATION,
CHEMBL1200660,EFO_0000537,INDICATION,
CHEMBL1200660,EFO_0000673,INDICATION,
CHEMBL1200660,EFO_0000702,INDICATION,
CHEMBL1200660,EFO_0003913,INDICATION,
CHEMBL1200660,EFO_1001069,INDICATION,
CHEMBL1200660,EFO_1001469,INDICATION,
CHEMBL1200660,MONDO_0002358,INDICATION,
CHEMBL1200660,MONDO_0004992,INDICATION,
CHEMBL1200660,MONDO_0008315,INDICATION,
CHEMBL1200660,MONDO_0018906,INDICATION,
CHEMBL1200661,EFO_0001365,INDICATION,
CHEMBL1200661,MONDO_0019200,INDICATION,
CHEMBL1200662,EFO_0000198,INDICATION,
CHEMBL1200662,EFO_1000652,INDICATION,
CHEMBL1200662,MONDO_0007369,INDICATION,
CHEMBL1200662,MONDO_0008294,INDICATION,
CHEMBL1200662,MONDO_0008297,INDICATION,
CHEMBL1200662,MONDO_0037939,INDICATION,
CHEMBL1200666,EFO_0000274,INDICATION,
CHEMBL1200666,EFO_0000676,OFF_LABEL_USE,
CHEMBL1200666,EFO_0000701,INDICATION,
CHEMBL1200666,EFO_0000707,INDICATION,
CHEMBL1200666,EFO_0002496,INDICATION,
CHEMBL1200666,EFO_0003875,CONTRAINDICATION,
CHEMBL1200666,EFO_0003894,INDICATION,
CHEMBL1200666,EFO_0004208,INDICATION,
CHEMBL1200666,EFO_0005769,CONTRAINDICATION,
CHEMBL1200666,EFO_0009491,CONTRAINDICATION,
CHEMBL1200666,EFO_1000766,CONTRAINDICATION,
CHEMBL1200666,EFO_1001361,INDICATION,
CHEMBL1200666,EFO_1001494,INDICATION,
CHEMBL1200666,EFO_1001993,INDICATION,
CHEMBL1200666,MONDO_0001566,CONTRAINDICATION,
CHEMBL1200666,MONDO_0001576,CONTRAINDICATION,
CHEMBL1200666,MONDO_0023297,CONTRAINDICATION,
CHEMBL1200666,MONDO_0043771,INDICATION,
CHEMBL1200667,EFO_0000545,INDICATION,
CHEMBL1200667,EFO_0000660,INDICATION,
CHEMBL1200667,MONDO_0002146,INDICATION,
CHEMBL1200667,MONDO_0018555,INDICATION,
CHEMBL1200668,EFO_0000341,CONTRAINDICATION,
CHEMBL1200668,EFO_0000537,CONTRAINDICATION,
CHEMBL1200668,EFO_0000612,CONTRAINDICATION,
CHEMBL1200668,EFO_0000729,CONTRAINDICATION,
CHEMBL1200668,EFO_0001064,CONTRAINDICATION,
CHEMBL1200668,EFO_0001645,CONTRAINDICATION,
CHEMBL1200668,EFO_0003086,CONTRAINDICATION,
CHEMBL1200668,EFO_0003777,CONTRAINDICATION,
CHEMBL1200668,EFO_0003882,INDICATION,
CHEMBL1200668,EFO_0004193,INDICATION,
CHEMBL1200668,EFO_0004212,INDICATION,
CHEMBL1200668,EFO_0004264,INDICATION,
CHEMBL1200668,EFO_0004278,INDICATION,
CHEMBL1200668,EFO_0004287,CONTRAINDICATION,
CHEMBL1200668,EFO_0004991,CONTRAINDICATION,
CHEMBL1200668,EFO_0005306,CONTRAINDICATION,
CHEMBL1200668,EFO_0006859,INDICATION,
CHEMBL1200668,EFO_0009086,CONTRAINDICATION,
CHEMBL1200668,EFO_0009189,CONTRAINDICATION,
CHEMBL1200668,EFO_0009454,CONTRAINDICATION,
CHEMBL1200668,EFO_0009492,INDICATION,
CHEMBL1200668,EFO_0009530,CONTRAINDICATION,
CHEMBL1200668,EFO_0009571,CONTRAINDICATION,
CHEMBL1200668,EFO_0009910,CONTRAINDICATION,
CHEMBL1200668,EFO_1000014,CONTRAINDICATION,
CHEMBL1200668,EFO_1000652,CONTRAINDICATION,
CHEMBL1200668,EFO_1001095,CONTRAINDICATION,
CHEMBL1200668,MONDO_0000468,CONTRAINDICATION,
CHEMBL1200668,MONDO_0001566,CONTRAINDICATION,
CHEMBL1200668,MONDO_0001744,CONTRAINDICATION,
CHEMBL1200668,MONDO_0002277,CONTRAINDICATION,
CHEMBL1200668,MONDO_0004247,CONTRAINDICATION,
CHEMBL1200668,MONDO_0004596,CONTRAINDICATION,
CHEMBL1200668,MONDO_0008224,CONTRAINDICATION,
CHEMBL1200668,MONDO_0019338,CONTRAINDICATION,
CHEMBL1200668,MONDO_0024327,CONTRAINDICATION,
CHEMBL1200671,EFO_0001065,INDICATION,
CHEMBL1200675,EFO_0000305,INDICATION,
CHEMBL1200675,EFO_0003869,INDICATION,
CHEMBL1200675,EFO_0003882,INDICATION,
CHEMBL1200675,EFO_0003931,INDICATION,
CHEMBL1200675,MONDO_0007254,INDICATION,
CHEMBL1200678,EFO_0000180,INDICATION,
CHEMBL1200678,EFO_0000544,INDICATION,
CHEMBL1200678,EFO_0000764,INDICATION,
CHEMBL1200679,EFO_0007287,CONTRAINDICATION,
CHEMBL1200679,MONDO_0001117,CONTRAINDICATION,
CHEMBL1200679,MONDO_0008713,OFF_LABEL_USE,
CHEMBL1200679,MONDO_0010200,CONTRAINDICATION,
CHEMBL1200680,EFO_0000341,INDICATION,
CHEMBL1200680,EFO_0000616,INDICATION,
CHEMBL1200680,EFO_0000764,INDICATION,
CHEMBL1200680,EFO_0001663,INDICATION,
CHEMBL1200680,EFO_0007439,INDICATION,
CHEMBL1200680,EFO_0007510,INDICATION,
CHEMBL1200680,EFO_0009190,INDICATION,
CHEMBL1200680,EFO_1000764,INDICATION,
CHEMBL1200680,EFO_1001466,INDICATION,
CHEMBL1200680,EFO_1001898,INDICATION,
CHEMBL1200680,EFO_1001904,INDICATION,
CHEMBL1200680,EFO_1001951,INDICATION,
CHEMBL1200680,MONDO_0001187,INDICATION,
CHEMBL1200680,MONDO_0001444,INDICATION,
CHEMBL1200680,MONDO_0002406,CONTRAINDICATION,
CHEMBL1200680,MONDO_0004975,INDICATION,
CHEMBL1200680,MONDO_0005301,INDICATION,
CHEMBL1200680,MONDO_0008315,INDICATION,
CHEMBL1200680,MONDO_0008903,INDICATION,
CHEMBL1200680,MONDO_0018076,INDICATION,
CHEMBL1200681,EFO_0000341,INDICATION,
CHEMBL1200681,EFO_0003956,INDICATION,
CHEMBL1200681,EFO_0004232,INDICATION,
CHEMBL1200681,EFO_0005854,INDICATION,
CHEMBL1200681,EFO_0007183,INDICATION,
CHEMBL1200681,EFO_0008521,INDICATION,
CHEMBL1200681,EFO_1001417,INDICATION,
CHEMBL1200681,MONDO_0004979,INDICATION,
CHEMBL1200682,EFO_0000474,CONTRAINDICATION,
CHEMBL1200682,EFO_0000537,CONTRAINDICATION,
CHEMBL1200682,EFO_0003108,INDICATION,
CHEMBL1200682,EFO_0003843,INDICATION,
CHEMBL1200682,EFO_0003877,CONTRAINDICATION,
CHEMBL1200682,EFO_0005203,INDICATION,
CHEMBL1200682,EFO_0005687,INDICATION,
CHEMBL1200682,EFO_0008568,INDICATION,
CHEMBL1200682,EFO_0009910,CONTRAINDICATION,
CHEMBL1200682,MONDO_0000485,INDICATION,
CHEMBL1200682,MONDO_0002050,CONTRAINDICATION,
CHEMBL1200682,MONDO_0002491,CONTRAINDICATION,
CHEMBL1200682,MONDO_0005180,INDICATION,
CHEMBL1200682,MONDO_0007079,CONTRAINDICATION,
CHEMBL1200682,MONDO_0010083,CONTRAINDICATION,
CHEMBL1200682,MONDO_0016158,INDICATION,
CHEMBL1200682,MONDO_0016241,INDICATION,
CHEMBL1200682,MONDO_0018044,INDICATION,
CHEMBL1200682,MONDO_0021107,INDICATION,
CHEMBL1200686,EFO_0000274,INDICATION,
CHEMBL1200686,EFO_0004208,INDICATION,
CHEMBL1200686,EFO_0006510,CONTRAINDICATION,
CHEMBL1200686,EFO_0007204,CONTRAINDICATION,
CHEMBL1200686,EFO_0007326,CONTRAINDICATION,
CHEMBL1200686,EFO_0008517,INDICATION,
CHEMBL1200686,EFO_1000724,INDICATION,
CHEMBL1200686,EFO_1000726,INDICATION,
CHEMBL1200686,EFO_1000764,INDICATION,
CHEMBL1200686,EFO_1000906,INDICATION,
CHEMBL1200686,EFO_1001305,INDICATION,
CHEMBL1200686,EFO_1002022,CONTRAINDICATION,
CHEMBL1200686,MONDO_0002406,INDICATION,
CHEMBL1200686,MONDO_0009735,INDICATION,
CHEMBL1200686,MONDO_0043106,CONTRAINDICATION,
CHEMBL1200688,EFO_0000544,INDICATION,
CHEMBL1200688,EFO_0000650,INDICATION,
CHEMBL1200688,EFO_0003102,INDICATION,
CHEMBL1200688,MONDO_0004976,INDICATION,
CHEMBL1200688,MONDO_0005147,INDICATION,
CHEMBL1200689,EFO_0000341,INDICATION,
CHEMBL1200689,EFO_0000373,INDICATION,
CHEMBL1200689,EFO_0000544,INDICATION,
CHEMBL1200689,EFO_0000684,INDICATION,
CHEMBL1200689,EFO_0000694,INDICATION,
CHEMBL1200689,EFO_0000712,INDICATION,
CHEMBL1200689,EFO_0000768,INDICATION,
CHEMBL1200689,EFO_0001068,INDICATION,
CHEMBL1200689,EFO_0001361,INDICATION,
CHEMBL1200689,EFO_0002687,INDICATION,
CHEMBL1200689,EFO_0003106,INDICATION,
CHEMBL1200689,EFO_0003818,INDICATION,
CHEMBL1200689,EFO_0003827,INDICATION,
CHEMBL1200689,EFO_0003917,INDICATION,
CHEMBL1200689,EFO_0004272,INDICATION,
CHEMBL1200689,EFO_0004278,INDICATION,
CHEMBL1200689,EFO_0005046,INDICATION,
CHEMBL1200689,EFO_0005207,INDICATION,
CHEMBL1200689,EFO_0005611,INDICATION,
CHEMBL1200689,EFO_0005762,INDICATION,
CHEMBL1200689,EFO_0007067,INDICATION,
CHEMBL1200689,EFO_0007224,INDICATION,
CHEMBL1200689,EFO_0007486,INDICATION,
CHEMBL1200689,EFO_0007512,INDICATION,
CHEMBL1200689,EFO_0007541,INDICATION,
CHEMBL1200689,EFO_0008583,INDICATION,
CHEMBL1200689,EFO_0008585,INDICATION,
CHEMBL1200689,EFO_0009444,INDICATION,
CHEMBL1200689,EFO_0009447,INDICATION,
CHEMBL1200689,EFO_0009492,INDICATION,
CHEMBL1200689,EFO_0009686,INDICATION,
CHEMBL1200689,EFO_1000637,INDICATION,
CHEMBL1200689,EFO_1000644,INDICATION,
CHEMBL1200689,EFO_1001103,INDICATION,
CHEMBL1200689,EFO_1001375,INDICATION,
CHEMBL1200689,EFO_1001399,INDICATION,
CHEMBL1200689,EFO_1001459,INDICATION,
CHEMBL1200689,EFO_1001923,INDICATION,
CHEMBL1200689,EFO_1001951,INDICATION,
CHEMBL1200689,MONDO_0001117,CONTRAINDICATION,
CHEMBL1200689,MONDO_0004992,INDICATION,
CHEMBL1200689,MONDO_0005149,INDICATION,
CHEMBL1200689,MONDO_0005299,INDICATION,
CHEMBL1200689,MONDO_0009061,INDICATION,
CHEMBL1200689,MONDO_0011382,INDICATION,
CHEMBL1200689,MONDO_0019091,INDICATION,
CHEMBL1200689,MONDO_0043510,INDICATION,
CHEMBL1200689,MONDO_0100096,INDICATION,
CHEMBL1200689,MP_0001845,INDICATION,
CHEMBL1200692,EFO_0000319,INDICATION,
CHEMBL1200692,EFO_0000400,INDICATION,
CHEMBL1200692,EFO_0000401,INDICATION,
CHEMBL1200692,EFO_0000537,INDICATION,
CHEMBL1200692,EFO_0000612,INDICATION,
CHEMBL1200692,EFO_0000712,INDICATION,
CHEMBL1200692,EFO_0003086,INDICATION,
CHEMBL1200692,EFO_0003144,INDICATION,
CHEMBL1200692,EFO_0003914,INDICATION,
CHEMBL1200692,MONDO_0001134,INDICATION,
CHEMBL1200692,MONDO_0002462,INDICATION,
CHEMBL1200693,EFO_0000574,INDICATION,
CHEMBL1200693,EFO_0002618,INDICATION,
CHEMBL1200693,MONDO_0003060,INDICATION,
CHEMBL1200693,MONDO_0008170,INDICATION,
CHEMBL1200694,EFO_0000474,CONTRAINDICATION,
CHEMBL1200694,EFO_0000694,INDICATION,
CHEMBL1200694,EFO_0000713,INDICATION,
CHEMBL1200694,EFO_0001073,INDICATION,
CHEMBL1200694,EFO_0001074,INDICATION,
CHEMBL1200694,EFO_0001645,INDICATION,
CHEMBL1200694,EFO_0002687,INDICATION,
CHEMBL1200694,EFO_0003086,CONTRAINDICATION,
CHEMBL1200694,EFO_0003777,INDICATION,
CHEMBL1200694,EFO_0003843,INDICATION,
CHEMBL1200694,EFO_0003870,INDICATION,
CHEMBL1200694,EFO_0003884,INDICATION,
CHEMBL1200694,EFO_0005207,INDICATION,
CHEMBL1200694,EFO_0005251,CONTRAINDICATION,
CHEMBL1200694,EFO_0005323,INDICATION,
CHEMBL1200694,EFO_0005611,INDICATION,
CHEMBL1200694,EFO_0006834,INDICATION,
CHEMBL1200694,EFO_0008583,INDICATION,
CHEMBL1200694,EFO_0009267,INDICATION,
CHEMBL1200694,EFO_0009686,INDICATION,
CHEMBL1200694,EFO_1000637,INDICATION,
CHEMBL1200694,EFO_1001132,CONTRAINDICATION,
CHEMBL1200694,EFO_1001328,INDICATION,
CHEMBL1200694,EFO_1001884,INDICATION,
CHEMBL1200694,EFO_1001951,INDICATION,
CHEMBL1200694,EFO_1002048,INDICATION,
CHEMBL1200694,MONDO_0004992,INDICATION,
CHEMBL1200694,MONDO_0007254,INDICATION,
CHEMBL1200694,MONDO_0007576,INDICATION,
CHEMBL1200694,MONDO_0010679,CONTRAINDICATION,
CHEMBL1200694,MONDO_0018493,CONTRAINDICATION,
CHEMBL1200694,MONDO_0021117,INDICATION,
CHEMBL1200694,MONDO_0021698,INDICATION,
CHEMBL1200694,MONDO_0043510,INDICATION,
CHEMBL1200694,MONDO_0100096,INDICATION,
CHEMBL1200694,MP_0001845,INDICATION,
CHEMBL1200699,DOID_7551,INDICATION,
CHEMBL1200699,EFO_0000096,INDICATION,
CHEMBL1200699,EFO_0000199,INDICATION,
CHEMBL1200699,EFO_0000274,INDICATION,
CHEMBL1200699,EFO_0000341,INDICATION,
CHEMBL1200699,EFO_0000365,INDICATION,
CHEMBL1200699,EFO_0000384,INDICATION,
CHEMBL1200699,EFO_0000464,INDICATION,
CHEMBL1200699,EFO_0000544,INDICATION,
CHEMBL1200699,EFO_0000574,INDICATION,
CHEMBL1200699,EFO_0000612,INDICATION,
CHEMBL1200699,EFO_0000649,INDICATION,
CHEMBL1200699,EFO_0000662,INDICATION,
CHEMBL1200699,EFO_0000729,INDICATION,
CHEMBL1200699,EFO_0000756,INDICATION,
CHEMBL1200699,EFO_0000768,INDICATION,
CHEMBL1200699,EFO_0000771,INDICATION,
CHEMBL1200699,EFO_0000778,INDICATION,
CHEMBL1200699,EFO_0001068,INDICATION,
CHEMBL1200699,EFO_0002618,INDICATION,
CHEMBL1200699,EFO_0002687,INDICATION,
CHEMBL1200699,EFO_0002913,INDICATION,
CHEMBL1200699,EFO_0003060,INDICATION,
CHEMBL1200699,EFO_0003102,INDICATION,
CHEMBL1200699,EFO_0003106,INDICATION,
CHEMBL1200699,EFO_0003770,INDICATION,
CHEMBL1200699,EFO_0003843,INDICATION,
CHEMBL1200699,EFO_0003878,INDICATION,
CHEMBL1200699,EFO_0003894,INDICATION,
CHEMBL1200699,EFO_0004214,INDICATION,
CHEMBL1200699,EFO_0005044,INDICATION,
CHEMBL1200699,EFO_0005952,INDICATION,
CHEMBL1200699,EFO_0007185,INDICATION,
CHEMBL1200699,EFO_0007205,INDICATION,
CHEMBL1200699,EFO_0007272,INDICATION,
CHEMBL1200699,EFO_0007357,INDICATION,
CHEMBL1200699,EFO_0007410,INDICATION,
CHEMBL1200699,EFO_0007430,INDICATION,
CHEMBL1200699,EFO_0007460,INDICATION,
CHEMBL1200699,EFO_0007470,INDICATION,
CHEMBL1200699,EFO_0007480,INDICATION,
CHEMBL1200699,EFO_0007504,INDICATION,
CHEMBL1200699,EFO_0008510,INDICATION,
CHEMBL1200699,EFO_0008517,INDICATION,
CHEMBL1200699,EFO_0009117,INDICATION,
CHEMBL1200699,EFO_0009425,INDICATION,
CHEMBL1200699,EFO_0009536,INDICATION,
CHEMBL1200699,EFO_0009637,INDICATION,
CHEMBL1200699,EFO_0009659,INDICATION,
CHEMBL1200699,EFO_1000760,INDICATION,
CHEMBL1200699,EFO_1000785,INDICATION,
CHEMBL1200699,EFO_1000906,INDICATION,
CHEMBL1200699,EFO_1001051,INDICATION,
CHEMBL1200699,EFO_1001235,INDICATION,
CHEMBL1200699,EFO_1001388,INDICATION,
CHEMBL1200699,EFO_1001444,INDICATION,
CHEMBL1200699,EFO_1001459,INDICATION,
CHEMBL1200699,EFO_1001466,INDICATION,
CHEMBL1200699,EFO_1001788,INDICATION,
CHEMBL1200699,EFO_1001875,INDICATION,
CHEMBL1200699,EFO_1001951,INDICATION,
CHEMBL1200699,EFO_1002047,INDICATION,
CHEMBL1200699,MONDO_0002635,INDICATION,
CHEMBL1200699,MONDO_0004975,INDICATION,
CHEMBL1200699,MONDO_0004992,INDICATION,
CHEMBL1200699,MONDO_0005178,INDICATION,
CHEMBL1200699,MONDO_0005180,INDICATION,
CHEMBL1200699,MONDO_0007039,INDICATION,
CHEMBL1200699,MONDO_0007947,INDICATION,
CHEMBL1200699,MONDO_0009061,INDICATION,
CHEMBL1200699,MONDO_0017816,INDICATION,
CHEMBL1200699,MONDO_0018076,INDICATION,
CHEMBL1200699,MONDO_0019438,INDICATION,
CHEMBL1200699,MONDO_0100096,INDICATION,
CHEMBL1200699,MP_0001914,INDICATION,
CHEMBL1200701,EFO_0000544,INDICATION,
CHEMBL1200701,EFO_0003102,INDICATION,
CHEMBL1200706,EFO_0000180,INDICATION,
CHEMBL1200706,EFO_0000544,INDICATION,
CHEMBL1200706,EFO_0000694,INDICATION,
CHEMBL1200706,EFO_0000764,INDICATION,
CHEMBL1200706,EFO_0000778,INDICATION,
CHEMBL1200706,EFO_0001068,INDICATION,
CHEMBL1200706,EFO_0003768,INDICATION,
CHEMBL1200706,EFO_0003948,INDICATION,
CHEMBL1200706,EFO_0004607,INDICATION,
CHEMBL1200706,EFO_0005046,INDICATION,
CHEMBL1200706,EFO_0005222,INDICATION,
CHEMBL1200706,EFO_0005547,INDICATION,
CHEMBL1200706,EFO_0005681,INDICATION,
CHEMBL1200706,EFO_0007314,INDICATION,
CHEMBL1200706,EFO_0007328,INDICATION,
CHEMBL1200706,EFO_0007444,INDICATION,
CHEMBL1200706,EFO_0008533,INDICATION,
CHEMBL1200706,EFO_0009425,INDICATION,
CHEMBL1200706,EFO_0009454,INDICATION,
CHEMBL1200706,EFO_0009688,INDICATION,
CHEMBL1200706,EFO_1001413,INDICATION,
CHEMBL1200706,EFO_1001474,INDICATION,
CHEMBL1200706,EFO_1001475,INDICATION,
CHEMBL1200706,MONDO_0004247,INDICATION,
CHEMBL1200706,MONDO_0005147,INDICATION,
CHEMBL1200710,EFO_0004242,INDICATION,
CHEMBL1200710,MONDO_0002050,INDICATION,
CHEMBL1200711,EFO_0000181,INDICATION,
CHEMBL1200711,EFO_0000195,INDICATION,
CHEMBL1200711,EFO_0000220,INDICATION,
CHEMBL1200711,EFO_0000275,INDICATION,
CHEMBL1200711,EFO_0000319,INDICATION,
CHEMBL1200711,EFO_0000400,INDICATION,
CHEMBL1200711,EFO_0000474,INDICATION,
CHEMBL1200711,EFO_0000537,INDICATION,
CHEMBL1200711,EFO_0000546,INDICATION,
CHEMBL1200711,EFO_0000612,INDICATION,
CHEMBL1200711,EFO_0000649,INDICATION,
CHEMBL1200711,EFO_0000756,INDICATION,
CHEMBL1200711,EFO_0000764,INDICATION,
CHEMBL1200711,EFO_0000783,INDICATION,
CHEMBL1200711,EFO_0002614,INDICATION,
CHEMBL1200711,EFO_0002618,INDICATION,
CHEMBL1200711,EFO_0003015,INDICATION,
CHEMBL1200711,EFO_0003060,INDICATION,
CHEMBL1200711,EFO_0003095,INDICATION,
CHEMBL1200711,EFO_0003144,INDICATION,
CHEMBL1200711,EFO_0003756,INDICATION,
CHEMBL1200711,EFO_0003758,INDICATION,
CHEMBL1200711,EFO_0003777,INDICATION,
CHEMBL1200711,EFO_0003876,INDICATION,
CHEMBL1200711,EFO_0003884,INDICATION,
CHEMBL1200711,EFO_0003888,INDICATION,
CHEMBL1200711,EFO_0003894,INDICATION,
CHEMBL1200711,EFO_0004194,INDICATION,
CHEMBL1200711,EFO_0004211,INDICATION,
CHEMBL1200711,EFO_0004265,INDICATION,
CHEMBL1200711,EFO_0004705,INDICATION,
CHEMBL1200711,EFO_0004911,INDICATION,
CHEMBL1200711,EFO_0005407,INDICATION,
CHEMBL1200711,EFO_0005425,INDICATION,
CHEMBL1200711,EFO_0005529,INDICATION,
CHEMBL1200711,EFO_0005952,INDICATION,
CHEMBL1200711,EFO_0007453,INDICATION,
CHEMBL1200711,EFO_0008517,INDICATION,
CHEMBL1200711,EFO_0008528,INDICATION,
CHEMBL1200711,EFO_0008623,INDICATION,
CHEMBL1200711,EFO_1000653,INDICATION,
CHEMBL1200711,EFO_1000906,INDICATION,
CHEMBL1200711,EFO_1001141,INDICATION,
CHEMBL1200711,EFO_1001375,INDICATION,
CHEMBL1200711,EFO_1001471,INDICATION,
CHEMBL1200711,EFO_1001904,INDICATION,
CHEMBL1200711,EFO_1001951,INDICATION,
CHEMBL1200711,MONDO_0002009,INDICATION,
CHEMBL1200711,MONDO_0002050,INDICATION,
CHEMBL1200711,MONDO_0004658,INDICATION,
CHEMBL1200711,MONDO_0004975,INDICATION,
CHEMBL1200711,MONDO_0004985,INDICATION,
CHEMBL1200711,MONDO_0005090,INDICATION,
CHEMBL1200711,MONDO_0005147,INDICATION,
CHEMBL1200711,MONDO_0005148,INDICATION,
CHEMBL1200711,MONDO_0007254,INDICATION,
CHEMBL1200711,MONDO_0008170,INDICATION,
CHEMBL1200711,MONDO_0100096,INDICATION,
CHEMBL1200711,MP_0001845,INDICATION,
CHEMBL1200711,Orphanet_309005,INDICATION,
CHEMBL1200711,Orphanet_79211,INDICATION,
CHEMBL1200718,EFO_0003086,CONTRAINDICATION,
CHEMBL1200718,EFO_0003854,OFF_LABEL_USE,
CHEMBL1200718,EFO_0003882,OFF_LABEL_USE,
CHEMBL1200718,EFO_0003948,INDICATION,
CHEMBL1200718,EFO_0004607,OFF_LABEL_USE,
CHEMBL1200718,EFO_0007149,CONTRAINDICATION,
CHEMBL1200718,EFO_0007549,OFF_LABEL_USE,
CHEMBL1200718,EFO_0008506,CONTRAINDICATION,
CHEMBL1200718,EFO_0008533,INDICATION,
CHEMBL1200718,EFO_0009454,OFF_LABEL_USE,
CHEMBL1200718,EFO_0009552,CONTRAINDICATION,
CHEMBL1200718,MONDO_0000313,CONTRAINDICATION,
CHEMBL1200718,MONDO_0001056,CONTRAINDICATION,
CHEMBL1200718,MONDO_0001343,CONTRAINDICATION,
CHEMBL1200718,MONDO_0001566,CONTRAINDICATION,
CHEMBL1200718,MONDO_0002203,INDICATION,
CHEMBL1200718,MONDO_0004247,INDICATION,
CHEMBL1200718,MONDO_0016586,OFF_LABEL_USE,
CHEMBL1200718,MONDO_0017169,OFF_LABEL_USE,
CHEMBL1200718,MONDO_0019338,CONTRAINDICATION,
CHEMBL1200718,MONDO_0044751,CONTRAINDICATION,
CHEMBL1200721,EFO_0000313,INDICATION,
CHEMBL1200721,EFO_0000574,INDICATION,
CHEMBL1200721,EFO_0000673,INDICATION,
CHEMBL1200721,MONDO_0002367,INDICATION,
CHEMBL1200721,MONDO_0007254,INDICATION,
CHEMBL1200721,MONDO_0008315,INDICATION,
CHEMBL1200724,EFO_0003843,INDICATION,
CHEMBL1200724,EFO_0003956,INDICATION,
CHEMBL1200724,EFO_0005854,INDICATION,
CHEMBL1200724,EFO_0007214,INDICATION,
CHEMBL1200724,EFO_0007328,INDICATION,
CHEMBL1200724,EFO_0007486,INDICATION,
CHEMBL1200724,MONDO_0005271,INDICATION,
CHEMBL1200724,MONDO_0005277,INDICATION,
CHEMBL1200724,MONDO_0024290,INDICATION,
CHEMBL1200725,EFO_0007512,INDICATION,
CHEMBL1200725,EFO_0007543,INDICATION,
CHEMBL1200727,EFO_0001645,INDICATION,
CHEMBL1200728,EFO_0004991,INDICATION,
CHEMBL1200728,EFO_0008524,INDICATION,
CHEMBL1200729,EFO_0000544,INDICATION,
CHEMBL1200729,EFO_0003102,INDICATION,
CHEMBL1200731,EFO_0000266,INDICATION,
CHEMBL1200731,EFO_0000341,CONTRAINDICATION,
CHEMBL1200731,EFO_0000373,INDICATION,
CHEMBL1200731,EFO_0000474,CONTRAINDICATION,
CHEMBL1200731,EFO_0000537,CONTRAINDICATION,
CHEMBL1200731,EFO_0000612,CONTRAINDICATION,
CHEMBL1200731,EFO_0000729,CONTRAINDICATION,
CHEMBL1200731,EFO_0001064,CONTRAINDICATION,
CHEMBL1200731,EFO_0001645,CONTRAINDICATION,
CHEMBL1200731,EFO_0003086,CONTRAINDICATION,
CHEMBL1200731,EFO_0003144,INDICATION,
CHEMBL1200731,EFO_0003777,CONTRAINDICATION,
CHEMBL1200731,EFO_0003833,INDICATION,
CHEMBL1200731,EFO_0004269,INDICATION,
CHEMBL1200731,EFO_0004287,CONTRAINDICATION,
CHEMBL1200731,EFO_0004991,CONTRAINDICATION,
CHEMBL1200731,EFO_0005306,CONTRAINDICATION,
CHEMBL1200731,EFO_0006834,INDICATION,
CHEMBL1200731,EFO_0007149,CONTRAINDICATION,
CHEMBL1200731,EFO_0009086,CONTRAINDICATION,
CHEMBL1200731,EFO_0009189,CONTRAINDICATION,
CHEMBL1200731,EFO_0009454,CONTRAINDICATION,
CHEMBL1200731,EFO_0009530,CONTRAINDICATION,
CHEMBL1200731,EFO_0009571,CONTRAINDICATION,
CHEMBL1200731,EFO_0009910,CONTRAINDICATION,
CHEMBL1200731,EFO_1000014,CONTRAINDICATION,
CHEMBL1200731,EFO_1000652,CONTRAINDICATION,
CHEMBL1200731,EFO_1000899,INDICATION,
CHEMBL1200731,EFO_1000948,CONTRAINDICATION,
CHEMBL1200731,EFO_1000985,INDICATION,
CHEMBL1200731,EFO_1000987,CONTRAINDICATION,
CHEMBL1200731,EFO_1001095,CONTRAINDICATION,
CHEMBL1200731,MONDO_0000440,CONTRAINDICATION,
CHEMBL1200731,MONDO_0000468,CONTRAINDICATION,
CHEMBL1200731,MONDO_0001566,CONTRAINDICATION,
CHEMBL1200731,MONDO_0001744,CONTRAINDICATION,
CHEMBL1200731,MONDO_0002203,INDICATION,
CHEMBL1200731,MONDO_0002277,CONTRAINDICATION,
CHEMBL1200731,MONDO_0002474,CONTRAINDICATION,
CHEMBL1200731,MONDO_0004247,CONTRAINDICATION,
CHEMBL1200731,MONDO_0004567,CONTRAINDICATION,
CHEMBL1200731,MONDO_0008224,CONTRAINDICATION,
CHEMBL1200731,MONDO_0011382,CONTRAINDICATION,
CHEMBL1200731,MONDO_0015129,CONTRAINDICATION,
CHEMBL1200731,MONDO_0019338,CONTRAINDICATION,
CHEMBL1200731,MONDO_0024327,CONTRAINDICATION,
CHEMBL1200731,MONDO_0041366,CONTRAINDICATION,
CHEMBL1200731,MP_0001914,INDICATION,
CHEMBL1200732,EFO_0000274,INDICATION,
CHEMBL1200732,EFO_0003875,CONTRAINDICATION,
CHEMBL1200732,EFO_0005319,INDICATION,
CHEMBL1200732,EFO_1000697,INDICATION,
CHEMBL1200732,EFO_1000704,INDICATION,
CHEMBL1200732,EFO_1000764,INDICATION,
CHEMBL1200732,EFO_1000766,CONTRAINDICATION,
CHEMBL1200732,MONDO_0005041,CONTRAINDICATION,
CHEMBL1200732,MONDO_0005147,CONTRAINDICATION,
CHEMBL1200732,MONDO_0005148,CONTRAINDICATION,
CHEMBL1200732,MONDO_0015758,INDICATION,
CHEMBL1200732,MONDO_0021948,CONTRAINDICATION,
CHEMBL1200733,EFO_0001422,CONTRAINDICATION,
CHEMBL1200733,EFO_0001645,CONTRAINDICATION,
CHEMBL1200733,EFO_0003047,CONTRAINDICATION,
CHEMBL1200733,EFO_0004197,CONTRAINDICATION,
CHEMBL1200733,EFO_0004991,CONTRAINDICATION,
CHEMBL1200733,EFO_0005323,INDICATION,
CHEMBL1200733,EFO_1001132,CONTRAINDICATION,
CHEMBL1200733,EFO_1001902,CONTRAINDICATION,
CHEMBL1200733,EFO_1002048,INDICATION,
CHEMBL1200733,MONDO_0000995,CONTRAINDICATION,
CHEMBL1200733,MONDO_0010679,CONTRAINDICATION,
CHEMBL1200733,MONDO_0018493,CONTRAINDICATION,
CHEMBL1200734,EFO_0000764,INDICATION,
CHEMBL1200734,EFO_1001355,INDICATION,
CHEMBL1200734,MONDO_0021094,INDICATION,
CHEMBL1200735,EFO_0000544,INDICATION,
CHEMBL1200735,EFO_0003102,INDICATION,
CHEMBL1200735,EFO_0003106,INDICATION,
CHEMBL1200735,EFO_0005741,INDICATION,
CHEMBL1200735,EFO_0006505,INDICATION,
CHEMBL1200735,EFO_0007486,INDICATION,
CHEMBL1200735,EFO_0700060,INDICATION,
CHEMBL1200735,EFO_1000829,INDICATION,
CHEMBL1200735,EFO_1001388,INDICATION,
CHEMBL1200735,MONDO_0005129,INDICATION,
CHEMBL1200735,MONDO_0007254,INDICATION,
CHEMBL1200735,MONDO_0009061,INDICATION,
CHEMBL1200735,MONDO_0013730,INDICATION,
CHEMBL1200736,EFO_0003086,CONTRAINDICATION,
CHEMBL1200736,EFO_0003854,OFF_LABEL_USE,
CHEMBL1200736,EFO_0003877,CONTRAINDICATION,
CHEMBL1200736,EFO_0003882,OFF_LABEL_USE,
CHEMBL1200736,EFO_0003948,INDICATION,
CHEMBL1200736,EFO_0008506,CONTRAINDICATION,
CHEMBL1200736,EFO_0008533,INDICATION,
CHEMBL1200736,EFO_0009552,CONTRAINDICATION,
CHEMBL1200736,MONDO_0000313,CONTRAINDICATION,
CHEMBL1200736,MONDO_0001566,CONTRAINDICATION,
CHEMBL1200736,MONDO_0002050,CONTRAINDICATION,
CHEMBL1200736,MONDO_0002203,INDICATION,
CHEMBL1200736,MONDO_0002280,CONTRAINDICATION,
CHEMBL1200736,MONDO_0002491,CONTRAINDICATION,
CHEMBL1200736,MONDO_0004247,INDICATION,
CHEMBL1200736,MONDO_0007079,CONTRAINDICATION,
CHEMBL1200736,MONDO_0016586,OFF_LABEL_USE,
CHEMBL1200736,MONDO_0017169,OFF_LABEL_USE,
CHEMBL1200736,MONDO_0018100,INDICATION,
CHEMBL1200736,MONDO_0019338,CONTRAINDICATION,
CHEMBL1200736,MONDO_0037821,CONTRAINDICATION,
CHEMBL1200736,MONDO_0044751,CONTRAINDICATION,
CHEMBL1200736,MONDO_0100192,CONTRAINDICATION,
CHEMBL1200737,EFO_0000684,INDICATION,
CHEMBL1200737,EFO_1000644,INDICATION,
CHEMBL1200744,MONDO_0008315,INDICATION,
CHEMBL1200747,EFO_0000274,INDICATION,
CHEMBL1200747,EFO_0001380,CONTRAINDICATION,
CHEMBL1200747,EFO_0003875,CONTRAINDICATION,
CHEMBL1200747,EFO_0005319,INDICATION,
CHEMBL1200747,EFO_0009491,CONTRAINDICATION,
CHEMBL1200747,EFO_1000697,INDICATION,
CHEMBL1200747,EFO_1000704,INDICATION,
CHEMBL1200747,EFO_1000764,INDICATION,
CHEMBL1200747,EFO_1000766,CONTRAINDICATION,
CHEMBL1200747,MONDO_0001576,CONTRAINDICATION,
CHEMBL1200748,EFO_0000537,INDICATION,
CHEMBL1200748,EFO_0000546,INDICATION,
CHEMBL1200748,EFO_0000712,INDICATION,
CHEMBL1200748,EFO_0001365,INDICATION,
CHEMBL1200748,EFO_0002610,INDICATION,
CHEMBL1200748,EFO_0003768,INDICATION,
CHEMBL1200748,EFO_0003770,INDICATION,
CHEMBL1200748,EFO_0003843,INDICATION,
CHEMBL1200748,EFO_0003888,INDICATION,
CHEMBL1200748,EFO_0005252,INDICATION,
CHEMBL1200748,EFO_0005687,INDICATION,
CHEMBL1200748,EFO_1001175,INDICATION,
CHEMBL1200748,EFO_1001402,INDICATION,
CHEMBL1200748,EFO_1001919,INDICATION,
CHEMBL1200748,MONDO_0001020,INDICATION,
CHEMBL1200748,MONDO_0004976,INDICATION,
CHEMBL1200748,MONDO_0004979,INDICATION,
CHEMBL1200748,MONDO_0005090,INDICATION,
CHEMBL1200748,MONDO_0005180,INDICATION,
CHEMBL1200748,MONDO_0005301,INDICATION,
CHEMBL1200748,MONDO_0007113,INDICATION,
CHEMBL1200748,MONDO_0018910,INDICATION,
CHEMBL1200748,MONDO_0019200,INDICATION,
CHEMBL1200748,Orphanet_1764,INDICATION,
CHEMBL1200749,EFO_0002950,INDICATION,
CHEMBL1200749,EFO_0003843,INDICATION,
CHEMBL1200750,EFO_0000274,INDICATION,
CHEMBL1200750,EFO_0003843,INDICATION,
CHEMBL1200750,EFO_0003956,INDICATION,
CHEMBL1200750,EFO_0004698,INDICATION,
CHEMBL1200750,EFO_0005531,INDICATION,
CHEMBL1200750,EFO_0006928,INDICATION,
CHEMBL1200750,EFO_0007141,INDICATION,
CHEMBL1200750,EFO_1000971,INDICATION,
CHEMBL1200750,MONDO_0005271,INDICATION,
CHEMBL1200750,MONDO_0005475,INDICATION,
CHEMBL1200750,MONDO_0100431,INDICATION,
CHEMBL1200751,EFO_0000094,INDICATION,
CHEMBL1200751,EFO_0000209,INDICATION,
CHEMBL1200751,EFO_0000220,INDICATION,
CHEMBL1200751,EFO_0000222,INDICATION,
CHEMBL1200751,EFO_0000224,INDICATION,
CHEMBL1200751,EFO_0000309,INDICATION,
CHEMBL1200751,EFO_0000384,INDICATION,
CHEMBL1200751,EFO_0000519,INDICATION,
CHEMBL1200751,EFO_0000565,INDICATION,
CHEMBL1200751,EFO_0000574,INDICATION,
CHEMBL1200751,EFO_0000616,INDICATION,
CHEMBL1200751,EFO_0000729,INDICATION,
CHEMBL1200751,EFO_0002499,INDICATION,
CHEMBL1200751,EFO_0002501,INDICATION,
CHEMBL1200751,EFO_0003833,INDICATION,
CHEMBL1200751,EFO_0003872,INDICATION,
CHEMBL1200751,EFO_0004289,INDICATION,
CHEMBL1200751,EFO_1000318,INDICATION,
CHEMBL1200751,MONDO_0000870,INDICATION,
CHEMBL1200751,MONDO_0000873,INDICATION,
CHEMBL1200751,MONDO_0003268,INDICATION,
CHEMBL1200751,MONDO_0019460,INDICATION,
CHEMBL1200751,MONDO_0044917,INDICATION,
CHEMBL1200756,EFO_0001070,INDICATION,
CHEMBL1200756,EFO_0004272,INDICATION,
CHEMBL1200756,MONDO_0018076,INDICATION,
CHEMBL1200758,EFO_0000465,INDICATION,
CHEMBL1200758,EFO_0000544,INDICATION,
CHEMBL1200758,EFO_0000584,INDICATION,
CHEMBL1200758,EFO_0000764,INDICATION,
CHEMBL1200758,EFO_0003102,INDICATION,
CHEMBL1200758,EFO_1000831,INDICATION,
CHEMBL1200758,EFO_1001272,INDICATION,
CHEMBL1200759,EFO_0000479,INDICATION,
CHEMBL1200759,EFO_0004251,INDICATION,
CHEMBL1200759,MONDO_0000831,INDICATION,
CHEMBL1200760,EFO_0000729,INDICATION,
CHEMBL1200761,EFO_0000182,INDICATION,
CHEMBL1200761,EFO_0000400,CONTRAINDICATION,
CHEMBL1200761,EFO_0000474,CONTRAINDICATION,
CHEMBL1200761,EFO_0000537,CONTRAINDICATION,
CHEMBL1200761,EFO_0000612,CONTRAINDICATION,
CHEMBL1200761,EFO_0000712,CONTRAINDICATION,
CHEMBL1200761,EFO_0001065,CONTRAINDICATION,
CHEMBL1200761,EFO_0001073,CONTRAINDICATION,
CHEMBL1200761,EFO_0001645,CONTRAINDICATION,
CHEMBL1200761,EFO_0003832,CONTRAINDICATION,
CHEMBL1200761,EFO_0004152,CONTRAINDICATION,
CHEMBL1200761,EFO_0004705,CONTRAINDICATION,
CHEMBL1200761,EFO_0009315,CONTRAINDICATION,
CHEMBL1200761,EFO_1001512,CONTRAINDICATION,
CHEMBL1200761,MONDO_0001627,CONTRAINDICATION,
CHEMBL1200761,MONDO_0002520,CONTRAINDICATION,
CHEMBL1200761,MONDO_0002691,INDICATION,
CHEMBL1200761,MONDO_0004979,CONTRAINDICATION,
CHEMBL1200761,MONDO_0005277,CONTRAINDICATION,
CHEMBL1200761,MONDO_0007915,CONTRAINDICATION,
CHEMBL1200761,MONDO_0008170,CONTRAINDICATION,
CHEMBL1200761,MONDO_0037748,CONTRAINDICATION,
CHEMBL1200762,EFO_0000729,INDICATION,
CHEMBL1200762,EFO_1000906,INDICATION,
CHEMBL1200762,EFO_1001097,INDICATION,
CHEMBL1200762,EFO_1001434,INDICATION,
CHEMBL1200762,MONDO_0005178,INDICATION,
CHEMBL1200764,MONDO_0004979,INDICATION,
CHEMBL1200770,EFO_0003086,CONTRAINDICATION,
CHEMBL1200770,MONDO_0004979,CONTRAINDICATION,
CHEMBL1200770,MONDO_0008233,CONTRAINDICATION,
CHEMBL1200770,MONDO_0011382,CONTRAINDICATION,
CHEMBL1200770,MONDO_0100192,CONTRAINDICATION,
CHEMBL1200772,EFO_0000275,INDICATION,
CHEMBL1200775,EFO_0000183,INDICATION,
CHEMBL1200775,EFO_0000196,INDICATION,
CHEMBL1200775,EFO_0000537,INDICATION,
CHEMBL1200775,EFO_0000673,INDICATION,
CHEMBL1200775,EFO_0000731,INDICATION,
CHEMBL1200775,EFO_0001065,INDICATION,
CHEMBL1200775,EFO_0001073,INDICATION,
CHEMBL1200775,EFO_0001378,INDICATION,
CHEMBL1200775,EFO_0001663,INDICATION,
CHEMBL1200775,EFO_0003869,INDICATION,
CHEMBL1200775,EFO_0004248,INDICATION,
CHEMBL1200775,EFO_0005204,INDICATION,
CHEMBL1200775,EFO_0007453,INDICATION,
CHEMBL1200775,EFO_0009029,INDICATION,
CHEMBL1200775,EFO_1001469,INDICATION,
CHEMBL1200775,MONDO_0000088,INDICATION,
CHEMBL1200775,MONDO_0000521,INDICATION,
CHEMBL1200775,MONDO_0004975,INDICATION,
CHEMBL1200775,MONDO_0004992,INDICATION,
CHEMBL1200775,MONDO_0007254,INDICATION,
CHEMBL1200775,MONDO_0008315,INDICATION,
CHEMBL1200776,EFO_0000313,INDICATION,
CHEMBL1200776,EFO_0000673,INDICATION,
CHEMBL1200776,EFO_0003884,INDICATION,
CHEMBL1200776,EFO_0008506,INDICATION,
CHEMBL1200776,EFO_1000456,INDICATION,
CHEMBL1200776,EFO_1001173,INDICATION,
CHEMBL1200778,EFO_0000209,INDICATION,
CHEMBL1200778,EFO_0000222,INDICATION,
CHEMBL1200778,EFO_0000318,INDICATION,
CHEMBL1200778,EFO_0000502,INDICATION,
CHEMBL1200778,EFO_0000565,INDICATION,
CHEMBL1200778,EFO_0000574,INDICATION,
CHEMBL1200778,EFO_0000616,INDICATION,
CHEMBL1200778,EFO_0000621,INDICATION,
CHEMBL1200778,EFO_0000691,INDICATION,
CHEMBL1200778,EFO_1000158,INDICATION,
CHEMBL1200778,EFO_1000984,INDICATION,
CHEMBL1200778,MONDO_0000870,INDICATION,
CHEMBL1200778,MONDO_0007254,INDICATION,
CHEMBL1200781,EFO_0003758,INDICATION,
CHEMBL1200781,EFO_0004262,INDICATION,
CHEMBL1200781,MONDO_0002009,INDICATION,
CHEMBL1200787,EFO_0000239,INDICATION,
CHEMBL1200790,EFO_0004698,INDICATION,
CHEMBL1200791,EFO_0003956,INDICATION,
CHEMBL1200791,EFO_0005854,INDICATION,
CHEMBL1200791,EFO_0007141,INDICATION,
CHEMBL1200791,EFO_0007214,INDICATION,
CHEMBL1200791,EFO_0007486,INDICATION,
CHEMBL1200791,EFO_1000760,INDICATION,
CHEMBL1200791,MONDO_0000728,INDICATION,
CHEMBL1200791,MONDO_0001330,INDICATION,
CHEMBL1200794,EFO_0003843,INDICATION,
CHEMBL1200795,EFO_0003840,INDICATION,
CHEMBL1200795,EFO_0003929,INDICATION,
CHEMBL1200795,EFO_0003956,INDICATION,
CHEMBL1200795,EFO_0005531,INDICATION,
CHEMBL1200795,EFO_0005854,INDICATION,
CHEMBL1200795,EFO_0007214,INDICATION,
CHEMBL1200795,MONDO_0005271,INDICATION,
CHEMBL1200795,MONDO_0005301,INDICATION,
CHEMBL1200796,EFO_0000094,INDICATION,
CHEMBL1200796,EFO_0000095,INDICATION,
CHEMBL1200796,EFO_0000096,INDICATION,
CHEMBL1200796,EFO_0000174,INDICATION,
CHEMBL1200796,EFO_0000181,INDICATION,
CHEMBL1200796,EFO_0000182,INDICATION,
CHEMBL1200796,EFO_0000183,INDICATION,
CHEMBL1200796,EFO_0000191,INDICATION,
CHEMBL1200796,EFO_0000196,INDICATION,
CHEMBL1200796,EFO_0000198,INDICATION,
CHEMBL1200796,EFO_0000199,INDICATION,
CHEMBL1200796,EFO_0000209,INDICATION,
CHEMBL1200796,EFO_0000211,INDICATION,
CHEMBL1200796,EFO_0000218,INDICATION,
CHEMBL1200796,EFO_0000220,INDICATION,
CHEMBL1200796,EFO_0000221,INDICATION,
CHEMBL1200796,EFO_0000222,INDICATION,
CHEMBL1200796,EFO_0000223,INDICATION,
CHEMBL1200796,EFO_0000228,INDICATION,
CHEMBL1200796,EFO_0000248,INDICATION,
CHEMBL1200796,EFO_0000255,INDICATION,
CHEMBL1200796,EFO_0000305,INDICATION,
CHEMBL1200796,EFO_0000309,INDICATION,
CHEMBL1200796,EFO_0000313,INDICATION,
CHEMBL1200796,EFO_0000326,INDICATION,
CHEMBL1200796,EFO_0000339,INDICATION,
CHEMBL1200796,EFO_0000349,INDICATION,
CHEMBL1200796,EFO_0000384,INDICATION,
CHEMBL1200796,EFO_0000389,INDICATION,
CHEMBL1200796,EFO_0000403,INDICATION,
CHEMBL1200796,EFO_0000437,INDICATION,
CHEMBL1200796,EFO_0000502,INDICATION,
CHEMBL1200796,EFO_0000514,INDICATION,
CHEMBL1200796,EFO_0000519,INDICATION,
CHEMBL1200796,EFO_0000540,INDICATION,
CHEMBL1200796,EFO_0000545,INDICATION,
CHEMBL1200796,EFO_0000565,INDICATION,
CHEMBL1200796,EFO_0000569,INDICATION,
CHEMBL1200796,EFO_0000571,INDICATION,
CHEMBL1200796,EFO_0000574,INDICATION,
CHEMBL1200796,EFO_0000588,INDICATION,
CHEMBL1200796,EFO_0000613,INDICATION,
CHEMBL1200796,EFO_0000616,INDICATION,
CHEMBL1200796,EFO_0000621,INDICATION,
CHEMBL1200796,EFO_0000637,INDICATION,
CHEMBL1200796,EFO_0000673,INDICATION,
CHEMBL1200796,EFO_0000681,INDICATION,
CHEMBL1200796,EFO_0000685,INDICATION,
CHEMBL1200796,EFO_0000691,INDICATION,
CHEMBL1200796,EFO_0000702,INDICATION,
CHEMBL1200796,EFO_0000707,INDICATION,
CHEMBL1200796,EFO_0000708,INDICATION,
CHEMBL1200796,EFO_0000717,INDICATION,
CHEMBL1200796,EFO_0000756,INDICATION,
CHEMBL1200796,EFO_0000764,INDICATION,
CHEMBL1200796,EFO_0000765,INDICATION,
CHEMBL1200796,EFO_0000768,INDICATION,
CHEMBL1200796,EFO_0000770,INDICATION,
CHEMBL1200796,EFO_0001061,INDICATION,
CHEMBL1200796,EFO_0001075,INDICATION,
CHEMBL1200796,EFO_0001376,INDICATION,
CHEMBL1200796,EFO_0001378,INDICATION,
CHEMBL1200796,EFO_0001642,INDICATION,
CHEMBL1200796,EFO_0002087,INDICATION,
CHEMBL1200796,EFO_0002428,INDICATION,
CHEMBL1200796,EFO_0002430,INDICATION,
CHEMBL1200796,EFO_0002617,INDICATION,
CHEMBL1200796,EFO_0002618,INDICATION,
CHEMBL1200796,EFO_0002918,INDICATION,
CHEMBL1200796,EFO_0002939,INDICATION,
CHEMBL1200796,EFO_0003025,INDICATION,
CHEMBL1200796,EFO_0003027,INDICATION,
CHEMBL1200796,EFO_0003032,INDICATION,
CHEMBL1200796,EFO_0003060,INDICATION,
CHEMBL1200796,EFO_0003086,INDICATION,
CHEMBL1200796,EFO_0003780,INDICATION,
CHEMBL1200796,EFO_0003802,INDICATION,
CHEMBL1200796,EFO_0003811,INDICATION,
CHEMBL1200796,EFO_0003833,INDICATION,
CHEMBL1200796,EFO_0003840,INDICATION,
CHEMBL1200796,EFO_0003865,INDICATION,
CHEMBL1200796,EFO_0003869,INDICATION,
CHEMBL1200796,EFO_0003884,INDICATION,
CHEMBL1200796,EFO_0003888,INDICATION,
CHEMBL1200796,EFO_0003893,INDICATION,
CHEMBL1200796,EFO_0003929,INDICATION,
CHEMBL1200796,EFO_0004145,INDICATION,
CHEMBL1200796,EFO_0004194,INDICATION,
CHEMBL1200796,EFO_0004236,INDICATION,
CHEMBL1200796,EFO_0004251,INDICATION,
CHEMBL1200796,EFO_0004252,INDICATION,
CHEMBL1200796,EFO_0004254,INDICATION,
CHEMBL1200796,EFO_0004255,INDICATION,
CHEMBL1200796,EFO_0004256,INDICATION,
CHEMBL1200796,EFO_0004272,INDICATION,
CHEMBL1200796,EFO_0004281,INDICATION,
CHEMBL1200796,EFO_0004289,INDICATION,
CHEMBL1200796,EFO_0004719,INDICATION,
CHEMBL1200796,EFO_0004826,INDICATION,
CHEMBL1200796,EFO_0004991,INDICATION,
CHEMBL1200796,EFO_0005235,INDICATION,
CHEMBL1200796,EFO_0005297,INDICATION,
CHEMBL1200796,EFO_0005537,INDICATION,
CHEMBL1200796,EFO_0005543,INDICATION,
CHEMBL1200796,EFO_0005561,INDICATION,
CHEMBL1200796,EFO_0005570,INDICATION,
CHEMBL1200796,EFO_0005761,INDICATION,
CHEMBL1200796,EFO_0005803,INDICATION,
CHEMBL1200796,EFO_0005952,INDICATION,
CHEMBL1200796,EFO_0006475,INDICATION,
CHEMBL1200796,EFO_0006738,INDICATION,
CHEMBL1200796,EFO_0006803,INDICATION,
CHEMBL1200796,EFO_0006859,INDICATION,
CHEMBL1200796,EFO_0006861,INDICATION,
CHEMBL1200796,EFO_0006911,INDICATION,
CHEMBL1200796,EFO_0006927,INDICATION,
CHEMBL1200796,EFO_0007147,INDICATION,
CHEMBL1200796,EFO_0007160,INDICATION,
CHEMBL1200796,EFO_0007290,INDICATION,
CHEMBL1200796,EFO_0007498,INDICATION,
CHEMBL1200796,EFO_0008498,INDICATION,
CHEMBL1200796,EFO_0008528,INDICATION,
CHEMBL1200796,EFO_0009259,INDICATION,
CHEMBL1200796,EFO_0009441,INDICATION,
CHEMBL1200796,EFO_0009448,INDICATION,
CHEMBL1200796,EFO_0009538,INDICATION,
CHEMBL1200796,EFO_0009708,INDICATION,
CHEMBL1200796,EFO_0009709,INDICATION,
CHEMBL1200796,EFO_1000028,INDICATION,
CHEMBL1200796,EFO_1000131,INDICATION,
CHEMBL1200796,EFO_1000158,INDICATION,
CHEMBL1200796,EFO_1000251,INDICATION,
CHEMBL1200796,EFO_1000292,INDICATION,
CHEMBL1200796,EFO_1000294,INDICATION,
CHEMBL1200796,EFO_1000309,INDICATION,
CHEMBL1200796,EFO_1000318,INDICATION,
CHEMBL1200796,EFO_1000576,INDICATION,
CHEMBL1200796,EFO_1000581,INDICATION,
CHEMBL1200796,EFO_1000657,INDICATION,
CHEMBL1200796,EFO_1000690,INDICATION,
CHEMBL1200796,EFO_1000749,INDICATION,
CHEMBL1200796,EFO_1000784,INDICATION,
CHEMBL1200796,EFO_1000785,INDICATION,
CHEMBL1200796,EFO_1000895,INDICATION,
CHEMBL1200796,EFO_1000965,INDICATION,
CHEMBL1200796,EFO_1000984,INDICATION,
CHEMBL1200796,EFO_1001042,INDICATION,
CHEMBL1200796,EFO_1001051,INDICATION,
CHEMBL1200796,EFO_1001365,INDICATION,
CHEMBL1200796,EFO_1001380,INDICATION,
CHEMBL1200796,EFO_1001465,INDICATION,
CHEMBL1200796,EFO_1001469,INDICATION,
CHEMBL1200796,EFO_1001471,INDICATION,
CHEMBL1200796,EFO_1001779,INDICATION,
CHEMBL1200796,EFO_1001857,INDICATION,
CHEMBL1200796,EFO_1001875,INDICATION,
CHEMBL1200796,EFO_1001901,INDICATION,
CHEMBL1200796,EFO_1001938,INDICATION,
CHEMBL1200796,EFO_1001951,INDICATION,
CHEMBL1200796,EFO_1001968,INDICATION,
CHEMBL1200796,EFO_1001993,INDICATION,
CHEMBL1200796,EFO_1001996,INDICATION,
CHEMBL1200796,EFO_1002048,INDICATION,
CHEMBL1200796,MONDO_0000159,INDICATION,
CHEMBL1200796,MONDO_0000430,INDICATION,
CHEMBL1200796,MONDO_0000432,INDICATION,
CHEMBL1200796,MONDO_0000831,INDICATION,
CHEMBL1200796,MONDO_0000870,INDICATION,
CHEMBL1200796,MONDO_0000873,INDICATION,
CHEMBL1200796,MONDO_0001023,INDICATION,
CHEMBL1200796,MONDO_0001187,INDICATION,
CHEMBL1200796,MONDO_0001475,INDICATION,
CHEMBL1200796,MONDO_0001657,INDICATION,
CHEMBL1200796,MONDO_0001705,INDICATION,
CHEMBL1200796,MONDO_0001718,INDICATION,
CHEMBL1200796,MONDO_0002087,INDICATION,
CHEMBL1200796,MONDO_0002108,INDICATION,
CHEMBL1200796,MONDO_0002158,INDICATION,
CHEMBL1200796,MONDO_0002334,INDICATION,
CHEMBL1200796,MONDO_0002367,INDICATION,
CHEMBL1200796,MONDO_0002380,INDICATION,
CHEMBL1200796,MONDO_0002691,INDICATION,
CHEMBL1200796,MONDO_0002898,INDICATION,
CHEMBL1200796,MONDO_0002974,INDICATION,
CHEMBL1200796,MONDO_0003060,INDICATION,
CHEMBL1200796,MONDO_0003478,INDICATION,
CHEMBL1200796,MONDO_0003751,INDICATION,
CHEMBL1200796,MONDO_0004095,INDICATION,
CHEMBL1200796,MONDO_0004658,INDICATION,
CHEMBL1200796,MONDO_0004992,INDICATION,
CHEMBL1200796,MONDO_0005184,INDICATION,
CHEMBL1200796,MONDO_0005301,INDICATION,
CHEMBL1200796,MONDO_0007254,INDICATION,
CHEMBL1200796,MONDO_0007576,INDICATION,
CHEMBL1200796,MONDO_0007915,INDICATION,
CHEMBL1200796,MONDO_0008170,INDICATION,
CHEMBL1200796,MONDO_0008315,INDICATION,
CHEMBL1200796,MONDO_0008380,INDICATION,
CHEMBL1200796,MONDO_0008903,INDICATION,
CHEMBL1200796,MONDO_0008978,INDICATION,
CHEMBL1200796,MONDO_0009254,INDICATION,
CHEMBL1200796,MONDO_0009348,INDICATION,
CHEMBL1200796,MONDO_0009499,INDICATION,
CHEMBL1200796,MONDO_0010006,INDICATION,
CHEMBL1200796,MONDO_0010100,INDICATION,
CHEMBL1200796,MONDO_0011382,INDICATION,
CHEMBL1200796,MONDO_0011962,INDICATION,
CHEMBL1200796,MONDO_0013730,INDICATION,
CHEMBL1200796,MONDO_0015277,INDICATION,
CHEMBL1200796,MONDO_0015540,INDICATION,
CHEMBL1200796,MONDO_0015564,INDICATION,
CHEMBL1200796,MONDO_0015760,INDICATION,
CHEMBL1200796,MONDO_0016537,INDICATION,
CHEMBL1200796,MONDO_0016700,INDICATION,
CHEMBL1200796,MONDO_0016717,INDICATION,
CHEMBL1200796,MONDO_0017198,INDICATION,
CHEMBL1200796,MONDO_0017816,INDICATION,
CHEMBL1200796,MONDO_0018076,INDICATION,
CHEMBL1200796,MONDO_0018149,INDICATION,
CHEMBL1200796,MONDO_0018150,INDICATION,
CHEMBL1200796,MONDO_0018271,INDICATION,
CHEMBL1200796,MONDO_0018305,INDICATION,
CHEMBL1200796,MONDO_0018544,INDICATION,
CHEMBL1200796,MONDO_0018868,INDICATION,
CHEMBL1200796,MONDO_0018906,INDICATION,
CHEMBL1200796,MONDO_0018944,INDICATION,
CHEMBL1200796,MONDO_0019004,INDICATION,
CHEMBL1200796,MONDO_0019019,INDICATION,
CHEMBL1200796,MONDO_0019148,INDICATION,
CHEMBL1200796,MONDO_0019262,INDICATION,
CHEMBL1200796,MONDO_0019338,INDICATION,
CHEMBL1200796,MONDO_0019391,INDICATION,
CHEMBL1200796,MONDO_0019438,INDICATION,
CHEMBL1200796,MONDO_0019471,INDICATION,
CHEMBL1200796,MONDO_0019472,INDICATION,
CHEMBL1200796,MONDO_0020077,INDICATION,
CHEMBL1200796,MONDO_0020547,INDICATION,
CHEMBL1200796,MONDO_0021063,INDICATION,
CHEMBL1200796,MONDO_0024475,INDICATION,
CHEMBL1200796,MONDO_0037745,INDICATION,
CHEMBL1200796,MONDO_0044881,INDICATION,
CHEMBL1200796,MONDO_0044903,INDICATION,
CHEMBL1200796,MONDO_0044917,INDICATION,
CHEMBL1200796,MONDO_0100342,INDICATION,
CHEMBL1200796,Orphanet_145,INDICATION,
CHEMBL1200798,MONDO_0002009,INDICATION,
CHEMBL1200798,MONDO_0002050,INDICATION,
CHEMBL1200798,MONDO_0004976,INDICATION,
CHEMBL1200799,EFO_0004190,INDICATION,
CHEMBL1200799,EFO_0004235,INDICATION,
CHEMBL1200799,EFO_1000997,CONTRAINDICATION,
CHEMBL1200799,EFO_1001069,INDICATION,
CHEMBL1200799,EFO_1001231,CONTRAINDICATION,
CHEMBL1200799,MONDO_0005041,INDICATION,
CHEMBL1200799,MONDO_0007935,CONTRAINDICATION,
CHEMBL1200800,EFO_0003086,CONTRAINDICATION,
CHEMBL1200800,EFO_0003777,CONTRAINDICATION,
CHEMBL1200800,EFO_0003884,INDICATION,
CHEMBL1200800,EFO_0004287,CONTRAINDICATION,
CHEMBL1200800,EFO_0008506,CONTRAINDICATION,
CHEMBL1200800,EFO_1002048,INDICATION,
CHEMBL1200800,MONDO_0001566,CONTRAINDICATION,
CHEMBL1200800,MONDO_0019338,CONTRAINDICATION,
CHEMBL1200800,MONDO_0024327,CONTRAINDICATION,
CHEMBL1200802,EFO_0004698,INDICATION,
CHEMBL1200803,EFO_0000284,INDICATION,
CHEMBL1200803,EFO_0006865,INDICATION,
CHEMBL1200803,EFO_1000781,INDICATION,
CHEMBL1200804,EFO_0000685,INDICATION,
CHEMBL1200804,EFO_0003843,INDICATION,
CHEMBL1200804,EFO_0009454,INDICATION,
CHEMBL1200804,EFO_0010072,INDICATION,
CHEMBL1200804,EFO_1001139,INDICATION,
CHEMBL1200804,MONDO_0005178,INDICATION,
CHEMBL1200804,MONDO_0005277,INDICATION,
CHEMBL1200806,EFO_0000685,INDICATION,
CHEMBL1200806,EFO_0002609,INDICATION,
CHEMBL1200806,EFO_0003843,INDICATION,
CHEMBL1200806,EFO_0003898,INDICATION,
CHEMBL1200806,EFO_0004274,INDICATION,
CHEMBL1200806,EFO_0004616,INDICATION,
CHEMBL1200806,EFO_0009454,INDICATION,
CHEMBL1200806,EFO_0010072,INDICATION,
CHEMBL1200806,EFO_1000941,INDICATION,
CHEMBL1200806,EFO_1001434,INDICATION,
CHEMBL1200806,MONDO_0002258,INDICATION,
CHEMBL1200806,MONDO_0002471,INDICATION,
CHEMBL1200806,MONDO_0003937,INDICATION,
CHEMBL1200806,MONDO_0004975,INDICATION,
CHEMBL1200806,MONDO_0005178,INDICATION,
CHEMBL1200806,MONDO_0005277,INDICATION,
CHEMBL1200807,EFO_0000764,INDICATION,
CHEMBL1200807,EFO_0002950,INDICATION,
CHEMBL1200809,EFO_0003956,INDICATION,
CHEMBL1200809,EFO_0005854,INDICATION,
CHEMBL1200809,EFO_0007141,INDICATION,
CHEMBL1200809,EFO_0007533,INDICATION,
CHEMBL1200809,EFO_0009364,INDICATION,
CHEMBL1200809,EFO_1001417,INDICATION,
CHEMBL1200810,EFO_0000616,INDICATION,
CHEMBL1200810,EFO_0000676,INDICATION,
CHEMBL1200810,EFO_0003884,INDICATION,
CHEMBL1200810,EFO_0005754,INDICATION,
CHEMBL1200810,EFO_0009451,CONTRAINDICATION,
CHEMBL1200810,EFO_1001173,INDICATION,
CHEMBL1200810,MONDO_0000328,CONTRAINDICATION,
CHEMBL1200810,MONDO_0001566,CONTRAINDICATION,
CHEMBL1200810,MONDO_0008315,INDICATION,
CHEMBL1200813,EFO_0000537,INDICATION,
CHEMBL1200814,EFO_0009373,INDICATION,
CHEMBL1200814,MONDO_0001744,INDICATION,
CHEMBL1200814,MONDO_0005041,INDICATION,
CHEMBL1200820,EFO_0000544,INDICATION,
CHEMBL1200820,EFO_0003035,INDICATION,
CHEMBL1200820,EFO_0003102,INDICATION,
CHEMBL1200820,EFO_0003106,INDICATION,
CHEMBL1200820,EFO_0007149,INDICATION,
CHEMBL1200820,EFO_0008588,INDICATION,
CHEMBL1200820,EFO_1001312,INDICATION,
CHEMBL1200820,EFO_1001388,INDICATION,
CHEMBL1200820,EFO_1001459,INDICATION,
CHEMBL1200822,EFO_0000275,INDICATION,
CHEMBL1200822,EFO_0003843,INDICATION,
CHEMBL1200823,EFO_0001361,INDICATION,
CHEMBL1200823,EFO_0001642,INDICATION,
CHEMBL1200823,EFO_0003884,INDICATION,
CHEMBL1200823,EFO_0004272,INDICATION,
CHEMBL1200825,EFO_0000764,INDICATION,
CHEMBL1200825,EFO_0003843,INDICATION,
CHEMBL1200825,EFO_0003890,INDICATION,
CHEMBL1200825,EFO_0005611,INDICATION,
CHEMBL1200826,EFO_0000676,CONTRAINDICATION,
CHEMBL1200826,EFO_0000685,INDICATION,
CHEMBL1200826,EFO_0000702,INDICATION,
CHEMBL1200826,EFO_0000712,INDICATION,
CHEMBL1200826,EFO_0002615,INDICATION,
CHEMBL1200826,EFO_0003015,INDICATION,
CHEMBL1200826,EFO_0003086,CONTRAINDICATION,
CHEMBL1200826,EFO_0003756,INDICATION,
CHEMBL1200826,EFO_0003931,INDICATION,
CHEMBL1200826,EFO_0004216,INDICATION,
CHEMBL1200826,EFO_0004705,CONTRAINDICATION,
CHEMBL1200826,EFO_0005230,INDICATION,
CHEMBL1200826,EFO_0009550,INDICATION,
CHEMBL1200826,EFO_0009854,INDICATION,
CHEMBL1200826,EFO_0009963,INDICATION,
CHEMBL1200826,EFO_0011023,INDICATION,
CHEMBL1200826,EFO_1000158,INDICATION,
CHEMBL1200826,EFO_1001050,INDICATION,
CHEMBL1200826,EFO_1001901,INDICATION,
CHEMBL1200826,EFO_1001919,INDICATION,
CHEMBL1200826,EFO_1002017,INDICATION,
CHEMBL1200826,MONDO_0001475,INDICATION,
CHEMBL1200826,MONDO_0001657,INDICATION,
CHEMBL1200826,MONDO_0002009,INDICATION,
CHEMBL1200826,MONDO_0002050,INDICATION,
CHEMBL1200826,MONDO_0004782,CONTRAINDICATION,
CHEMBL1200826,MONDO_0004975,INDICATION,
CHEMBL1200826,MONDO_0004976,INDICATION,
CHEMBL1200826,MONDO_0004985,INDICATION,
CHEMBL1200826,MONDO_0005090,INDICATION,
CHEMBL1200826,MONDO_0005178,INDICATION,
CHEMBL1200826,MONDO_0005180,INDICATION,
CHEMBL1200826,MONDO_0005301,INDICATION,
CHEMBL1200826,MONDO_0007079,INDICATION,
CHEMBL1200826,MONDO_0007739,INDICATION,
CHEMBL1200826,MONDO_0008119,INDICATION,
CHEMBL1200826,MONDO_0008315,INDICATION,
CHEMBL1200826,MONDO_0008458,INDICATION,
CHEMBL1200826,MONDO_0015277,INDICATION,
CHEMBL1200826,MONDO_0017276,INDICATION,
CHEMBL1200826,MONDO_0018696,INDICATION,
CHEMBL1200826,MONDO_0018982,INDICATION,
CHEMBL1200826,MONDO_0019037,INDICATION,
CHEMBL1200826,Orphanet_733,INDICATION,
CHEMBL1200826,Orphanet_98757,INDICATION,
CHEMBL1200829,EFO_1000839,INDICATION,
CHEMBL1200830,EFO_0003144,INDICATION,
CHEMBL1200830,EFO_0003964,INDICATION,
CHEMBL1200830,EFO_0004272,INDICATION,
CHEMBL1200830,EFO_0005687,INDICATION,
CHEMBL1200830,EFO_1001518,INDICATION,
CHEMBL1200830,MONDO_0002280,INDICATION,
CHEMBL1200832,EFO_0007512,INDICATION,
CHEMBL1200836,EFO_0007510,INDICATION,
CHEMBL1200836,EFO_0007512,INDICATION,
CHEMBL1200837,EFO_1001069,INDICATION,
CHEMBL1200837,MONDO_0005041,INDICATION,
CHEMBL1200839,MONDO_0004567,INDICATION,
CHEMBL1200841,EFO_0000764,INDICATION,
CHEMBL1200843,MP_0001914,INDICATION,
CHEMBL1200845,EFO_0000274,INDICATION,
CHEMBL1200845,EFO_0000701,INDICATION,
CHEMBL1200845,EFO_0003875,CONTRAINDICATION,
CHEMBL1200845,EFO_0005319,INDICATION,
CHEMBL1200845,EFO_1000697,INDICATION,
CHEMBL1200845,EFO_1000704,INDICATION,
CHEMBL1200845,EFO_1000764,INDICATION,
CHEMBL1200845,EFO_1000766,CONTRAINDICATION,
CHEMBL1200845,MONDO_0005041,CONTRAINDICATION,
CHEMBL1200845,MONDO_0005147,CONTRAINDICATION,
CHEMBL1200845,MONDO_0005148,CONTRAINDICATION,
CHEMBL1200845,MONDO_0015758,INDICATION,
CHEMBL1200845,MONDO_0021948,CONTRAINDICATION,
CHEMBL1200848,EFO_0000400,CONTRAINDICATION,
CHEMBL1200848,EFO_0000474,CONTRAINDICATION,
CHEMBL1200848,EFO_0000537,CONTRAINDICATION,
CHEMBL1200848,EFO_0002950,INDICATION,
CHEMBL1200848,EFO_0003086,CONTRAINDICATION,
CHEMBL1200848,EFO_0003917,INDICATION,
CHEMBL1200848,EFO_1001512,OFF_LABEL_USE,
CHEMBL1200848,MONDO_0002050,CONTRAINDICATION,
CHEMBL1200848,MONDO_0004979,CONTRAINDICATION,
CHEMBL1200848,MONDO_0005277,CONTRAINDICATION,
CHEMBL1200850,EFO_0000765,INDICATION,
CHEMBL1200850,EFO_0003833,INDICATION,
CHEMBL1200850,EFO_0009708,INDICATION,
CHEMBL1200850,EFO_1000811,INDICATION,
CHEMBL1200850,EFO_1001302,INDICATION,
CHEMBL1200850,MONDO_0002708,INDICATION,
CHEMBL1200850,MONDO_0003778,INDICATION,
CHEMBL1200851,EFO_0010282,INDICATION,
CHEMBL1200853,EFO_0000545,INDICATION,
CHEMBL1200853,EFO_0000660,INDICATION,
CHEMBL1200853,EFO_0002950,INDICATION,
CHEMBL1200853,EFO_0003917,INDICATION,
CHEMBL1200853,EFO_0008560,INDICATION,
CHEMBL1200853,EFO_1000954,INDICATION,
CHEMBL1200854,EFO_0000676,INDICATION,
CHEMBL1200855,EFO_0000544,INDICATION,
CHEMBL1200855,EFO_0003102,INDICATION,
CHEMBL1200859,MONDO_0007254,INDICATION,
CHEMBL1200862,EFO_0000174,INDICATION,
CHEMBL1200862,EFO_0000239,INDICATION,
CHEMBL1200862,EFO_0000537,INDICATION,
CHEMBL1200862,EFO_0003086,CONTRAINDICATION,
CHEMBL1200862,EFO_0005251,CONTRAINDICATION,
CHEMBL1200862,EFO_0005407,INDICATION,
CHEMBL1200862,MONDO_0002050,CONTRAINDICATION,
CHEMBL1200862,MONDO_0008233,INDICATION,
CHEMBL1200862,MONDO_0021095,CONTRAINDICATION,
CHEMBL1200862,MONDO_0024647,CONTRAINDICATION,
CHEMBL1200863,EFO_0000095,INDICATION,
CHEMBL1200863,EFO_0000183,INDICATION,
CHEMBL1200863,EFO_0000198,INDICATION,
CHEMBL1200863,EFO_0000222,INDICATION,
CHEMBL1200863,EFO_0000326,INDICATION,
CHEMBL1200863,EFO_0000339,INDICATION,
CHEMBL1200863,EFO_0000403,INDICATION,
CHEMBL1200863,EFO_0000502,INDICATION,
CHEMBL1200863,EFO_0000621,INDICATION,
CHEMBL1200863,EFO_0001378,INDICATION,
CHEMBL1200863,EFO_0003893,INDICATION,
CHEMBL1200863,EFO_0004289,INDICATION,
CHEMBL1200863,EFO_0005952,INDICATION,
CHEMBL1200863,EFO_1001469,INDICATION,
CHEMBL1200863,EFO_1001875,INDICATION,
CHEMBL1200863,MONDO_0008380,INDICATION,
CHEMBL1200863,MONDO_0013730,INDICATION,
CHEMBL1200863,MONDO_0018906,INDICATION,
CHEMBL1200865,EFO_0005752,INDICATION,
CHEMBL1200865,EFO_0007141,INDICATION,
CHEMBL1200865,EFO_0007403,CONTRAINDICATION,
CHEMBL1200865,EFO_0009536,INDICATION,
CHEMBL1200865,EFO_1000760,INDICATION,
CHEMBL1200865,EFO_1000811,INDICATION,
CHEMBL1200865,EFO_1000906,INDICATION,
CHEMBL1200865,EFO_1000997,INDICATION,
CHEMBL1200865,EFO_1001069,CONTRAINDICATION,
CHEMBL1200865,EFO_1001070,CONTRAINDICATION,
CHEMBL1200865,EFO_1001231,INDICATION,
CHEMBL1200865,MONDO_0004773,INDICATION,
CHEMBL1200865,MONDO_0005041,CONTRAINDICATION,
CHEMBL1200865,MONDO_0005129,INDICATION,
CHEMBL1200865,MONDO_0020944,CONTRAINDICATION,
CHEMBL1200865,MONDO_0020950,CONTRAINDICATION,
CHEMBL1200865,MP_0001845,INDICATION,
CHEMBL1200866,MONDO_0019091,INDICATION,
CHEMBL1200869,EFO_0000544,INDICATION,
CHEMBL1200869,EFO_0000574,INDICATION,
CHEMBL1200869,EFO_0003102,INDICATION,
CHEMBL1200870,EFO_0000666,INDICATION,
CHEMBL1200870,EFO_0004190,INDICATION,
CHEMBL1200870,EFO_1000635,INDICATION,
CHEMBL1200870,EFO_1000809,INDICATION,
CHEMBL1200870,EFO_1000879,INDICATION,
CHEMBL1200870,EFO_1001022,INDICATION,
CHEMBL1200870,EFO_1001069,INDICATION,
CHEMBL1200870,MONDO_0005041,INDICATION,
CHEMBL1200873,EFO_0000239,INDICATION,
CHEMBL1200873,EFO_0000319,INDICATION,
CHEMBL1200873,EFO_0001073,INDICATION,
CHEMBL1200873,MONDO_0008315,INDICATION,
CHEMBL1200875,EFO_0003103,INDICATION,
CHEMBL1200875,EFO_0003830,INDICATION,
CHEMBL1200875,EFO_0003878,INDICATION,
CHEMBL1200875,EFO_0003901,INDICATION,
CHEMBL1200878,EFO_0000685,INDICATION,
CHEMBL1200878,EFO_0003843,INDICATION,
CHEMBL1200878,EFO_0004616,INDICATION,
CHEMBL1200878,EFO_1000999,INDICATION,
CHEMBL1200878,MONDO_0005178,INDICATION,
CHEMBL1200879,EFO_0000275,INDICATION,
CHEMBL1200879,EFO_0000612,INDICATION,
CHEMBL1200879,EFO_0000685,INDICATION,
CHEMBL1200879,EFO_0000712,INDICATION,
CHEMBL1200879,EFO_0003827,INDICATION,
CHEMBL1200879,EFO_0003907,INDICATION,
CHEMBL1200879,EFO_0004239,INDICATION,
CHEMBL1200881,EFO_0000305,INDICATION,
CHEMBL1200881,EFO_0000544,INDICATION,
CHEMBL1200881,EFO_0000649,INDICATION,
CHEMBL1200881,EFO_0003102,INDICATION,
CHEMBL1200881,EFO_0003894,INDICATION,
CHEMBL1200881,EFO_0007410,INDICATION,
CHEMBL1200881,EFO_0009450,INDICATION,
CHEMBL1200881,EFO_1000760,INDICATION,
CHEMBL1200881,EFO_1002047,INDICATION,
CHEMBL1200881,MONDO_0024355,INDICATION,
CHEMBL1200881,MONDO_0043510,INDICATION,
CHEMBL1200885,EFO_0000555,INDICATION,
CHEMBL1200887,EFO_0004888,INDICATION,
CHEMBL1200887,MONDO_0005180,INDICATION,
CHEMBL1200890,EFO_0003843,INDICATION,
CHEMBL1200890,EFO_0003890,INDICATION,
CHEMBL1200890,EFO_0004616,INDICATION,
CHEMBL1200890,EFO_1000786,INDICATION,
CHEMBL1200895,EFO_0000673,INDICATION,
CHEMBL1200895,MONDO_0007254,INDICATION,
CHEMBL1200904,EFO_0007191,INDICATION,
CHEMBL1200904,MONDO_0004975,INDICATION,
CHEMBL1200907,EFO_0000673,INDICATION,
CHEMBL1200907,EFO_0005539,INDICATION,
CHEMBL1200907,EFO_1000797,INDICATION,
CHEMBL1200908,EFO_0000274,INDICATION,
CHEMBL1200908,EFO_0000676,INDICATION,
CHEMBL1200908,EFO_0000701,INDICATION,
CHEMBL1200908,EFO_1001494,INDICATION,
CHEMBL1200912,EFO_0001073,INDICATION,
CHEMBL1200914,EFO_0000284,INDICATION,
CHEMBL1200914,EFO_0000537,INDICATION,
CHEMBL1200914,EFO_0001663,INDICATION,
CHEMBL1200914,EFO_0003830,INDICATION,
CHEMBL1200914,EFO_0005323,INDICATION,
CHEMBL1200922,EFO_0005230,INDICATION,
CHEMBL1200925,EFO_0001422,CONTRAINDICATION,
CHEMBL1200925,EFO_0009530,CONTRAINDICATION,
CHEMBL1200925,MONDO_0000313,OFF_LABEL_USE,
CHEMBL1200925,MONDO_0000328,CONTRAINDICATION,
CHEMBL1200925,MONDO_0100192,CONTRAINDICATION,
CHEMBL1200927,EFO_0003956,INDICATION,
CHEMBL1200927,EFO_0003958,INDICATION,
CHEMBL1200927,EFO_0005531,INDICATION,
CHEMBL1200927,EFO_0005532,INDICATION,
CHEMBL1200927,EFO_0005854,INDICATION,
CHEMBL1200927,EFO_0007141,INDICATION,
CHEMBL1200927,EFO_0007533,INDICATION,
CHEMBL1200927,EFO_1001417,INDICATION,
CHEMBL1200927,MONDO_0005271,INDICATION,
CHEMBL1200927,MONDO_0005301,INDICATION,
CHEMBL1200928,EFO_0003106,INDICATION,
CHEMBL1200928,EFO_0004280,INDICATION,
CHEMBL1200928,EFO_0005628,INDICATION,
CHEMBL1200928,EFO_0009552,INDICATION,
CHEMBL1200928,EFO_0009560,INDICATION,
CHEMBL1200928,EFO_1000697,INDICATION,
CHEMBL1200928,EFO_1001904,INDICATION,
CHEMBL1200928,MONDO_0010200,INDICATION,
CHEMBL1200928,MONDO_0037821,CONTRAINDICATION,
CHEMBL1200928,MONDO_0100096,INDICATION,
CHEMBL1200929,EFO_0000319,CONTRAINDICATION,
CHEMBL1200929,EFO_0000400,CONTRAINDICATION,
CHEMBL1200929,EFO_0000537,CONTRAINDICATION,
CHEMBL1200929,EFO_0000545,INDICATION,
CHEMBL1200929,EFO_0001070,INDICATION,
CHEMBL1200929,EFO_0001073,INDICATION,
CHEMBL1200929,EFO_0003086,CONTRAINDICATION,
CHEMBL1200929,EFO_0003106,INDICATION,
CHEMBL1200929,EFO_0003777,CONTRAINDICATION,
CHEMBL1200929,EFO_0003884,INDICATION,
CHEMBL1200929,EFO_0003888,OFF_LABEL_USE,
CHEMBL1200929,EFO_0003938,INDICATION,
CHEMBL1200929,EFO_0004234,OFF_LABEL_USE,
CHEMBL1200929,EFO_0004272,INDICATION,
CHEMBL1200929,EFO_0005251,CONTRAINDICATION,
CHEMBL1200929,EFO_0008506,CONTRAINDICATION,
CHEMBL1200929,EFO_0009189,CONTRAINDICATION,
CHEMBL1200929,EFO_1001345,INDICATION,
CHEMBL1200929,EFO_1001888,CONTRAINDICATION,
CHEMBL1200929,EFO_1001898,INDICATION,
CHEMBL1200929,MONDO_0001566,CONTRAINDICATION,
CHEMBL1200929,MONDO_0001744,CONTRAINDICATION,
CHEMBL1200929,MONDO_0002050,CONTRAINDICATION,
CHEMBL1200929,MONDO_0008713,OFF_LABEL_USE,
CHEMBL1200929,MONDO_0011382,INDICATION,
CHEMBL1200929,MONDO_0019338,CONTRAINDICATION,
CHEMBL1200929,MONDO_0021187,INDICATION,
CHEMBL1200929,MONDO_0043885,CONTRAINDICATION,
CHEMBL1200930,EFO_0003763,INDICATION,
CHEMBL1200930,EFO_0003948,INDICATION,
CHEMBL1200930,EFO_0004607,INDICATION,
CHEMBL1200930,EFO_0007549,INDICATION,
CHEMBL1200930,EFO_1000961,INDICATION,
CHEMBL1200930,EFO_1001095,INDICATION,
CHEMBL1200930,EFO_1001355,INDICATION,
CHEMBL1200932,EFO_0000681,INDICATION,
CHEMBL1200932,EFO_0005543,INDICATION,
CHEMBL1200932,EFO_0008528,INDICATION,
CHEMBL1200932,EFO_1000979,INDICATION,
CHEMBL1200932,MONDO_0007254,INDICATION,
CHEMBL1200932,MONDO_0008315,INDICATION,
CHEMBL1200934,EFO_0000400,CONTRAINDICATION,
CHEMBL1200934,EFO_0000474,CONTRAINDICATION,
CHEMBL1200934,EFO_0000537,CONTRAINDICATION,
CHEMBL1200934,EFO_0000612,CONTRAINDICATION,
CHEMBL1200934,EFO_0000660,OFF_LABEL_USE,
CHEMBL1200934,EFO_0000712,CONTRAINDICATION,
CHEMBL1200934,EFO_0000764,INDICATION,
CHEMBL1200934,EFO_0001065,CONTRAINDICATION,
CHEMBL1200934,EFO_0001073,CONTRAINDICATION,
CHEMBL1200934,EFO_0001645,CONTRAINDICATION,
CHEMBL1200934,EFO_0003047,INDICATION,
CHEMBL1200934,EFO_0003086,CONTRAINDICATION,
CHEMBL1200934,EFO_0003832,CONTRAINDICATION,
CHEMBL1200934,EFO_0003854,INDICATION,
CHEMBL1200934,EFO_0003882,INDICATION,
CHEMBL1200934,EFO_0003894,INDICATION,
CHEMBL1200934,EFO_0004152,CONTRAINDICATION,
CHEMBL1200934,EFO_0004705,CONTRAINDICATION,
CHEMBL1200934,EFO_0009315,CONTRAINDICATION,
CHEMBL1200934,EFO_0009551,CONTRAINDICATION,
CHEMBL1200934,EFO_1001068,CONTRAINDICATION,
CHEMBL1200934,EFO_1001074,CONTRAINDICATION,
CHEMBL1200934,EFO_1001512,CONTRAINDICATION,
CHEMBL1200934,MONDO_0001627,CONTRAINDICATION,
CHEMBL1200934,MONDO_0001836,OFF_LABEL_USE,
CHEMBL1200934,MONDO_0002050,CONTRAINDICATION,
CHEMBL1200934,MONDO_0002520,CONTRAINDICATION,
CHEMBL1200934,MONDO_0002691,CONTRAINDICATION,
CHEMBL1200934,MONDO_0004979,CONTRAINDICATION,
CHEMBL1200934,MONDO_0005277,CONTRAINDICATION,
CHEMBL1200934,MONDO_0007915,CONTRAINDICATION,
CHEMBL1200934,MONDO_0008170,CONTRAINDICATION,
CHEMBL1200934,MONDO_0009061,INDICATION,
CHEMBL1200934,MONDO_0018075,INDICATION,
CHEMBL1200934,MONDO_0021187,CONTRAINDICATION,
CHEMBL1200934,MONDO_0037748,CONTRAINDICATION,
CHEMBL1200934,MONDO_0037821,CONTRAINDICATION,
CHEMBL1200935,EFO_0006865,INDICATION,
CHEMBL1200935,EFO_1000781,INDICATION,
CHEMBL1200936,EFO_0000544,INDICATION,
CHEMBL1200936,EFO_0000771,INDICATION,
CHEMBL1200936,EFO_0003102,INDICATION,
CHEMBL1200937,EFO_0003102,INDICATION,
CHEMBL1200939,EFO_0000474,CONTRAINDICATION,
CHEMBL1200939,EFO_0000537,CONTRAINDICATION,
CHEMBL1200939,EFO_0003928,CONTRAINDICATION,
CHEMBL1200939,EFO_0004242,CONTRAINDICATION,
CHEMBL1200939,EFO_0004262,CONTRAINDICATION,
CHEMBL1200939,EFO_0004698,CONTRAINDICATION,
CHEMBL1200939,EFO_0007214,INDICATION,
CHEMBL1200939,EFO_0009189,CONTRAINDICATION,
CHEMBL1200939,EFO_0009491,CONTRAINDICATION,
CHEMBL1200939,EFO_0009530,CONTRAINDICATION,
CHEMBL1200939,EFO_1001069,CONTRAINDICATION,
CHEMBL1200939,EFO_1001134,CONTRAINDICATION,
CHEMBL1200939,EFO_1001375,CONTRAINDICATION,
CHEMBL1200939,EFO_1001872,CONTRAINDICATION,
CHEMBL1200939,MONDO_0001343,CONTRAINDICATION,
CHEMBL1200939,MONDO_0001744,CONTRAINDICATION,
CHEMBL1200939,MONDO_0004247,CONTRAINDICATION,
CHEMBL1200939,MONDO_0008224,CONTRAINDICATION,
CHEMBL1200939,MONDO_0100192,CONTRAINDICATION,
CHEMBL1200940,EFO_0004888,INDICATION,
CHEMBL1200940,EFO_1000948,INDICATION,
CHEMBL1200940,EFO_1002048,INDICATION,
CHEMBL1200940,MONDO_0004992,INDICATION,
CHEMBL1200941,EFO_0004272,INDICATION,
CHEMBL1200941,EFO_0006834,INDICATION,
CHEMBL1200941,EFO_0009492,INDICATION,
CHEMBL1200941,EFO_1000837,INDICATION,
CHEMBL1200941,EFO_1000971,INDICATION,
CHEMBL1200943,EFO_0000319,INDICATION,
CHEMBL1200944,EFO_0000544,INDICATION,
CHEMBL1200944,EFO_1001272,INDICATION,
CHEMBL1200945,EFO_0000183,INDICATION,
CHEMBL1200945,EFO_0005952,INDICATION,
CHEMBL1200946,EFO_0003964,INDICATION,
CHEMBL1200946,EFO_0007312,INDICATION,
CHEMBL1200946,EFO_0008572,INDICATION,
CHEMBL1200950,EFO_0010282,INDICATION,
CHEMBL1200951,EFO_0000676,INDICATION,
CHEMBL1200951,EFO_0005230,INDICATION,
CHEMBL1200951,MONDO_0002050,INDICATION,
CHEMBL1200951,MONDO_0005090,INDICATION,
CHEMBL1200952,EFO_0003888,INDICATION,
CHEMBL1200953,EFO_0000701,INDICATION,
CHEMBL1200959,EFO_0005531,INDICATION,
CHEMBL1200959,EFO_0005532,INDICATION,
CHEMBL1200959,EFO_0005854,INDICATION,
CHEMBL1200959,EFO_0007141,INDICATION,
CHEMBL1200959,MONDO_0005271,INDICATION,
CHEMBL1200961,EFO_0003956,INDICATION,
CHEMBL1200961,EFO_0007214,INDICATION,
CHEMBL1200961,EFO_0007486,INDICATION,
CHEMBL1200961,MONDO_0005271,INDICATION,
CHEMBL1200962,EFO_0000544,INDICATION,
CHEMBL1200962,EFO_0003033,INDICATION,
CHEMBL1200962,EFO_0003102,INDICATION,
CHEMBL1200962,EFO_0003103,INDICATION,
CHEMBL1200962,EFO_0003106,INDICATION,
CHEMBL1200962,EFO_0009582,INDICATION,
CHEMBL1200962,MONDO_0001475,INDICATION,
CHEMBL1200963,EFO_0004190,INDICATION,
CHEMBL1200963,EFO_0004191,INDICATION,
CHEMBL1200963,EFO_0004192,INDICATION,
CHEMBL1200963,EFO_0004208,INDICATION,
CHEMBL1200963,EFO_1000997,CONTRAINDICATION,
CHEMBL1200963,EFO_1001069,INDICATION,
CHEMBL1200963,EFO_1001231,CONTRAINDICATION,
CHEMBL1200963,EFO_1001466,INDICATION,
CHEMBL1200963,MONDO_0001334,INDICATION,
CHEMBL1200963,MONDO_0003005,CONTRAINDICATION,
CHEMBL1200963,MONDO_0003037,INDICATION,
CHEMBL1200963,MONDO_0004907,INDICATION,
CHEMBL1200963,MONDO_0005041,INDICATION,
CHEMBL1200963,MONDO_0007935,CONTRAINDICATION,
CHEMBL1200963,MONDO_0018914,INDICATION,
CHEMBL1200964,EFO_0009387,INDICATION,
CHEMBL1200964,MONDO_0002009,INDICATION,
CHEMBL1200964,MONDO_0016028,INDICATION,
CHEMBL1200965,EFO_0003102,INDICATION,
CHEMBL1200966,MONDO_0018076,INDICATION,
CHEMBL1200969,EFO_0000284,INDICATION,
CHEMBL1200969,EFO_0000673,INDICATION,
CHEMBL1200969,EFO_0001663,INDICATION,
CHEMBL1200969,EFO_0003830,INDICATION,
CHEMBL1200969,EFO_0004191,INDICATION,
CHEMBL1200969,EFO_0005252,CONTRAINDICATION,
CHEMBL1200969,MONDO_0002146,INDICATION,
CHEMBL1200969,MONDO_0004907,INDICATION,
CHEMBL1200969,MONDO_0004976,INDICATION,
CHEMBL1200969,MONDO_0008315,INDICATION,
CHEMBL1200969,MONDO_0010735,INDICATION,
CHEMBL1200969,MONDO_0100096,INDICATION,
CHEMBL1200973,EFO_0000400,CONTRAINDICATION,
CHEMBL1200973,EFO_0000474,CONTRAINDICATION,
CHEMBL1200973,EFO_0000537,CONTRAINDICATION,
CHEMBL1200973,EFO_0000612,CONTRAINDICATION,
CHEMBL1200973,EFO_0000712,CONTRAINDICATION,
CHEMBL1200973,EFO_0001065,CONTRAINDICATION,
CHEMBL1200973,EFO_0001073,CONTRAINDICATION,
CHEMBL1200973,EFO_0001645,CONTRAINDICATION,
CHEMBL1200973,EFO_0003086,CONTRAINDICATION,
CHEMBL1200973,EFO_0003763,CONTRAINDICATION,
CHEMBL1200973,EFO_0003777,CONTRAINDICATION,
CHEMBL1200973,EFO_0003832,CONTRAINDICATION,
CHEMBL1200973,EFO_0003877,CONTRAINDICATION,
CHEMBL1200973,EFO_0003882,CONTRAINDICATION,
CHEMBL1200973,EFO_0004152,CONTRAINDICATION,
CHEMBL1200973,EFO_0004705,CONTRAINDICATION,
CHEMBL1200973,EFO_0009315,CONTRAINDICATION,
CHEMBL1200973,EFO_0009910,CONTRAINDICATION,
CHEMBL1200973,EFO_1001512,CONTRAINDICATION,
CHEMBL1200973,MONDO_0001627,CONTRAINDICATION,
CHEMBL1200973,MONDO_0002050,CONTRAINDICATION,
CHEMBL1200973,MONDO_0002520,CONTRAINDICATION,
CHEMBL1200973,MONDO_0004979,CONTRAINDICATION,
CHEMBL1200973,MONDO_0005277,CONTRAINDICATION,
CHEMBL1200973,MONDO_0005351,CONTRAINDICATION,
CHEMBL1200973,MONDO_0007079,CONTRAINDICATION,
CHEMBL1200973,MONDO_0007915,CONTRAINDICATION,
CHEMBL1200973,MONDO_0008170,CONTRAINDICATION,
CHEMBL1200973,MONDO_0021187,CONTRAINDICATION,
CHEMBL1200973,MONDO_0021259,CONTRAINDICATION,
CHEMBL1200973,MONDO_0037748,CONTRAINDICATION,
CHEMBL1200973,MONDO_0100192,CONTRAINDICATION,
CHEMBL1200974,EFO_0003956,INDICATION,
CHEMBL1200974,EFO_0005531,INDICATION,
CHEMBL1200974,EFO_0005532,INDICATION,
CHEMBL1200974,EFO_0007141,INDICATION,
CHEMBL1200974,EFO_0007533,INDICATION,
CHEMBL1200974,EFO_1001417,INDICATION,
CHEMBL1200976,EFO_0000182,INDICATION,
CHEMBL1200976,EFO_0000222,INDICATION,
CHEMBL1200976,MONDO_0004643,INDICATION,
CHEMBL1200977,EFO_0003144,INDICATION,
CHEMBL1200979,EFO_0000701,INDICATION,
CHEMBL1200979,EFO_0003966,INDICATION,
CHEMBL1200979,EFO_1000697,OFF_LABEL_USE,
CHEMBL1200979,EFO_1000948,INDICATION,
CHEMBL1200979,EFO_1001904,INDICATION,
CHEMBL1200979,MONDO_0002102,INDICATION,
CHEMBL1200979,MONDO_0018660,CONTRAINDICATION,
CHEMBL1200980,EFO_0003882,INDICATION,
CHEMBL1200980,EFO_0004266,INDICATION,
CHEMBL1200980,EFO_1000096,INDICATION,
CHEMBL1200980,MONDO_0002146,INDICATION,
CHEMBL1200981,EFO_0000182,INDICATION,
CHEMBL1200981,EFO_0000211,INDICATION,
CHEMBL1200981,EFO_0000220,INDICATION,
CHEMBL1200981,EFO_0000228,INDICATION,
CHEMBL1200981,EFO_0000305,INDICATION,
CHEMBL1200981,EFO_0000313,INDICATION,
CHEMBL1200981,EFO_0000389,INDICATION,
CHEMBL1200981,EFO_0000503,INDICATION,
CHEMBL1200981,EFO_0000565,INDICATION,
CHEMBL1200981,EFO_0000574,INDICATION,
CHEMBL1200981,EFO_0000588,INDICATION,
CHEMBL1200981,EFO_0000616,INDICATION,
CHEMBL1200981,EFO_0000691,INDICATION,
CHEMBL1200981,EFO_0000702,INDICATION,
CHEMBL1200981,EFO_0002618,INDICATION,
CHEMBL1200981,EFO_0002916,INDICATION,
CHEMBL1200981,EFO_0003869,INDICATION,
CHEMBL1200981,EFO_0003897,INDICATION,
CHEMBL1200981,EFO_0005537,INDICATION,
CHEMBL1200981,EFO_0006861,INDICATION,
CHEMBL1200981,EFO_1000984,INDICATION,
CHEMBL1200981,EFO_1001968,INDICATION,
CHEMBL1200981,MONDO_0001056,INDICATION,
CHEMBL1200981,MONDO_0001187,INDICATION,
CHEMBL1200981,MONDO_0002087,INDICATION,
CHEMBL1200981,MONDO_0002158,INDICATION,
CHEMBL1200981,MONDO_0002691,INDICATION,
CHEMBL1200981,MONDO_0007254,INDICATION,
CHEMBL1200981,MONDO_0007576,INDICATION,
CHEMBL1200981,MONDO_0008170,INDICATION,
CHEMBL1200981,MONDO_0008315,INDICATION,
CHEMBL1200981,MONDO_0008903,INDICATION,
CHEMBL1200981,MONDO_0011962,INDICATION,
CHEMBL1200983,EFO_0000574,INDICATION,
CHEMBL1200983,EFO_0000621,INDICATION,
CHEMBL1200983,EFO_0000691,INDICATION,
CHEMBL1200983,EFO_0005952,INDICATION,
CHEMBL1200983,EFO_0009429,INDICATION,
CHEMBL1200983,EFO_1000158,INDICATION,
CHEMBL1200983,MONDO_0009061,INDICATION,
CHEMBL1200986,EFO_0009267,INDICATION,
CHEMBL1200986,MONDO_0005090,INDICATION,
CHEMBL1200987,EFO_0000537,INDICATION,
CHEMBL1200987,MONDO_0001134,INDICATION,
CHEMBL1200989,EFO_0000701,INDICATION,
CHEMBL1200989,EFO_0003060,INDICATION,
CHEMBL1200989,EFO_0005752,INDICATION,
CHEMBL1200991,EFO_0003102,INDICATION,
CHEMBL1200994,EFO_0003833,INDICATION,
CHEMBL1201,EFO_0000319,CONTRAINDICATION,
CHEMBL1201,EFO_0000474,CONTRAINDICATION,
CHEMBL1201,EFO_0004777,CONTRAINDICATION,
CHEMBL1201,EFO_0005407,INDICATION,
CHEMBL1201,EFO_0005803,CONTRAINDICATION,
CHEMBL1201,EFO_1001379,CONTRAINDICATION,
CHEMBL1201,MONDO_0001744,CONTRAINDICATION,
CHEMBL1201,MONDO_0005090,INDICATION,
CHEMBL1201,MONDO_0021095,CONTRAINDICATION,
CHEMBL1201001,EFO_0000574,INDICATION,
CHEMBL1201001,EFO_0000701,INDICATION,
CHEMBL1201001,EFO_0002913,INDICATION,
CHEMBL1201001,EFO_1000158,INDICATION,
CHEMBL1201001,EFO_1001051,INDICATION,
CHEMBL1201002,EFO_0004190,INDICATION,
CHEMBL1201003,MONDO_0005277,INDICATION,
CHEMBL1201005,EFO_0003102,INDICATION,
CHEMBL1201006,EFO_0003956,INDICATION,
CHEMBL1201010,EFO_0000694,INDICATION,
CHEMBL1201010,EFO_0000756,INDICATION,
CHEMBL1201010,EFO_0006834,INDICATION,
CHEMBL1201010,EFO_1001176,INDICATION,
CHEMBL1201010,MONDO_0002050,INDICATION,
CHEMBL1201010,MONDO_0005180,INDICATION,
CHEMBL1201010,MONDO_0011972,INDICATION,
CHEMBL1201010,MONDO_0015128,INDICATION,
CHEMBL1201010,MONDO_0015129,INDICATION,
CHEMBL1201010,MONDO_0015898,INDICATION,
CHEMBL1201010,MONDO_0018479,INDICATION,
CHEMBL1201010,MONDO_0100096,INDICATION,
CHEMBL1201011,EFO_0000400,INDICATION,
CHEMBL1201011,EFO_0000537,INDICATION,
CHEMBL1201011,EFO_0000712,INDICATION,
CHEMBL1201011,EFO_0003144,INDICATION,
CHEMBL1201011,EFO_1002048,INDICATION,
CHEMBL1201012,EFO_0000274,INDICATION,
CHEMBL1201012,EFO_0000701,INDICATION,
CHEMBL1201012,EFO_0003875,CONTRAINDICATION,
CHEMBL1201012,EFO_0003884,INDICATION,
CHEMBL1201012,EFO_0005319,INDICATION,
CHEMBL1201012,EFO_0009491,CONTRAINDICATION,
CHEMBL1201012,EFO_1000697,INDICATION,
CHEMBL1201012,EFO_1000704,INDICATION,
CHEMBL1201012,EFO_1000764,INDICATION,
CHEMBL1201012,EFO_1000766,CONTRAINDICATION,
CHEMBL1201012,MONDO_0001576,CONTRAINDICATION,
CHEMBL1201012,MONDO_0015758,INDICATION,
CHEMBL1201013,EFO_0000729,INDICATION,
CHEMBL1201014,EFO_0000341,INDICATION,
CHEMBL1201014,EFO_0000565,INDICATION,
CHEMBL1201014,EFO_0000768,INDICATION,
CHEMBL1201014,EFO_0003929,INDICATION,
CHEMBL1201014,EFO_0004255,INDICATION,
CHEMBL1201014,EFO_0005854,INDICATION,
CHEMBL1201014,EFO_0007126,INDICATION,
CHEMBL1201014,EFO_0007141,INDICATION,
CHEMBL1201014,EFO_0007415,INDICATION,
CHEMBL1201014,EFO_0009448,INDICATION,
CHEMBL1201014,EFO_1001226,INDICATION,
CHEMBL1201014,EFO_1001231,INDICATION,
CHEMBL1201014,MONDO_0002280,INDICATION,
CHEMBL1201014,MONDO_0004979,INDICATION,
CHEMBL1201014,MONDO_0005301,INDICATION,
CHEMBL1201014,MP_0001845,INDICATION,
CHEMBL1201016,EFO_0003102,INDICATION,
CHEMBL1201016,EFO_0004992,INDICATION,
CHEMBL1201018,EFO_0000544,INDICATION,
CHEMBL1201018,EFO_0000771,INDICATION,
CHEMBL1201018,EFO_0003102,INDICATION,
CHEMBL1201018,EFO_0003103,INDICATION,
CHEMBL1201018,EFO_0003106,INDICATION,
CHEMBL1201018,EFO_0004992,INDICATION,
CHEMBL1201018,EFO_0006505,INDICATION,
CHEMBL1201018,EFO_0009582,INDICATION,
CHEMBL1201018,MONDO_0002258,INDICATION,
CHEMBL1201019,EFO_0003102,INDICATION,
CHEMBL1201020,EFO_0000275,INDICATION,
CHEMBL1201020,EFO_0003144,INDICATION,
CHEMBL1201020,EFO_0004269,INDICATION,
CHEMBL1201022,EFO_0003103,INDICATION,
CHEMBL1201023,MONDO_0005180,INDICATION,
CHEMBL1201027,EFO_0000341,INDICATION,
CHEMBL1201027,EFO_0003086,INDICATION,
CHEMBL1201027,EFO_0006505,INDICATION,
CHEMBL1201027,EFO_0009516,INDICATION,
CHEMBL1201027,EFO_0010282,INDICATION,
CHEMBL1201027,MONDO_0002050,INDICATION,
CHEMBL1201027,MONDO_0004979,INDICATION,
CHEMBL1201032,MONDO_0005277,INDICATION,
CHEMBL1201032,MONDO_0005475,INDICATION,
CHEMBL1201032,MONDO_0100431,INDICATION,
CHEMBL1201037,EFO_0000621,INDICATION,
CHEMBL1201037,Orphanet_733,INDICATION,
CHEMBL1201039,EFO_0000474,CONTRAINDICATION,
CHEMBL1201039,EFO_0000729,CONTRAINDICATION,
CHEMBL1201039,EFO_0003086,CONTRAINDICATION,
CHEMBL1201039,EFO_0004799,CONTRAINDICATION,
CHEMBL1201039,MONDO_0002050,CONTRAINDICATION,
CHEMBL1201039,MONDO_0004247,CONTRAINDICATION,
CHEMBL1201044,EFO_0004190,INDICATION,
CHEMBL1201046,EFO_0000771,INDICATION,
CHEMBL1201048,MONDO_0007254,INDICATION,
CHEMBL1201049,EFO_0007512,INDICATION,
CHEMBL1201056,EFO_0003086,CONTRAINDICATION,
CHEMBL1201056,EFO_0005803,CONTRAINDICATION,
CHEMBL1201056,EFO_0007287,CONTRAINDICATION,
CHEMBL1201056,MONDO_0005247,INDICATION,
CHEMBL1201056,MONDO_0037821,CONTRAINDICATION,
CHEMBL1201057,EFO_0000465,INDICATION,
CHEMBL1201057,EFO_0000544,INDICATION,
CHEMBL1201057,EFO_0003103,INDICATION,
CHEMBL1201057,EFO_0003106,INDICATION,
CHEMBL1201059,EFO_0001068,INDICATION,
CHEMBL1201059,MONDO_0011382,INDICATION,
CHEMBL1201061,MONDO_0004979,INDICATION,
CHEMBL1201063,EFO_0000275,INDICATION,
CHEMBL1201063,EFO_0003144,INDICATION,
CHEMBL1201066,EFO_0000673,INDICATION,
CHEMBL1201066,EFO_0002610,INDICATION,
CHEMBL1201066,EFO_0003843,INDICATION,
CHEMBL1201066,EFO_0003918,INDICATION,
CHEMBL1201066,EFO_0004242,INDICATION,
CHEMBL1201066,EFO_0004262,INDICATION,
CHEMBL1201066,EFO_0005230,INDICATION,
CHEMBL1201066,EFO_0005687,INDICATION,
CHEMBL1201066,EFO_0005762,INDICATION,
CHEMBL1201066,EFO_0006788,INDICATION,
CHEMBL1201066,EFO_0006862,INDICATION,
CHEMBL1201066,EFO_0009854,INDICATION,
CHEMBL1201066,EFO_1001892,INDICATION,
CHEMBL1201066,EFO_1001917,INDICATION,
CHEMBL1201066,EFO_1001919,INDICATION,
CHEMBL1201066,EFO_1002014,INDICATION,
CHEMBL1201066,MONDO_0002009,INDICATION,
CHEMBL1201066,MONDO_0002050,INDICATION,
CHEMBL1201066,MONDO_0004975,INDICATION,
CHEMBL1201066,MONDO_0004985,INDICATION,
CHEMBL1201066,MONDO_0005090,INDICATION,
CHEMBL1201066,MONDO_0005180,INDICATION,
CHEMBL1201066,MONDO_0007254,INDICATION,
CHEMBL1201066,MONDO_0008315,INDICATION,
CHEMBL1201067,MONDO_0043510,INDICATION,
CHEMBL1201073,EFO_0003757,INDICATION,
CHEMBL1201073,EFO_0003758,INDICATION,
CHEMBL1201073,EFO_1000131,INDICATION,
CHEMBL1201073,MONDO_0010200,INDICATION,
CHEMBL1201080,EFO_0003102,INDICATION,
CHEMBL1201081,EFO_0000095,INDICATION,
CHEMBL1201081,EFO_0000198,INDICATION,
CHEMBL1201081,EFO_0000220,INDICATION,
CHEMBL1201081,EFO_0000222,INDICATION,
CHEMBL1201081,EFO_0000474,INDICATION,
CHEMBL1201081,EFO_0000540,INDICATION,
CHEMBL1201081,EFO_0000565,INDICATION,
CHEMBL1201081,EFO_0000574,INDICATION,
CHEMBL1201081,EFO_0000685,INDICATION,
CHEMBL1201081,EFO_0000694,INDICATION,
CHEMBL1201081,EFO_0000768,INDICATION,
CHEMBL1201081,EFO_0001063,INDICATION,
CHEMBL1201081,EFO_0001378,INDICATION,
CHEMBL1201081,EFO_0003106,INDICATION,
CHEMBL1201081,EFO_0003840,INDICATION,
CHEMBL1201081,EFO_0003843,INDICATION,
CHEMBL1201081,EFO_0004194,INDICATION,
CHEMBL1201081,EFO_0004228,INDICATION,
CHEMBL1201081,EFO_0004599,INDICATION,
CHEMBL1201081,EFO_0005952,INDICATION,
CHEMBL1201081,EFO_0007332,INDICATION,
CHEMBL1201081,EFO_0007359,INDICATION,
CHEMBL1201081,EFO_0007537,INDICATION,
CHEMBL1201081,EFO_0008522,INDICATION,
CHEMBL1201081,EFO_1001222,INDICATION,
CHEMBL1201081,EFO_1001272,INDICATION,
CHEMBL1201081,MONDO_0002280,INDICATION,
CHEMBL1201081,MONDO_0002406,INDICATION,
CHEMBL1201081,MONDO_0002462,INDICATION,
CHEMBL1201081,MONDO_0004979,INDICATION,
CHEMBL1201081,MONDO_0005301,INDICATION,
CHEMBL1201081,MONDO_0007915,INDICATION,
CHEMBL1201081,MONDO_0013730,INDICATION,
CHEMBL1201081,MONDO_0100096,INDICATION,
CHEMBL1201082,EFO_0004242,INDICATION,
CHEMBL1201082,EFO_0004262,INDICATION,
CHEMBL1201082,EFO_0009963,INDICATION,
CHEMBL1201082,MONDO_0002009,INDICATION,
CHEMBL1201082,MONDO_0002050,INDICATION,
CHEMBL1201082,MONDO_0004985,INDICATION,
CHEMBL1201084,EFO_0002892,INDICATION,
CHEMBL1201084,EFO_0009189,INDICATION,
CHEMBL1201084,MONDO_0002108,INDICATION,
CHEMBL1201087,EFO_0000400,INDICATION,
CHEMBL1201087,EFO_0000512,INDICATION,
CHEMBL1201087,EFO_0000545,INDICATION,
CHEMBL1201087,EFO_0001065,INDICATION,
CHEMBL1201087,EFO_0001073,INDICATION,
CHEMBL1201087,EFO_0002610,INDICATION,
CHEMBL1201087,EFO_0004270,INDICATION,
CHEMBL1201087,EFO_0007319,INDICATION,
CHEMBL1201087,EFO_0009448,CONTRAINDICATION,
CHEMBL1201087,EFO_0009551,CONTRAINDICATION,
CHEMBL1201087,EFO_1000979,INDICATION,
CHEMBL1201087,EFO_1001110,INDICATION,
CHEMBL1201087,MONDO_0001641,CONTRAINDICATION,
CHEMBL1201087,MONDO_0002491,INDICATION,
CHEMBL1201087,MONDO_0005180,INDICATION,
CHEMBL1201087,MONDO_0007254,INDICATION,
CHEMBL1201087,MONDO_0011972,INDICATION,
CHEMBL1201087,MONDO_0018848,CONTRAINDICATION,
CHEMBL1201089,EFO_0003938,INDICATION,
CHEMBL1201089,MONDO_0005277,INDICATION,
CHEMBL1201093,EFO_0003843,INDICATION,
CHEMBL1201093,MONDO_0005341,INDICATION,
CHEMBL1201098,EFO_0000544,INDICATION,
CHEMBL1201098,EFO_0003102,INDICATION,
CHEMBL1201099,EFO_0000764,INDICATION,
CHEMBL1201099,EFO_0003843,INDICATION,
CHEMBL1201099,EFO_0003890,INDICATION,
CHEMBL1201099,MONDO_0005277,INDICATION,
CHEMBL1201101,EFO_0000196,INDICATION,
CHEMBL1201101,EFO_0000400,CONTRAINDICATION,
CHEMBL1201101,EFO_0000474,CONTRAINDICATION,
CHEMBL1201101,EFO_0000537,CONTRAINDICATION,
CHEMBL1201101,EFO_0000612,CONTRAINDICATION,
CHEMBL1201101,EFO_0000616,INDICATION,
CHEMBL1201101,EFO_0000673,INDICATION,
CHEMBL1201101,EFO_0000712,CONTRAINDICATION,
CHEMBL1201101,EFO_0001065,CONTRAINDICATION,
CHEMBL1201101,EFO_0001073,CONTRAINDICATION,
CHEMBL1201101,EFO_0001645,CONTRAINDICATION,
CHEMBL1201101,EFO_0003086,CONTRAINDICATION,
CHEMBL1201101,EFO_0003777,CONTRAINDICATION,
CHEMBL1201101,EFO_0003832,CONTRAINDICATION,
CHEMBL1201101,EFO_0003877,CONTRAINDICATION,
CHEMBL1201101,EFO_0004152,CONTRAINDICATION,
CHEMBL1201101,EFO_0004562,INDICATION,
CHEMBL1201101,EFO_0004705,CONTRAINDICATION,
CHEMBL1201101,EFO_0004714,INDICATION,
CHEMBL1201101,EFO_0009315,CONTRAINDICATION,
CHEMBL1201101,EFO_0009910,CONTRAINDICATION,
CHEMBL1201101,EFO_1000783,INDICATION,
CHEMBL1201101,EFO_1001006,INDICATION,
CHEMBL1201101,EFO_1001078,INDICATION,
CHEMBL1201101,EFO_1001512,CONTRAINDICATION,
CHEMBL1201101,MONDO_0001627,CONTRAINDICATION,
CHEMBL1201101,MONDO_0002146,INDICATION,
CHEMBL1201101,MONDO_0002520,CONTRAINDICATION,
CHEMBL1201101,MONDO_0004979,CONTRAINDICATION,
CHEMBL1201101,MONDO_0005277,CONTRAINDICATION,
CHEMBL1201101,MONDO_0007915,CONTRAINDICATION,
CHEMBL1201101,MONDO_0008170,CONTRAINDICATION,
CHEMBL1201101,MONDO_0008315,INDICATION,
CHEMBL1201101,MONDO_0021259,CONTRAINDICATION,
CHEMBL1201101,MONDO_0037748,CONTRAINDICATION,
CHEMBL1201103,EFO_0009523,INDICATION,
CHEMBL1201104,EFO_0000544,INDICATION,
CHEMBL1201104,EFO_0003102,INDICATION,
CHEMBL1201104,EFO_0003103,INDICATION,
CHEMBL1201108,EFO_0001421,INDICATION,
CHEMBL1201108,EFO_0003144,INDICATION,
CHEMBL1201109,EFO_0000217,CONTRAINDICATION,
CHEMBL1201109,EFO_0000274,INDICATION,
CHEMBL1201109,EFO_0000384,INDICATION,
CHEMBL1201109,EFO_0000400,CONTRAINDICATION,
CHEMBL1201109,EFO_0000474,CONTRAINDICATION,
CHEMBL1201109,EFO_0000537,CONTRAINDICATION,
CHEMBL1201109,EFO_0000701,INDICATION,
CHEMBL1201109,EFO_0000771,CONTRAINDICATION,
CHEMBL1201109,EFO_0001380,CONTRAINDICATION,
CHEMBL1201109,EFO_0001422,CONTRAINDICATION,
CHEMBL1201109,EFO_0003875,CONTRAINDICATION,
CHEMBL1201109,EFO_0003882,CONTRAINDICATION,
CHEMBL1201109,EFO_0004145,CONTRAINDICATION,
CHEMBL1201109,EFO_0004190,CONTRAINDICATION,
CHEMBL1201109,EFO_0004705,CONTRAINDICATION,
CHEMBL1201109,EFO_0005319,INDICATION,
CHEMBL1201109,EFO_0005407,CONTRAINDICATION,
CHEMBL1201109,EFO_0005741,CONTRAINDICATION,
CHEMBL1201109,EFO_0005752,INDICATION,
CHEMBL1201109,EFO_0005854,INDICATION,
CHEMBL1201109,EFO_0006509,CONTRAINDICATION,
CHEMBL1201109,EFO_0006857,CONTRAINDICATION,
CHEMBL1201109,EFO_0007308,CONTRAINDICATION,
CHEMBL1201109,EFO_0007409,CONTRAINDICATION,
CHEMBL1201109,EFO_0007501,CONTRAINDICATION,
CHEMBL1201109,EFO_0009491,CONTRAINDICATION,
CHEMBL1201109,EFO_0009560,INDICATION,
CHEMBL1201109,EFO_1000049,CONTRAINDICATION,
CHEMBL1201109,EFO_1000697,INDICATION,
CHEMBL1201109,EFO_1000704,INDICATION,
CHEMBL1201109,EFO_1000764,INDICATION,
CHEMBL1201109,EFO_1000766,CONTRAINDICATION,
CHEMBL1201109,EFO_1000797,CONTRAINDICATION,
CHEMBL1201109,EFO_1001069,CONTRAINDICATION,
CHEMBL1201109,EFO_1002022,CONTRAINDICATION,
CHEMBL1201109,EFO_1002025,CONTRAINDICATION,
CHEMBL1201109,MONDO_0001576,CONTRAINDICATION,
CHEMBL1201109,MONDO_0002041,CONTRAINDICATION,
CHEMBL1201109,MONDO_0004247,CONTRAINDICATION,
CHEMBL1201109,MONDO_0004979,INDICATION,
CHEMBL1201109,MONDO_0005041,CONTRAINDICATION,
CHEMBL1201109,MONDO_0008814,CONTRAINDICATION,
CHEMBL1201109,MONDO_0015758,INDICATION,
CHEMBL1201109,MONDO_0015991,CONTRAINDICATION,
CHEMBL1201109,MONDO_0018076,CONTRAINDICATION,
CHEMBL1201109,MONDO_0018373,CONTRAINDICATION,
CHEMBL1201109,Orphanet_90,CONTRAINDICATION,
CHEMBL1201110,EFO_0000764,INDICATION,
CHEMBL1201110,EFO_0001062,INDICATION,
CHEMBL1201110,EFO_0005407,INDICATION,
CHEMBL1201110,EFO_0006510,INDICATION,
CHEMBL1201110,EFO_0007204,INDICATION,
CHEMBL1201110,EFO_0007282,INDICATION,
CHEMBL1201110,EFO_1000811,INDICATION,
CHEMBL1201110,EFO_1001347,INDICATION,
CHEMBL1201110,EFO_1002022,INDICATION,
CHEMBL1201110,MONDO_0005090,INDICATION,
CHEMBL1201112,EFO_0000198,INDICATION,
CHEMBL1201112,EFO_0000209,INDICATION,
CHEMBL1201112,EFO_0000220,INDICATION,
CHEMBL1201112,EFO_0000474,CONTRAINDICATION,
CHEMBL1201112,EFO_0000565,INDICATION,
CHEMBL1201112,EFO_0000574,INDICATION,
CHEMBL1201112,EFO_0000616,INDICATION,
CHEMBL1201112,EFO_0001378,INDICATION,
CHEMBL1201112,EFO_0002428,INDICATION,
CHEMBL1201112,EFO_0003100,CONTRAINDICATION,
CHEMBL1201112,EFO_0004289,INDICATION,
CHEMBL1201112,EFO_1000785,INDICATION,
CHEMBL1201112,EFO_1001051,INDICATION,
CHEMBL1201112,EFO_1001830,INDICATION,
CHEMBL1201112,MONDO_0000873,INDICATION,
CHEMBL1201112,MONDO_0001343,CONTRAINDICATION,
CHEMBL1201112,MONDO_0002280,CONTRAINDICATION,
CHEMBL1201112,MONDO_0003334,CONTRAINDICATION,
CHEMBL1201112,MONDO_0044917,INDICATION,
CHEMBL1201112,MONDO_0100192,CONTRAINDICATION,
CHEMBL1201115,EFO_0000537,INDICATION,
CHEMBL1201115,EFO_0006834,INDICATION,
CHEMBL1201115,EFO_1001459,INDICATION,
CHEMBL1201116,EFO_0000771,INDICATION,
CHEMBL1201117,EFO_0000474,CONTRAINDICATION,
CHEMBL1201117,EFO_0001422,INDICATION,
CHEMBL1201117,EFO_0003086,CONTRAINDICATION,
CHEMBL1201117,EFO_0003843,INDICATION,
CHEMBL1201117,EFO_0004274,CONTRAINDICATION,
CHEMBL1201117,EFO_0007467,CONTRAINDICATION,
CHEMBL1201117,EFO_1000391,CONTRAINDICATION,
CHEMBL1201117,MONDO_0002280,CONTRAINDICATION,
CHEMBL1201117,MONDO_0004247,CONTRAINDICATION,
CHEMBL1201117,MONDO_0007079,CONTRAINDICATION,
CHEMBL1201117,MONDO_0018660,CONTRAINDICATION,
CHEMBL1201117,MONDO_0018896,CONTRAINDICATION,
CHEMBL1201117,MONDO_0024574,CONTRAINDICATION,
CHEMBL1201117,Orphanet_903,CONTRAINDICATION,
CHEMBL1201118,EFO_0003102,INDICATION,
CHEMBL1201119,EFO_0003841,INDICATION,
CHEMBL1201119,EFO_0004705,INDICATION,
CHEMBL1201119,EFO_0005207,INDICATION,
CHEMBL1201119,EFO_0006859,INDICATION,
CHEMBL1201119,EFO_1001055,INDICATION,
CHEMBL1201119,EFO_1002017,INDICATION,
CHEMBL1201119,MONDO_0005301,INDICATION,
CHEMBL1201119,MONDO_0008315,INDICATION,
CHEMBL1201124,EFO_0003777,INDICATION,
CHEMBL1201124,EFO_0003843,INDICATION,
CHEMBL1201124,EFO_0004253,INDICATION,
CHEMBL1201124,EFO_0005854,INDICATION,
CHEMBL1201124,EFO_1000859,INDICATION,
CHEMBL1201124,EFO_1001139,INDICATION,
CHEMBL1201124,EFO_1001178,INDICATION,
CHEMBL1201124,EFO_1001412,INDICATION,
CHEMBL1201124,MONDO_0003005,INDICATION,
CHEMBL1201124,MONDO_0005129,INDICATION,
CHEMBL1201124,MONDO_0005184,INDICATION,
CHEMBL1201124,MONDO_0005277,INDICATION,
CHEMBL1201124,MP_0001845,INDICATION,
CHEMBL1201127,EFO_0000180,INDICATION,
CHEMBL1201127,EFO_0000544,INDICATION,
CHEMBL1201127,EFO_0000764,INDICATION,
CHEMBL1201127,MONDO_0021094,INDICATION,
CHEMBL1201129,EFO_0000096,INDICATION,
CHEMBL1201129,EFO_0000180,INDICATION,
CHEMBL1201129,EFO_0000183,INDICATION,
CHEMBL1201129,EFO_0000196,INDICATION,
CHEMBL1201129,EFO_0000198,INDICATION,
CHEMBL1201129,EFO_0000211,INDICATION,
CHEMBL1201129,EFO_0000220,INDICATION,
CHEMBL1201129,EFO_0000222,INDICATION,
CHEMBL1201129,EFO_0000224,INDICATION,
CHEMBL1201129,EFO_0000309,INDICATION,
CHEMBL1201129,EFO_0000326,INDICATION,
CHEMBL1201129,EFO_0000339,INDICATION,
CHEMBL1201129,EFO_0000389,INDICATION,
CHEMBL1201129,EFO_0000400,CONTRAINDICATION,
CHEMBL1201129,EFO_0000403,INDICATION,
CHEMBL1201129,EFO_0000501,INDICATION,
CHEMBL1201129,EFO_0000565,INDICATION,
CHEMBL1201129,EFO_0000574,INDICATION,
CHEMBL1201129,EFO_0000616,INDICATION,
CHEMBL1201129,EFO_0000621,INDICATION,
CHEMBL1201129,EFO_0000641,INDICATION,
CHEMBL1201129,EFO_0000681,INDICATION,
CHEMBL1201129,EFO_0000756,INDICATION,
CHEMBL1201129,EFO_0001378,INDICATION,
CHEMBL1201129,EFO_0001642,INDICATION,
CHEMBL1201129,EFO_0001663,INDICATION,
CHEMBL1201129,EFO_0002428,INDICATION,
CHEMBL1201129,EFO_0002617,INDICATION,
CHEMBL1201129,EFO_0002913,INDICATION,
CHEMBL1201129,EFO_0002939,INDICATION,
CHEMBL1201129,EFO_0003060,INDICATION,
CHEMBL1201129,EFO_0003086,CONTRAINDICATION,
CHEMBL1201129,EFO_0003811,INDICATION,
CHEMBL1201129,EFO_0003869,INDICATION,
CHEMBL1201129,EFO_0004251,INDICATION,
CHEMBL1201129,EFO_0004599,INDICATION,
CHEMBL1201129,EFO_0005537,INDICATION,
CHEMBL1201129,EFO_0005922,INDICATION,
CHEMBL1201129,EFO_0005952,INDICATION,
CHEMBL1201129,EFO_0006859,INDICATION,
CHEMBL1201129,EFO_0007160,INDICATION,
CHEMBL1201129,EFO_1000131,INDICATION,
CHEMBL1201129,EFO_1001469,INDICATION,
CHEMBL1201129,EFO_1001779,INDICATION,
CHEMBL1201129,EFO_1001830,INDICATION,
CHEMBL1201129,EFO_1001996,INDICATION,
CHEMBL1201129,MONDO_0000430,INDICATION,
CHEMBL1201129,MONDO_0000870,INDICATION,
CHEMBL1201129,MONDO_0002087,INDICATION,
CHEMBL1201129,MONDO_0002158,INDICATION,
CHEMBL1201129,MONDO_0002280,INDICATION,
CHEMBL1201129,MONDO_0003659,INDICATION,
CHEMBL1201129,MONDO_0003660,INDICATION,
CHEMBL1201129,MONDO_0004643,INDICATION,
CHEMBL1201129,MONDO_0004992,INDICATION,
CHEMBL1201129,MONDO_0007254,INDICATION,
CHEMBL1201129,MONDO_0008170,INDICATION,
CHEMBL1201129,MONDO_0011382,INDICATION,
CHEMBL1201129,MONDO_0013730,INDICATION,
CHEMBL1201129,MONDO_0019472,INDICATION,
CHEMBL1201129,MONDO_0100096,INDICATION,
CHEMBL1201131,MONDO_0002406,CONTRAINDICATION,
CHEMBL1201131,MONDO_0003482,INDICATION,
CHEMBL1201132,EFO_0000222,INDICATION,
CHEMBL1201132,EFO_0001421,INDICATION,
CHEMBL1201132,EFO_0003843,INDICATION,
CHEMBL1201132,EFO_0005323,INDICATION,
CHEMBL1201132,EFO_0005611,INDICATION,
CHEMBL1201132,EFO_0009267,INDICATION,
CHEMBL1201132,EFO_1001250,INDICATION,
CHEMBL1201134,EFO_0000555,INDICATION,
CHEMBL1201134,EFO_0000764,INDICATION,
CHEMBL1201134,EFO_0003095,INDICATION,
CHEMBL1201134,MONDO_0002203,INDICATION,
CHEMBL1201136,EFO_0000195,INDICATION,
CHEMBL1201136,EFO_0003958,INDICATION,
CHEMBL1201136,EFO_0005531,INDICATION,
CHEMBL1201136,MONDO_0002898,INDICATION,
CHEMBL1201138,EFO_0000094,INDICATION,
CHEMBL1201138,EFO_0000178,INDICATION,
CHEMBL1201138,EFO_0000181,INDICATION,
CHEMBL1201138,EFO_0000182,INDICATION,
CHEMBL1201138,EFO_0000183,INDICATION,
CHEMBL1201138,EFO_0000197,INDICATION,
CHEMBL1201138,EFO_0000198,INDICATION,
CHEMBL1201138,EFO_0000209,INDICATION,
CHEMBL1201138,EFO_0000211,INDICATION,
CHEMBL1201138,EFO_0000220,INDICATION,
CHEMBL1201138,EFO_0000222,INDICATION,
CHEMBL1201138,EFO_0000228,INDICATION,
CHEMBL1201138,EFO_0000309,INDICATION,
CHEMBL1201138,EFO_0000313,INDICATION,
CHEMBL1201138,EFO_0000365,INDICATION,
CHEMBL1201138,EFO_0000389,INDICATION,
CHEMBL1201138,EFO_0000403,INDICATION,
CHEMBL1201138,EFO_0000503,INDICATION,
CHEMBL1201138,EFO_0000565,INDICATION,
CHEMBL1201138,EFO_0000574,INDICATION,
CHEMBL1201138,EFO_0000616,INDICATION,
CHEMBL1201138,EFO_0000637,INDICATION,
CHEMBL1201138,EFO_0000681,INDICATION,
CHEMBL1201138,EFO_0000685,INDICATION,
CHEMBL1201138,EFO_0000691,INDICATION,
CHEMBL1201138,EFO_0000698,INDICATION,
CHEMBL1201138,EFO_0000707,INDICATION,
CHEMBL1201138,EFO_0000756,INDICATION,
CHEMBL1201138,EFO_0001064,INDICATION,
CHEMBL1201138,EFO_0001075,INDICATION,
CHEMBL1201138,EFO_0001378,INDICATION,
CHEMBL1201138,EFO_0002428,INDICATION,
CHEMBL1201138,EFO_0002499,INDICATION,
CHEMBL1201138,EFO_0002501,INDICATION,
CHEMBL1201138,EFO_0002617,INDICATION,
CHEMBL1201138,EFO_0002618,INDICATION,
CHEMBL1201138,EFO_0002893,INDICATION,
CHEMBL1201138,EFO_0002916,INDICATION,
CHEMBL1201138,EFO_0002939,INDICATION,
CHEMBL1201138,EFO_0003032,INDICATION,
CHEMBL1201138,EFO_0003060,INDICATION,
CHEMBL1201138,EFO_0003100,INDICATION,
CHEMBL1201138,EFO_0003757,INDICATION,
CHEMBL1201138,EFO_0003758,INDICATION,
CHEMBL1201138,EFO_0003833,INDICATION,
CHEMBL1201138,EFO_0003860,INDICATION,
CHEMBL1201138,EFO_0003891,INDICATION,
CHEMBL1201138,EFO_0003897,INDICATION,
CHEMBL1201138,EFO_0004142,INDICATION,
CHEMBL1201138,EFO_0004252,INDICATION,
CHEMBL1201138,EFO_0004288,INDICATION,
CHEMBL1201138,EFO_0004606,INDICATION,
CHEMBL1201138,EFO_0005221,INDICATION,
CHEMBL1201138,EFO_0005235,INDICATION,
CHEMBL1201138,EFO_0005537,INDICATION,
CHEMBL1201138,EFO_0005922,INDICATION,
CHEMBL1201138,EFO_0005952,INDICATION,
CHEMBL1201138,EFO_0006859,INDICATION,
CHEMBL1201138,EFO_0007200,INDICATION,
CHEMBL1201138,EFO_0007416,INDICATION,
CHEMBL1201138,EFO_0007448,INDICATION,
CHEMBL1201138,EFO_0007517,INDICATION,
CHEMBL1201138,EFO_0008528,INDICATION,
CHEMBL1201138,EFO_0008549,INDICATION,
CHEMBL1201138,EFO_0009708,INDICATION,
CHEMBL1201138,EFO_1000158,INDICATION,
CHEMBL1201138,EFO_1000251,INDICATION,
CHEMBL1201138,EFO_1000298,INDICATION,
CHEMBL1201138,EFO_1000318,INDICATION,
CHEMBL1201138,EFO_1000359,INDICATION,
CHEMBL1201138,EFO_1000657,INDICATION,
CHEMBL1201138,EFO_1001100,INDICATION,
CHEMBL1201138,EFO_1001231,INDICATION,
CHEMBL1201138,EFO_1001365,INDICATION,
CHEMBL1201138,EFO_1001465,INDICATION,
CHEMBL1201138,EFO_1001469,INDICATION,
CHEMBL1201138,EFO_1001471,INDICATION,
CHEMBL1201138,EFO_1001512,INDICATION,
CHEMBL1201138,EFO_1001901,INDICATION,
CHEMBL1201138,EFO_1001949,INDICATION,
CHEMBL1201138,EFO_1001951,INDICATION,
CHEMBL1201138,EFO_1001959,INDICATION,
CHEMBL1201138,EFO_1001961,INDICATION,
CHEMBL1201138,MONDO_0000870,INDICATION,
CHEMBL1201138,MONDO_0000873,INDICATION,
CHEMBL1201138,MONDO_0001056,INDICATION,
CHEMBL1201138,MONDO_0001235,INDICATION,
CHEMBL1201138,MONDO_0001657,INDICATION,
CHEMBL1201138,MONDO_0002087,INDICATION,
CHEMBL1201138,MONDO_0002120,INDICATION,
CHEMBL1201138,MONDO_0002516,INDICATION,
CHEMBL1201138,MONDO_0002691,INDICATION,
CHEMBL1201138,MONDO_0003059,INDICATION,
CHEMBL1201138,MONDO_0003060,INDICATION,
CHEMBL1201138,MONDO_0004992,INDICATION,
CHEMBL1201138,MONDO_0005184,INDICATION,
CHEMBL1201138,MONDO_0005575,INDICATION,
CHEMBL1201138,MONDO_0005835,INDICATION,
CHEMBL1201138,MONDO_0007254,INDICATION,
CHEMBL1201138,MONDO_0007576,INDICATION,
CHEMBL1201138,MONDO_0008170,INDICATION,
CHEMBL1201138,MONDO_0010006,INDICATION,
CHEMBL1201138,MONDO_0010100,INDICATION,
CHEMBL1201138,MONDO_0011719,INDICATION,
CHEMBL1201138,MONDO_0016717,INDICATION,
CHEMBL1201138,MONDO_0018944,INDICATION,
CHEMBL1201138,MONDO_0021063,INDICATION,
CHEMBL1201138,MONDO_0044917,INDICATION,
CHEMBL1201138,MONDO_0044937,INDICATION,
CHEMBL1201139,EFO_0000341,INDICATION,
CHEMBL1201139,EFO_0000400,CONTRAINDICATION,
CHEMBL1201139,EFO_0000537,CONTRAINDICATION,
CHEMBL1201139,EFO_0000616,INDICATION,
CHEMBL1201139,EFO_0000765,INDICATION,
CHEMBL1201139,EFO_0003086,CONTRAINDICATION,
CHEMBL1201139,EFO_0003869,INDICATION,
CHEMBL1201139,EFO_0004230,INDICATION,
CHEMBL1201139,EFO_0006859,INDICATION,
CHEMBL1201139,EFO_0007312,INDICATION,
CHEMBL1201139,EFO_0007532,INDICATION,
CHEMBL1201139,EFO_0009491,CONTRAINDICATION,
CHEMBL1201139,EFO_1000796,INDICATION,
CHEMBL1201139,EFO_1001512,INDICATION,
CHEMBL1201139,MONDO_0002691,INDICATION,
CHEMBL1201139,MONDO_0002715,INDICATION,
CHEMBL1201139,MONDO_0003778,INDICATION,
CHEMBL1201139,MONDO_0004992,INDICATION,
CHEMBL1201139,MONDO_0007254,INDICATION,
CHEMBL1201139,MONDO_0008170,OFF_LABEL_USE,
CHEMBL1201139,MONDO_0011962,INDICATION,
CHEMBL1201139,MONDO_0024474,INDICATION,
CHEMBL1201142,EFO_1001050,INDICATION,
CHEMBL1201142,MONDO_0005180,INDICATION,
CHEMBL1201146,EFO_0000574,INDICATION,
CHEMBL1201146,EFO_0000731,INDICATION,
CHEMBL1201146,EFO_0001065,INDICATION,
CHEMBL1201146,EFO_0002950,INDICATION,
CHEMBL1201146,EFO_0003843,INDICATION,
CHEMBL1201146,EFO_0003894,INDICATION,
CHEMBL1201146,MONDO_0002146,INDICATION,
CHEMBL1201146,MONDO_0007254,INDICATION,
CHEMBL1201146,MONDO_0009061,INDICATION,
CHEMBL1201146,MP_0001914,INDICATION,
CHEMBL1201147,EFO_0003963,INDICATION,
CHEMBL1201148,EFO_0000756,INDICATION,
CHEMBL1201149,EFO_0003843,INDICATION,
CHEMBL1201149,EFO_0004329,INDICATION,
CHEMBL1201149,EFO_0004701,INDICATION,
CHEMBL1201149,EFO_0005203,INDICATION,
CHEMBL1201149,EFO_0005611,INDICATION,
CHEMBL1201149,EFO_0010702,INDICATION,
CHEMBL1201149,MONDO_0015626,INDICATION,
CHEMBL1201149,MONDO_0100096,INDICATION,
CHEMBL1201150,MONDO_0005277,INDICATION,
CHEMBL1201150,MONDO_0005475,INDICATION,
CHEMBL1201150,MONDO_0100431,INDICATION,
CHEMBL1201151,EFO_0000400,CONTRAINDICATION,
CHEMBL1201151,EFO_0000537,CONTRAINDICATION,
CHEMBL1201151,EFO_0000612,CONTRAINDICATION,
CHEMBL1201151,EFO_0000712,CONTRAINDICATION,
CHEMBL1201151,EFO_0001065,INDICATION,
CHEMBL1201151,EFO_0001073,CONTRAINDICATION,
CHEMBL1201151,EFO_0001645,CONTRAINDICATION,
CHEMBL1201151,EFO_0003832,CONTRAINDICATION,
CHEMBL1201151,EFO_0009551,CONTRAINDICATION,
CHEMBL1201151,EFO_1001068,CONTRAINDICATION,
CHEMBL1201151,EFO_1001512,CONTRAINDICATION,
CHEMBL1201151,MONDO_0002050,CONTRAINDICATION,
CHEMBL1201151,MONDO_0002691,CONTRAINDICATION,
CHEMBL1201151,MONDO_0005277,CONTRAINDICATION,
CHEMBL1201151,MONDO_0021187,CONTRAINDICATION,
CHEMBL1201151,MONDO_0037821,CONTRAINDICATION,
CHEMBL1201152,EFO_0005611,INDICATION,
CHEMBL1201152,MONDO_0007079,INDICATION,
CHEMBL1201155,MONDO_0005090,INDICATION,
CHEMBL1201156,EFO_0000274,INDICATION,
CHEMBL1201156,EFO_0000676,INDICATION,
CHEMBL1201156,EFO_0008524,INDICATION,
CHEMBL1201156,EFO_1000948,INDICATION,
CHEMBL1201156,MONDO_0002009,INDICATION,
CHEMBL1201159,EFO_0003843,INDICATION,
CHEMBL1201161,EFO_0000771,INDICATION,
CHEMBL1201161,EFO_0003102,INDICATION,
CHEMBL1201161,EFO_0009516,INDICATION,
CHEMBL1201162,EFO_0004190,INDICATION,
CHEMBL1201162,EFO_1001069,INDICATION,
CHEMBL1201162,MONDO_0005041,INDICATION,
CHEMBL1201163,EFO_0003843,INDICATION,
CHEMBL1201165,EFO_0000400,CONTRAINDICATION,
CHEMBL1201165,EFO_0000474,CONTRAINDICATION,
CHEMBL1201165,EFO_0000537,CONTRAINDICATION,
CHEMBL1201165,EFO_0000612,CONTRAINDICATION,
CHEMBL1201165,EFO_0000712,CONTRAINDICATION,
CHEMBL1201165,EFO_0001065,CONTRAINDICATION,
CHEMBL1201165,EFO_0001073,CONTRAINDICATION,
CHEMBL1201165,EFO_0001645,CONTRAINDICATION,
CHEMBL1201165,EFO_0003832,CONTRAINDICATION,
CHEMBL1201165,EFO_0004152,CONTRAINDICATION,
CHEMBL1201165,EFO_0004705,CONTRAINDICATION,
CHEMBL1201165,EFO_0009315,CONTRAINDICATION,
CHEMBL1201165,EFO_1001512,CONTRAINDICATION,
CHEMBL1201165,MONDO_0001627,CONTRAINDICATION,
CHEMBL1201165,MONDO_0002520,CONTRAINDICATION,
CHEMBL1201165,MONDO_0004979,CONTRAINDICATION,
CHEMBL1201165,MONDO_0005277,CONTRAINDICATION,
CHEMBL1201165,MONDO_0007915,CONTRAINDICATION,
CHEMBL1201165,MONDO_0008170,CONTRAINDICATION,
CHEMBL1201165,MONDO_0037748,CONTRAINDICATION,
CHEMBL1201167,EFO_0000373,INDICATION,
CHEMBL1201167,EFO_0000537,INDICATION,
CHEMBL1201167,EFO_0000612,INDICATION,
CHEMBL1201168,EFO_0000319,CONTRAINDICATION,
CHEMBL1201168,EFO_0000400,CONTRAINDICATION,
CHEMBL1201168,EFO_0000474,CONTRAINDICATION,
CHEMBL1201168,EFO_0000537,CONTRAINDICATION,
CHEMBL1201168,EFO_0001645,CONTRAINDICATION,
CHEMBL1201168,EFO_0003086,CONTRAINDICATION,
CHEMBL1201168,EFO_0003763,CONTRAINDICATION,
CHEMBL1201168,EFO_0005251,CONTRAINDICATION,
CHEMBL1201168,EFO_0005252,CONTRAINDICATION,
CHEMBL1201168,EFO_0009189,CONTRAINDICATION,
CHEMBL1201168,MONDO_0002009,INDICATION,
CHEMBL1201168,MONDO_0004975,INDICATION,
CHEMBL1201168,MONDO_0004985,CONTRAINDICATION,
CHEMBL1201168,MONDO_0005090,CONTRAINDICATION,
CHEMBL1201168,MONDO_0007079,CONTRAINDICATION,
CHEMBL1201168,MONDO_0008233,CONTRAINDICATION,
CHEMBL1201170,EFO_0000676,CONTRAINDICATION,
CHEMBL1201170,EFO_0003086,CONTRAINDICATION,
CHEMBL1201170,EFO_0004705,CONTRAINDICATION,
CHEMBL1201170,EFO_0009963,INDICATION,
CHEMBL1201170,MONDO_0004782,CONTRAINDICATION,
CHEMBL1201170,MONDO_0004985,INDICATION,
CHEMBL1201171,EFO_0003958,INDICATION,
CHEMBL1201171,EFO_0009516,INDICATION,
CHEMBL1201171,EFO_0009552,INDICATION,
CHEMBL1201171,MP_0001845,INDICATION,
CHEMBL1201173,EFO_0005752,INDICATION,
CHEMBL1201173,EFO_0007141,INDICATION,
CHEMBL1201173,EFO_0009560,OFF_LABEL_USE,
CHEMBL1201173,EFO_1000760,INDICATION,
CHEMBL1201173,EFO_1000997,INDICATION,
CHEMBL1201173,EFO_1001231,INDICATION,
CHEMBL1201173,MONDO_0004577,INDICATION,
CHEMBL1201173,MONDO_0004773,INDICATION,
CHEMBL1201174,EFO_0000400,INDICATION,
CHEMBL1201174,EFO_0000612,INDICATION,
CHEMBL1201174,EFO_0000712,INDICATION,
CHEMBL1201174,MONDO_0005148,INDICATION,
CHEMBL1201174,MONDO_0021187,INDICATION,
CHEMBL1201177,MONDO_0005041,INDICATION,
CHEMBL1201178,EFO_0001073,INDICATION,
CHEMBL1201178,EFO_0003888,INDICATION,
CHEMBL1201178,EFO_0003890,INDICATION,
CHEMBL1201178,EFO_0004698,INDICATION,
CHEMBL1201178,EFO_0005203,INDICATION,
CHEMBL1201178,EFO_0005204,INDICATION,
CHEMBL1201178,EFO_0005924,INDICATION,
CHEMBL1201178,MONDO_0002009,INDICATION,
CHEMBL1201178,MONDO_0002277,INDICATION,
CHEMBL1201178,MONDO_0005041,INDICATION,
CHEMBL1201178,MONDO_0005090,INDICATION,
CHEMBL1201179,EFO_0000305,INDICATION,
CHEMBL1201179,EFO_0000574,INDICATION,
CHEMBL1201179,EFO_0000616,INDICATION,
CHEMBL1201179,EFO_0002618,INDICATION,
CHEMBL1201179,EFO_0002892,INDICATION,
CHEMBL1201179,EFO_0002938,INDICATION,
CHEMBL1201179,EFO_0003869,INDICATION,
CHEMBL1201179,EFO_0006352,INDICATION,
CHEMBL1201179,EFO_0006859,INDICATION,
CHEMBL1201179,EFO_0006861,INDICATION,
CHEMBL1201179,EFO_1000158,INDICATION,
CHEMBL1201179,EFO_1000294,INDICATION,
CHEMBL1201179,EFO_1001465,INDICATION,
CHEMBL1201179,EFO_1001512,INDICATION,
CHEMBL1201179,MONDO_0001187,INDICATION,
CHEMBL1201179,MONDO_0004986,INDICATION,
CHEMBL1201179,MONDO_0007254,INDICATION,
CHEMBL1201179,MONDO_0008315,INDICATION,
CHEMBL1201179,MONDO_0044926,INDICATION,
CHEMBL1201180,EFO_0003843,INDICATION,
CHEMBL1201180,EFO_0009582,INDICATION,
CHEMBL1201180,EFO_1000652,INDICATION,
CHEMBL1201180,MONDO_0007254,INDICATION,
CHEMBL1201182,EFO_0000181,INDICATION,
CHEMBL1201182,EFO_0000182,INDICATION,
CHEMBL1201182,EFO_0000183,INDICATION,
CHEMBL1201182,EFO_0000198,INDICATION,
CHEMBL1201182,EFO_0000222,INDICATION,
CHEMBL1201182,EFO_0000228,INDICATION,
CHEMBL1201182,EFO_0000232,INDICATION,
CHEMBL1201182,EFO_0000248,INDICATION,
CHEMBL1201182,EFO_0000305,INDICATION,
CHEMBL1201182,EFO_0000313,INDICATION,
CHEMBL1201182,EFO_0000339,INDICATION,
CHEMBL1201182,EFO_0000349,INDICATION,
CHEMBL1201182,EFO_0000365,INDICATION,
CHEMBL1201182,EFO_0000389,INDICATION,
CHEMBL1201182,EFO_0000400,CONTRAINDICATION,
CHEMBL1201182,EFO_0000403,INDICATION,
CHEMBL1201182,EFO_0000437,INDICATION,
CHEMBL1201182,EFO_0000466,INDICATION,
CHEMBL1201182,EFO_0000502,INDICATION,
CHEMBL1201182,EFO_0000519,INDICATION,
CHEMBL1201182,EFO_0000556,INDICATION,
CHEMBL1201182,EFO_0000565,INDICATION,
CHEMBL1201182,EFO_0000574,INDICATION,
CHEMBL1201182,EFO_0000616,INDICATION,
CHEMBL1201182,EFO_0000621,INDICATION,
CHEMBL1201182,EFO_0000632,INDICATION,
CHEMBL1201182,EFO_0000637,INDICATION,
CHEMBL1201182,EFO_0000673,INDICATION,
CHEMBL1201182,EFO_0000681,INDICATION,
CHEMBL1201182,EFO_0000685,INDICATION,
CHEMBL1201182,EFO_0000691,INDICATION,
CHEMBL1201182,EFO_0000702,INDICATION,
CHEMBL1201182,EFO_0000707,INDICATION,
CHEMBL1201182,EFO_0000712,CONTRAINDICATION,
CHEMBL1201182,EFO_0000756,INDICATION,
CHEMBL1201182,EFO_0001378,INDICATION,
CHEMBL1201182,EFO_0002499,INDICATION,
CHEMBL1201182,EFO_0002501,INDICATION,
CHEMBL1201182,EFO_0003060,INDICATION,
CHEMBL1201182,EFO_0003086,CONTRAINDICATION,
CHEMBL1201182,EFO_0003833,INDICATION,
CHEMBL1201182,EFO_0003869,INDICATION,
CHEMBL1201182,EFO_0003929,INDICATION,
CHEMBL1201182,EFO_0004265,INDICATION,
CHEMBL1201182,EFO_0005952,INDICATION,
CHEMBL1201182,EFO_0006861,INDICATION,
CHEMBL1201182,EFO_0007416,INDICATION,
CHEMBL1201182,EFO_0007532,INDICATION,
CHEMBL1201182,EFO_0009708,INDICATION,
CHEMBL1201182,EFO_1000026,INDICATION,
CHEMBL1201182,EFO_1000158,INDICATION,
CHEMBL1201182,EFO_1000251,INDICATION,
CHEMBL1201182,EFO_1000292,INDICATION,
CHEMBL1201182,EFO_1000613,INDICATION,
CHEMBL1201182,EFO_1001187,INDICATION,
CHEMBL1201182,EFO_1001331,INDICATION,
CHEMBL1201182,EFO_1001465,INDICATION,
CHEMBL1201182,EFO_1001469,INDICATION,
CHEMBL1201182,EFO_1001512,INDICATION,
CHEMBL1201182,EFO_1001968,INDICATION,
CHEMBL1201182,MONDO_0001187,INDICATION,
CHEMBL1201182,MONDO_0001657,CONTRAINDICATION,
CHEMBL1201182,MONDO_0002087,INDICATION,
CHEMBL1201182,MONDO_0002108,INDICATION,
CHEMBL1201182,MONDO_0002158,INDICATION,
CHEMBL1201182,MONDO_0002367,INDICATION,
CHEMBL1201182,MONDO_0002691,INDICATION,
CHEMBL1201182,MONDO_0002974,INDICATION,
CHEMBL1201182,MONDO_0003268,INDICATION,
CHEMBL1201182,MONDO_0004192,INDICATION,
CHEMBL1201182,MONDO_0004992,INDICATION,
CHEMBL1201182,MONDO_0007254,INDICATION,
CHEMBL1201182,MONDO_0008170,INDICATION,
CHEMBL1201182,MONDO_0008315,INDICATION,
CHEMBL1201182,MONDO_0008903,INDICATION,
CHEMBL1201182,MONDO_0011962,INDICATION,
CHEMBL1201182,MONDO_0016691,INDICATION,
CHEMBL1201182,MONDO_0016693,INDICATION,
CHEMBL1201182,MONDO_0021063,INDICATION,
CHEMBL1201182,MONDO_0021187,CONTRAINDICATION,
CHEMBL1201182,MONDO_0024677,INDICATION,
CHEMBL1201184,EFO_1000852,INDICATION,
CHEMBL1201184,EFO_1001485,INDICATION,
CHEMBL1201185,EFO_0000182,INDICATION,
CHEMBL1201185,EFO_0000616,INDICATION,
CHEMBL1201185,EFO_0003769,INDICATION,
CHEMBL1201185,EFO_0004243,INDICATION,
CHEMBL1201185,EFO_0009431,INDICATION,
CHEMBL1201185,EFO_1000478,INDICATION,
CHEMBL1201185,EFO_1000852,INDICATION,
CHEMBL1201185,EFO_1001095,INDICATION,
CHEMBL1201185,EFO_1001307,INDICATION,
CHEMBL1201185,EFO_1001466,INDICATION,
CHEMBL1201185,EFO_1001471,INDICATION,
CHEMBL1201185,EFO_1001485,INDICATION,
CHEMBL1201185,EFO_1001496,INDICATION,
CHEMBL1201185,EFO_1001769,INDICATION,
CHEMBL1201185,EFO_1001901,INDICATION,
CHEMBL1201185,MONDO_0004565,INDICATION,
CHEMBL1201185,MONDO_0008315,INDICATION,
CHEMBL1201185,MONDO_0024503,INDICATION,
CHEMBL1201185,MONDO_0044937,INDICATION,
CHEMBL1201186,EFO_0000544,INDICATION,
CHEMBL1201186,EFO_0003948,INDICATION,
CHEMBL1201186,EFO_0004607,INDICATION,
CHEMBL1201186,EFO_0009454,INDICATION,
CHEMBL1201186,EFO_1000961,INDICATION,
CHEMBL1201187,EFO_0000095,INDICATION,
CHEMBL1201187,EFO_0000180,INDICATION,
CHEMBL1201187,EFO_0000183,INDICATION,
CHEMBL1201187,EFO_0000198,INDICATION,
CHEMBL1201187,EFO_0000339,INDICATION,
CHEMBL1201187,EFO_0000403,INDICATION,
CHEMBL1201187,EFO_0000544,INDICATION,
CHEMBL1201187,EFO_0000558,INDICATION,
CHEMBL1201187,EFO_0000612,CONTRAINDICATION,
CHEMBL1201187,EFO_0000685,INDICATION,
CHEMBL1201187,EFO_0000712,INDICATION,
CHEMBL1201187,EFO_0000763,INDICATION,
CHEMBL1201187,EFO_0000764,INDICATION,
CHEMBL1201187,EFO_0000765,INDICATION,
CHEMBL1201187,EFO_0001645,CONTRAINDICATION,
CHEMBL1201187,EFO_0002608,INDICATION,
CHEMBL1201187,EFO_0003047,CONTRAINDICATION,
CHEMBL1201187,EFO_0003086,CONTRAINDICATION,
CHEMBL1201187,EFO_0004211,INDICATION,
CHEMBL1201187,EFO_0004239,CONTRAINDICATION,
CHEMBL1201187,EFO_0005252,CONTRAINDICATION,
CHEMBL1201187,EFO_0005741,CONTRAINDICATION,
CHEMBL1201187,EFO_1000905,CONTRAINDICATION,
CHEMBL1201187,EFO_1001375,CONTRAINDICATION,
CHEMBL1201187,MONDO_0013730,INDICATION,
CHEMBL1201187,MONDO_0018906,INDICATION,
CHEMBL1201187,MONDO_0021094,INDICATION,
CHEMBL1201187,MONDO_0024327,CONTRAINDICATION,
CHEMBL1201187,MONDO_0044881,INDICATION,
CHEMBL1201187,MONDO_0100096,INDICATION,
CHEMBL1201189,EFO_0001645,INDICATION,
CHEMBL1201190,EFO_0000701,INDICATION,
CHEMBL1201190,EFO_0003956,INDICATION,
CHEMBL1201190,EFO_0005531,INDICATION,
CHEMBL1201190,EFO_0008521,INDICATION,
CHEMBL1201190,EFO_1001417,INDICATION,
CHEMBL1201190,Orphanet_79292,INDICATION,
CHEMBL1201191,EFO_0000274,OFF_LABEL_USE,
CHEMBL1201191,EFO_0000401,INDICATION,
CHEMBL1201191,EFO_0000701,INDICATION,
CHEMBL1201191,EFO_0003086,CONTRAINDICATION,
CHEMBL1201191,EFO_0003956,INDICATION,
CHEMBL1201191,EFO_0004142,INDICATION,
CHEMBL1201191,EFO_0005531,OFF_LABEL_USE,
CHEMBL1201191,EFO_0005854,INDICATION,
CHEMBL1201191,EFO_0007533,INDICATION,
CHEMBL1201191,EFO_0008521,INDICATION,
CHEMBL1201191,EFO_1001417,INDICATION,
CHEMBL1201191,MONDO_0002406,INDICATION,
CHEMBL1201191,MONDO_0004979,INDICATION,
CHEMBL1201191,MONDO_0005271,INDICATION,
CHEMBL1201191,MONDO_0024327,CONTRAINDICATION,
CHEMBL1201191,MONDO_0044212,INDICATION,
CHEMBL1201191,Orphanet_79292,INDICATION,
CHEMBL1201192,EFO_0000537,CONTRAINDICATION,
CHEMBL1201192,EFO_0000616,INDICATION,
CHEMBL1201192,EFO_0000712,INDICATION,
CHEMBL1201192,EFO_0001073,INDICATION,
CHEMBL1201192,EFO_0003060,INDICATION,
CHEMBL1201192,EFO_0003888,INDICATION,
CHEMBL1201192,EFO_0003918,INDICATION,
CHEMBL1201192,EFO_0004698,INDICATION,
CHEMBL1201192,EFO_0005246,INDICATION,
CHEMBL1201192,EFO_0005407,CONTRAINDICATION,
CHEMBL1201192,EFO_0006859,INDICATION,
CHEMBL1201192,EFO_0008568,INDICATION,
CHEMBL1201192,MONDO_0002050,CONTRAINDICATION,
CHEMBL1201192,MONDO_0004910,CONTRAINDICATION,
CHEMBL1201192,MONDO_0005090,INDICATION,
CHEMBL1201192,MONDO_0005301,INDICATION,
CHEMBL1201192,MONDO_0007576,INDICATION,
CHEMBL1201192,MONDO_0016158,INDICATION,
CHEMBL1201192,MONDO_0021107,INDICATION,
CHEMBL1201192,MONDO_0043510,INDICATION,
CHEMBL1201192,MONDO_0100192,CONTRAINDICATION,
CHEMBL1201192,MONDO_0100342,INDICATION,
CHEMBL1201193,EFO_0000319,CONTRAINDICATION,
CHEMBL1201193,EFO_0000616,INDICATION,
CHEMBL1201193,EFO_0002950,INDICATION,
CHEMBL1201193,EFO_0003086,CONTRAINDICATION,
CHEMBL1201193,EFO_0003843,INDICATION,
CHEMBL1201193,EFO_0004991,CONTRAINDICATION,
CHEMBL1201193,EFO_0005323,INDICATION,
CHEMBL1201195,EFO_0000771,INDICATION,
CHEMBL1201195,EFO_0003102,INDICATION,
CHEMBL1201195,EFO_0003103,INDICATION,
CHEMBL1201195,EFO_0003106,INDICATION,
CHEMBL1201195,EFO_0004142,INDICATION,
CHEMBL1201195,EFO_0007496,INDICATION,
CHEMBL1201195,EFO_0007499,INDICATION,
CHEMBL1201196,EFO_0000274,INDICATION,
CHEMBL1201196,EFO_0007512,INDICATION,
CHEMBL1201196,EFO_0007543,INDICATION,
CHEMBL1201197,EFO_0000771,INDICATION,
CHEMBL1201197,EFO_0003103,INDICATION,
CHEMBL1201197,EFO_0007387,INDICATION,
CHEMBL1201197,EFO_0007496,INDICATION,
CHEMBL1201197,EFO_0007499,INDICATION,
CHEMBL1201197,MONDO_0001080,INDICATION,
CHEMBL1201197,MONDO_0025598,INDICATION,
CHEMBL1201198,EFO_0004214,INDICATION,
CHEMBL1201198,EFO_0005854,INDICATION,
CHEMBL1201198,EFO_0007141,INDICATION,
CHEMBL1201198,MONDO_0004979,INDICATION,
CHEMBL1201198,MONDO_0010311,INDICATION,
CHEMBL1201198,MONDO_0010679,INDICATION,
CHEMBL1201199,EFO_0000183,INDICATION,
CHEMBL1201199,EFO_0000196,INDICATION,
CHEMBL1201199,EFO_0000400,CONTRAINDICATION,
CHEMBL1201199,EFO_0000537,CONTRAINDICATION,
CHEMBL1201199,EFO_0000545,INDICATION,
CHEMBL1201199,EFO_0000612,CONTRAINDICATION,
CHEMBL1201199,EFO_0000616,INDICATION,
CHEMBL1201199,EFO_0000673,INDICATION,
CHEMBL1201199,EFO_0000712,CONTRAINDICATION,
CHEMBL1201199,EFO_0000731,INDICATION,
CHEMBL1201199,EFO_0000756,INDICATION,
CHEMBL1201199,EFO_0000764,INDICATION,
CHEMBL1201199,EFO_0001065,INDICATION,
CHEMBL1201199,EFO_0001073,CONTRAINDICATION,
CHEMBL1201199,EFO_0001378,INDICATION,
CHEMBL1201199,EFO_0001663,INDICATION,
CHEMBL1201199,EFO_0003843,INDICATION,
CHEMBL1201199,EFO_0003869,INDICATION,
CHEMBL1201199,EFO_0004248,INDICATION,
CHEMBL1201199,EFO_0005204,INDICATION,
CHEMBL1201199,EFO_0007453,INDICATION,
CHEMBL1201199,EFO_0009006,INDICATION,
CHEMBL1201199,EFO_0009029,INDICATION,
CHEMBL1201199,EFO_0009571,CONTRAINDICATION,
CHEMBL1201199,EFO_1001469,INDICATION,
CHEMBL1201199,MONDO_0000088,INDICATION,
CHEMBL1201199,MONDO_0000521,INDICATION,
CHEMBL1201199,MONDO_0002146,INDICATION,
CHEMBL1201199,MONDO_0003061,INDICATION,
CHEMBL1201199,MONDO_0004975,INDICATION,
CHEMBL1201199,MONDO_0004992,INDICATION,
CHEMBL1201199,MONDO_0007254,INDICATION,
CHEMBL1201199,MONDO_0008170,OFF_LABEL_USE,
CHEMBL1201199,MONDO_0008315,INDICATION,
CHEMBL1201200,EFO_0000519,INDICATION,
CHEMBL1201201,EFO_0000318,CONTRAINDICATION,
CHEMBL1201201,EFO_0000319,CONTRAINDICATION,
CHEMBL1201201,EFO_0000341,CONTRAINDICATION,
CHEMBL1201201,EFO_0000474,CONTRAINDICATION,
CHEMBL1201201,EFO_0000537,CONTRAINDICATION,
CHEMBL1201201,EFO_0000612,CONTRAINDICATION,
CHEMBL1201201,EFO_0000712,CONTRAINDICATION,
CHEMBL1201201,EFO_0001073,INDICATION,
CHEMBL1201201,EFO_0001645,CONTRAINDICATION,
CHEMBL1201201,EFO_0003086,CONTRAINDICATION,
CHEMBL1201201,EFO_0003877,CONTRAINDICATION,
CHEMBL1201201,EFO_0003888,INDICATION,
CHEMBL1201201,EFO_0003890,CONTRAINDICATION,
CHEMBL1201201,EFO_0004242,INDICATION,
CHEMBL1201201,EFO_0004701,INDICATION,
CHEMBL1201201,EFO_0004895,CONTRAINDICATION,
CHEMBL1201201,EFO_0005407,CONTRAINDICATION,
CHEMBL1201201,EFO_0009086,CONTRAINDICATION,
CHEMBL1201201,EFO_0009189,CONTRAINDICATION,
CHEMBL1201201,MONDO_0002050,CONTRAINDICATION,
CHEMBL1201201,MONDO_0002277,CONTRAINDICATION,
CHEMBL1201201,MONDO_0002280,CONTRAINDICATION,
CHEMBL1201201,MONDO_0002491,CONTRAINDICATION,
CHEMBL1201201,MONDO_0004985,CONTRAINDICATION,
CHEMBL1201201,MONDO_0005041,CONTRAINDICATION,
CHEMBL1201201,MONDO_0005351,CONTRAINDICATION,
CHEMBL1201201,MONDO_0007079,CONTRAINDICATION,
CHEMBL1201201,MONDO_0037821,CONTRAINDICATION,
CHEMBL1201201,MONDO_0100192,CONTRAINDICATION,
CHEMBL1201202,EFO_0000275,INDICATION,
CHEMBL1201202,EFO_0000612,OFF_LABEL_USE,
CHEMBL1201202,EFO_0001074,INDICATION,
CHEMBL1201202,EFO_0001075,INDICATION,
CHEMBL1201202,EFO_0003086,CONTRAINDICATION,
CHEMBL1201202,EFO_0003770,CONTRAINDICATION,
CHEMBL1201202,EFO_0003827,INDICATION,
CHEMBL1201202,EFO_0003907,INDICATION,
CHEMBL1201202,EFO_0004286,INDICATION,
CHEMBL1201202,EFO_0005672,OFF_LABEL_USE,
CHEMBL1201202,EFO_0007541,INDICATION,
CHEMBL1201202,EFO_0009314,CONTRAINDICATION,
CHEMBL1201202,EFO_0009686,INDICATION,
CHEMBL1201202,EFO_1000830,CONTRAINDICATION,
CHEMBL1201202,EFO_1000985,INDICATION,
CHEMBL1201202,MONDO_0002280,CONTRAINDICATION,
CHEMBL1201202,MONDO_0019098,CONTRAINDICATION,
CHEMBL1201202,MONDO_0100096,INDICATION,
CHEMBL1201203,EFO_0000341,CONTRAINDICATION,
CHEMBL1201203,EFO_0000537,CONTRAINDICATION,
CHEMBL1201203,EFO_0000729,CONTRAINDICATION,
CHEMBL1201203,EFO_0001645,CONTRAINDICATION,
CHEMBL1201203,EFO_0002610,INDICATION,
CHEMBL1201203,EFO_0003086,CONTRAINDICATION,
CHEMBL1201203,EFO_0003948,CONTRAINDICATION,
CHEMBL1201203,EFO_0004190,CONTRAINDICATION,
CHEMBL1201203,EFO_0004991,CONTRAINDICATION,
CHEMBL1201203,EFO_0005251,CONTRAINDICATION,
CHEMBL1201203,EFO_0005279,INDICATION,
CHEMBL1201203,EFO_0005585,CONTRAINDICATION,
CHEMBL1201203,EFO_0009190,CONTRAINDICATION,
CHEMBL1201203,EFO_0009387,INDICATION,
CHEMBL1201203,EFO_0009454,CONTRAINDICATION,
CHEMBL1201203,EFO_0009532,CONTRAINDICATION,
CHEMBL1201203,EFO_0009571,CONTRAINDICATION,
CHEMBL1201203,EFO_1001402,INDICATION,
CHEMBL1201203,EFO_1001869,CONTRAINDICATION,
CHEMBL1201203,MONDO_0001744,CONTRAINDICATION,
CHEMBL1201203,MONDO_0005180,INDICATION,
CHEMBL1201203,MONDO_0021095,INDICATION,
CHEMBL1201204,EFO_0000771,INDICATION,
CHEMBL1201207,EFO_0000729,INDICATION,
CHEMBL1201207,EFO_0002950,INDICATION,
CHEMBL1201207,EFO_1000906,INDICATION,
CHEMBL1201207,EFO_1001097,INDICATION,
CHEMBL1201207,EFO_1001434,INDICATION,
CHEMBL1201207,EFO_1001909,INDICATION,
CHEMBL1201207,MONDO_0005178,INDICATION,
CHEMBL1201208,EFO_0000474,CONTRAINDICATION,
CHEMBL1201208,EFO_0000537,CONTRAINDICATION,
CHEMBL1201208,EFO_0001073,INDICATION,
CHEMBL1201208,EFO_0001645,CONTRAINDICATION,
CHEMBL1201208,EFO_0009086,CONTRAINDICATION,
CHEMBL1201208,EFO_0009189,CONTRAINDICATION,
CHEMBL1201208,EFO_0009551,CONTRAINDICATION,
CHEMBL1201208,EFO_1000902,CONTRAINDICATION,
CHEMBL1201208,MONDO_0002277,CONTRAINDICATION,
CHEMBL1201208,MONDO_0002491,CONTRAINDICATION,
CHEMBL1201208,MONDO_0005041,CONTRAINDICATION,
CHEMBL1201208,MONDO_0005147,CONTRAINDICATION,
CHEMBL1201208,MONDO_0005148,CONTRAINDICATION,
CHEMBL1201208,MONDO_0005149,CONTRAINDICATION,
CHEMBL1201208,MONDO_0007079,CONTRAINDICATION,
CHEMBL1201210,EFO_0000474,CONTRAINDICATION,
CHEMBL1201210,EFO_0000612,CONTRAINDICATION,
CHEMBL1201210,EFO_0001073,CONTRAINDICATION,
CHEMBL1201210,EFO_0005252,CONTRAINDICATION,
CHEMBL1201210,EFO_0005307,CONTRAINDICATION,
CHEMBL1201210,EFO_0007319,CONTRAINDICATION,
CHEMBL1201210,EFO_1001375,CONTRAINDICATION,
CHEMBL1201210,EFO_1001379,CONTRAINDICATION,
CHEMBL1201210,MONDO_0002280,CONTRAINDICATION,
CHEMBL1201210,MONDO_0005041,CONTRAINDICATION,
CHEMBL1201210,MONDO_0007079,CONTRAINDICATION,
CHEMBL1201210,MONDO_0019171,CONTRAINDICATION,
CHEMBL1201210,MONDO_0021095,CONTRAINDICATION,
CHEMBL1201212,EFO_0000319,INDICATION,
CHEMBL1201212,EFO_0000712,INDICATION,
CHEMBL1201212,EFO_0005251,INDICATION,
CHEMBL1201212,EFO_0005252,INDICATION,
CHEMBL1201212,EFO_0006834,INDICATION,
CHEMBL1201212,EFO_0009190,CONTRAINDICATION,
CHEMBL1201212,EFO_1001346,INDICATION,
CHEMBL1201212,EFO_1001919,INDICATION,
CHEMBL1201212,MONDO_0008233,CONTRAINDICATION,
CHEMBL1201216,EFO_0004190,INDICATION,
CHEMBL1201216,EFO_1000997,CONTRAINDICATION,
CHEMBL1201216,MONDO_0001744,CONTRAINDICATION,
CHEMBL1201216,MONDO_0005041,INDICATION,
CHEMBL1201217,EFO_0000474,CONTRAINDICATION,
CHEMBL1201218,EFO_0003102,INDICATION,
CHEMBL1201220,MONDO_0004567,INDICATION,
CHEMBL1201222,EFO_0000318,CONTRAINDICATION,
CHEMBL1201222,EFO_0000474,CONTRAINDICATION,
CHEMBL1201222,EFO_0000537,CONTRAINDICATION,
CHEMBL1201222,EFO_0000612,CONTRAINDICATION,
CHEMBL1201222,EFO_0000712,CONTRAINDICATION,
CHEMBL1201222,EFO_0001073,INDICATION,
CHEMBL1201222,EFO_0001645,CONTRAINDICATION,
CHEMBL1201222,EFO_0002610,INDICATION,
CHEMBL1201222,EFO_0003888,INDICATION,
CHEMBL1201222,EFO_0003890,INDICATION,
CHEMBL1201222,EFO_0004698,INDICATION,
CHEMBL1201222,EFO_0004701,INDICATION,
CHEMBL1201222,EFO_0004895,CONTRAINDICATION,
CHEMBL1201222,EFO_0005203,INDICATION,
CHEMBL1201222,EFO_0005204,INDICATION,
CHEMBL1201222,EFO_0005407,CONTRAINDICATION,
CHEMBL1201222,EFO_0005924,INDICATION,
CHEMBL1201222,EFO_0009086,CONTRAINDICATION,
CHEMBL1201222,EFO_0009189,CONTRAINDICATION,
CHEMBL1201222,MONDO_0002009,INDICATION,
CHEMBL1201222,MONDO_0002050,INDICATION,
CHEMBL1201222,MONDO_0002277,CONTRAINDICATION,
CHEMBL1201222,MONDO_0002491,CONTRAINDICATION,
CHEMBL1201222,MONDO_0004985,CONTRAINDICATION,
CHEMBL1201222,MONDO_0005041,CONTRAINDICATION,
CHEMBL1201222,MONDO_0005090,INDICATION,
CHEMBL1201222,MONDO_0005301,INDICATION,
CHEMBL1201222,MONDO_0021107,OFF_LABEL_USE,
CHEMBL1201224,EFO_0000771,INDICATION,
CHEMBL1201224,EFO_1001888,INDICATION,
CHEMBL1201225,EFO_0000474,CONTRAINDICATION,
CHEMBL1201225,EFO_0000501,INDICATION,
CHEMBL1201225,EFO_0000641,INDICATION,
CHEMBL1201225,EFO_0001378,INDICATION,
CHEMBL1201225,EFO_0003086,CONTRAINDICATION,
CHEMBL1201225,EFO_0003144,INDICATION,
CHEMBL1201225,EFO_0003779,CONTRAINDICATION,
CHEMBL1201225,EFO_0003841,INDICATION,
CHEMBL1201225,EFO_0004705,CONTRAINDICATION,
CHEMBL1201225,EFO_0009189,OFF_LABEL_USE,
CHEMBL1201225,EFO_0009661,CONTRAINDICATION,
CHEMBL1201225,EFO_1000049,CONTRAINDICATION,
CHEMBL1201225,EFO_1001212,OFF_LABEL_USE,
CHEMBL1201225,MONDO_0002108,INDICATION,
CHEMBL1201225,MONDO_0007254,INDICATION,
CHEMBL1201225,MONDO_0018531,INDICATION,
CHEMBL1201225,MONDO_0100096,INDICATION,
CHEMBL1201227,MONDO_0005180,INDICATION,
CHEMBL1201229,MONDO_0005041,INDICATION,
CHEMBL1201231,EFO_0000341,INDICATION,
CHEMBL1201231,EFO_0000565,INDICATION,
CHEMBL1201231,EFO_0000768,INDICATION,
CHEMBL1201231,EFO_0003929,INDICATION,
CHEMBL1201231,EFO_0004255,INDICATION,
CHEMBL1201231,EFO_0005854,INDICATION,
CHEMBL1201231,EFO_0007126,INDICATION,
CHEMBL1201231,EFO_0007141,INDICATION,
CHEMBL1201231,EFO_0007308,INDICATION,
CHEMBL1201231,EFO_0007415,INDICATION,
CHEMBL1201231,EFO_0009448,INDICATION,
CHEMBL1201231,EFO_1001226,INDICATION,
CHEMBL1201231,EFO_1001231,INDICATION,
CHEMBL1201231,MONDO_0002280,INDICATION,
CHEMBL1201231,MONDO_0004979,INDICATION,
CHEMBL1201231,MONDO_0005301,INDICATION,
CHEMBL1201231,MP_0001845,INDICATION,
CHEMBL1201232,EFO_0000474,CONTRAINDICATION,
CHEMBL1201232,EFO_0000537,CONTRAINDICATION,
CHEMBL1201232,EFO_0000612,CONTRAINDICATION,
CHEMBL1201232,EFO_0000729,CONTRAINDICATION,
CHEMBL1201232,EFO_0001064,CONTRAINDICATION,
CHEMBL1201232,EFO_0001073,CONTRAINDICATION,
CHEMBL1201232,EFO_0001645,CONTRAINDICATION,
CHEMBL1201232,EFO_0003086,CONTRAINDICATION,
CHEMBL1201232,EFO_0004991,CONTRAINDICATION,
CHEMBL1201232,EFO_0005252,CONTRAINDICATION,
CHEMBL1201232,EFO_0005307,CONTRAINDICATION,
CHEMBL1201232,EFO_0007319,CONTRAINDICATION,
CHEMBL1201232,EFO_0009189,CONTRAINDICATION,
CHEMBL1201232,EFO_0009454,CONTRAINDICATION,
CHEMBL1201232,EFO_0009571,CONTRAINDICATION,
CHEMBL1201232,EFO_0009910,CONTRAINDICATION,
CHEMBL1201232,EFO_0010282,INDICATION,
CHEMBL1201232,EFO_1001095,CONTRAINDICATION,
CHEMBL1201232,EFO_1001375,CONTRAINDICATION,
CHEMBL1201232,EFO_1001379,CONTRAINDICATION,
CHEMBL1201232,MONDO_0001744,CONTRAINDICATION,
CHEMBL1201232,MONDO_0002280,CONTRAINDICATION,
CHEMBL1201232,MONDO_0004247,INDICATION,
CHEMBL1201232,MONDO_0005041,CONTRAINDICATION,
CHEMBL1201232,MONDO_0007079,CONTRAINDICATION,
CHEMBL1201232,MONDO_0019171,CONTRAINDICATION,
CHEMBL1201232,MONDO_0021095,CONTRAINDICATION,
CHEMBL1201234,EFO_0000319,INDICATION,
CHEMBL1201234,EFO_0005251,INDICATION,
CHEMBL1201235,EFO_0010282,INDICATION,
CHEMBL1201236,EFO_0000400,CONTRAINDICATION,
CHEMBL1201236,EFO_0000474,CONTRAINDICATION,
CHEMBL1201236,EFO_0000537,INDICATION,
CHEMBL1201236,EFO_0000546,INDICATION,
CHEMBL1201236,EFO_0000612,CONTRAINDICATION,
CHEMBL1201236,EFO_0000712,INDICATION,
CHEMBL1201236,EFO_0001365,INDICATION,
CHEMBL1201236,EFO_0002610,INDICATION,
CHEMBL1201236,EFO_0003086,CONTRAINDICATION,
CHEMBL1201236,EFO_0003768,INDICATION,
CHEMBL1201236,EFO_0003770,INDICATION,
CHEMBL1201236,EFO_0003818,CONTRAINDICATION,
CHEMBL1201236,EFO_0003843,INDICATION,
CHEMBL1201236,EFO_0003888,INDICATION,
CHEMBL1201236,EFO_0004190,CONTRAINDICATION,
CHEMBL1201236,EFO_0004270,OFF_LABEL_USE,
CHEMBL1201236,EFO_0004607,CONTRAINDICATION,
CHEMBL1201236,EFO_0005252,CONTRAINDICATION,
CHEMBL1201236,EFO_0005407,CONTRAINDICATION,
CHEMBL1201236,EFO_0005687,INDICATION,
CHEMBL1201236,EFO_0009454,CONTRAINDICATION,
CHEMBL1201236,EFO_1000902,CONTRAINDICATION,
CHEMBL1201236,EFO_1001175,INDICATION,
CHEMBL1201236,EFO_1001402,INDICATION,
CHEMBL1201236,EFO_1001919,INDICATION,
CHEMBL1201236,MONDO_0001020,INDICATION,
CHEMBL1201236,MONDO_0001744,CONTRAINDICATION,
CHEMBL1201236,MONDO_0001751,CONTRAINDICATION,
CHEMBL1201236,MONDO_0002050,CONTRAINDICATION,
CHEMBL1201236,MONDO_0004247,CONTRAINDICATION,
CHEMBL1201236,MONDO_0004976,INDICATION,
CHEMBL1201236,MONDO_0004979,INDICATION,
CHEMBL1201236,MONDO_0005090,INDICATION,
CHEMBL1201236,MONDO_0005180,INDICATION,
CHEMBL1201236,MONDO_0005301,INDICATION,
CHEMBL1201236,MONDO_0007113,INDICATION,
CHEMBL1201236,MONDO_0018910,INDICATION,
CHEMBL1201236,MONDO_0019200,INDICATION,
CHEMBL1201236,MONDO_0021095,INDICATION,
CHEMBL1201236,MONDO_0100192,CONTRAINDICATION,
CHEMBL1201236,Orphanet_1764,INDICATION,
CHEMBL1201237,EFO_0000400,CONTRAINDICATION,
CHEMBL1201237,EFO_0000464,CONTRAINDICATION,
CHEMBL1201237,EFO_0004190,INDICATION,
CHEMBL1201237,EFO_0004991,CONTRAINDICATION,
CHEMBL1201237,EFO_1001069,INDICATION,
CHEMBL1201237,MONDO_0000468,CONTRAINDICATION,
CHEMBL1201237,MONDO_0004979,CONTRAINDICATION,
CHEMBL1201237,MONDO_0005041,INDICATION,
CHEMBL1201239,MONDO_0008233,CONTRAINDICATION,
CHEMBL1201239,MONDO_0100192,CONTRAINDICATION,
CHEMBL1201244,EFO_0002618,INDICATION,
CHEMBL1201244,EFO_0003086,INDICATION,
CHEMBL1201244,EFO_0003843,INDICATION,
CHEMBL1201244,EFO_0003931,INDICATION,
CHEMBL1201244,EFO_0007490,INDICATION,
CHEMBL1201244,EFO_0009492,INDICATION,
CHEMBL1201244,EFO_0010581,INDICATION,
CHEMBL1201244,MONDO_0008315,INDICATION,
CHEMBL1201244,MONDO_0021117,INDICATION,
CHEMBL1201245,EFO_0000474,CONTRAINDICATION,
CHEMBL1201245,EFO_0003086,CONTRAINDICATION,
CHEMBL1201245,EFO_0003767,CONTRAINDICATION,
CHEMBL1201245,EFO_0003832,CONTRAINDICATION,
CHEMBL1201245,EFO_0003890,CONTRAINDICATION,
CHEMBL1201245,EFO_0004705,CONTRAINDICATION,
CHEMBL1201245,EFO_0005251,CONTRAINDICATION,
CHEMBL1201245,EFO_0007214,INDICATION,
CHEMBL1201245,EFO_1001132,CONTRAINDICATION,
CHEMBL1201245,MONDO_0002491,CONTRAINDICATION,
CHEMBL1201245,MONDO_0005271,INDICATION,
CHEMBL1201245,MONDO_0015129,CONTRAINDICATION,
CHEMBL1201247,EFO_0000183,INDICATION,
CHEMBL1201247,EFO_0000195,INDICATION,
CHEMBL1201247,EFO_0000196,INDICATION,
CHEMBL1201247,EFO_0000305,INDICATION,
CHEMBL1201247,EFO_0000313,INDICATION,
CHEMBL1201247,EFO_0000400,CONTRAINDICATION,
CHEMBL1201247,EFO_0000537,CONTRAINDICATION,
CHEMBL1201247,EFO_0000545,INDICATION,
CHEMBL1201247,EFO_0000553,INDICATION,
CHEMBL1201247,EFO_0000616,INDICATION,
CHEMBL1201247,EFO_0000673,INDICATION,
CHEMBL1201247,EFO_0000731,INDICATION,
CHEMBL1201247,EFO_0001065,INDICATION,
CHEMBL1201247,EFO_0001073,CONTRAINDICATION,
CHEMBL1201247,EFO_0001663,INDICATION,
CHEMBL1201247,EFO_0003869,INDICATION,
CHEMBL1201247,EFO_0006861,INDICATION,
CHEMBL1201247,EFO_0009571,CONTRAINDICATION,
CHEMBL1201247,EFO_1001757,INDICATION,
CHEMBL1201247,MONDO_0000521,INDICATION,
CHEMBL1201247,MONDO_0001566,CONTRAINDICATION,
CHEMBL1201247,MONDO_0002087,INDICATION,
CHEMBL1201247,MONDO_0002158,INDICATION,
CHEMBL1201247,MONDO_0004669,INDICATION,
CHEMBL1201247,MONDO_0007254,INDICATION,
CHEMBL1201247,MONDO_0008170,INDICATION,
CHEMBL1201247,MONDO_0008315,INDICATION,
CHEMBL1201248,EFO_1000637,INDICATION,
CHEMBL1201251,EFO_0000319,INDICATION,
CHEMBL1201251,EFO_0005672,CONTRAINDICATION,
CHEMBL1201251,EFO_0009189,CONTRAINDICATION,
CHEMBL1201251,MONDO_0001744,CONTRAINDICATION,
CHEMBL1201255,EFO_0000196,INDICATION,
CHEMBL1201255,EFO_0000616,INDICATION,
CHEMBL1201255,EFO_0000673,INDICATION,
CHEMBL1201255,EFO_0009029,INDICATION,
CHEMBL1201255,MONDO_0008315,INDICATION,
CHEMBL1201256,EFO_0003086,CONTRAINDICATION,
CHEMBL1201256,EFO_0004888,INDICATION,
CHEMBL1201256,MONDO_0005180,INDICATION,
CHEMBL1201256,MONDO_0005271,INDICATION,
CHEMBL1201256,MONDO_0019956,CONTRAINDICATION,
CHEMBL1201260,EFO_0000537,INDICATION,
CHEMBL1201262,EFO_0004190,INDICATION,
CHEMBL1201262,MONDO_0001744,CONTRAINDICATION,
CHEMBL1201262,MONDO_0005041,INDICATION,
CHEMBL1201264,EFO_0000555,OFF_LABEL_USE,
CHEMBL1201264,EFO_0009454,INDICATION,
CHEMBL1201264,EFO_0010282,INDICATION,
CHEMBL1201264,MONDO_0004247,INDICATION,
CHEMBL1201265,EFO_0000095,INDICATION,
CHEMBL1201265,EFO_0000198,INDICATION,
CHEMBL1201265,EFO_0000220,INDICATION,
CHEMBL1201265,EFO_0000222,INDICATION,
CHEMBL1201265,EFO_0000474,INDICATION,
CHEMBL1201265,EFO_0000540,INDICATION,
CHEMBL1201265,EFO_0000565,INDICATION,
CHEMBL1201265,EFO_0000574,INDICATION,
CHEMBL1201265,EFO_0000685,INDICATION,
CHEMBL1201265,EFO_0000694,INDICATION,
CHEMBL1201265,EFO_0000768,INDICATION,
CHEMBL1201265,EFO_0001063,INDICATION,
CHEMBL1201265,EFO_0001378,INDICATION,
CHEMBL1201265,EFO_0003106,INDICATION,
CHEMBL1201265,EFO_0003840,INDICATION,
CHEMBL1201265,EFO_0003843,INDICATION,
CHEMBL1201265,EFO_0003929,INDICATION,
CHEMBL1201265,EFO_0004194,INDICATION,
CHEMBL1201265,EFO_0004228,INDICATION,
CHEMBL1201265,EFO_0004255,INDICATION,
CHEMBL1201265,EFO_0004599,INDICATION,
CHEMBL1201265,EFO_0005952,INDICATION,
CHEMBL1201265,EFO_0007332,INDICATION,
CHEMBL1201265,EFO_0007359,INDICATION,
CHEMBL1201265,EFO_0007537,INDICATION,
CHEMBL1201265,EFO_0008522,INDICATION,
CHEMBL1201265,EFO_1001222,INDICATION,
CHEMBL1201265,EFO_1001272,INDICATION,
CHEMBL1201265,MONDO_0002135,INDICATION,
CHEMBL1201265,MONDO_0002280,INDICATION,
CHEMBL1201265,MONDO_0002406,INDICATION,
CHEMBL1201265,MONDO_0002462,INDICATION,
CHEMBL1201265,MONDO_0004979,INDICATION,
CHEMBL1201265,MONDO_0005301,INDICATION,
CHEMBL1201265,MONDO_0007915,INDICATION,
CHEMBL1201265,MONDO_0013730,INDICATION,
CHEMBL1201265,MONDO_0100096,INDICATION,
CHEMBL1201266,EFO_0005751,INDICATION,
CHEMBL1201266,EFO_0007141,OFF_LABEL_USE,
CHEMBL1201269,EFO_0000319,CONTRAINDICATION,
CHEMBL1201269,EFO_0000537,CONTRAINDICATION,
CHEMBL1201269,EFO_0001073,INDICATION,
CHEMBL1201269,EFO_0005407,CONTRAINDICATION,
CHEMBL1201269,EFO_0009189,CONTRAINDICATION,
CHEMBL1201269,EFO_0009551,CONTRAINDICATION,
CHEMBL1201269,EFO_1000820,CONTRAINDICATION,
CHEMBL1201269,MONDO_0002491,CONTRAINDICATION,
CHEMBL1201269,MONDO_0005041,CONTRAINDICATION,
CHEMBL1201269,MONDO_0005147,CONTRAINDICATION,
CHEMBL1201269,MONDO_0005149,CONTRAINDICATION,
CHEMBL1201269,MONDO_0007079,CONTRAINDICATION,
CHEMBL1201270,EFO_0000217,CONTRAINDICATION,
CHEMBL1201270,EFO_0000319,CONTRAINDICATION,
CHEMBL1201270,EFO_0000400,CONTRAINDICATION,
CHEMBL1201270,EFO_0000537,CONTRAINDICATION,
CHEMBL1201270,EFO_0000544,INDICATION,
CHEMBL1201270,EFO_0000771,INDICATION,
CHEMBL1201270,EFO_0001422,CONTRAINDICATION,
CHEMBL1201270,EFO_0001645,CONTRAINDICATION,
CHEMBL1201270,EFO_0003086,CONTRAINDICATION,
CHEMBL1201270,EFO_0003102,INDICATION,
CHEMBL1201270,EFO_0003103,INDICATION,
CHEMBL1201270,EFO_0003901,INDICATION,
CHEMBL1201270,EFO_0003948,CONTRAINDICATION,
CHEMBL1201270,EFO_0004991,CONTRAINDICATION,
CHEMBL1201270,EFO_0007287,CONTRAINDICATION,
CHEMBL1201270,EFO_0008507,INDICATION,
CHEMBL1201270,EFO_0009189,CONTRAINDICATION,
CHEMBL1201270,EFO_0009190,CONTRAINDICATION,
CHEMBL1201270,EFO_0009314,CONTRAINDICATION,
CHEMBL1201270,EFO_0009532,CONTRAINDICATION,
CHEMBL1201270,EFO_1000391,CONTRAINDICATION,
CHEMBL1201270,EFO_1001226,CONTRAINDICATION,
CHEMBL1201270,MONDO_0000328,CONTRAINDICATION,
CHEMBL1201270,MONDO_0002280,CONTRAINDICATION,
CHEMBL1201270,MONDO_0002462,CONTRAINDICATION,
CHEMBL1201270,MONDO_0005041,CONTRAINDICATION,
CHEMBL1201270,MONDO_0018660,CONTRAINDICATION,
CHEMBL1201270,MONDO_0018896,CONTRAINDICATION,
CHEMBL1201270,MONDO_0100192,CONTRAINDICATION,
CHEMBL1201271,MONDO_0005271,INDICATION,
CHEMBL1201274,EFO_0004190,INDICATION,
CHEMBL1201274,EFO_1001069,INDICATION,
CHEMBL1201274,MONDO_0005041,INDICATION,
CHEMBL1201275,MONDO_0007254,INDICATION,
CHEMBL1201281,EFO_0000544,INDICATION,
CHEMBL1201281,EFO_0003102,INDICATION,
CHEMBL1201284,EFO_0000313,INDICATION,
CHEMBL1201284,EFO_0000474,CONTRAINDICATION,
CHEMBL1201284,EFO_0000673,INDICATION,
CHEMBL1201284,EFO_0001072,INDICATION,
CHEMBL1201284,EFO_0003884,INDICATION,
CHEMBL1201284,EFO_0005251,CONTRAINDICATION,
CHEMBL1201284,EFO_0005754,INDICATION,
CHEMBL1201284,EFO_0008506,INDICATION,
CHEMBL1201284,EFO_0008519,INDICATION,
CHEMBL1201284,EFO_1000456,INDICATION,
CHEMBL1201284,EFO_1001152,INDICATION,
CHEMBL1201284,EFO_1001173,INDICATION,
CHEMBL1201284,MONDO_0000313,CONTRAINDICATION,
CHEMBL1201284,MONDO_0024300,INDICATION,
CHEMBL1201286,EFO_0010282,INDICATION,
CHEMBL1201287,EFO_0000400,CONTRAINDICATION,
CHEMBL1201287,EFO_0000464,CONTRAINDICATION,
CHEMBL1201287,EFO_0000474,CONTRAINDICATION,
CHEMBL1201287,EFO_0000537,CONTRAINDICATION,
CHEMBL1201287,EFO_0000612,CONTRAINDICATION,
CHEMBL1201287,EFO_0000729,CONTRAINDICATION,
CHEMBL1201287,EFO_0001074,CONTRAINDICATION,
CHEMBL1201287,EFO_0001645,CONTRAINDICATION,
CHEMBL1201287,EFO_0003086,CONTRAINDICATION,
CHEMBL1201287,EFO_0003767,CONTRAINDICATION,
CHEMBL1201287,EFO_0003832,CONTRAINDICATION,
CHEMBL1201287,EFO_0003833,CONTRAINDICATION,
CHEMBL1201287,EFO_0003890,CONTRAINDICATION,
CHEMBL1201287,EFO_0003956,INDICATION,
CHEMBL1201287,EFO_0004705,CONTRAINDICATION,
CHEMBL1201287,EFO_0005251,CONTRAINDICATION,
CHEMBL1201287,EFO_0005306,CONTRAINDICATION,
CHEMBL1201287,EFO_0005531,INDICATION,
CHEMBL1201287,EFO_0005854,INDICATION,
CHEMBL1201287,EFO_0007141,INDICATION,
CHEMBL1201287,EFO_0007533,INDICATION,
CHEMBL1201287,EFO_0009086,CONTRAINDICATION,
CHEMBL1201287,EFO_0009189,CONTRAINDICATION,
CHEMBL1201287,EFO_1000014,CONTRAINDICATION,
CHEMBL1201287,EFO_1000652,CONTRAINDICATION,
CHEMBL1201287,EFO_1000800,CONTRAINDICATION,
CHEMBL1201287,EFO_1000902,CONTRAINDICATION,
CHEMBL1201287,EFO_1001069,CONTRAINDICATION,
CHEMBL1201287,EFO_1001132,CONTRAINDICATION,
CHEMBL1201287,MONDO_0001744,CONTRAINDICATION,
CHEMBL1201287,MONDO_0002203,CONTRAINDICATION,
CHEMBL1201287,MONDO_0002277,CONTRAINDICATION,
CHEMBL1201287,MONDO_0002491,CONTRAINDICATION,
CHEMBL1201287,MONDO_0004247,CONTRAINDICATION,
CHEMBL1201287,MONDO_0004596,CONTRAINDICATION,
CHEMBL1201287,MONDO_0005271,INDICATION,
CHEMBL1201287,MONDO_0007079,CONTRAINDICATION,
CHEMBL1201287,MONDO_0015129,CONTRAINDICATION,
CHEMBL1201287,MONDO_0021661,CONTRAINDICATION,
CHEMBL1201287,MONDO_0100192,CONTRAINDICATION,
CHEMBL1201288,EFO_0000546,INDICATION,
CHEMBL1201288,EFO_0000712,INDICATION,
CHEMBL1201288,EFO_0003818,CONTRAINDICATION,
CHEMBL1201288,EFO_0004145,CONTRAINDICATION,
CHEMBL1201288,EFO_0005306,INDICATION,
CHEMBL1201288,EFO_0020003,INDICATION,
CHEMBL1201288,EFO_1000632,INDICATION,
CHEMBL1201288,EFO_1001340,INDICATION,
CHEMBL1201288,EFO_1001379,OFF_LABEL_USE,
CHEMBL1201288,EFO_1001919,INDICATION,
CHEMBL1201288,MONDO_0005301,INDICATION,
CHEMBL1201288,MONDO_0010679,OFF_LABEL_USE,
CHEMBL1201288,MONDO_0018105,INDICATION,
CHEMBL1201288,MONDO_0018493,INDICATION,
CHEMBL1201289,EFO_0000544,INDICATION,
CHEMBL1201289,EFO_0003102,INDICATION,
CHEMBL1201290,EFO_0000537,INDICATION,
CHEMBL1201290,EFO_0004269,INDICATION,
CHEMBL1201290,Orphanet_37553,INDICATION,
CHEMBL1201293,EFO_0002610,INDICATION,
CHEMBL1201293,EFO_0003756,INDICATION,
CHEMBL1201293,EFO_0003758,INDICATION,
CHEMBL1201293,EFO_0004701,INDICATION,
CHEMBL1201293,EFO_0005203,INDICATION,
CHEMBL1201293,EFO_0005230,INDICATION,
CHEMBL1201293,MONDO_0001343,CONTRAINDICATION,
CHEMBL1201293,MONDO_0002050,INDICATION,
CHEMBL1201293,MONDO_0005090,INDICATION,
CHEMBL1201293,MONDO_0007079,INDICATION,
CHEMBL1201293,MONDO_0010383,INDICATION,
CHEMBL1201294,EFO_0003086,CONTRAINDICATION,
CHEMBL1201294,EFO_0005585,CONTRAINDICATION,
CHEMBL1201294,EFO_1001068,CONTRAINDICATION,
CHEMBL1201294,EFO_1001869,CONTRAINDICATION,
CHEMBL1201294,MONDO_0001382,CONTRAINDICATION,
CHEMBL1201294,MONDO_0001744,CONTRAINDICATION,
CHEMBL1201294,MONDO_0007079,CONTRAINDICATION,
CHEMBL1201295,EFO_0000464,INDICATION,
CHEMBL1201295,EFO_0009661,INDICATION,
CHEMBL1201295,MONDO_0004822,INDICATION,
CHEMBL1201295,MONDO_0004979,INDICATION,
CHEMBL1201301,EFO_0000612,INDICATION,
CHEMBL1201301,MONDO_0004992,INDICATION,
CHEMBL1201301,MONDO_0021063,INDICATION,
CHEMBL1201302,EFO_0000274,INDICATION,
CHEMBL1201302,EFO_0000384,INDICATION,
CHEMBL1201302,EFO_0000556,INDICATION,
CHEMBL1201302,EFO_0000565,INDICATION,
CHEMBL1201302,EFO_0000574,INDICATION,
CHEMBL1201302,EFO_0000676,INDICATION,
CHEMBL1201302,EFO_0000685,INDICATION,
CHEMBL1201302,EFO_0000694,INDICATION,
CHEMBL1201302,EFO_0000729,INDICATION,
CHEMBL1201302,EFO_0001378,INDICATION,
CHEMBL1201302,EFO_0001642,INDICATION,
CHEMBL1201302,EFO_0002609,INDICATION,
CHEMBL1201302,EFO_0003106,INDICATION,
CHEMBL1201302,EFO_0003778,INDICATION,
CHEMBL1201302,EFO_0003898,INDICATION,
CHEMBL1201302,EFO_0003929,INDICATION,
CHEMBL1201302,EFO_0003956,INDICATION,
CHEMBL1201302,EFO_0004255,INDICATION,
CHEMBL1201302,EFO_0004265,INDICATION,
CHEMBL1201302,EFO_0004274,INDICATION,
CHEMBL1201302,EFO_0004276,INDICATION,
CHEMBL1201302,EFO_0004719,INDICATION,
CHEMBL1201302,EFO_0005319,INDICATION,
CHEMBL1201302,EFO_0005558,INDICATION,
CHEMBL1201302,EFO_0005854,INDICATION,
CHEMBL1201302,EFO_0006738,INDICATION,
CHEMBL1201302,EFO_0007141,INDICATION,
CHEMBL1201302,EFO_0007160,INDICATION,
CHEMBL1201302,EFO_0007257,INDICATION,
CHEMBL1201302,EFO_0007328,INDICATION,
CHEMBL1201302,EFO_0007403,INDICATION,
CHEMBL1201302,EFO_0007405,INDICATION,
CHEMBL1201302,EFO_0007490,INDICATION,
CHEMBL1201302,EFO_0007520,INDICATION,
CHEMBL1201302,EFO_0008997,INDICATION,
CHEMBL1201302,EFO_0009449,INDICATION,
CHEMBL1201302,EFO_0009456,INDICATION,
CHEMBL1201302,EFO_0009491,INDICATION,
CHEMBL1201302,EFO_0009560,INDICATION,
CHEMBL1201302,EFO_0009609,INDICATION,
CHEMBL1201302,EFO_1000039,INDICATION,
CHEMBL1201302,EFO_1000049,INDICATION,
CHEMBL1201302,EFO_1000684,INDICATION,
CHEMBL1201302,EFO_1000694,INDICATION,
CHEMBL1201302,EFO_1000764,INDICATION,
CHEMBL1201302,EFO_1000811,INDICATION,
CHEMBL1201302,EFO_1000845,INDICATION,
CHEMBL1201302,EFO_1000906,INDICATION,
CHEMBL1201302,EFO_1000941,INDICATION,
CHEMBL1201302,EFO_1000997,INDICATION,
CHEMBL1201302,EFO_1001051,INDICATION,
CHEMBL1201302,EFO_1001119,INDICATION,
CHEMBL1201302,EFO_1001194,INDICATION,
CHEMBL1201302,EFO_1001205,INDICATION,
CHEMBL1201302,EFO_1001222,INDICATION,
CHEMBL1201302,EFO_1001250,INDICATION,
CHEMBL1201302,EFO_1001435,INDICATION,
CHEMBL1201302,EFO_1001896,INDICATION,
CHEMBL1201302,EFO_1002022,INDICATION,
CHEMBL1201302,MONDO_0001280,INDICATION,
CHEMBL1201302,MONDO_0001718,INDICATION,
CHEMBL1201302,MONDO_0003005,INDICATION,
CHEMBL1201302,MONDO_0004979,INDICATION,
CHEMBL1201302,MONDO_0005129,INDICATION,
CHEMBL1201302,MONDO_0005178,INDICATION,
CHEMBL1201302,MONDO_0007915,INDICATION,
CHEMBL1201302,MONDO_0008728,INDICATION,
CHEMBL1201302,MONDO_0015128,INDICATION,
CHEMBL1201302,MONDO_0019338,INDICATION,
CHEMBL1201302,MONDO_0100096,INDICATION,
CHEMBL1201302,MP_0001845,INDICATION,
CHEMBL1201303,EFO_1001342,INDICATION,
CHEMBL1201303,MONDO_0005184,INDICATION,
CHEMBL1201304,EFO_0000305,INDICATION,
CHEMBL1201304,EFO_0000389,INDICATION,
CHEMBL1201304,EFO_0000649,INDICATION,
CHEMBL1201304,EFO_0000681,INDICATION,
CHEMBL1201304,EFO_0000685,INDICATION,
CHEMBL1201304,EFO_0001061,INDICATION,
CHEMBL1201304,EFO_0003060,INDICATION,
CHEMBL1201304,EFO_0003820,INDICATION,
CHEMBL1201304,EFO_0003833,INDICATION,
CHEMBL1201304,EFO_0003897,INDICATION,
CHEMBL1201304,EFO_0007532,INDICATION,
CHEMBL1201304,EFO_1000984,INDICATION,
CHEMBL1201304,EFO_1001028,INDICATION,
CHEMBL1201304,EFO_1001512,INDICATION,
CHEMBL1201304,EFO_1001951,INDICATION,
CHEMBL1201304,MONDO_0001056,INDICATION,
CHEMBL1201304,MONDO_0002038,INDICATION,
CHEMBL1201304,MONDO_0002635,INDICATION,
CHEMBL1201304,MONDO_0007254,INDICATION,
CHEMBL1201304,MONDO_0008903,INDICATION,
CHEMBL1201304,MONDO_0018309,INDICATION,
CHEMBL1201304,MONDO_0019297,INDICATION,
CHEMBL1201304,MONDO_0021117,INDICATION,
CHEMBL1201304,MONDO_0021248,INDICATION,
CHEMBL1201309,EFO_0000545,INDICATION,
CHEMBL1201309,EFO_0001065,INDICATION,
CHEMBL1201309,EFO_0003843,INDICATION,
CHEMBL1201313,EFO_0000400,CONTRAINDICATION,
CHEMBL1201313,EFO_0000537,CONTRAINDICATION,
CHEMBL1201313,EFO_0000612,CONTRAINDICATION,
CHEMBL1201313,EFO_0001645,CONTRAINDICATION,
CHEMBL1201313,EFO_0005306,CONTRAINDICATION,
CHEMBL1201313,EFO_0005854,INDICATION,
CHEMBL1201313,EFO_0007214,INDICATION,
CHEMBL1201313,EFO_0007533,INDICATION,
CHEMBL1201313,EFO_0008521,INDICATION,
CHEMBL1201313,EFO_0009086,CONTRAINDICATION,
CHEMBL1201313,EFO_0009189,CONTRAINDICATION,
CHEMBL1201313,EFO_1000014,CONTRAINDICATION,
CHEMBL1201313,EFO_1000652,CONTRAINDICATION,
CHEMBL1201313,EFO_1001069,CONTRAINDICATION,
CHEMBL1201313,MONDO_0001744,CONTRAINDICATION,
CHEMBL1201313,MONDO_0002277,CONTRAINDICATION,
CHEMBL1201313,MONDO_0004247,CONTRAINDICATION,
CHEMBL1201313,MONDO_0021661,CONTRAINDICATION,
CHEMBL1201314,EFO_0000095,INDICATION,
CHEMBL1201314,EFO_0000544,INDICATION,
CHEMBL1201314,EFO_0000574,INDICATION,
CHEMBL1201314,EFO_0000729,INDICATION,
CHEMBL1201314,EFO_0000763,INDICATION,
CHEMBL1201314,EFO_0000765,INDICATION,
CHEMBL1201314,EFO_0000768,INDICATION,
CHEMBL1201314,EFO_0001062,INDICATION,
CHEMBL1201314,EFO_0003086,INDICATION,
CHEMBL1201314,EFO_0004252,INDICATION,
CHEMBL1201314,EFO_0004540,INDICATION,
CHEMBL1201314,EFO_1000811,INDICATION,
CHEMBL1201314,EFO_1001176,INDICATION,
CHEMBL1201314,EFO_1001302,INDICATION,
CHEMBL1201314,MONDO_0002009,INDICATION,
CHEMBL1201314,MONDO_0002708,INDICATION,
CHEMBL1201314,MONDO_0015564,INDICATION,
CHEMBL1201315,EFO_0004232,INDICATION,
CHEMBL1201319,EFO_0000319,INDICATION,
CHEMBL1201319,EFO_0000668,INDICATION,
CHEMBL1201319,EFO_0005251,INDICATION,
CHEMBL1201320,EFO_0000217,INDICATION,
CHEMBL1201320,EFO_0000337,INDICATION,
CHEMBL1201320,EFO_0000342,INDICATION,
CHEMBL1201320,EFO_0000574,INDICATION,
CHEMBL1201320,EFO_0000616,INDICATION,
CHEMBL1201320,EFO_0000668,INDICATION,
CHEMBL1201320,EFO_0000685,INDICATION,
CHEMBL1201320,EFO_0001361,INDICATION,
CHEMBL1201320,EFO_0002609,INDICATION,
CHEMBL1201320,EFO_0003756,INDICATION,
CHEMBL1201320,EFO_0003758,INDICATION,
CHEMBL1201320,EFO_0003869,INDICATION,
CHEMBL1201320,EFO_0003882,CONTRAINDICATION,
CHEMBL1201320,EFO_0003898,INDICATION,
CHEMBL1201320,EFO_0003948,INDICATION,
CHEMBL1201320,EFO_0004232,INDICATION,
CHEMBL1201320,EFO_0004239,INDICATION,
CHEMBL1201320,EFO_0004607,INDICATION,
CHEMBL1201320,EFO_0005762,INDICATION,
CHEMBL1201320,EFO_0007549,INDICATION,
CHEMBL1201320,EFO_0008533,INDICATION,
CHEMBL1201320,EFO_0009454,INDICATION,
CHEMBL1201320,EFO_0010282,INDICATION,
CHEMBL1201320,EFO_1000826,CONTRAINDICATION,
CHEMBL1201320,EFO_1000961,INDICATION,
CHEMBL1201320,EFO_1001095,INDICATION,
CHEMBL1201320,MONDO_0004247,INDICATION,
CHEMBL1201320,MONDO_0004979,INDICATION,
CHEMBL1201320,MONDO_0005148,INDICATION,
CHEMBL1201320,MONDO_0005178,INDICATION,
CHEMBL1201320,MONDO_0007576,INDICATION,
CHEMBL1201320,MONDO_0009061,INDICATION,
CHEMBL1201320,MONDO_0018100,CONTRAINDICATION,
CHEMBL1201320,MONDO_0043839,INDICATION,
CHEMBL1201320,MONDO_0100192,CONTRAINDICATION,
CHEMBL1201320,MP_0001914,INDICATION,
CHEMBL1201321,EFO_0000537,CONTRAINDICATION,
CHEMBL1201321,EFO_0000729,CONTRAINDICATION,
CHEMBL1201321,EFO_0001064,CONTRAINDICATION,
CHEMBL1201321,EFO_0001645,CONTRAINDICATION,
CHEMBL1201321,EFO_0003086,CONTRAINDICATION,
CHEMBL1201321,EFO_0004991,CONTRAINDICATION,
CHEMBL1201321,EFO_0009189,CONTRAINDICATION,
CHEMBL1201321,EFO_0009454,CONTRAINDICATION,
CHEMBL1201321,EFO_0009571,CONTRAINDICATION,
CHEMBL1201321,EFO_0009910,CONTRAINDICATION,
CHEMBL1201321,EFO_1001095,CONTRAINDICATION,
CHEMBL1201321,MONDO_0001744,CONTRAINDICATION,
CHEMBL1201321,MONDO_0002491,CONTRAINDICATION,
CHEMBL1201321,MONDO_0007079,CONTRAINDICATION,
CHEMBL1201325,EFO_0010282,INDICATION,
CHEMBL1201329,EFO_0000537,INDICATION,
CHEMBL1201329,EFO_0002614,INDICATION,
CHEMBL1201329,EFO_1001134,INDICATION,
CHEMBL1201334,EFO_0000180,INDICATION,
CHEMBL1201334,EFO_0000196,INDICATION,
CHEMBL1201334,EFO_0000305,INDICATION,
CHEMBL1201334,EFO_0000400,CONTRAINDICATION,
CHEMBL1201334,EFO_0000537,CONTRAINDICATION,
CHEMBL1201334,EFO_0000545,INDICATION,
CHEMBL1201334,EFO_0000574,INDICATION,
CHEMBL1201334,EFO_0000616,INDICATION,
CHEMBL1201334,EFO_0000673,INDICATION,
CHEMBL1201334,EFO_0001065,INDICATION,
CHEMBL1201334,EFO_0001073,CONTRAINDICATION,
CHEMBL1201334,EFO_0001663,INDICATION,
CHEMBL1201334,EFO_0003086,CONTRAINDICATION,
CHEMBL1201334,EFO_0009029,INDICATION,
CHEMBL1201334,EFO_0009571,CONTRAINDICATION,
CHEMBL1201334,EFO_1001757,INDICATION,
CHEMBL1201334,MONDO_0000088,INDICATION,
CHEMBL1201334,MONDO_0004669,INDICATION,
CHEMBL1201334,MONDO_0007254,INDICATION,
CHEMBL1201334,MONDO_0008170,INDICATION,
CHEMBL1201334,MONDO_0008315,INDICATION,
CHEMBL1201334,MONDO_0011972,INDICATION,
CHEMBL1201335,EFO_0000341,INDICATION,
CHEMBL1201335,EFO_0003086,INDICATION,
CHEMBL1201335,EFO_0004269,INDICATION,
CHEMBL1201335,EFO_0006505,INDICATION,
CHEMBL1201335,EFO_0009516,INDICATION,
CHEMBL1201335,EFO_0010282,INDICATION,
CHEMBL1201335,EFO_1000632,INDICATION,
CHEMBL1201335,MONDO_0002050,INDICATION,
CHEMBL1201335,MONDO_0004247,INDICATION,
CHEMBL1201335,MONDO_0004979,INDICATION,
CHEMBL1201335,MONDO_0100096,INDICATION,
CHEMBL1201336,EFO_0000474,INDICATION,
CHEMBL1201336,EFO_0003086,CONTRAINDICATION,
CHEMBL1201336,EFO_0005251,CONTRAINDICATION,
CHEMBL1201336,EFO_0005307,CONTRAINDICATION,
CHEMBL1201336,EFO_0008526,INDICATION,
CHEMBL1201336,MONDO_0000328,CONTRAINDICATION,
CHEMBL1201336,MONDO_0000468,CONTRAINDICATION,
CHEMBL1201336,MONDO_0007079,CONTRAINDICATION,
CHEMBL1201336,MONDO_0007915,CONTRAINDICATION,
CHEMBL1201336,MONDO_0019171,CONTRAINDICATION,
CHEMBL1201338,EFO_0000400,CONTRAINDICATION,
CHEMBL1201338,EFO_0000537,CONTRAINDICATION,
CHEMBL1201338,EFO_0001064,CONTRAINDICATION,
CHEMBL1201338,EFO_0001645,CONTRAINDICATION,
CHEMBL1201338,EFO_0003777,CONTRAINDICATION,
CHEMBL1201338,EFO_0005758,INDICATION,
CHEMBL1201338,EFO_0009086,CONTRAINDICATION,
CHEMBL1201338,EFO_0009189,CONTRAINDICATION,
CHEMBL1201338,EFO_1001231,OFF_LABEL_USE,
CHEMBL1201338,MONDO_0001744,CONTRAINDICATION,
CHEMBL1201338,MONDO_0002277,CONTRAINDICATION,
CHEMBL1201340,EFO_0010282,INDICATION,
CHEMBL1201341,EFO_0000474,CONTRAINDICATION,
CHEMBL1201341,EFO_0000537,CONTRAINDICATION,
CHEMBL1201341,EFO_0000555,CONTRAINDICATION,
CHEMBL1201341,EFO_0004190,INDICATION,
CHEMBL1201341,EFO_0005251,CONTRAINDICATION,
CHEMBL1201341,EFO_0005773,CONTRAINDICATION,
CHEMBL1201341,EFO_1000997,CONTRAINDICATION,
CHEMBL1201341,EFO_1001231,CONTRAINDICATION,
CHEMBL1201341,MONDO_0001744,CONTRAINDICATION,
CHEMBL1201341,MONDO_0004247,CONTRAINDICATION,
CHEMBL1201341,MONDO_0004979,CONTRAINDICATION,
CHEMBL1201341,MONDO_0005041,INDICATION,
CHEMBL1201341,MONDO_0019353,INDICATION,
CHEMBL1201341,MONDO_0021095,CONTRAINDICATION,
CHEMBL1201342,MONDO_0005180,INDICATION,
CHEMBL1201342,MONDO_0021095,INDICATION,
CHEMBL1201345,EFO_1000243,INDICATION,
CHEMBL1201345,MONDO_0000945,INDICATION,
CHEMBL1201346,EFO_0000729,INDICATION,
CHEMBL1201346,EFO_0003086,CONTRAINDICATION,
CHEMBL1201353,EFO_0000319,CONTRAINDICATION,
CHEMBL1201353,EFO_0000400,CONTRAINDICATION,
CHEMBL1201353,EFO_0000464,CONTRAINDICATION,
CHEMBL1201353,EFO_0000474,CONTRAINDICATION,
CHEMBL1201353,EFO_0000537,CONTRAINDICATION,
CHEMBL1201353,EFO_0000612,CONTRAINDICATION,
CHEMBL1201353,EFO_0000729,CONTRAINDICATION,
CHEMBL1201353,EFO_0001064,CONTRAINDICATION,
CHEMBL1201353,EFO_0001074,CONTRAINDICATION,
CHEMBL1201353,EFO_0001645,CONTRAINDICATION,
CHEMBL1201353,EFO_0003086,CONTRAINDICATION,
CHEMBL1201353,EFO_0003767,CONTRAINDICATION,
CHEMBL1201353,EFO_0003832,CONTRAINDICATION,
CHEMBL1201353,EFO_0003833,CONTRAINDICATION,
CHEMBL1201353,EFO_0003890,CONTRAINDICATION,
CHEMBL1201353,EFO_0003956,INDICATION,
CHEMBL1201353,EFO_0003958,INDICATION,
CHEMBL1201353,EFO_0004705,CONTRAINDICATION,
CHEMBL1201353,EFO_0004991,CONTRAINDICATION,
CHEMBL1201353,EFO_0005251,CONTRAINDICATION,
CHEMBL1201353,EFO_0005306,CONTRAINDICATION,
CHEMBL1201353,EFO_0005531,INDICATION,
CHEMBL1201353,EFO_0005532,INDICATION,
CHEMBL1201353,EFO_0005854,INDICATION,
CHEMBL1201353,EFO_0007141,INDICATION,
CHEMBL1201353,EFO_0007533,INDICATION,
CHEMBL1201353,EFO_0009086,CONTRAINDICATION,
CHEMBL1201353,EFO_0009189,CONTRAINDICATION,
CHEMBL1201353,EFO_0009454,CONTRAINDICATION,
CHEMBL1201353,EFO_0009571,CONTRAINDICATION,
CHEMBL1201353,EFO_0009910,CONTRAINDICATION,
CHEMBL1201353,EFO_1000014,CONTRAINDICATION,
CHEMBL1201353,EFO_1000652,CONTRAINDICATION,
CHEMBL1201353,EFO_1000800,CONTRAINDICATION,
CHEMBL1201353,EFO_1000902,CONTRAINDICATION,
CHEMBL1201353,EFO_1001069,CONTRAINDICATION,
CHEMBL1201353,EFO_1001095,CONTRAINDICATION,
CHEMBL1201353,EFO_1001132,CONTRAINDICATION,
CHEMBL1201353,EFO_1001417,INDICATION,
CHEMBL1201353,MONDO_0001744,CONTRAINDICATION,
CHEMBL1201353,MONDO_0002203,CONTRAINDICATION,
CHEMBL1201353,MONDO_0002277,CONTRAINDICATION,
CHEMBL1201353,MONDO_0002491,CONTRAINDICATION,
CHEMBL1201353,MONDO_0004247,CONTRAINDICATION,
CHEMBL1201353,MONDO_0004596,CONTRAINDICATION,
CHEMBL1201353,MONDO_0005271,INDICATION,
CHEMBL1201353,MONDO_0005301,INDICATION,
CHEMBL1201353,MONDO_0007079,CONTRAINDICATION,
CHEMBL1201353,MONDO_0015129,CONTRAINDICATION,
CHEMBL1201353,MONDO_0021661,CONTRAINDICATION,
CHEMBL1201353,MONDO_0100192,CONTRAINDICATION,
CHEMBL1201354,EFO_0000474,CONTRAINDICATION,
CHEMBL1201354,EFO_0000555,OFF_LABEL_USE,
CHEMBL1201354,EFO_0003086,CONTRAINDICATION,
CHEMBL1201354,EFO_0009454,INDICATION,
CHEMBL1201354,EFO_0010282,INDICATION,
CHEMBL1201354,MONDO_0002491,CONTRAINDICATION,
CHEMBL1201354,MONDO_0004247,INDICATION,
CHEMBL1201354,MONDO_0007079,CONTRAINDICATION,
CHEMBL1201354,MONDO_0008294,CONTRAINDICATION,
CHEMBL1201356,EFO_0000474,CONTRAINDICATION,
CHEMBL1201356,EFO_0000537,CONTRAINDICATION,
CHEMBL1201356,EFO_0000712,CONTRAINDICATION,
CHEMBL1201356,EFO_0003086,CONTRAINDICATION,
CHEMBL1201356,EFO_1000820,CONTRAINDICATION,
CHEMBL1201356,MP_0001914,INDICATION,
CHEMBL1201362,EFO_1000623,INDICATION,
CHEMBL1201390,EFO_0004683,INDICATION,
CHEMBL1201392,EFO_0000274,INDICATION,
CHEMBL1201392,EFO_0001380,CONTRAINDICATION,
CHEMBL1201392,EFO_0005319,INDICATION,
CHEMBL1201392,EFO_1000697,INDICATION,
CHEMBL1201392,EFO_1000704,INDICATION,
CHEMBL1201392,EFO_1000764,INDICATION,
CHEMBL1201392,EFO_1000766,CONTRAINDICATION,
CHEMBL1201392,MONDO_0001576,CONTRAINDICATION,
CHEMBL1201392,MONDO_0015758,INDICATION,
CHEMBL1201407,MONDO_0005041,INDICATION,
CHEMBL1201414,EFO_0000365,INDICATION,
CHEMBL1201414,EFO_0001378,INDICATION,
CHEMBL1201414,EFO_0003060,INDICATION,
CHEMBL1201414,EFO_0003106,INDICATION,
CHEMBL1201414,EFO_0003907,INDICATION,
CHEMBL1201414,MONDO_0002367,INDICATION,
CHEMBL1201414,MONDO_0008170,INDICATION,
CHEMBL1201414,MONDO_0100096,INDICATION,
CHEMBL1201419,EFO_0000545,INDICATION,
CHEMBL1201419,EFO_0008560,INDICATION,
CHEMBL1201419,MONDO_0002146,INDICATION,
CHEMBL1201420,EFO_0000544,INDICATION,
CHEMBL1201420,EFO_0000712,INDICATION,
CHEMBL1201420,EFO_0003097,INDICATION,
CHEMBL1201420,EFO_0003827,INDICATION,
CHEMBL1201420,EFO_0008585,INDICATION,
CHEMBL1201420,EFO_0009680,INDICATION,
CHEMBL1201421,EFO_0001365,INDICATION,
CHEMBL1201421,EFO_0004683,INDICATION,
CHEMBL1201421,EFO_0009606,INDICATION,
CHEMBL1201421,EFO_1001157,INDICATION,
CHEMBL1201421,MONDO_0003005,INDICATION,
CHEMBL1201421,MONDO_0007935,INDICATION,
CHEMBL1201421,MONDO_0008667,INDICATION,
CHEMBL1201431,EFO_0000544,INDICATION,
CHEMBL1201431,EFO_0000546,INDICATION,
CHEMBL1201431,EFO_0000694,INDICATION,
CHEMBL1201431,EFO_0000699,INDICATION,
CHEMBL1201431,EFO_0003097,INDICATION,
CHEMBL1201431,EFO_0006859,INDICATION,
CHEMBL1201431,EFO_0007486,INDICATION,
CHEMBL1201431,EFO_0009444,INDICATION,
CHEMBL1201431,EFO_0009637,INDICATION,
CHEMBL1201431,EFO_0009680,INDICATION,
CHEMBL1201431,EFO_1000637,INDICATION,
CHEMBL1201431,EFO_1000906,INDICATION,
CHEMBL1201431,MONDO_0004979,INDICATION,
CHEMBL1201431,MONDO_0009061,INDICATION,
CHEMBL1201431,MONDO_0013730,INDICATION,
CHEMBL1201431,MONDO_0100096,INDICATION,
CHEMBL1201431,MONDO_0100130,INDICATION,
CHEMBL1201438,EFO_0000095,INDICATION,
CHEMBL1201438,EFO_0000096,INDICATION,
CHEMBL1201438,EFO_0000180,INDICATION,
CHEMBL1201438,EFO_0000182,INDICATION,
CHEMBL1201438,EFO_0000183,INDICATION,
CHEMBL1201438,EFO_0000198,INDICATION,
CHEMBL1201438,EFO_0000218,INDICATION,
CHEMBL1201438,EFO_0000220,INDICATION,
CHEMBL1201438,EFO_0000221,INDICATION,
CHEMBL1201438,EFO_0000222,INDICATION,
CHEMBL1201438,EFO_0000223,INDICATION,
CHEMBL1201438,EFO_0000309,INDICATION,
CHEMBL1201438,EFO_0000313,INDICATION,
CHEMBL1201438,EFO_0000339,INDICATION,
CHEMBL1201438,EFO_0000349,INDICATION,
CHEMBL1201438,EFO_0000384,INDICATION,
CHEMBL1201438,EFO_0000389,INDICATION,
CHEMBL1201438,EFO_0000398,INDICATION,
CHEMBL1201438,EFO_0000403,INDICATION,
CHEMBL1201438,EFO_0000564,INDICATION,
CHEMBL1201438,EFO_0000565,INDICATION,
CHEMBL1201438,EFO_0000571,INDICATION,
CHEMBL1201438,EFO_0000574,INDICATION,
CHEMBL1201438,EFO_0000588,INDICATION,
CHEMBL1201438,EFO_0000616,INDICATION,
CHEMBL1201438,EFO_0000621,INDICATION,
CHEMBL1201438,EFO_0000673,INDICATION,
CHEMBL1201438,EFO_0000681,INDICATION,
CHEMBL1201438,EFO_0000691,INDICATION,
CHEMBL1201438,EFO_0000699,INDICATION,
CHEMBL1201438,EFO_0000708,INDICATION,
CHEMBL1201438,EFO_0000729,INDICATION,
CHEMBL1201438,EFO_0000756,INDICATION,
CHEMBL1201438,EFO_0000764,INDICATION,
CHEMBL1201438,EFO_0000765,INDICATION,
CHEMBL1201438,EFO_0000783,INDICATION,
CHEMBL1201438,EFO_0001061,INDICATION,
CHEMBL1201438,EFO_0001062,INDICATION,
CHEMBL1201438,EFO_0001075,INDICATION,
CHEMBL1201438,EFO_0001376,INDICATION,
CHEMBL1201438,EFO_0001378,INDICATION,
CHEMBL1201438,EFO_0001668,INDICATION,
CHEMBL1201438,EFO_0002428,INDICATION,
CHEMBL1201438,EFO_0002617,INDICATION,
CHEMBL1201438,EFO_0003025,INDICATION,
CHEMBL1201438,EFO_0003027,INDICATION,
CHEMBL1201438,EFO_0003029,INDICATION,
CHEMBL1201438,EFO_0003047,INDICATION,
CHEMBL1201438,EFO_0003060,INDICATION,
CHEMBL1201438,EFO_0003780,INDICATION,
CHEMBL1201438,EFO_0003802,INDICATION,
CHEMBL1201438,EFO_0003811,INDICATION,
CHEMBL1201438,EFO_0003865,INDICATION,
CHEMBL1201438,EFO_0003869,INDICATION,
CHEMBL1201438,EFO_0003893,INDICATION,
CHEMBL1201438,EFO_0004192,INDICATION,
CHEMBL1201438,EFO_0004251,INDICATION,
CHEMBL1201438,EFO_0004255,INDICATION,
CHEMBL1201438,EFO_0004599,INDICATION,
CHEMBL1201438,EFO_0004719,INDICATION,
CHEMBL1201438,EFO_0005531,INDICATION,
CHEMBL1201438,EFO_0005672,INDICATION,
CHEMBL1201438,EFO_0005846,INDICATION,
CHEMBL1201438,EFO_0005952,INDICATION,
CHEMBL1201438,EFO_0006859,INDICATION,
CHEMBL1201438,EFO_0006861,INDICATION,
CHEMBL1201438,EFO_0007141,INDICATION,
CHEMBL1201438,EFO_0008518,INDICATION,
CHEMBL1201438,EFO_0008528,INDICATION,
CHEMBL1201438,EFO_0009708,INDICATION,
CHEMBL1201438,EFO_0009709,INDICATION,
CHEMBL1201438,EFO_1000131,INDICATION,
CHEMBL1201438,EFO_1000158,INDICATION,
CHEMBL1201438,EFO_1000251,INDICATION,
CHEMBL1201438,EFO_1000785,INDICATION,
CHEMBL1201438,EFO_1000954,INDICATION,
CHEMBL1201438,EFO_1000984,INDICATION,
CHEMBL1201438,EFO_1001051,INDICATION,
CHEMBL1201438,EFO_1001148,INDICATION,
CHEMBL1201438,EFO_1001264,INDICATION,
CHEMBL1201438,EFO_1001375,INDICATION,
CHEMBL1201438,EFO_1001465,INDICATION,
CHEMBL1201438,EFO_1001471,INDICATION,
CHEMBL1201438,EFO_1001779,INDICATION,
CHEMBL1201438,EFO_1001806,INDICATION,
CHEMBL1201438,EFO_1001951,INDICATION,
CHEMBL1201438,MONDO_0001187,INDICATION,
CHEMBL1201438,MONDO_0002087,INDICATION,
CHEMBL1201438,MONDO_0002108,INDICATION,
CHEMBL1201438,MONDO_0002158,INDICATION,
CHEMBL1201438,MONDO_0002367,INDICATION,
CHEMBL1201438,MONDO_0002691,INDICATION,
CHEMBL1201438,MONDO_0002898,INDICATION,
CHEMBL1201438,MONDO_0004975,INDICATION,
CHEMBL1201438,MONDO_0004976,INDICATION,
CHEMBL1201438,MONDO_0004992,INDICATION,
CHEMBL1201438,MONDO_0005147,INDICATION,
CHEMBL1201438,MONDO_0007254,INDICATION,
CHEMBL1201438,MONDO_0007576,INDICATION,
CHEMBL1201438,MONDO_0007915,INDICATION,
CHEMBL1201438,MONDO_0008170,INDICATION,
CHEMBL1201438,MONDO_0008315,INDICATION,
CHEMBL1201438,MONDO_0008903,INDICATION,
CHEMBL1201438,MONDO_0010518,INDICATION,
CHEMBL1201438,MONDO_0013730,INDICATION,
CHEMBL1201438,MONDO_0018906,INDICATION,
CHEMBL1201438,MONDO_0019956,INDICATION,
CHEMBL1201438,MONDO_0020077,INDICATION,
CHEMBL1201438,MONDO_0020547,INDICATION,
CHEMBL1201438,MONDO_0024475,INDICATION,
CHEMBL1201438,MONDO_0044881,INDICATION,
CHEMBL1201438,MONDO_0100096,INDICATION,
CHEMBL1201439,EFO_0000183,INDICATION,
CHEMBL1201439,EFO_0000222,INDICATION,
CHEMBL1201439,EFO_0000464,INDICATION,
CHEMBL1201439,EFO_0000519,INDICATION,
CHEMBL1201439,EFO_0000540,INDICATION,
CHEMBL1201439,EFO_0000544,INDICATION,
CHEMBL1201439,EFO_0000616,INDICATION,
CHEMBL1201439,EFO_0000729,INDICATION,
CHEMBL1201439,EFO_0001378,INDICATION,
CHEMBL1201439,EFO_0002687,INDICATION,
CHEMBL1201439,EFO_0003086,INDICATION,
CHEMBL1201439,EFO_0003884,INDICATION,
CHEMBL1201439,EFO_0004236,INDICATION,
CHEMBL1201439,EFO_0004599,INDICATION,
CHEMBL1201439,EFO_0010134,INDICATION,
CHEMBL1201439,EFO_1000794,INDICATION,
CHEMBL1201439,EFO_1001226,INDICATION,
CHEMBL1201439,EFO_1001231,INDICATION,
CHEMBL1201439,MONDO_0004976,INDICATION,
CHEMBL1201439,MONDO_0005147,INDICATION,
CHEMBL1201439,MONDO_0013730,INDICATION,
CHEMBL1201439,MONDO_0018923,INDICATION,
CHEMBL1201439,MONDO_0019472,INDICATION,
CHEMBL1201441,EFO_0000544,INDICATION,
CHEMBL1201441,EFO_0000771,INDICATION,
CHEMBL1201441,EFO_0001076,INDICATION,
CHEMBL1201441,EFO_0003106,INDICATION,
CHEMBL1201441,EFO_1001865,INDICATION,
CHEMBL1201441,MONDO_0009061,INDICATION,
CHEMBL1201447,EFO_0003818,INDICATION,
CHEMBL1201447,EFO_0004610,INDICATION,
CHEMBL1201447,EFO_1000637,INDICATION,
CHEMBL1201447,EFO_1000644,INDICATION,
CHEMBL1201447,MONDO_0019091,INDICATION,
CHEMBL1201447,MONDO_0100130,INDICATION,
CHEMBL1201451,EFO_0000341,INDICATION,
CHEMBL1201451,EFO_0000571,INDICATION,
CHEMBL1201451,EFO_0000616,INDICATION,
CHEMBL1201451,EFO_0000713,INDICATION,
CHEMBL1201451,EFO_0000717,INDICATION,
CHEMBL1201451,EFO_0001422,INDICATION,
CHEMBL1201451,EFO_0002618,INDICATION,
CHEMBL1201451,EFO_0003086,INDICATION,
CHEMBL1201451,EFO_0003106,INDICATION,
CHEMBL1201451,EFO_0003818,INDICATION,
CHEMBL1201451,EFO_0003929,INDICATION,
CHEMBL1201451,EFO_0005252,INDICATION,
CHEMBL1201451,EFO_0005669,INDICATION,
CHEMBL1201451,EFO_0006834,INDICATION,
CHEMBL1201451,EFO_0009373,INDICATION,
CHEMBL1201451,EFO_0009505,INDICATION,
CHEMBL1201451,EFO_0009606,INDICATION,
CHEMBL1201451,EFO_1000158,INDICATION,
CHEMBL1201451,EFO_1000359,INDICATION,
CHEMBL1201451,EFO_1000645,INDICATION,
CHEMBL1201451,EFO_1000868,INDICATION,
CHEMBL1201451,EFO_1000954,INDICATION,
CHEMBL1201451,EFO_1001207,INDICATION,
CHEMBL1201451,EFO_1001968,INDICATION,
CHEMBL1201451,MONDO_0001056,INDICATION,
CHEMBL1201451,MONDO_0002331,INDICATION,
CHEMBL1201451,MONDO_0002679,INDICATION,
CHEMBL1201451,MONDO_0004975,INDICATION,
CHEMBL1201451,MONDO_0004976,INDICATION,
CHEMBL1201451,MONDO_0013730,INDICATION,
CHEMBL1201451,MONDO_0015339,INDICATION,
CHEMBL1201451,MP_0001845,INDICATION,
CHEMBL1201451,Orphanet_60,INDICATION,
CHEMBL1201458,EFO_0000182,INDICATION,
CHEMBL1201458,EFO_0000616,INDICATION,
CHEMBL1201458,EFO_0004616,INDICATION,
CHEMBL1201458,EFO_0006859,INDICATION,
CHEMBL1201458,MONDO_0000831,INDICATION,
CHEMBL1201458,MONDO_0002691,INDICATION,
CHEMBL1201460,EFO_0000681,INDICATION,
CHEMBL1201460,EFO_0000712,INDICATION,
CHEMBL1201460,EFO_0001378,INDICATION,
CHEMBL1201460,EFO_0002618,INDICATION,
CHEMBL1201460,EFO_0002950,INDICATION,
CHEMBL1201460,EFO_0003884,INDICATION,
CHEMBL1201460,EFO_0003907,INDICATION,
CHEMBL1201460,EFO_0004286,INDICATION,
CHEMBL1201460,EFO_0006834,INDICATION,
CHEMBL1201460,EFO_0009315,INDICATION,
CHEMBL1201460,EFO_1000158,INDICATION,
CHEMBL1201460,EFO_1000954,INDICATION,
CHEMBL1201460,EFO_1001459,INDICATION,
CHEMBL1201460,EFO_1001951,INDICATION,
CHEMBL1201460,MONDO_0007254,INDICATION,
CHEMBL1201460,MONDO_0008170,INDICATION,
CHEMBL1201460,MONDO_0008315,INDICATION,
CHEMBL1201460,MONDO_0008903,INDICATION,
CHEMBL1201460,MONDO_0011382,INDICATION,
CHEMBL1201460,MONDO_0019514,INDICATION,
CHEMBL1201460,MONDO_0043510,INDICATION,
CHEMBL1201460,MONDO_0100096,INDICATION,
CHEMBL1201461,EFO_0003756,INDICATION,
CHEMBL1201464,EFO_0000545,INDICATION,
CHEMBL1201464,EFO_0000660,INDICATION,
CHEMBL1201464,EFO_0001073,INDICATION,
CHEMBL1201464,EFO_0004266,INDICATION,
CHEMBL1201464,EFO_0008560,INDICATION,
CHEMBL1201464,MONDO_0002146,INDICATION,
CHEMBL1201464,MONDO_0002775,INDICATION,
CHEMBL1201464,MONDO_0011972,INDICATION,
CHEMBL1201465,EFO_0003758,INDICATION,
CHEMBL1201466,EFO_1000096,INDICATION,
CHEMBL1201467,EFO_1000096,INDICATION,
CHEMBL1201468,EFO_0004266,INDICATION,
CHEMBL1201468,EFO_1000096,INDICATION,
CHEMBL1201468,MONDO_0002146,INDICATION,
CHEMBL1201468,MONDO_0007254,INDICATION,
CHEMBL1201469,EFO_0007315,INDICATION,
CHEMBL1201471,MONDO_0004768,INDICATION,
CHEMBL1201472,EFO_0000373,INDICATION,
CHEMBL1201472,EFO_0003884,INDICATION,
CHEMBL1201473,EFO_0000319,INDICATION,
CHEMBL1201473,EFO_0001378,INDICATION,
CHEMBL1201473,EFO_0001421,INDICATION,
CHEMBL1201473,EFO_0003948,INDICATION,
CHEMBL1201473,EFO_0004911,INDICATION,
CHEMBL1201473,EFO_0009523,INDICATION,
CHEMBL1201473,EFO_1001249,INDICATION,
CHEMBL1201473,MONDO_0005148,INDICATION,
CHEMBL1201473,MONDO_0007254,INDICATION,
CHEMBL1201474,EFO_0000319,INDICATION,
CHEMBL1201474,EFO_0003781,INDICATION,
CHEMBL1201474,EFO_1000860,INDICATION,
CHEMBL1201474,EFO_1001375,INDICATION,
CHEMBL1201474,MONDO_0001676,INDICATION,
CHEMBL1201474,MONDO_0007254,INDICATION,
CHEMBL1201476,EFO_0000275,INDICATION,
CHEMBL1201476,EFO_0000495,INDICATION,
CHEMBL1201476,EFO_0000544,INDICATION,
CHEMBL1201476,EFO_0000574,INDICATION,
CHEMBL1201476,EFO_0000612,INDICATION,
CHEMBL1201476,EFO_0000616,INDICATION,
CHEMBL1201476,EFO_0000702,INDICATION,
CHEMBL1201476,EFO_0000712,INDICATION,
CHEMBL1201476,EFO_0001073,INDICATION,
CHEMBL1201476,EFO_0001422,INDICATION,
CHEMBL1201476,EFO_0002618,INDICATION,
CHEMBL1201476,EFO_0002916,INDICATION,
CHEMBL1201476,EFO_0003060,INDICATION,
CHEMBL1201476,EFO_0003086,INDICATION,
CHEMBL1201476,EFO_0003827,INDICATION,
CHEMBL1201476,EFO_0003907,INDICATION,
CHEMBL1201476,EFO_0003964,INDICATION,
CHEMBL1201476,EFO_0004255,INDICATION,
CHEMBL1201476,EFO_0004286,INDICATION,
CHEMBL1201476,EFO_0005672,INDICATION,
CHEMBL1201476,EFO_0005681,INDICATION,
CHEMBL1201476,EFO_0008583,INDICATION,
CHEMBL1201476,EFO_0008585,INDICATION,
CHEMBL1201476,EFO_0009314,INDICATION,
CHEMBL1201476,EFO_1000954,INDICATION,
CHEMBL1201476,EFO_1000985,INDICATION,
CHEMBL1201476,EFO_1001375,INDICATION,
CHEMBL1201476,MONDO_0000831,INDICATION,
CHEMBL1201476,MONDO_0004992,INDICATION,
CHEMBL1201476,MONDO_0008170,INDICATION,
CHEMBL1201476,MONDO_0021148,INDICATION,
CHEMBL1201476,MONDO_0100096,INDICATION,
CHEMBL1201476,MP_0001914,INDICATION,
CHEMBL1201477,EFO_0000616,INDICATION,
CHEMBL1201478,EFO_0000182,INDICATION,
CHEMBL1201478,EFO_0000544,INDICATION,
CHEMBL1201478,EFO_0000546,INDICATION,
CHEMBL1201478,EFO_0000555,INDICATION,
CHEMBL1201478,EFO_0000691,INDICATION,
CHEMBL1201478,EFO_0001073,INDICATION,
CHEMBL1201478,EFO_0002950,INDICATION,
CHEMBL1201478,EFO_0004246,INDICATION,
CHEMBL1201478,EFO_0004272,INDICATION,
CHEMBL1201478,EFO_0009510,INDICATION,
CHEMBL1201478,EFO_1001353,INDICATION,
CHEMBL1201478,MONDO_0005180,INDICATION,
CHEMBL1201478,MONDO_0021063,INDICATION,
CHEMBL1201478,MONDO_0043771,INDICATION,
CHEMBL1201479,EFO_0000384,INDICATION,
CHEMBL1201479,EFO_0000400,INDICATION,
CHEMBL1201479,EFO_0003047,INDICATION,
CHEMBL1201479,EFO_0004220,INDICATION,
CHEMBL1201479,EFO_0009510,INDICATION,
CHEMBL1201479,EFO_1000874,INDICATION,
CHEMBL1201479,EFO_1001951,INDICATION,
CHEMBL1201479,MONDO_0002203,INDICATION,
CHEMBL1201479,MONDO_0021063,INDICATION,
CHEMBL1201481,EFO_0000280,INDICATION,
CHEMBL1201481,EFO_0000588,INDICATION,
CHEMBL1201481,EFO_0000616,INDICATION,
CHEMBL1201481,EFO_0000702,INDICATION,
CHEMBL1201481,EFO_0000770,INDICATION,
CHEMBL1201481,EFO_0003060,INDICATION,
CHEMBL1201481,EFO_0003833,INDICATION,
CHEMBL1201481,EFO_0005540,INDICATION,
CHEMBL1201481,EFO_0006859,INDICATION,
CHEMBL1201481,EFO_1000158,INDICATION,
CHEMBL1201481,EFO_1001959,INDICATION,
CHEMBL1201481,MONDO_0001187,INDICATION,
CHEMBL1201481,MONDO_0002038,INDICATION,
CHEMBL1201481,MONDO_0005411,INDICATION,
CHEMBL1201481,MONDO_0007576,INDICATION,
CHEMBL1201481,MONDO_0008903,INDICATION,
CHEMBL1201482,EFO_0000180,INDICATION,
CHEMBL1201482,EFO_0000764,INDICATION,
CHEMBL1201482,EFO_0003047,INDICATION,
CHEMBL1201484,MONDO_0018638,INDICATION,
CHEMBL1201485,EFO_0000275,INDICATION,
CHEMBL1201485,EFO_0000313,INDICATION,
CHEMBL1201485,EFO_0000537,INDICATION,
CHEMBL1201485,EFO_0000545,INDICATION,
CHEMBL1201485,EFO_0000589,INDICATION,
CHEMBL1201485,EFO_0000662,INDICATION,
CHEMBL1201485,EFO_0001073,INDICATION,
CHEMBL1201485,EFO_0002614,INDICATION,
CHEMBL1201485,EFO_0002687,INDICATION,
CHEMBL1201485,EFO_0009431,INDICATION,
CHEMBL1201485,EFO_0010581,INDICATION,
CHEMBL1201485,EFO_1000637,INDICATION,
CHEMBL1201485,EFO_1000954,INDICATION,
CHEMBL1201485,EFO_1001002,INDICATION,
CHEMBL1201485,MONDO_0001751,INDICATION,
CHEMBL1201485,MONDO_0004975,INDICATION,
CHEMBL1201485,MONDO_0005090,INDICATION,
CHEMBL1201485,MONDO_0005148,INDICATION,
CHEMBL1201485,MONDO_0008315,INDICATION,
CHEMBL1201488,EFO_0003758,INDICATION,
CHEMBL1201488,EFO_0004242,INDICATION,
CHEMBL1201492,EFO_0002614,INDICATION,
CHEMBL1201492,EFO_0003086,INDICATION,
CHEMBL1201492,EFO_0003884,INDICATION,
CHEMBL1201492,EFO_0010690,INDICATION,
CHEMBL1201492,EFO_1001152,INDICATION,
CHEMBL1201494,EFO_0004272,INDICATION,
CHEMBL1201496,EFO_0000400,INDICATION,
CHEMBL1201496,EFO_0000537,INDICATION,
CHEMBL1201496,EFO_0000565,INDICATION,
CHEMBL1201496,EFO_0000574,INDICATION,
CHEMBL1201496,EFO_0001645,INDICATION,
CHEMBL1201496,EFO_0003914,INDICATION,
CHEMBL1201496,EFO_0004593,INDICATION,
CHEMBL1201496,MONDO_0004975,INDICATION,
CHEMBL1201496,MONDO_0005147,INDICATION,
CHEMBL1201496,MONDO_0005148,INDICATION,
CHEMBL1201496,MONDO_0009061,INDICATION,
CHEMBL1201497,EFO_0000400,INDICATION,
CHEMBL1201497,EFO_0000537,INDICATION,
CHEMBL1201497,EFO_0000565,INDICATION,
CHEMBL1201497,EFO_0000574,INDICATION,
CHEMBL1201497,EFO_0001645,INDICATION,
CHEMBL1201497,EFO_0003770,INDICATION,
CHEMBL1201497,EFO_0003914,INDICATION,
CHEMBL1201497,EFO_0008583,INDICATION,
CHEMBL1201497,EFO_1000897,INDICATION,
CHEMBL1201497,EFO_1001121,INDICATION,
CHEMBL1201497,MONDO_0005147,INDICATION,
CHEMBL1201497,MONDO_0005148,INDICATION,
CHEMBL1201497,MONDO_0009061,INDICATION,
CHEMBL1201498,EFO_0000546,INDICATION,
CHEMBL1201498,EFO_0002614,INDICATION,
CHEMBL1201498,EFO_0008572,INDICATION,
CHEMBL1201498,EFO_0009851,INDICATION,
CHEMBL1201498,EFO_1000653,INDICATION,
CHEMBL1201498,EFO_1001901,INDICATION,
CHEMBL1201498,EFO_1002048,INDICATION,
CHEMBL1201498,MONDO_0100096,INDICATION,
CHEMBL1201498,MONDO_0100342,INDICATION,
CHEMBL1201505,MONDO_0020673,INDICATION,
CHEMBL1201506,EFO_0000095,INDICATION,
CHEMBL1201506,EFO_0000198,INDICATION,
CHEMBL1201506,EFO_0000220,INDICATION,
CHEMBL1201506,EFO_0000222,INDICATION,
CHEMBL1201506,EFO_0000224,INDICATION,
CHEMBL1201506,EFO_0000565,INDICATION,
CHEMBL1201506,EFO_0000616,INDICATION,
CHEMBL1201506,EFO_1000309,INDICATION,
CHEMBL1201506,MONDO_0004643,INDICATION,
CHEMBL1201507,EFO_0000384,INDICATION,
CHEMBL1201507,EFO_0000616,INDICATION,
CHEMBL1201507,EFO_0003840,INDICATION,
CHEMBL1201507,EFO_0003929,INDICATION,
CHEMBL1201507,EFO_0007405,INDICATION,
CHEMBL1201507,EFO_0008522,INDICATION,
CHEMBL1201507,EFO_0009606,INDICATION,
CHEMBL1201507,EFO_1001506,INDICATION,
CHEMBL1201507,MONDO_0004976,INDICATION,
CHEMBL1201507,MONDO_0005301,INDICATION,
CHEMBL1201507,MONDO_0010726,INDICATION,
CHEMBL1201509,EFO_0000279,INDICATION,
CHEMBL1201509,EFO_0000545,INDICATION,
CHEMBL1201509,EFO_0000660,INDICATION,
CHEMBL1201509,EFO_0002950,INDICATION,
CHEMBL1201509,EFO_0004599,INDICATION,
CHEMBL1201509,EFO_1001006,INDICATION,
CHEMBL1201509,MONDO_0002146,INDICATION,
CHEMBL1201509,MONDO_0002259,INDICATION,
CHEMBL1201509,MONDO_0002775,INDICATION,
CHEMBL1201509,MONDO_0007254,INDICATION,
CHEMBL1201509,MONDO_0018555,INDICATION,
CHEMBL1201512,EFO_1001302,INDICATION,
CHEMBL1201513,EFO_1000954,INDICATION,
CHEMBL1201513,EFO_1000965,INDICATION,
CHEMBL1201514,EFO_0000540,INDICATION,
CHEMBL1201514,MONDO_0015974,INDICATION,
CHEMBL1201514,Orphanet_277,INDICATION,
CHEMBL1201515,EFO_0000673,INDICATION,
CHEMBL1201515,EFO_0000691,INDICATION,
CHEMBL1201515,EFO_0003869,INDICATION,
CHEMBL1201515,EFO_0004142,INDICATION,
CHEMBL1201515,EFO_0009607,INDICATION,
CHEMBL1201515,EFO_1001485,INDICATION,
CHEMBL1201515,MONDO_0008274,INDICATION,
CHEMBL1201515,MONDO_0018919,INDICATION,
CHEMBL1201515,MONDO_0021117,INDICATION,
CHEMBL1201516,EFO_0003830,INDICATION,
CHEMBL1201516,EFO_0004616,INDICATION,
CHEMBL1201516,EFO_0008507,INDICATION,
CHEMBL1201516,EFO_1000025,INDICATION,
CHEMBL1201516,MONDO_0043579,INDICATION,
CHEMBL1201519,EFO_0000274,INDICATION,
CHEMBL1201519,EFO_0000275,INDICATION,
CHEMBL1201519,EFO_0000384,INDICATION,
CHEMBL1201519,EFO_0000616,INDICATION,
CHEMBL1201519,EFO_0000673,INDICATION,
CHEMBL1201519,EFO_0000676,INDICATION,
CHEMBL1201519,EFO_0000685,INDICATION,
CHEMBL1201519,EFO_0000729,INDICATION,
CHEMBL1201519,EFO_0000756,INDICATION,
CHEMBL1201519,EFO_0003907,INDICATION,
CHEMBL1201519,EFO_0003929,INDICATION,
CHEMBL1201519,MONDO_0000831,INDICATION,
CHEMBL1201519,MONDO_0004975,INDICATION,
CHEMBL1201520,EFO_0000279,INDICATION,
CHEMBL1201520,EFO_0000545,INDICATION,
CHEMBL1201520,EFO_0004248,INDICATION,
CHEMBL1201520,EFO_0008560,INDICATION,
CHEMBL1201520,MONDO_0002775,INDICATION,
CHEMBL1201529,EFO_0000305,INDICATION,
CHEMBL1201529,EFO_0000616,INDICATION,
CHEMBL1201529,EFO_0000756,INDICATION,
CHEMBL1201529,EFO_0003060,INDICATION,
CHEMBL1201529,MONDO_0007254,INDICATION,
CHEMBL1201529,MONDO_0009061,INDICATION,
CHEMBL1201531,EFO_0000537,INDICATION,
CHEMBL1201532,EFO_0000501,INDICATION,
CHEMBL1201532,EFO_0000641,INDICATION,
CHEMBL1201532,EFO_0006859,INDICATION,
CHEMBL1201533,EFO_0000501,INDICATION,
CHEMBL1201533,EFO_0000641,INDICATION,
CHEMBL1201533,EFO_0002892,INDICATION,
CHEMBL1201533,EFO_0003841,INDICATION,
CHEMBL1201533,EFO_0004237,INDICATION,
CHEMBL1201533,EFO_1001062,INDICATION,
CHEMBL1201533,MONDO_0002108,INDICATION,
CHEMBL1201536,EFO_0003768,INDICATION,
CHEMBL1201536,EFO_0004318,INDICATION,
CHEMBL1201536,MONDO_0002050,INDICATION,
CHEMBL1201538,EFO_0000400,INDICATION,
CHEMBL1201538,MONDO_0005147,INDICATION,
CHEMBL1201538,MONDO_0005148,INDICATION,
CHEMBL1201539,EFO_0000400,INDICATION,
CHEMBL1201539,EFO_0001645,INDICATION,
CHEMBL1201539,EFO_0002614,INDICATION,
CHEMBL1201539,EFO_0003931,INDICATION,
CHEMBL1201539,MONDO_0005147,INDICATION,
CHEMBL1201539,MONDO_0005148,INDICATION,
CHEMBL1201540,EFO_0000400,INDICATION,
CHEMBL1201540,EFO_0000537,INDICATION,
CHEMBL1201540,EFO_0001645,INDICATION,
CHEMBL1201540,EFO_0003914,INDICATION,
CHEMBL1201540,MONDO_0005147,INDICATION,
CHEMBL1201540,MONDO_0005148,INDICATION,
CHEMBL1201544,EFO_0001070,INDICATION,
CHEMBL1201544,EFO_0002950,INDICATION,
CHEMBL1201544,EFO_0004272,INDICATION,
CHEMBL1201545,EFO_0004593,INDICATION,
CHEMBL1201545,MONDO_0005147,INDICATION,
CHEMBL1201545,MONDO_0005148,INDICATION,
CHEMBL1201549,EFO_0003854,INDICATION,
CHEMBL1201549,EFO_0003882,INDICATION,
CHEMBL1201549,EFO_0009451,INDICATION,
CHEMBL1201549,EFO_1001494,INDICATION,
CHEMBL1201549,MONDO_0018923,INDICATION,
CHEMBL1201550,EFO_0000095,INDICATION,
CHEMBL1201550,EFO_0000209,INDICATION,
CHEMBL1201550,EFO_0000211,INDICATION,
CHEMBL1201550,EFO_0000222,INDICATION,
CHEMBL1201550,EFO_0000389,INDICATION,
CHEMBL1201550,EFO_0000466,INDICATION,
CHEMBL1201550,EFO_0000565,INDICATION,
CHEMBL1201550,EFO_0000574,INDICATION,
CHEMBL1201550,EFO_0000616,INDICATION,
CHEMBL1201550,EFO_0000756,INDICATION,
CHEMBL1201550,EFO_0001378,INDICATION,
CHEMBL1201550,EFO_0002618,INDICATION,
CHEMBL1201550,EFO_0002913,INDICATION,
CHEMBL1201550,EFO_0005952,INDICATION,
CHEMBL1201550,EFO_0006861,INDICATION,
CHEMBL1201550,EFO_1000043,INDICATION,
CHEMBL1201550,EFO_1000251,INDICATION,
CHEMBL1201550,MONDO_0002087,INDICATION,
CHEMBL1201550,MONDO_0002158,INDICATION,
CHEMBL1201550,MONDO_0002367,INDICATION,
CHEMBL1201550,MONDO_0008170,INDICATION,
CHEMBL1201550,MONDO_0013730,INDICATION,
CHEMBL1201554,EFO_0000668,INDICATION,
CHEMBL1201556,EFO_1001459,INDICATION,
CHEMBL1201556,MONDO_0043839,INDICATION,
CHEMBL1201557,EFO_0000616,INDICATION,
CHEMBL1201557,EFO_0003047,INDICATION,
CHEMBL1201557,EFO_0004220,INDICATION,
CHEMBL1201557,EFO_0007328,INDICATION,
CHEMBL1201557,MONDO_0100096,INDICATION,
CHEMBL1201558,EFO_0000182,INDICATION,
CHEMBL1201558,EFO_0000339,INDICATION,
CHEMBL1201558,EFO_0000349,INDICATION,
CHEMBL1201558,EFO_0000389,INDICATION,
CHEMBL1201558,EFO_0000558,INDICATION,
CHEMBL1201558,EFO_0000565,INDICATION,
CHEMBL1201558,EFO_0000616,INDICATION,
CHEMBL1201558,EFO_0000673,INDICATION,
CHEMBL1201558,EFO_0000681,INDICATION,
CHEMBL1201558,EFO_0000756,INDICATION,
CHEMBL1201558,EFO_0000764,INDICATION,
CHEMBL1201558,EFO_0001378,INDICATION,
CHEMBL1201558,EFO_0001422,INDICATION,
CHEMBL1201558,EFO_0001668,INDICATION,
CHEMBL1201558,EFO_0002618,INDICATION,
CHEMBL1201558,EFO_0003047,INDICATION,
CHEMBL1201558,EFO_0003869,INDICATION,
CHEMBL1201558,EFO_0004197,INDICATION,
CHEMBL1201558,EFO_0004220,INDICATION,
CHEMBL1201558,EFO_0004239,INDICATION,
CHEMBL1201558,EFO_0004243,INDICATION,
CHEMBL1201558,EFO_0007147,INDICATION,
CHEMBL1201558,EFO_0009708,INDICATION,
CHEMBL1201558,EFO_1000131,INDICATION,
CHEMBL1201558,EFO_1000956,INDICATION,
CHEMBL1201558,MONDO_0002367,INDICATION,
CHEMBL1201558,MONDO_0002691,INDICATION,
CHEMBL1201558,MONDO_0004658,INDICATION,
CHEMBL1201558,MONDO_0004992,INDICATION,
CHEMBL1201558,MONDO_0007254,INDICATION,
CHEMBL1201558,MONDO_0008170,INDICATION,
CHEMBL1201558,MONDO_0008315,INDICATION,
CHEMBL1201558,MONDO_0018906,INDICATION,
CHEMBL1201558,MONDO_0019471,INDICATION,
CHEMBL1201558,MONDO_0024503,INDICATION,
CHEMBL1201558,MONDO_0044881,INDICATION,
CHEMBL1201558,MONDO_0100096,INDICATION,
CHEMBL1201560,EFO_0000095,INDICATION,
CHEMBL1201560,EFO_0000182,INDICATION,
CHEMBL1201560,EFO_0000339,INDICATION,
CHEMBL1201560,EFO_0000479,INDICATION,
CHEMBL1201560,EFO_0000544,INDICATION,
CHEMBL1201560,EFO_0000616,INDICATION,
CHEMBL1201560,EFO_0000756,INDICATION,
CHEMBL1201560,EFO_0000764,INDICATION,
CHEMBL1201560,EFO_0001378,INDICATION,
CHEMBL1201560,EFO_0001422,INDICATION,
CHEMBL1201560,EFO_0002429,INDICATION,
CHEMBL1201560,EFO_0002430,INDICATION,
CHEMBL1201560,EFO_0003047,INDICATION,
CHEMBL1201560,EFO_0004197,INDICATION,
CHEMBL1201560,EFO_0004220,INDICATION,
CHEMBL1201560,EFO_0004239,INDICATION,
CHEMBL1201560,EFO_0007304,INDICATION,
CHEMBL1201560,EFO_0008496,INDICATION,
CHEMBL1201560,EFO_1000026,INDICATION,
CHEMBL1201560,EFO_1000874,INDICATION,
CHEMBL1201560,MONDO_0002050,INDICATION,
CHEMBL1201560,MONDO_0002367,INDICATION,
CHEMBL1201560,MONDO_0004992,INDICATION,
CHEMBL1201560,MONDO_0007254,INDICATION,
CHEMBL1201560,MONDO_0021063,INDICATION,
CHEMBL1201560,MONDO_0044903,INDICATION,
CHEMBL1201561,EFO_0000180,INDICATION,
CHEMBL1201561,EFO_0000182,INDICATION,
CHEMBL1201561,EFO_0000339,INDICATION,
CHEMBL1201561,EFO_0000389,INDICATION,
CHEMBL1201561,EFO_0000479,INDICATION,
CHEMBL1201561,EFO_0000565,INDICATION,
CHEMBL1201561,EFO_0000616,INDICATION,
CHEMBL1201561,EFO_0000637,INDICATION,
CHEMBL1201561,EFO_0000658,INDICATION,
CHEMBL1201561,EFO_0000681,INDICATION,
CHEMBL1201561,EFO_0000707,INDICATION,
CHEMBL1201561,EFO_0000756,INDICATION,
CHEMBL1201561,EFO_0000764,INDICATION,
CHEMBL1201561,EFO_0000765,INDICATION,
CHEMBL1201561,EFO_0001378,INDICATION,
CHEMBL1201561,EFO_0001422,INDICATION,
CHEMBL1201561,EFO_0001642,INDICATION,
CHEMBL1201561,EFO_0002429,INDICATION,
CHEMBL1201561,EFO_0002430,INDICATION,
CHEMBL1201561,EFO_0002617,INDICATION,
CHEMBL1201561,EFO_0003047,INDICATION,
CHEMBL1201561,EFO_0004220,INDICATION,
CHEMBL1201561,EFO_0004239,INDICATION,
CHEMBL1201561,EFO_0004243,INDICATION,
CHEMBL1201561,EFO_0005221,INDICATION,
CHEMBL1201561,EFO_0005543,INDICATION,
CHEMBL1201561,EFO_0006859,INDICATION,
CHEMBL1201561,EFO_0007304,INDICATION,
CHEMBL1201561,EFO_0009259,INDICATION,
CHEMBL1201561,EFO_0009708,INDICATION,
CHEMBL1201561,EFO_1000209,INDICATION,
CHEMBL1201561,EFO_1001469,INDICATION,
CHEMBL1201561,MONDO_0002087,INDICATION,
CHEMBL1201561,MONDO_0002158,INDICATION,
CHEMBL1201561,MONDO_0002367,INDICATION,
CHEMBL1201561,MONDO_0002974,INDICATION,
CHEMBL1201561,MONDO_0004992,INDICATION,
CHEMBL1201561,MONDO_0005301,INDICATION,
CHEMBL1201561,MONDO_0008170,INDICATION,
CHEMBL1201561,MONDO_0016691,INDICATION,
CHEMBL1201561,MONDO_0018975,INDICATION,
CHEMBL1201561,MONDO_0019471,INDICATION,
CHEMBL1201562,EFO_0000341,INDICATION,
CHEMBL1201562,EFO_0000384,INDICATION,
CHEMBL1201562,EFO_0000616,INDICATION,
CHEMBL1201562,EFO_0000712,INDICATION,
CHEMBL1201562,EFO_0000729,INDICATION,
CHEMBL1201562,EFO_0003047,INDICATION,
CHEMBL1201562,EFO_0003106,INDICATION,
CHEMBL1201562,EFO_0003929,INDICATION,
CHEMBL1201562,EFO_0007328,INDICATION,
CHEMBL1201562,EFO_1000868,INDICATION,
CHEMBL1201562,EFO_1001373,INDICATION,
CHEMBL1201562,MONDO_0004975,INDICATION,
CHEMBL1201562,MONDO_0004979,INDICATION,
CHEMBL1201562,MONDO_0005301,INDICATION,
CHEMBL1201562,MONDO_0100096,INDICATION,
CHEMBL1201562,MONDO_0100130,INDICATION,
CHEMBL1201563,EFO_0000318,INDICATION,
CHEMBL1201563,EFO_0000616,INDICATION,
CHEMBL1201563,EFO_0000764,INDICATION,
CHEMBL1201563,EFO_0003929,INDICATION,
CHEMBL1201563,MONDO_0005301,INDICATION,
CHEMBL1201563,MONDO_0100096,INDICATION,
CHEMBL1201563,MONDO_0100116,INDICATION,
CHEMBL1201564,EFO_0000174,INDICATION,
CHEMBL1201564,EFO_0000389,INDICATION,
CHEMBL1201564,EFO_0000565,INDICATION,
CHEMBL1201564,EFO_0000574,INDICATION,
CHEMBL1201564,EFO_0000588,INDICATION,
CHEMBL1201564,EFO_0000616,INDICATION,
CHEMBL1201564,EFO_0000621,INDICATION,
CHEMBL1201564,EFO_0000637,INDICATION,
CHEMBL1201564,EFO_0000676,INDICATION,
CHEMBL1201564,EFO_0000756,INDICATION,
CHEMBL1201564,EFO_0000764,INDICATION,
CHEMBL1201564,EFO_0000768,INDICATION,
CHEMBL1201564,EFO_0001378,INDICATION,
CHEMBL1201564,EFO_0001422,INDICATION,
CHEMBL1201564,EFO_0002918,INDICATION,
CHEMBL1201564,EFO_0003830,INDICATION,
CHEMBL1201564,EFO_0004220,INDICATION,
CHEMBL1201564,EFO_0005952,INDICATION,
CHEMBL1201564,EFO_0007147,INDICATION,
CHEMBL1201564,EFO_0007157,INDICATION,
CHEMBL1201564,EFO_0007183,INDICATION,
CHEMBL1201564,EFO_0007228,INDICATION,
CHEMBL1201564,EFO_0007386,INDICATION,
CHEMBL1201564,EFO_0007460,INDICATION,
CHEMBL1201564,EFO_0009429,INDICATION,
CHEMBL1201564,EFO_0009448,INDICATION,
CHEMBL1201564,EFO_0009869,INDICATION,
CHEMBL1201564,EFO_1000811,INDICATION,
CHEMBL1201564,EFO_1001051,INDICATION,
CHEMBL1201564,EFO_1001231,INDICATION,
CHEMBL1201564,EFO_1001282,INDICATION,
CHEMBL1201564,EFO_1001359,INDICATION,
CHEMBL1201564,EFO_1001865,INDICATION,
CHEMBL1201564,MONDO_0002087,INDICATION,
CHEMBL1201564,MONDO_0002158,INDICATION,
CHEMBL1201564,MONDO_0004580,INDICATION,
CHEMBL1201564,MONDO_0007254,INDICATION,
CHEMBL1201564,MONDO_0008170,INDICATION,
CHEMBL1201564,MONDO_0008315,INDICATION,
CHEMBL1201564,MONDO_0009061,INDICATION,
CHEMBL1201564,MONDO_0017198,INDICATION,
CHEMBL1201564,MONDO_0018305,INDICATION,
CHEMBL1201564,MONDO_0018364,INDICATION,
CHEMBL1201564,MONDO_0100339,INDICATION,
CHEMBL1201564,Orphanet_53,INDICATION,
CHEMBL1201565,EFO_0000198,INDICATION,
CHEMBL1201565,EFO_0000222,INDICATION,
CHEMBL1201565,EFO_0000612,INDICATION,
CHEMBL1201565,EFO_0000712,INDICATION,
CHEMBL1201565,EFO_0000764,INDICATION,
CHEMBL1201565,EFO_0001416,INDICATION,
CHEMBL1201565,EFO_0001645,INDICATION,
CHEMBL1201565,EFO_0001663,INDICATION,
CHEMBL1201565,EFO_0002618,INDICATION,
CHEMBL1201565,EFO_0003047,INDICATION,
CHEMBL1201565,EFO_0003100,INDICATION,
CHEMBL1201565,EFO_0003884,INDICATION,
CHEMBL1201565,EFO_0003890,INDICATION,
CHEMBL1201565,EFO_0003917,INDICATION,
CHEMBL1201565,EFO_0004272,INDICATION,
CHEMBL1201565,EFO_0006859,INDICATION,
CHEMBL1201565,EFO_0008585,INDICATION,
CHEMBL1201565,EFO_0009446,INDICATION,
CHEMBL1201565,EFO_0009492,INDICATION,
CHEMBL1201565,EFO_0009909,INDICATION,
CHEMBL1201565,EFO_1001100,INDICATION,
CHEMBL1201565,EFO_1001459,INDICATION,
CHEMBL1201565,EFO_1001779,INDICATION,
CHEMBL1201565,MONDO_0001240,INDICATION,
CHEMBL1201565,MONDO_0002280,INDICATION,
CHEMBL1201565,MONDO_0004992,INDICATION,
CHEMBL1201565,MONDO_0005299,INDICATION,
CHEMBL1201565,MONDO_0007254,INDICATION,
CHEMBL1201565,MONDO_0008170,INDICATION,
CHEMBL1201565,MONDO_0008903,INDICATION,
CHEMBL1201565,MONDO_0011382,INDICATION,
CHEMBL1201565,MONDO_0043510,INDICATION,
CHEMBL1201565,MONDO_0100339,INDICATION,
CHEMBL1201565,Orphanet_848,INDICATION,
CHEMBL1201566,EFO_0000095,INDICATION,
CHEMBL1201566,EFO_0000198,INDICATION,
CHEMBL1201566,EFO_0000222,INDICATION,
CHEMBL1201566,EFO_0000403,INDICATION,
CHEMBL1201566,EFO_0000565,INDICATION,
CHEMBL1201566,EFO_0000574,INDICATION,
CHEMBL1201566,EFO_0000612,INDICATION,
CHEMBL1201566,EFO_0000702,INDICATION,
CHEMBL1201566,EFO_0001642,INDICATION,
CHEMBL1201566,EFO_0003086,INDICATION,
CHEMBL1201566,EFO_0003884,INDICATION,
CHEMBL1201566,EFO_0004272,INDICATION,
CHEMBL1201566,EFO_0008583,INDICATION,
CHEMBL1201566,MONDO_0002280,INDICATION,
CHEMBL1201566,MONDO_0003002,INDICATION,
CHEMBL1201566,MONDO_0004992,INDICATION,
CHEMBL1201566,MONDO_0005299,INDICATION,
CHEMBL1201566,MONDO_0007254,INDICATION,
CHEMBL1201566,MONDO_0043510,INDICATION,
CHEMBL1201567,EFO_0000094,INDICATION,
CHEMBL1201567,EFO_0000095,INDICATION,
CHEMBL1201567,EFO_0000096,INDICATION,
CHEMBL1201567,EFO_0000174,INDICATION,
CHEMBL1201567,EFO_0000181,INDICATION,
CHEMBL1201567,EFO_0000182,INDICATION,
CHEMBL1201567,EFO_0000183,INDICATION,
CHEMBL1201567,EFO_0000191,INDICATION,
CHEMBL1201567,EFO_0000196,INDICATION,
CHEMBL1201567,EFO_0000198,INDICATION,
CHEMBL1201567,EFO_0000209,INDICATION,
CHEMBL1201567,EFO_0000211,INDICATION,
CHEMBL1201567,EFO_0000218,INDICATION,
CHEMBL1201567,EFO_0000220,INDICATION,
CHEMBL1201567,EFO_0000221,INDICATION,
CHEMBL1201567,EFO_0000222,INDICATION,
CHEMBL1201567,EFO_0000223,INDICATION,
CHEMBL1201567,EFO_0000224,INDICATION,
CHEMBL1201567,EFO_0000239,INDICATION,
CHEMBL1201567,EFO_0000309,INDICATION,
CHEMBL1201567,EFO_0000313,INDICATION,
CHEMBL1201567,EFO_0000339,INDICATION,
CHEMBL1201567,EFO_0000384,INDICATION,
CHEMBL1201567,EFO_0000389,INDICATION,
CHEMBL1201567,EFO_0000403,INDICATION,
CHEMBL1201567,EFO_0000407,INDICATION,
CHEMBL1201567,EFO_0000466,INDICATION,
CHEMBL1201567,EFO_0000502,INDICATION,
CHEMBL1201567,EFO_0000514,INDICATION,
CHEMBL1201567,EFO_0000544,INDICATION,
CHEMBL1201567,EFO_0000545,INDICATION,
CHEMBL1201567,EFO_0000565,INDICATION,
CHEMBL1201567,EFO_0000574,INDICATION,
CHEMBL1201567,EFO_0000612,INDICATION,
CHEMBL1201567,EFO_0000616,INDICATION,
CHEMBL1201567,EFO_0000621,INDICATION,
CHEMBL1201567,EFO_0000637,INDICATION,
CHEMBL1201567,EFO_0000681,INDICATION,
CHEMBL1201567,EFO_0000691,INDICATION,
CHEMBL1201567,EFO_0000702,INDICATION,
CHEMBL1201567,EFO_0000712,INDICATION,
CHEMBL1201567,EFO_0000717,INDICATION,
CHEMBL1201567,EFO_0000756,INDICATION,
CHEMBL1201567,EFO_0000760,INDICATION,
CHEMBL1201567,EFO_0000764,INDICATION,
CHEMBL1201567,EFO_0001065,INDICATION,
CHEMBL1201567,EFO_0001376,INDICATION,
CHEMBL1201567,EFO_0001378,INDICATION,
CHEMBL1201567,EFO_0001421,INDICATION,
CHEMBL1201567,EFO_0001422,INDICATION,
CHEMBL1201567,EFO_0001642,INDICATION,
CHEMBL1201567,EFO_0001645,INDICATION,
CHEMBL1201567,EFO_0002428,INDICATION,
CHEMBL1201567,EFO_0002430,INDICATION,
CHEMBL1201567,EFO_0002618,INDICATION,
CHEMBL1201567,EFO_0002918,INDICATION,
CHEMBL1201567,EFO_0002939,INDICATION,
CHEMBL1201567,EFO_0003025,INDICATION,
CHEMBL1201567,EFO_0003027,INDICATION,
CHEMBL1201567,EFO_0003029,INDICATION,
CHEMBL1201567,EFO_0003032,INDICATION,
CHEMBL1201567,EFO_0003060,INDICATION,
CHEMBL1201567,EFO_0003802,INDICATION,
CHEMBL1201567,EFO_0003811,INDICATION,
CHEMBL1201567,EFO_0003833,INDICATION,
CHEMBL1201567,EFO_0003869,INDICATION,
CHEMBL1201567,EFO_0003875,INDICATION,
CHEMBL1201567,EFO_0003893,INDICATION,
CHEMBL1201567,EFO_0003928,INDICATION,
CHEMBL1201567,EFO_0003929,INDICATION,
CHEMBL1201567,EFO_0003968,INDICATION,
CHEMBL1201567,EFO_0004142,INDICATION,
CHEMBL1201567,EFO_0004145,INDICATION,
CHEMBL1201567,EFO_0004251,INDICATION,
CHEMBL1201567,EFO_0004252,INDICATION,
CHEMBL1201567,EFO_0004256,INDICATION,
CHEMBL1201567,EFO_0004265,INDICATION,
CHEMBL1201567,EFO_0004272,INDICATION,
CHEMBL1201567,EFO_0004281,INDICATION,
CHEMBL1201567,EFO_0004991,INDICATION,
CHEMBL1201567,EFO_0005235,INDICATION,
CHEMBL1201567,EFO_0005529,INDICATION,
CHEMBL1201567,EFO_0005537,INDICATION,
CHEMBL1201567,EFO_0005952,INDICATION,
CHEMBL1201567,EFO_0006475,INDICATION,
CHEMBL1201567,EFO_0006803,INDICATION,
CHEMBL1201567,EFO_0006859,INDICATION,
CHEMBL1201567,EFO_0006861,INDICATION,
CHEMBL1201567,EFO_0006927,INDICATION,
CHEMBL1201567,EFO_0007359,INDICATION,
CHEMBL1201567,EFO_0007362,INDICATION,
CHEMBL1201567,EFO_0007416,INDICATION,
CHEMBL1201567,EFO_0007498,INDICATION,
CHEMBL1201567,EFO_0007532,INDICATION,
CHEMBL1201567,EFO_0008583,INDICATION,
CHEMBL1201567,EFO_0008585,INDICATION,
CHEMBL1201567,EFO_0009441,INDICATION,
CHEMBL1201567,EFO_0009708,INDICATION,
CHEMBL1201567,EFO_1000043,INDICATION,
CHEMBL1201567,EFO_1000131,INDICATION,
CHEMBL1201567,EFO_1000158,INDICATION,
CHEMBL1201567,EFO_1000318,INDICATION,
CHEMBL1201567,EFO_1000632,INDICATION,
CHEMBL1201567,EFO_1000749,INDICATION,
CHEMBL1201567,EFO_1000796,INDICATION,
CHEMBL1201567,EFO_1000984,INDICATION,
CHEMBL1201567,EFO_1001042,INDICATION,
CHEMBL1201567,EFO_1001345,INDICATION,
CHEMBL1201567,EFO_1001365,INDICATION,
CHEMBL1201567,EFO_1001465,INDICATION,
CHEMBL1201567,EFO_1001469,INDICATION,
CHEMBL1201567,EFO_1001779,INDICATION,
CHEMBL1201567,EFO_1001951,INDICATION,
CHEMBL1201567,EFO_1001968,INDICATION,
CHEMBL1201567,MONDO_0000870,INDICATION,
CHEMBL1201567,MONDO_0000873,INDICATION,
CHEMBL1201567,MONDO_0001056,INDICATION,
CHEMBL1201567,MONDO_0001187,INDICATION,
CHEMBL1201567,MONDO_0001475,INDICATION,
CHEMBL1201567,MONDO_0001657,INDICATION,
CHEMBL1201567,MONDO_0002087,INDICATION,
CHEMBL1201567,MONDO_0002158,INDICATION,
CHEMBL1201567,MONDO_0002334,INDICATION,
CHEMBL1201567,MONDO_0002367,INDICATION,
CHEMBL1201567,MONDO_0002691,INDICATION,
CHEMBL1201567,MONDO_0002974,INDICATION,
CHEMBL1201567,MONDO_0003751,INDICATION,
CHEMBL1201567,MONDO_0003783,INDICATION,
CHEMBL1201567,MONDO_0004192,INDICATION,
CHEMBL1201567,MONDO_0004643,INDICATION,
CHEMBL1201567,MONDO_0004975,INDICATION,
CHEMBL1201567,MONDO_0004976,INDICATION,
CHEMBL1201567,MONDO_0004986,INDICATION,
CHEMBL1201567,MONDO_0004992,INDICATION,
CHEMBL1201567,MONDO_0005147,INDICATION,
CHEMBL1201567,MONDO_0005180,INDICATION,
CHEMBL1201567,MONDO_0005301,INDICATION,
CHEMBL1201567,MONDO_0006058,INDICATION,
CHEMBL1201567,MONDO_0007254,INDICATION,
CHEMBL1201567,MONDO_0007576,INDICATION,
CHEMBL1201567,MONDO_0007915,INDICATION,
CHEMBL1201567,MONDO_0008170,INDICATION,
CHEMBL1201567,MONDO_0008315,INDICATION,
CHEMBL1201567,MONDO_0008380,INDICATION,
CHEMBL1201567,MONDO_0008867,INDICATION,
CHEMBL1201567,MONDO_0008903,INDICATION,
CHEMBL1201567,MONDO_0008978,INDICATION,
CHEMBL1201567,MONDO_0009348,INDICATION,
CHEMBL1201567,MONDO_0011382,INDICATION,
CHEMBL1201567,MONDO_0011962,INDICATION,
CHEMBL1201567,MONDO_0013730,INDICATION,
CHEMBL1201567,MONDO_0015760,INDICATION,
CHEMBL1201567,MONDO_0015974,INDICATION,
CHEMBL1201567,MONDO_0016700,INDICATION,
CHEMBL1201567,MONDO_0018906,INDICATION,
CHEMBL1201567,MONDO_0019391,INDICATION,
CHEMBL1201567,MONDO_0019438,INDICATION,
CHEMBL1201567,MONDO_0019460,INDICATION,
CHEMBL1201567,MONDO_0019471,INDICATION,
CHEMBL1201567,MONDO_0020077,INDICATION,
CHEMBL1201567,MONDO_0044881,INDICATION,
CHEMBL1201567,MONDO_0044903,INDICATION,
CHEMBL1201567,Orphanet_303,INDICATION,
CHEMBL1201567,Orphanet_848,INDICATION,
CHEMBL1201568,EFO_0000096,INDICATION,
CHEMBL1201568,EFO_0000181,INDICATION,
CHEMBL1201568,EFO_0000183,INDICATION,
CHEMBL1201568,EFO_0000196,INDICATION,
CHEMBL1201568,EFO_0000198,INDICATION,
CHEMBL1201568,EFO_0000211,INDICATION,
CHEMBL1201568,EFO_0000220,INDICATION,
CHEMBL1201568,EFO_0000222,INDICATION,
CHEMBL1201568,EFO_0000305,INDICATION,
CHEMBL1201568,EFO_0000403,INDICATION,
CHEMBL1201568,EFO_0000514,INDICATION,
CHEMBL1201568,EFO_0000544,INDICATION,
CHEMBL1201568,EFO_0000565,INDICATION,
CHEMBL1201568,EFO_0000571,INDICATION,
CHEMBL1201568,EFO_0000574,INDICATION,
CHEMBL1201568,EFO_0000616,INDICATION,
CHEMBL1201568,EFO_0000621,INDICATION,
CHEMBL1201568,EFO_0000637,INDICATION,
CHEMBL1201568,EFO_0000681,INDICATION,
CHEMBL1201568,EFO_0000691,INDICATION,
CHEMBL1201568,EFO_0000702,INDICATION,
CHEMBL1201568,EFO_0000756,INDICATION,
CHEMBL1201568,EFO_0001378,INDICATION,
CHEMBL1201568,EFO_0001642,INDICATION,
CHEMBL1201568,EFO_0001645,INDICATION,
CHEMBL1201568,EFO_0002618,INDICATION,
CHEMBL1201568,EFO_0002913,INDICATION,
CHEMBL1201568,EFO_0002939,INDICATION,
CHEMBL1201568,EFO_0003060,INDICATION,
CHEMBL1201568,EFO_0003869,INDICATION,
CHEMBL1201568,EFO_0004252,INDICATION,
CHEMBL1201568,EFO_0005537,INDICATION,
CHEMBL1201568,EFO_0005952,INDICATION,
CHEMBL1201568,EFO_0006859,INDICATION,
CHEMBL1201568,EFO_0006861,INDICATION,
CHEMBL1201568,EFO_0007416,INDICATION,
CHEMBL1201568,EFO_0007532,INDICATION,
CHEMBL1201568,EFO_0008528,INDICATION,
CHEMBL1201568,EFO_1000657,INDICATION,
CHEMBL1201568,EFO_1000796,INDICATION,
CHEMBL1201568,EFO_1001469,INDICATION,
CHEMBL1201568,EFO_1001951,INDICATION,
CHEMBL1201568,MONDO_0001056,INDICATION,
CHEMBL1201568,MONDO_0001187,INDICATION,
CHEMBL1201568,MONDO_0001475,INDICATION,
CHEMBL1201568,MONDO_0001657,INDICATION,
CHEMBL1201568,MONDO_0002087,INDICATION,
CHEMBL1201568,MONDO_0002158,INDICATION,
CHEMBL1201568,MONDO_0002974,INDICATION,
CHEMBL1201568,MONDO_0004192,INDICATION,
CHEMBL1201568,MONDO_0004643,INDICATION,
CHEMBL1201568,MONDO_0004986,INDICATION,
CHEMBL1201568,MONDO_0004992,INDICATION,
CHEMBL1201568,MONDO_0005147,INDICATION,
CHEMBL1201568,MONDO_0006058,INDICATION,
CHEMBL1201568,MONDO_0007254,INDICATION,
CHEMBL1201568,MONDO_0007576,INDICATION,
CHEMBL1201568,MONDO_0008170,INDICATION,
CHEMBL1201568,MONDO_0008315,INDICATION,
CHEMBL1201568,MONDO_0008380,INDICATION,
CHEMBL1201568,MONDO_0008903,INDICATION,
CHEMBL1201568,MONDO_0009348,INDICATION,
CHEMBL1201568,MONDO_0018906,INDICATION,
CHEMBL1201568,MONDO_0021063,INDICATION,
CHEMBL1201569,EFO_0000275,INDICATION,
CHEMBL1201569,EFO_0004143,INDICATION,
CHEMBL1201569,EFO_1000632,INDICATION,
CHEMBL1201570,EFO_0000095,INDICATION,
CHEMBL1201570,EFO_0000096,INDICATION,
CHEMBL1201570,EFO_0000195,INDICATION,
CHEMBL1201570,EFO_0000398,INDICATION,
CHEMBL1201570,EFO_0000400,INDICATION,
CHEMBL1201570,EFO_0000540,INDICATION,
CHEMBL1201570,EFO_0000544,INDICATION,
CHEMBL1201570,EFO_0000616,INDICATION,
CHEMBL1201570,EFO_0000660,INDICATION,
CHEMBL1201570,EFO_0000685,INDICATION,
CHEMBL1201570,EFO_0000694,INDICATION,
CHEMBL1201570,EFO_0000764,INDICATION,
CHEMBL1201570,EFO_0001065,INDICATION,
CHEMBL1201570,EFO_0001361,INDICATION,
CHEMBL1201570,EFO_0001378,INDICATION,
CHEMBL1201570,EFO_0002609,INDICATION,
CHEMBL1201570,EFO_0002618,INDICATION,
CHEMBL1201570,EFO_0003073,INDICATION,
CHEMBL1201570,EFO_0003106,INDICATION,
CHEMBL1201570,EFO_0003144,INDICATION,
CHEMBL1201570,EFO_0003843,INDICATION,
CHEMBL1201570,EFO_0003884,INDICATION,
CHEMBL1201570,EFO_0004227,INDICATION,
CHEMBL1201570,EFO_0004238,INDICATION,
CHEMBL1201570,EFO_0004246,INDICATION,
CHEMBL1201570,EFO_0004274,INDICATION,
CHEMBL1201570,EFO_0004540,INDICATION,
CHEMBL1201570,EFO_0005669,INDICATION,
CHEMBL1201570,EFO_0007135,INDICATION,
CHEMBL1201570,EFO_0007323,INDICATION,
CHEMBL1201570,EFO_0007328,INDICATION,
CHEMBL1201570,EFO_0007427,INDICATION,
CHEMBL1201570,EFO_0008583,INDICATION,
CHEMBL1201570,EFO_0009507,INDICATION,
CHEMBL1201570,EFO_0009536,INDICATION,
CHEMBL1201570,EFO_0009609,INDICATION,
CHEMBL1201570,EFO_0009672,INDICATION,
CHEMBL1201570,EFO_1000637,INDICATION,
CHEMBL1201570,EFO_1000657,INDICATION,
CHEMBL1201570,EFO_1000668,INDICATION,
CHEMBL1201570,EFO_1000710,INDICATION,
CHEMBL1201570,EFO_1001209,INDICATION,
CHEMBL1201570,EFO_1001231,INDICATION,
CHEMBL1201570,EFO_1001345,INDICATION,
CHEMBL1201570,EFO_1001806,INDICATION,
CHEMBL1201570,MONDO_0004976,INDICATION,
CHEMBL1201570,MONDO_0004979,INDICATION,
CHEMBL1201570,MONDO_0005147,INDICATION,
CHEMBL1201570,MONDO_0005149,INDICATION,
CHEMBL1201570,MONDO_0005178,INDICATION,
CHEMBL1201570,MONDO_0005301,INDICATION,
CHEMBL1201570,MONDO_0007254,INDICATION,
CHEMBL1201570,MONDO_0008315,INDICATION,
CHEMBL1201570,MONDO_0011776,INDICATION,
CHEMBL1201570,MONDO_0018088,INDICATION,
CHEMBL1201570,MONDO_0018305,INDICATION,
CHEMBL1201570,MONDO_0019338,INDICATION,
CHEMBL1201570,MONDO_0043510,INDICATION,
CHEMBL1201570,MONDO_0100096,INDICATION,
CHEMBL1201570,Orphanet_47045,INDICATION,
CHEMBL1201571,EFO_0000540,INDICATION,
CHEMBL1201571,EFO_0000574,INDICATION,
CHEMBL1201571,EFO_0000676,INDICATION,
CHEMBL1201571,EFO_0003778,INDICATION,
CHEMBL1201571,EFO_1000726,INDICATION,
CHEMBL1201571,EFO_1002048,INDICATION,
CHEMBL1201571,MONDO_0005147,INDICATION,
CHEMBL1201571,MONDO_0015597,INDICATION,
CHEMBL1201571,MONDO_0020547,INDICATION,
CHEMBL1201572,EFO_0000095,INDICATION,
CHEMBL1201572,EFO_0000195,INDICATION,
CHEMBL1201572,EFO_0000198,INDICATION,
CHEMBL1201572,EFO_0000341,INDICATION,
CHEMBL1201572,EFO_0000398,INDICATION,
CHEMBL1201572,EFO_0000540,INDICATION,
CHEMBL1201572,EFO_0000565,INDICATION,
CHEMBL1201572,EFO_0000616,INDICATION,
CHEMBL1201572,EFO_0000676,INDICATION,
CHEMBL1201572,EFO_0000685,INDICATION,
CHEMBL1201572,EFO_0000699,INDICATION,
CHEMBL1201572,EFO_0000713,INDICATION,
CHEMBL1201572,EFO_0000764,INDICATION,
CHEMBL1201572,EFO_0002609,INDICATION,
CHEMBL1201572,EFO_0002687,INDICATION,
CHEMBL1201572,EFO_0003106,INDICATION,
CHEMBL1201572,EFO_0003778,INDICATION,
CHEMBL1201572,EFO_0003834,INDICATION,
CHEMBL1201572,EFO_0003884,INDICATION,
CHEMBL1201572,EFO_0003898,INDICATION,
CHEMBL1201572,EFO_0004208,INDICATION,
CHEMBL1201572,EFO_0004246,INDICATION,
CHEMBL1201572,EFO_0004276,INDICATION,
CHEMBL1201572,EFO_0004599,INDICATION,
CHEMBL1201572,EFO_0004719,INDICATION,
CHEMBL1201572,EFO_0005279,INDICATION,
CHEMBL1201572,EFO_0005297,INDICATION,
CHEMBL1201572,EFO_0005761,INDICATION,
CHEMBL1201572,EFO_0007323,INDICATION,
CHEMBL1201572,EFO_0007430,INDICATION,
CHEMBL1201572,EFO_0008518,INDICATION,
CHEMBL1201572,EFO_0008997,INDICATION,
CHEMBL1201572,EFO_0009448,INDICATION,
CHEMBL1201572,EFO_0009688,INDICATION,
CHEMBL1201572,EFO_1000710,INDICATION,
CHEMBL1201572,EFO_1000726,INDICATION,
CHEMBL1201572,EFO_1001494,INDICATION,
CHEMBL1201572,MONDO_0002959,INDICATION,
CHEMBL1201572,MONDO_0003937,INDICATION,
CHEMBL1201572,MONDO_0004975,INDICATION,
CHEMBL1201572,MONDO_0004979,INDICATION,
CHEMBL1201572,MONDO_0005147,INDICATION,
CHEMBL1201572,MONDO_0008315,INDICATION,
CHEMBL1201572,MONDO_0013730,INDICATION,
CHEMBL1201572,MONDO_0017816,INDICATION,
CHEMBL1201572,MONDO_0019391,INDICATION,
CHEMBL1201572,MONDO_0024280,INDICATION,
CHEMBL1201572,MP_0001845,INDICATION,
CHEMBL1201573,EFO_0000095,INDICATION,
CHEMBL1201573,EFO_0000191,INDICATION,
CHEMBL1201573,EFO_0000339,INDICATION,
CHEMBL1201573,EFO_0000616,INDICATION,
CHEMBL1201573,EFO_0009441,INDICATION,
CHEMBL1201573,MONDO_0010602,INDICATION,
CHEMBL1201573,MONDO_0018906,INDICATION,
CHEMBL1201573,Orphanet_903,INDICATION,
CHEMBL1201574,EFO_0000275,INDICATION,
CHEMBL1201574,EFO_0000284,INDICATION,
CHEMBL1201574,EFO_0000546,INDICATION,
CHEMBL1201574,EFO_0000618,INDICATION,
CHEMBL1201574,EFO_0000712,INDICATION,
CHEMBL1201574,EFO_0001073,INDICATION,
CHEMBL1201574,EFO_0001074,INDICATION,
CHEMBL1201574,EFO_0002618,INDICATION,
CHEMBL1201574,EFO_0002916,INDICATION,
CHEMBL1201574,EFO_0002970,INDICATION,
CHEMBL1201574,EFO_0003108,INDICATION,
CHEMBL1201574,EFO_0003830,INDICATION,
CHEMBL1201574,EFO_0003843,INDICATION,
CHEMBL1201574,EFO_0003877,INDICATION,
CHEMBL1201574,EFO_0003894,INDICATION,
CHEMBL1201574,EFO_0003897,INDICATION,
CHEMBL1201574,EFO_0003899,INDICATION,
CHEMBL1201574,EFO_0003911,INDICATION,
CHEMBL1201574,EFO_0004143,INDICATION,
CHEMBL1201574,EFO_0004191,INDICATION,
CHEMBL1201574,EFO_0004212,INDICATION,
CHEMBL1201574,EFO_0004234,INDICATION,
CHEMBL1201574,EFO_0004269,INDICATION,
CHEMBL1201574,EFO_0004270,INDICATION,
CHEMBL1201574,EFO_0004273,INDICATION,
CHEMBL1201574,EFO_0004616,INDICATION,
CHEMBL1201574,EFO_0005279,INDICATION,
CHEMBL1201574,EFO_0005306,INDICATION,
CHEMBL1201574,EFO_0005422,INDICATION,
CHEMBL1201574,EFO_0005762,INDICATION,
CHEMBL1201574,EFO_0006346,INDICATION,
CHEMBL1201574,EFO_0006865,INDICATION,
CHEMBL1201574,EFO_0007159,INDICATION,
CHEMBL1201574,EFO_0007507,INDICATION,
CHEMBL1201574,EFO_0008507,INDICATION,
CHEMBL1201574,EFO_0008521,INDICATION,
CHEMBL1201574,EFO_0009430,INDICATION,
CHEMBL1201574,EFO_0009453,INDICATION,
CHEMBL1201574,EFO_0009523,INDICATION,
CHEMBL1201574,EFO_0009550,INDICATION,
CHEMBL1201574,EFO_0009619,INDICATION,
CHEMBL1201574,EFO_0009625,INDICATION,
CHEMBL1201574,EFO_0009846,INDICATION,
CHEMBL1201574,EFO_0803321,INDICATION,
CHEMBL1201574,EFO_1000391,INDICATION,
CHEMBL1201574,EFO_1000632,INDICATION,
CHEMBL1201574,EFO_1000657,INDICATION,
CHEMBL1201574,EFO_1000781,INDICATION,
CHEMBL1201574,EFO_1000850,INDICATION,
CHEMBL1201574,EFO_1000906,INDICATION,
CHEMBL1201574,EFO_1000948,INDICATION,
CHEMBL1201574,EFO_1000999,INDICATION,
CHEMBL1201574,EFO_1001054,INDICATION,
CHEMBL1201574,EFO_1001092,INDICATION,
CHEMBL1201574,EFO_1001145,INDICATION,
CHEMBL1201574,EFO_1001219,INDICATION,
CHEMBL1201574,EFO_1001250,INDICATION,
CHEMBL1201574,EFO_1001434,INDICATION,
CHEMBL1201574,EFO_1001466,INDICATION,
CHEMBL1201574,EFO_1001494,INDICATION,
CHEMBL1201574,EFO_1001866,INDICATION,
CHEMBL1201574,EFO_1001887,INDICATION,
CHEMBL1201574,EFO_1001896,INDICATION,
CHEMBL1201574,EFO_1001909,INDICATION,
CHEMBL1201574,EFO_1001919,INDICATION,
CHEMBL1201574,EFO_1001993,INDICATION,
CHEMBL1201574,MONDO_0000485,INDICATION,
CHEMBL1201574,MONDO_0002009,INDICATION,
CHEMBL1201574,MONDO_0002050,INDICATION,
CHEMBL1201574,MONDO_0002471,INDICATION,
CHEMBL1201574,MONDO_0002507,INDICATION,
CHEMBL1201574,MONDO_0004001,INDICATION,
CHEMBL1201574,MONDO_0005178,INDICATION,
CHEMBL1201574,MONDO_0005180,INDICATION,
CHEMBL1201574,MONDO_0005277,INDICATION,
CHEMBL1201574,MONDO_0005301,INDICATION,
CHEMBL1201574,MONDO_0011728,INDICATION,
CHEMBL1201574,MONDO_0041052,INDICATION,
CHEMBL1201574,MONDO_0043510,INDICATION,
CHEMBL1201574,MONDO_0043839,INDICATION,
CHEMBL1201574,Orphanet_93955,INDICATION,
CHEMBL1201575,EFO_0000274,INDICATION,
CHEMBL1201575,EFO_0000540,INDICATION,
CHEMBL1201575,EFO_0000676,INDICATION,
CHEMBL1201575,EFO_0000685,INDICATION,
CHEMBL1201575,EFO_0000699,INDICATION,
CHEMBL1201575,EFO_0001365,INDICATION,
CHEMBL1201575,EFO_0003778,INDICATION,
CHEMBL1201575,EFO_0003884,INDICATION,
CHEMBL1201575,EFO_1000710,INDICATION,
CHEMBL1201575,MONDO_0005147,INDICATION,
CHEMBL1201575,MONDO_0019080,INDICATION,
CHEMBL1201576,EFO_0000094,INDICATION,
CHEMBL1201576,EFO_0000095,INDICATION,
CHEMBL1201576,EFO_0000096,INDICATION,
CHEMBL1201576,EFO_0000183,INDICATION,
CHEMBL1201576,EFO_0000191,INDICATION,
CHEMBL1201576,EFO_0000198,INDICATION,
CHEMBL1201576,EFO_0000209,INDICATION,
CHEMBL1201576,EFO_0000220,INDICATION,
CHEMBL1201576,EFO_0000222,INDICATION,
CHEMBL1201576,EFO_0000255,INDICATION,
CHEMBL1201576,EFO_0000309,INDICATION,
CHEMBL1201576,EFO_0000339,INDICATION,
CHEMBL1201576,EFO_0000384,INDICATION,
CHEMBL1201576,EFO_0000389,INDICATION,
CHEMBL1201576,EFO_0000403,INDICATION,
CHEMBL1201576,EFO_0000540,INDICATION,
CHEMBL1201576,EFO_0000557,INDICATION,
CHEMBL1201576,EFO_0000565,INDICATION,
CHEMBL1201576,EFO_0000574,INDICATION,
CHEMBL1201576,EFO_0000616,INDICATION,
CHEMBL1201576,EFO_0000621,INDICATION,
CHEMBL1201576,EFO_0000685,INDICATION,
CHEMBL1201576,EFO_0000699,INDICATION,
CHEMBL1201576,EFO_0000707,INDICATION,
CHEMBL1201576,EFO_0000717,INDICATION,
CHEMBL1201576,EFO_0000729,INDICATION,
CHEMBL1201576,EFO_0000765,INDICATION,
CHEMBL1201576,EFO_0000768,INDICATION,
CHEMBL1201576,EFO_0000772,INDICATION,
CHEMBL1201576,EFO_0001378,INDICATION,
CHEMBL1201576,EFO_0001423,INDICATION,
CHEMBL1201576,EFO_0001642,INDICATION,
CHEMBL1201576,EFO_0002617,INDICATION,
CHEMBL1201576,EFO_0002689,INDICATION,
CHEMBL1201576,EFO_0003032,INDICATION,
CHEMBL1201576,EFO_0003086,INDICATION,
CHEMBL1201576,EFO_0003100,INDICATION,
CHEMBL1201576,EFO_0003144,INDICATION,
CHEMBL1201576,EFO_0003778,INDICATION,
CHEMBL1201576,EFO_0003780,INDICATION,
CHEMBL1201576,EFO_0003818,INDICATION,
CHEMBL1201576,EFO_0003840,INDICATION,
CHEMBL1201576,EFO_0003860,INDICATION,
CHEMBL1201576,EFO_0003869,INDICATION,
CHEMBL1201576,EFO_0003884,INDICATION,
CHEMBL1201576,EFO_0003897,INDICATION,
CHEMBL1201576,EFO_0003898,INDICATION,
CHEMBL1201576,EFO_0003929,INDICATION,
CHEMBL1201576,EFO_0004145,INDICATION,
CHEMBL1201576,EFO_0004236,INDICATION,
CHEMBL1201576,EFO_0004244,INDICATION,
CHEMBL1201576,EFO_0004254,INDICATION,
CHEMBL1201576,EFO_0004255,INDICATION,
CHEMBL1201576,EFO_0004256,INDICATION,
CHEMBL1201576,EFO_0004288,INDICATION,
CHEMBL1201576,EFO_0004289,INDICATION,
CHEMBL1201576,EFO_0004540,INDICATION,
CHEMBL1201576,EFO_0004599,INDICATION,
CHEMBL1201576,EFO_0004719,INDICATION,
CHEMBL1201576,EFO_0004826,INDICATION,
CHEMBL1201576,EFO_0004991,INDICATION,
CHEMBL1201576,EFO_0005140,INDICATION,
CHEMBL1201576,EFO_0005297,INDICATION,
CHEMBL1201576,EFO_0005531,INDICATION,
CHEMBL1201576,EFO_0005761,INDICATION,
CHEMBL1201576,EFO_0005952,INDICATION,
CHEMBL1201576,EFO_0006803,INDICATION,
CHEMBL1201576,EFO_0007160,INDICATION,
CHEMBL1201576,EFO_0007187,INDICATION,
CHEMBL1201576,EFO_0007208,INDICATION,
CHEMBL1201576,EFO_0007316,INDICATION,
CHEMBL1201576,EFO_0007332,INDICATION,
CHEMBL1201576,EFO_0007359,INDICATION,
CHEMBL1201576,EFO_0007498,INDICATION,
CHEMBL1201576,EFO_0008518,INDICATION,
CHEMBL1201576,EFO_0008520,INDICATION,
CHEMBL1201576,EFO_0008522,INDICATION,
CHEMBL1201576,EFO_0008610,INDICATION,
CHEMBL1201576,EFO_0009441,INDICATION,
CHEMBL1201576,EFO_0009538,INDICATION,
CHEMBL1201576,EFO_0009562,INDICATION,
CHEMBL1201576,EFO_0009606,INDICATION,
CHEMBL1201576,EFO_1000131,INDICATION,
CHEMBL1201576,EFO_1000318,INDICATION,
CHEMBL1201576,EFO_1000630,INDICATION,
CHEMBL1201576,EFO_1000749,INDICATION,
CHEMBL1201576,EFO_1000783,INDICATION,
CHEMBL1201576,EFO_1000784,INDICATION,
CHEMBL1201576,EFO_1000868,INDICATION,
CHEMBL1201576,EFO_1000956,INDICATION,
CHEMBL1201576,EFO_1001051,INDICATION,
CHEMBL1201576,EFO_1001161,INDICATION,
CHEMBL1201576,EFO_1001264,INDICATION,
CHEMBL1201576,EFO_1001365,INDICATION,
CHEMBL1201576,EFO_1001383,INDICATION,
CHEMBL1201576,EFO_1001466,INDICATION,
CHEMBL1201576,EFO_1001469,INDICATION,
CHEMBL1201576,EFO_1001486,INDICATION,
CHEMBL1201576,EFO_1001779,INDICATION,
CHEMBL1201576,EFO_1001938,INDICATION,
CHEMBL1201576,EFO_1002048,INDICATION,
CHEMBL1201576,MONDO_0000432,INDICATION,
CHEMBL1201576,MONDO_0000870,INDICATION,
CHEMBL1201576,MONDO_0000873,INDICATION,
CHEMBL1201576,MONDO_0001023,INDICATION,
CHEMBL1201576,MONDO_0001437,INDICATION,
CHEMBL1201576,MONDO_0001549,INDICATION,
CHEMBL1201576,MONDO_0001718,INDICATION,
CHEMBL1201576,MONDO_0002334,INDICATION,
CHEMBL1201576,MONDO_0002462,INDICATION,
CHEMBL1201576,MONDO_0004095,INDICATION,
CHEMBL1201576,MONDO_0004992,INDICATION,
CHEMBL1201576,MONDO_0005090,INDICATION,
CHEMBL1201576,MONDO_0005147,INDICATION,
CHEMBL1201576,MONDO_0005301,INDICATION,
CHEMBL1201576,MONDO_0007915,INDICATION,
CHEMBL1201576,MONDO_0008315,INDICATION,
CHEMBL1201576,MONDO_0009348,INDICATION,
CHEMBL1201576,MONDO_0010602,INDICATION,
CHEMBL1201576,MONDO_0011382,INDICATION,
CHEMBL1201576,MONDO_0013730,INDICATION,
CHEMBL1201576,MONDO_0015564,INDICATION,
CHEMBL1201576,MONDO_0015760,INDICATION,
CHEMBL1201576,MONDO_0016537,INDICATION,
CHEMBL1201576,MONDO_0017276,INDICATION,
CHEMBL1201576,MONDO_0017719,INDICATION,
CHEMBL1201576,MONDO_0018896,INDICATION,
CHEMBL1201576,MONDO_0018904,INDICATION,
CHEMBL1201576,MONDO_0018906,INDICATION,
CHEMBL1201576,MONDO_0018922,INDICATION,
CHEMBL1201576,MONDO_0019338,INDICATION,
CHEMBL1201576,MONDO_0019391,INDICATION,
CHEMBL1201576,MONDO_0020547,INDICATION,
CHEMBL1201576,MONDO_0021117,INDICATION,
CHEMBL1201576,MONDO_0044881,INDICATION,
CHEMBL1201576,MONDO_0044917,INDICATION,
CHEMBL1201576,Orphanet_365,INDICATION,
CHEMBL1201577,EFO_0000181,INDICATION,
CHEMBL1201577,EFO_0000182,INDICATION,
CHEMBL1201577,EFO_0000228,INDICATION,
CHEMBL1201577,EFO_0000231,INDICATION,
CHEMBL1201577,EFO_0000313,INDICATION,
CHEMBL1201577,EFO_0000365,INDICATION,
CHEMBL1201577,EFO_0000503,INDICATION,
CHEMBL1201577,EFO_0000519,INDICATION,
CHEMBL1201577,EFO_0000571,INDICATION,
CHEMBL1201577,EFO_0000616,INDICATION,
CHEMBL1201577,EFO_0000673,INDICATION,
CHEMBL1201577,EFO_0000691,INDICATION,
CHEMBL1201577,EFO_0000707,INDICATION,
CHEMBL1201577,EFO_0001061,INDICATION,
CHEMBL1201577,EFO_0001378,INDICATION,
CHEMBL1201577,EFO_0002499,INDICATION,
CHEMBL1201577,EFO_0002618,INDICATION,
CHEMBL1201577,EFO_0002916,INDICATION,
CHEMBL1201577,EFO_0002938,INDICATION,
CHEMBL1201577,EFO_0003060,INDICATION,
CHEMBL1201577,EFO_0003817,INDICATION,
CHEMBL1201577,EFO_0003835,INDICATION,
CHEMBL1201577,EFO_0003868,INDICATION,
CHEMBL1201577,EFO_0003869,INDICATION,
CHEMBL1201577,EFO_0003871,INDICATION,
CHEMBL1201577,EFO_0003891,INDICATION,
CHEMBL1201577,EFO_0003897,INDICATION,
CHEMBL1201577,EFO_0004142,INDICATION,
CHEMBL1201577,EFO_0004198,INDICATION,
CHEMBL1201577,EFO_0004252,INDICATION,
CHEMBL1201577,EFO_0004284,INDICATION,
CHEMBL1201577,EFO_0005221,INDICATION,
CHEMBL1201577,EFO_0005922,INDICATION,
CHEMBL1201577,EFO_0005950,INDICATION,
CHEMBL1201577,EFO_0006352,INDICATION,
CHEMBL1201577,EFO_0006859,INDICATION,
CHEMBL1201577,EFO_0007535,INDICATION,
CHEMBL1201577,EFO_0009430,INDICATION,
CHEMBL1201577,EFO_0009708,INDICATION,
CHEMBL1201577,EFO_1000251,INDICATION,
CHEMBL1201577,EFO_1000657,INDICATION,
CHEMBL1201577,EFO_1001100,INDICATION,
CHEMBL1201577,EFO_1001931,INDICATION,
CHEMBL1201577,EFO_1001949,INDICATION,
CHEMBL1201577,EFO_1001950,INDICATION,
CHEMBL1201577,EFO_1001951,INDICATION,
CHEMBL1201577,EFO_1001998,INDICATION,
CHEMBL1201577,MONDO_0001056,INDICATION,
CHEMBL1201577,MONDO_0001187,INDICATION,
CHEMBL1201577,MONDO_0001657,INDICATION,
CHEMBL1201577,MONDO_0001879,INDICATION,
CHEMBL1201577,MONDO_0002038,INDICATION,
CHEMBL1201577,MONDO_0002087,INDICATION,
CHEMBL1201577,MONDO_0002358,INDICATION,
CHEMBL1201577,MONDO_0002691,INDICATION,
CHEMBL1201577,MONDO_0002974,INDICATION,
CHEMBL1201577,MONDO_0004992,INDICATION,
CHEMBL1201577,MONDO_0005184,INDICATION,
CHEMBL1201577,MONDO_0005575,INDICATION,
CHEMBL1201577,MONDO_0007254,INDICATION,
CHEMBL1201577,MONDO_0007576,INDICATION,
CHEMBL1201577,MONDO_0008170,INDICATION,
CHEMBL1201577,MONDO_0008315,INDICATION,
CHEMBL1201577,MONDO_0008903,INDICATION,
CHEMBL1201577,MONDO_0008978,INDICATION,
CHEMBL1201577,MONDO_0011962,INDICATION,
CHEMBL1201577,MONDO_0021063,INDICATION,
CHEMBL1201577,MONDO_0021074,INDICATION,
CHEMBL1201577,MONDO_0021310,INDICATION,
CHEMBL1201577,MONDO_0021355,INDICATION,
CHEMBL1201577,MONDO_0021364,INDICATION,
CHEMBL1201577,MONDO_0044704,INDICATION,
CHEMBL1201577,MONDO_0044926,INDICATION,
CHEMBL1201577,MONDO_0100342,INDICATION,
CHEMBL1201580,EFO_0000384,INDICATION,
CHEMBL1201580,EFO_0000540,INDICATION,
CHEMBL1201580,EFO_0000676,INDICATION,
CHEMBL1201580,EFO_0000685,INDICATION,
CHEMBL1201580,EFO_0000729,INDICATION,
CHEMBL1201580,EFO_0002609,INDICATION,
CHEMBL1201580,EFO_0003767,INDICATION,
CHEMBL1201580,EFO_0003778,INDICATION,
CHEMBL1201580,EFO_0003780,INDICATION,
CHEMBL1201580,EFO_0003872,INDICATION,
CHEMBL1201580,EFO_0003898,INDICATION,
CHEMBL1201580,EFO_0004229,INDICATION,
CHEMBL1201580,EFO_0004236,INDICATION,
CHEMBL1201580,EFO_0004616,INDICATION,
CHEMBL1201580,EFO_0004683,INDICATION,
CHEMBL1201580,EFO_0005856,INDICATION,
CHEMBL1201580,EFO_0008507,INDICATION,
CHEMBL1201580,EFO_1000710,INDICATION,
CHEMBL1201580,EFO_1000941,INDICATION,
CHEMBL1201580,EFO_1001209,INDICATION,
CHEMBL1201580,EFO_1001231,INDICATION,
CHEMBL1201580,MONDO_0002108,INDICATION,
CHEMBL1201580,MONDO_0004979,INDICATION,
CHEMBL1201580,MONDO_0005178,INDICATION,
CHEMBL1201580,MONDO_0009661,INDICATION,
CHEMBL1201580,MONDO_0009735,INDICATION,
CHEMBL1201580,MONDO_0010674,INDICATION,
CHEMBL1201580,MONDO_0019338,INDICATION,
CHEMBL1201580,MONDO_0100096,INDICATION,
CHEMBL1201580,MP_0001845,INDICATION,
CHEMBL1201581,EFO_0000198,INDICATION,
CHEMBL1201581,EFO_0000341,INDICATION,
CHEMBL1201581,EFO_0000384,INDICATION,
CHEMBL1201581,EFO_0000398,INDICATION,
CHEMBL1201581,EFO_0000540,INDICATION,
CHEMBL1201581,EFO_0000676,INDICATION,
CHEMBL1201581,EFO_0000685,INDICATION,
CHEMBL1201581,EFO_0000706,INDICATION,
CHEMBL1201581,EFO_0000729,INDICATION,
CHEMBL1201581,EFO_0000783,INDICATION,
CHEMBL1201581,EFO_0001065,INDICATION,
CHEMBL1201581,EFO_0002609,INDICATION,
CHEMBL1201581,EFO_0002617,INDICATION,
CHEMBL1201581,EFO_0002687,INDICATION,
CHEMBL1201581,EFO_0003047,INDICATION,
CHEMBL1201581,EFO_0003767,INDICATION,
CHEMBL1201581,EFO_0003778,INDICATION,
CHEMBL1201581,EFO_0003780,INDICATION,
CHEMBL1201581,EFO_0003872,INDICATION,
CHEMBL1201581,EFO_0003898,INDICATION,
CHEMBL1201581,EFO_0004220,INDICATION,
CHEMBL1201581,EFO_0004232,INDICATION,
CHEMBL1201581,EFO_0004246,INDICATION,
CHEMBL1201581,EFO_0004276,INDICATION,
CHEMBL1201581,EFO_0004599,INDICATION,
CHEMBL1201581,EFO_0004683,INDICATION,
CHEMBL1201581,EFO_0004775,INDICATION,
CHEMBL1201581,EFO_0005297,INDICATION,
CHEMBL1201581,EFO_0007168,INDICATION,
CHEMBL1201581,EFO_0007460,INDICATION,
CHEMBL1201581,EFO_0007527,INDICATION,
CHEMBL1201581,EFO_0008518,INDICATION,
CHEMBL1201581,EFO_1000710,INDICATION,
CHEMBL1201581,EFO_1000747,INDICATION,
CHEMBL1201581,EFO_1000749,INDICATION,
CHEMBL1201581,EFO_1000784,INDICATION,
CHEMBL1201581,EFO_1001209,INDICATION,
CHEMBL1201581,EFO_1001857,INDICATION,
CHEMBL1201581,MONDO_0001718,INDICATION,
CHEMBL1201581,MONDO_0004985,INDICATION,
CHEMBL1201581,MONDO_0005041,INDICATION,
CHEMBL1201581,MONDO_0005147,INDICATION,
CHEMBL1201581,MONDO_0005178,INDICATION,
CHEMBL1201581,MONDO_0008903,INDICATION,
CHEMBL1201581,MONDO_0013730,INDICATION,
CHEMBL1201581,MONDO_0018305,INDICATION,
CHEMBL1201581,MONDO_0019338,INDICATION,
CHEMBL1201581,MONDO_0100096,INDICATION,
CHEMBL1201583,EFO_0000095,INDICATION,
CHEMBL1201583,EFO_0000096,INDICATION,
CHEMBL1201583,EFO_0000174,INDICATION,
CHEMBL1201583,EFO_0000178,INDICATION,
CHEMBL1201583,EFO_0000181,INDICATION,
CHEMBL1201583,EFO_0000182,INDICATION,
CHEMBL1201583,EFO_0000183,INDICATION,
CHEMBL1201583,EFO_0000196,INDICATION,
CHEMBL1201583,EFO_0000198,INDICATION,
CHEMBL1201583,EFO_0000228,INDICATION,
CHEMBL1201583,EFO_0000232,INDICATION,
CHEMBL1201583,EFO_0000248,INDICATION,
CHEMBL1201583,EFO_0000272,INDICATION,
CHEMBL1201583,EFO_0000305,INDICATION,
CHEMBL1201583,EFO_0000313,INDICATION,
CHEMBL1201583,EFO_0000326,INDICATION,
CHEMBL1201583,EFO_0000335,INDICATION,
CHEMBL1201583,EFO_0000339,INDICATION,
CHEMBL1201583,EFO_0000348,INDICATION,
CHEMBL1201583,EFO_0000349,INDICATION,
CHEMBL1201583,EFO_0000365,INDICATION,
CHEMBL1201583,EFO_0000389,INDICATION,
CHEMBL1201583,EFO_0000403,INDICATION,
CHEMBL1201583,EFO_0000466,INDICATION,
CHEMBL1201583,EFO_0000503,INDICATION,
CHEMBL1201583,EFO_0000514,INDICATION,
CHEMBL1201583,EFO_0000519,INDICATION,
CHEMBL1201583,EFO_0000558,INDICATION,
CHEMBL1201583,EFO_0000564,INDICATION,
CHEMBL1201583,EFO_0000565,INDICATION,
CHEMBL1201583,EFO_0000569,INDICATION,
CHEMBL1201583,EFO_0000571,INDICATION,
CHEMBL1201583,EFO_0000574,INDICATION,
CHEMBL1201583,EFO_0000588,INDICATION,
CHEMBL1201583,EFO_0000616,INDICATION,
CHEMBL1201583,EFO_0000621,INDICATION,
CHEMBL1201583,EFO_0000630,INDICATION,
CHEMBL1201583,EFO_0000632,INDICATION,
CHEMBL1201583,EFO_0000640,INDICATION,
CHEMBL1201583,EFO_0000673,INDICATION,
CHEMBL1201583,EFO_0000678,INDICATION,
CHEMBL1201583,EFO_0000681,INDICATION,
CHEMBL1201583,EFO_0000691,INDICATION,
CHEMBL1201583,EFO_0000694,INDICATION,
CHEMBL1201583,EFO_0000698,INDICATION,
CHEMBL1201583,EFO_0000702,INDICATION,
CHEMBL1201583,EFO_0000707,INDICATION,
CHEMBL1201583,EFO_0000756,INDICATION,
CHEMBL1201583,EFO_0000760,INDICATION,
CHEMBL1201583,EFO_0000770,INDICATION,
CHEMBL1201583,EFO_0001061,INDICATION,
CHEMBL1201583,EFO_0001065,INDICATION,
CHEMBL1201583,EFO_0001075,INDICATION,
CHEMBL1201583,EFO_0001365,INDICATION,
CHEMBL1201583,EFO_0001376,INDICATION,
CHEMBL1201583,EFO_0001378,INDICATION,
CHEMBL1201583,EFO_0001416,INDICATION,
CHEMBL1201583,EFO_0001642,INDICATION,
CHEMBL1201583,EFO_0002087,INDICATION,
CHEMBL1201583,EFO_0002499,INDICATION,
CHEMBL1201583,EFO_0002501,INDICATION,
CHEMBL1201583,EFO_0002617,INDICATION,
CHEMBL1201583,EFO_0002618,INDICATION,
CHEMBL1201583,EFO_0002892,INDICATION,
CHEMBL1201583,EFO_0002893,INDICATION,
CHEMBL1201583,EFO_0002916,INDICATION,
CHEMBL1201583,EFO_0002918,INDICATION,
CHEMBL1201583,EFO_0002939,INDICATION,
CHEMBL1201583,EFO_0003016,INDICATION,
CHEMBL1201583,EFO_0003050,INDICATION,
CHEMBL1201583,EFO_0003060,INDICATION,
CHEMBL1201583,EFO_0003106,INDICATION,
CHEMBL1201583,EFO_0003770,INDICATION,
CHEMBL1201583,EFO_0003828,INDICATION,
CHEMBL1201583,EFO_0003833,INDICATION,
CHEMBL1201583,EFO_0003839,INDICATION,
CHEMBL1201583,EFO_0003860,INDICATION,
CHEMBL1201583,EFO_0003869,INDICATION,
CHEMBL1201583,EFO_0003884,INDICATION,
CHEMBL1201583,EFO_0003893,INDICATION,
CHEMBL1201583,EFO_0003968,INDICATION,
CHEMBL1201583,EFO_0004142,INDICATION,
CHEMBL1201583,EFO_0004212,INDICATION,
CHEMBL1201583,EFO_0004243,INDICATION,
CHEMBL1201583,EFO_0004251,INDICATION,
CHEMBL1201583,EFO_0004252,INDICATION,
CHEMBL1201583,EFO_0004256,INDICATION,
CHEMBL1201583,EFO_0004264,INDICATION,
CHEMBL1201583,EFO_0004284,INDICATION,
CHEMBL1201583,EFO_0004288,INDICATION,
CHEMBL1201583,EFO_0004683,INDICATION,
CHEMBL1201583,EFO_0005221,INDICATION,
CHEMBL1201583,EFO_0005537,INDICATION,
CHEMBL1201583,EFO_0005543,INDICATION,
CHEMBL1201583,EFO_0005567,INDICATION,
CHEMBL1201583,EFO_0005577,INDICATION,
CHEMBL1201583,EFO_0005753,INDICATION,
CHEMBL1201583,EFO_0005773,INDICATION,
CHEMBL1201583,EFO_0005952,INDICATION,
CHEMBL1201583,EFO_0006772,INDICATION,
CHEMBL1201583,EFO_0006859,INDICATION,
CHEMBL1201583,EFO_0006861,INDICATION,
CHEMBL1201583,EFO_0007143,INDICATION,
CHEMBL1201583,EFO_0007224,INDICATION,
CHEMBL1201583,EFO_0007416,INDICATION,
CHEMBL1201583,EFO_0007532,INDICATION,
CHEMBL1201583,EFO_0008528,INDICATION,
CHEMBL1201583,EFO_0008626,INDICATION,
CHEMBL1201583,EFO_0009448,INDICATION,
CHEMBL1201583,EFO_0009606,INDICATION,
CHEMBL1201583,EFO_0009637,INDICATION,
CHEMBL1201583,EFO_0009708,INDICATION,
CHEMBL1201583,EFO_0009784,INDICATION,
CHEMBL1201583,EFO_0010282,INDICATION,
CHEMBL1201583,EFO_1000026,INDICATION,
CHEMBL1201583,EFO_1000028,INDICATION,
CHEMBL1201583,EFO_1000043,INDICATION,
CHEMBL1201583,EFO_1000052,INDICATION,
CHEMBL1201583,EFO_1000158,INDICATION,
CHEMBL1201583,EFO_1000251,INDICATION,
CHEMBL1201583,EFO_1000475,INDICATION,
CHEMBL1201583,EFO_1000581,INDICATION,
CHEMBL1201583,EFO_1000613,INDICATION,
CHEMBL1201583,EFO_1000657,INDICATION,
CHEMBL1201583,EFO_1000783,INDICATION,
CHEMBL1201583,EFO_1000796,INDICATION,
CHEMBL1201583,EFO_1000809,INDICATION,
CHEMBL1201583,EFO_1000823,INDICATION,
CHEMBL1201583,EFO_1000880,INDICATION,
CHEMBL1201583,EFO_1000895,INDICATION,
CHEMBL1201583,EFO_1000984,INDICATION,
CHEMBL1201583,EFO_1001100,INDICATION,
CHEMBL1201583,EFO_1001111,INDICATION,
CHEMBL1201583,EFO_1001157,INDICATION,
CHEMBL1201583,EFO_1001158,INDICATION,
CHEMBL1201583,EFO_1001187,INDICATION,
CHEMBL1201583,EFO_1001231,INDICATION,
CHEMBL1201583,EFO_1001465,INDICATION,
CHEMBL1201583,EFO_1001469,INDICATION,
CHEMBL1201583,EFO_1001471,INDICATION,
CHEMBL1201583,EFO_1001512,INDICATION,
CHEMBL1201583,EFO_1001513,INDICATION,
CHEMBL1201583,EFO_1001901,INDICATION,
CHEMBL1201583,EFO_1001949,INDICATION,
CHEMBL1201583,EFO_1001951,INDICATION,
CHEMBL1201583,EFO_1001961,INDICATION,
CHEMBL1201583,EFO_1001968,INDICATION,
CHEMBL1201583,MONDO_0001056,INDICATION,
CHEMBL1201583,MONDO_0001187,INDICATION,
CHEMBL1201583,MONDO_0001280,INDICATION,
CHEMBL1201583,MONDO_0001576,INDICATION,
CHEMBL1201583,MONDO_0001657,INDICATION,
CHEMBL1201583,MONDO_0002087,INDICATION,
CHEMBL1201583,MONDO_0002108,INDICATION,
CHEMBL1201583,MONDO_0002120,INDICATION,
CHEMBL1201583,MONDO_0002158,INDICATION,
CHEMBL1201583,MONDO_0002363,INDICATION,
CHEMBL1201583,MONDO_0002367,INDICATION,
CHEMBL1201583,MONDO_0002691,INDICATION,
CHEMBL1201583,MONDO_0002974,INDICATION,
CHEMBL1201583,MONDO_0002989,INDICATION,
CHEMBL1201583,MONDO_0003005,INDICATION,
CHEMBL1201583,MONDO_0003060,INDICATION,
CHEMBL1201583,MONDO_0003268,INDICATION,
CHEMBL1201583,MONDO_0004992,INDICATION,
CHEMBL1201583,MONDO_0005041,INDICATION,
CHEMBL1201583,MONDO_0005184,INDICATION,
CHEMBL1201583,MONDO_0005411,INDICATION,
CHEMBL1201583,MONDO_0005575,INDICATION,
CHEMBL1201583,MONDO_0005835,INDICATION,
CHEMBL1201583,MONDO_0007254,INDICATION,
CHEMBL1201583,MONDO_0007576,INDICATION,
CHEMBL1201583,MONDO_0007935,INDICATION,
CHEMBL1201583,MONDO_0008170,INDICATION,
CHEMBL1201583,MONDO_0008315,INDICATION,
CHEMBL1201583,MONDO_0008667,INDICATION,
CHEMBL1201583,MONDO_0008903,INDICATION,
CHEMBL1201583,MONDO_0009937,INDICATION,
CHEMBL1201583,MONDO_0011719,INDICATION,
CHEMBL1201583,MONDO_0011962,INDICATION,
CHEMBL1201583,MONDO_0016642,INDICATION,
CHEMBL1201583,MONDO_0016700,INDICATION,
CHEMBL1201583,MONDO_0018092,INDICATION,
CHEMBL1201583,MONDO_0018271,INDICATION,
CHEMBL1201583,MONDO_0018364,INDICATION,
CHEMBL1201583,MONDO_0018906,INDICATION,
CHEMBL1201583,MONDO_0019180,INDICATION,
CHEMBL1201583,MONDO_0019297,INDICATION,
CHEMBL1201583,MONDO_0019472,INDICATION,
CHEMBL1201583,MONDO_0020634,INDICATION,
CHEMBL1201583,MONDO_0021063,INDICATION,
CHEMBL1201583,MONDO_0021632,INDICATION,
CHEMBL1201583,MONDO_0024677,INDICATION,
CHEMBL1201583,MONDO_0043510,INDICATION,
CHEMBL1201583,MONDO_0044903,INDICATION,
CHEMBL1201583,MONDO_0044937,INDICATION,
CHEMBL1201583,MONDO_0100096,INDICATION,
CHEMBL1201583,MONDO_0100342,INDICATION,
CHEMBL1201583,MP_0001845,INDICATION,
CHEMBL1201583,MP_0001914,INDICATION,
CHEMBL1201584,EFO_0000612,INDICATION,
CHEMBL1201584,EFO_0000712,INDICATION,
CHEMBL1201584,EFO_0002615,INDICATION,
CHEMBL1201584,EFO_0003913,INDICATION,
CHEMBL1201584,EFO_0008583,INDICATION,
CHEMBL1201584,EFO_0008585,INDICATION,
CHEMBL1201584,EFO_1000985,INDICATION,
CHEMBL1201584,MONDO_0005299,INDICATION,
CHEMBL1201585,EFO_0000183,INDICATION,
CHEMBL1201585,EFO_0000222,INDICATION,
CHEMBL1201585,EFO_0000228,INDICATION,
CHEMBL1201585,EFO_0000305,INDICATION,
CHEMBL1201585,EFO_0000313,INDICATION,
CHEMBL1201585,EFO_0000432,INDICATION,
CHEMBL1201585,EFO_0000501,INDICATION,
CHEMBL1201585,EFO_0000503,INDICATION,
CHEMBL1201585,EFO_0000549,INDICATION,
CHEMBL1201585,EFO_0000565,INDICATION,
CHEMBL1201585,EFO_0000616,INDICATION,
CHEMBL1201585,EFO_0000637,INDICATION,
CHEMBL1201585,EFO_0000641,INDICATION,
CHEMBL1201585,EFO_0000691,INDICATION,
CHEMBL1201585,EFO_0000701,INDICATION,
CHEMBL1201585,EFO_0001642,INDICATION,
CHEMBL1201585,EFO_0001663,INDICATION,
CHEMBL1201585,EFO_0002618,INDICATION,
CHEMBL1201585,EFO_0002916,INDICATION,
CHEMBL1201585,EFO_0003060,INDICATION,
CHEMBL1201585,EFO_0003863,INDICATION,
CHEMBL1201585,EFO_0003869,INDICATION,
CHEMBL1201585,EFO_0003891,INDICATION,
CHEMBL1201585,EFO_0003897,INDICATION,
CHEMBL1201585,EFO_0003968,INDICATION,
CHEMBL1201585,EFO_0004142,INDICATION,
CHEMBL1201585,EFO_0005221,INDICATION,
CHEMBL1201585,EFO_0005537,INDICATION,
CHEMBL1201585,EFO_0005774,INDICATION,
CHEMBL1201585,EFO_0005922,INDICATION,
CHEMBL1201585,EFO_0005952,INDICATION,
CHEMBL1201585,EFO_0006318,INDICATION,
CHEMBL1201585,EFO_0006352,INDICATION,
CHEMBL1201585,EFO_0006859,INDICATION,
CHEMBL1201585,EFO_0006861,INDICATION,
CHEMBL1201585,EFO_0007532,INDICATION,
CHEMBL1201585,EFO_0008549,INDICATION,
CHEMBL1201585,EFO_0009637,INDICATION,
CHEMBL1201585,EFO_0009708,INDICATION,
CHEMBL1201585,EFO_1000028,INDICATION,
CHEMBL1201585,EFO_1000294,INDICATION,
CHEMBL1201585,EFO_1000796,INDICATION,
CHEMBL1201585,EFO_1000984,INDICATION,
CHEMBL1201585,EFO_1001051,INDICATION,
CHEMBL1201585,EFO_1001187,INDICATION,
CHEMBL1201585,EFO_1001512,INDICATION,
CHEMBL1201585,EFO_1001951,INDICATION,
CHEMBL1201585,MONDO_0000521,INDICATION,
CHEMBL1201585,MONDO_0001056,INDICATION,
CHEMBL1201585,MONDO_0001187,INDICATION,
CHEMBL1201585,MONDO_0001370,INDICATION,
CHEMBL1201585,MONDO_0001402,INDICATION,
CHEMBL1201585,MONDO_0001528,INDICATION,
CHEMBL1201585,MONDO_0001879,INDICATION,
CHEMBL1201585,MONDO_0002087,INDICATION,
CHEMBL1201585,MONDO_0002158,INDICATION,
CHEMBL1201585,MONDO_0002974,INDICATION,
CHEMBL1201585,MONDO_0003060,INDICATION,
CHEMBL1201585,MONDO_0003196,INDICATION,
CHEMBL1201585,MONDO_0003510,INDICATION,
CHEMBL1201585,MONDO_0004192,INDICATION,
CHEMBL1201585,MONDO_0004669,INDICATION,
CHEMBL1201585,MONDO_0004986,INDICATION,
CHEMBL1201585,MONDO_0004992,INDICATION,
CHEMBL1201585,MONDO_0005411,INDICATION,
CHEMBL1201585,MONDO_0007254,INDICATION,
CHEMBL1201585,MONDO_0007576,INDICATION,
CHEMBL1201585,MONDO_0008170,INDICATION,
CHEMBL1201585,MONDO_0008315,INDICATION,
CHEMBL1201585,MONDO_0008903,INDICATION,
CHEMBL1201585,MONDO_0011962,INDICATION,
CHEMBL1201585,MONDO_0018364,INDICATION,
CHEMBL1201585,MONDO_0021165,INDICATION,
CHEMBL1201585,MONDO_0021311,INDICATION,
CHEMBL1201585,MONDO_0044926,INDICATION,
CHEMBL1201586,EFO_0000684,INDICATION,
CHEMBL1201586,EFO_0005207,INDICATION,
CHEMBL1201586,EFO_1001413,INDICATION,
CHEMBL1201586,MONDO_0019091,INDICATION,
CHEMBL1201587,EFO_0000094,INDICATION,
CHEMBL1201587,EFO_0000095,INDICATION,
CHEMBL1201587,EFO_0000096,INDICATION,
CHEMBL1201587,EFO_0000183,INDICATION,
CHEMBL1201587,EFO_0000198,INDICATION,
CHEMBL1201587,EFO_0000209,INDICATION,
CHEMBL1201587,EFO_0000211,INDICATION,
CHEMBL1201587,EFO_0000220,INDICATION,
CHEMBL1201587,EFO_0000222,INDICATION,
CHEMBL1201587,EFO_0000255,INDICATION,
CHEMBL1201587,EFO_0000384,INDICATION,
CHEMBL1201587,EFO_0000403,INDICATION,
CHEMBL1201587,EFO_0000540,INDICATION,
CHEMBL1201587,EFO_0000565,INDICATION,
CHEMBL1201587,EFO_0000574,INDICATION,
CHEMBL1201587,EFO_0000616,INDICATION,
CHEMBL1201587,EFO_0000621,INDICATION,
CHEMBL1201587,EFO_0000685,INDICATION,
CHEMBL1201587,EFO_0001378,INDICATION,
CHEMBL1201587,EFO_0001421,INDICATION,
CHEMBL1201587,EFO_0001642,INDICATION,
CHEMBL1201587,EFO_0002428,INDICATION,
CHEMBL1201587,EFO_0003086,INDICATION,
CHEMBL1201587,EFO_0003884,INDICATION,
CHEMBL1201587,EFO_0003929,INDICATION,
CHEMBL1201587,EFO_0004272,INDICATION,
CHEMBL1201587,EFO_0004289,INDICATION,
CHEMBL1201587,EFO_0004599,INDICATION,
CHEMBL1201587,EFO_0005952,INDICATION,
CHEMBL1201587,EFO_0006803,INDICATION,
CHEMBL1201587,EFO_0006927,INDICATION,
CHEMBL1201587,EFO_0007160,INDICATION,
CHEMBL1201587,EFO_0007323,INDICATION,
CHEMBL1201587,EFO_0009441,INDICATION,
CHEMBL1201587,EFO_1000560,INDICATION,
CHEMBL1201587,EFO_1000690,INDICATION,
CHEMBL1201587,EFO_1000785,INDICATION,
CHEMBL1201587,EFO_1001051,INDICATION,
CHEMBL1201587,EFO_1001257,INDICATION,
CHEMBL1201587,EFO_1001264,INDICATION,
CHEMBL1201587,EFO_1001996,INDICATION,
CHEMBL1201587,EFO_1002048,INDICATION,
CHEMBL1201587,MONDO_0000870,INDICATION,
CHEMBL1201587,MONDO_0001023,INDICATION,
CHEMBL1201587,MONDO_0002087,INDICATION,
CHEMBL1201587,MONDO_0002158,INDICATION,
CHEMBL1201587,MONDO_0002367,INDICATION,
CHEMBL1201587,MONDO_0004992,INDICATION,
CHEMBL1201587,MONDO_0005147,INDICATION,
CHEMBL1201587,MONDO_0005301,INDICATION,
CHEMBL1201587,MONDO_0008170,INDICATION,
CHEMBL1201587,MONDO_0011382,INDICATION,
CHEMBL1201587,MONDO_0013730,INDICATION,
CHEMBL1201587,MONDO_0015540,INDICATION,
CHEMBL1201587,MONDO_0015974,INDICATION,
CHEMBL1201587,MONDO_0017198,INDICATION,
CHEMBL1201587,MONDO_0018305,INDICATION,
CHEMBL1201587,MONDO_0019391,INDICATION,
CHEMBL1201587,MONDO_0019469,INDICATION,
CHEMBL1201587,MONDO_0019472,INDICATION,
CHEMBL1201587,MONDO_0021193,INDICATION,
CHEMBL1201587,MONDO_0044348,INDICATION,
CHEMBL1201587,MONDO_0044881,INDICATION,
CHEMBL1201587,Orphanet_848,INDICATION,
CHEMBL1201589,EFO_0000274,INDICATION,
CHEMBL1201589,EFO_0000341,INDICATION,
CHEMBL1201589,EFO_0000540,INDICATION,
CHEMBL1201589,EFO_0003956,INDICATION,
CHEMBL1201589,EFO_0004232,INDICATION,
CHEMBL1201589,EFO_0005531,INDICATION,
CHEMBL1201589,EFO_0005532,INDICATION,
CHEMBL1201589,EFO_0005854,INDICATION,
CHEMBL1201589,EFO_0007187,INDICATION,
CHEMBL1201589,EFO_0007369,INDICATION,
CHEMBL1201589,EFO_0007425,INDICATION,
CHEMBL1201589,EFO_0007486,INDICATION,
CHEMBL1201589,EFO_0008507,INDICATION,
CHEMBL1201589,EFO_0009482,INDICATION,
CHEMBL1201589,EFO_0009661,INDICATION,
CHEMBL1201589,EFO_1000685,INDICATION,
CHEMBL1201589,EFO_1001463,INDICATION,
CHEMBL1201589,EFO_1001881,INDICATION,
CHEMBL1201589,EFO_1001890,INDICATION,
CHEMBL1201589,MONDO_0001085,INDICATION,
CHEMBL1201589,MONDO_0004979,INDICATION,
CHEMBL1201589,MONDO_0005271,INDICATION,
CHEMBL1201589,MONDO_0007915,INDICATION,
CHEMBL1201589,MONDO_0021063,INDICATION,
CHEMBL1201589,MONDO_0100096,INDICATION,
CHEMBL1201589,Orphanet_2314,INDICATION,
CHEMBL1201591,EFO_0000232,INDICATION,
CHEMBL1201593,EFO_0000373,INDICATION,
CHEMBL1201593,EFO_0000544,INDICATION,
CHEMBL1201593,EFO_0000612,INDICATION,
CHEMBL1201593,EFO_0000616,INDICATION,
CHEMBL1201593,EFO_0000618,INDICATION,
CHEMBL1201593,EFO_0000694,INDICATION,
CHEMBL1201593,EFO_0000712,INDICATION,
CHEMBL1201593,EFO_0000713,INDICATION,
CHEMBL1201593,EFO_0001365,INDICATION,
CHEMBL1201593,EFO_0003030,INDICATION,
CHEMBL1201593,EFO_0003097,INDICATION,
CHEMBL1201593,EFO_0003144,INDICATION,
CHEMBL1201593,EFO_0003827,INDICATION,
CHEMBL1201593,EFO_0003907,INDICATION,
CHEMBL1201593,EFO_0003913,INDICATION,
CHEMBL1201593,EFO_0003966,INDICATION,
CHEMBL1201593,EFO_0005669,INDICATION,
CHEMBL1201593,EFO_0009661,INDICATION,
CHEMBL1201593,EFO_0009680,INDICATION,
CHEMBL1201593,EFO_1000637,INDICATION,
CHEMBL1201593,EFO_1001154,INDICATION,
CHEMBL1201593,EFO_1001157,INDICATION,
CHEMBL1201593,EFO_1001375,INDICATION,
CHEMBL1201593,EFO_1001753,INDICATION,
CHEMBL1201593,MONDO_0000831,INDICATION,
CHEMBL1201593,MONDO_0002679,INDICATION,
CHEMBL1201593,MONDO_0004992,INDICATION,
CHEMBL1201593,MONDO_0005299,INDICATION,
CHEMBL1201593,MONDO_0020673,INDICATION,
CHEMBL1201593,MONDO_0100096,INDICATION,
CHEMBL1201593,MP_0001914,INDICATION,
CHEMBL1201594,EFO_0000309,INDICATION,
CHEMBL1201594,EFO_0000403,INDICATION,
CHEMBL1201594,EFO_0000565,INDICATION,
CHEMBL1201594,EFO_0000574,INDICATION,
CHEMBL1201594,EFO_0003032,INDICATION,
CHEMBL1201594,EFO_0004274,INDICATION,
CHEMBL1201594,EFO_0009104,INDICATION,
CHEMBL1201594,EFO_1001479,INDICATION,
CHEMBL1201594,MONDO_0000870,INDICATION,
CHEMBL1201595,MONDO_0001586,INDICATION,
CHEMBL1201595,MONDO_0011758,INDICATION,
CHEMBL1201595,MONDO_0011759,INDICATION,
CHEMBL1201595,MONDO_0011760,INDICATION,
CHEMBL1201595,MONDO_0019249,INDICATION,
CHEMBL1201599,EFO_0000198,INDICATION,
CHEMBL1201599,EFO_0000341,INDICATION,
CHEMBL1201599,EFO_0000398,INDICATION,
CHEMBL1201599,EFO_0000404,INDICATION,
CHEMBL1201599,EFO_0000474,INDICATION,
CHEMBL1201599,EFO_0000540,INDICATION,
CHEMBL1201599,EFO_0000544,INDICATION,
CHEMBL1201599,EFO_0000565,INDICATION,
CHEMBL1201599,EFO_0000621,INDICATION,
CHEMBL1201599,EFO_0000650,INDICATION,
CHEMBL1201599,EFO_0000717,INDICATION,
CHEMBL1201599,EFO_0000764,INDICATION,
CHEMBL1201599,EFO_0000778,INDICATION,
CHEMBL1201599,EFO_0001064,INDICATION,
CHEMBL1201599,EFO_0001378,INDICATION,
CHEMBL1201599,EFO_0002950,INDICATION,
CHEMBL1201599,EFO_0003144,INDICATION,
CHEMBL1201599,EFO_0003782,INDICATION,
CHEMBL1201599,EFO_0003834,INDICATION,
CHEMBL1201599,EFO_0003884,INDICATION,
CHEMBL1201599,EFO_0003929,INDICATION,
CHEMBL1201599,EFO_0004145,INDICATION,
CHEMBL1201599,EFO_0004149,INDICATION,
CHEMBL1201599,EFO_0004246,INDICATION,
CHEMBL1201599,EFO_0004256,INDICATION,
CHEMBL1201599,EFO_0004276,INDICATION,
CHEMBL1201599,EFO_0004599,INDICATION,
CHEMBL1201599,EFO_0004719,INDICATION,
CHEMBL1201599,EFO_0004991,INDICATION,
CHEMBL1201599,EFO_0005252,INDICATION,
CHEMBL1201599,EFO_0005762,INDICATION,
CHEMBL1201599,EFO_0007160,INDICATION,
CHEMBL1201599,EFO_0007187,INDICATION,
CHEMBL1201599,EFO_0007292,INDICATION,
CHEMBL1201599,EFO_0007328,INDICATION,
CHEMBL1201599,EFO_0007332,INDICATION,
CHEMBL1201599,EFO_0007454,INDICATION,
CHEMBL1201599,EFO_0007498,INDICATION,
CHEMBL1201599,EFO_0008583,INDICATION,
CHEMBL1201599,EFO_0009538,INDICATION,
CHEMBL1201599,EFO_0009606,INDICATION,
CHEMBL1201599,EFO_0020989,INDICATION,
CHEMBL1201599,EFO_1000318,INDICATION,
CHEMBL1201599,EFO_1000749,INDICATION,
CHEMBL1201599,EFO_1000868,INDICATION,
CHEMBL1201599,EFO_1000906,INDICATION,
CHEMBL1201599,EFO_1000954,INDICATION,
CHEMBL1201599,EFO_1001050,INDICATION,
CHEMBL1201599,MONDO_0000437,INDICATION,
CHEMBL1201599,MONDO_0000465,INDICATION,
CHEMBL1201599,MONDO_0003778,INDICATION,
CHEMBL1201599,MONDO_0004975,INDICATION,
CHEMBL1201599,MONDO_0004979,INDICATION,
CHEMBL1201599,MONDO_0005301,INDICATION,
CHEMBL1201599,MONDO_0007571,INDICATION,
CHEMBL1201599,MONDO_0007915,INDICATION,
CHEMBL1201599,MONDO_0008867,INDICATION,
CHEMBL1201599,MONDO_0015517,INDICATION,
CHEMBL1201599,MONDO_0015540,INDICATION,
CHEMBL1201599,MONDO_0015977,INDICATION,
CHEMBL1201599,MONDO_0019956,INDICATION,
CHEMBL1201599,MONDO_0020077,INDICATION,
CHEMBL1201599,MONDO_0100096,INDICATION,
CHEMBL1201599,Orphanet_308,INDICATION,
CHEMBL1201600,EFO_0000544,INDICATION,
CHEMBL1201600,EFO_0007469,INDICATION,
CHEMBL1201604,EFO_0000095,INDICATION,
CHEMBL1201604,EFO_0000096,INDICATION,
CHEMBL1201604,EFO_0000574,INDICATION,
CHEMBL1201604,EFO_0005952,INDICATION,
CHEMBL1201604,EFO_1001469,INDICATION,
CHEMBL1201604,MONDO_0018906,INDICATION,
CHEMBL1201605,EFO_0000198,INDICATION,
CHEMBL1201605,EFO_0000400,INDICATION,
CHEMBL1201605,EFO_0000540,INDICATION,
CHEMBL1201605,EFO_0000565,INDICATION,
CHEMBL1201605,EFO_0000574,INDICATION,
CHEMBL1201605,EFO_0000616,INDICATION,
CHEMBL1201605,EFO_0000676,INDICATION,
CHEMBL1201605,EFO_0000729,INDICATION,
CHEMBL1201605,EFO_0000756,INDICATION,
CHEMBL1201605,EFO_0000764,INDICATION,
CHEMBL1201605,EFO_0001378,INDICATION,
CHEMBL1201605,EFO_0003086,INDICATION,
CHEMBL1201605,EFO_0003884,INDICATION,
CHEMBL1201605,EFO_0003929,INDICATION,
CHEMBL1201605,EFO_0004683,INDICATION,
CHEMBL1201605,EFO_0005297,INDICATION,
CHEMBL1201605,EFO_1001231,INDICATION,
CHEMBL1201605,MONDO_0001705,INDICATION,
CHEMBL1201605,MONDO_0004979,INDICATION,
CHEMBL1201605,MONDO_0005147,INDICATION,
CHEMBL1201605,MONDO_0005301,INDICATION,
CHEMBL1201605,MONDO_0013730,INDICATION,
CHEMBL1201605,MONDO_0018923,INDICATION,
CHEMBL1201606,EFO_0000095,INDICATION,
CHEMBL1201606,EFO_0000096,INDICATION,
CHEMBL1201606,EFO_0000183,INDICATION,
CHEMBL1201606,EFO_0000191,INDICATION,
CHEMBL1201606,EFO_0000309,INDICATION,
CHEMBL1201606,EFO_0000403,INDICATION,
CHEMBL1201606,EFO_0000565,INDICATION,
CHEMBL1201606,EFO_0000574,INDICATION,
CHEMBL1201606,EFO_0001378,INDICATION,
CHEMBL1201606,EFO_0005952,INDICATION,
CHEMBL1201606,EFO_0009441,INDICATION,
CHEMBL1201606,EFO_1001365,INDICATION,
CHEMBL1201606,EFO_1001469,INDICATION,
CHEMBL1201606,MONDO_0000873,INDICATION,
CHEMBL1201606,MONDO_0013730,INDICATION,
CHEMBL1201606,MONDO_0018906,INDICATION,
CHEMBL1201607,EFO_0000384,INDICATION,
CHEMBL1201607,EFO_0000540,INDICATION,
CHEMBL1201607,EFO_0000637,INDICATION,
CHEMBL1201607,EFO_0000685,INDICATION,
CHEMBL1201607,EFO_0001378,INDICATION,
CHEMBL1201607,EFO_0003929,INDICATION,
CHEMBL1201607,EFO_0004599,INDICATION,
CHEMBL1201607,EFO_0007323,INDICATION,
CHEMBL1201607,EFO_0008520,INDICATION,
CHEMBL1201607,EFO_0008522,INDICATION,
CHEMBL1201607,MONDO_0005090,INDICATION,
CHEMBL1201607,MONDO_0005301,INDICATION,
CHEMBL1201607,MONDO_0011382,INDICATION,
CHEMBL1201607,MONDO_0013730,INDICATION,
CHEMBL1201607,MP_0001845,INDICATION,
CHEMBL1201608,EFO_0000389,INDICATION,
CHEMBL1201608,EFO_0000540,INDICATION,
CHEMBL1201608,EFO_0000616,INDICATION,
CHEMBL1201608,EFO_0000729,INDICATION,
CHEMBL1201608,EFO_0000756,INDICATION,
CHEMBL1201608,EFO_0003865,INDICATION,
CHEMBL1201608,EFO_1000158,INDICATION,
CHEMBL1201608,EFO_1001249,INDICATION,
CHEMBL1201608,MONDO_0002367,INDICATION,
CHEMBL1201608,MONDO_0004992,INDICATION,
CHEMBL1201610,EFO_0000398,INDICATION,
CHEMBL1201610,EFO_0000401,INDICATION,
CHEMBL1201610,EFO_0000474,INDICATION,
CHEMBL1201610,EFO_0000660,INDICATION,
CHEMBL1201610,EFO_0000685,INDICATION,
CHEMBL1201610,EFO_0003086,INDICATION,
CHEMBL1201610,EFO_0003884,INDICATION,
CHEMBL1201610,EFO_0003929,INDICATION,
CHEMBL1201610,EFO_0004254,INDICATION,
CHEMBL1201610,EFO_0004255,INDICATION,
CHEMBL1201610,EFO_0007405,INDICATION,
CHEMBL1201610,EFO_0008520,INDICATION,
CHEMBL1201610,EFO_0008522,INDICATION,
CHEMBL1201610,EFO_1001129,INDICATION,
CHEMBL1201610,EFO_1001231,INDICATION,
CHEMBL1201610,MONDO_0001718,INDICATION,
CHEMBL1201610,MONDO_0002462,INDICATION,
CHEMBL1201610,MONDO_0004976,INDICATION,
CHEMBL1201610,MONDO_0005277,INDICATION,
CHEMBL1201610,MONDO_0005301,INDICATION,
CHEMBL1201610,MONDO_0018097,INDICATION,
CHEMBL1201610,MONDO_0019338,INDICATION,
CHEMBL1201611,EFO_0000400,INDICATION,
CHEMBL1201611,MONDO_0005148,INDICATION,
CHEMBL1201613,EFO_0000400,INDICATION,
CHEMBL1201613,EFO_0001064,INDICATION,
CHEMBL1201613,EFO_0008583,INDICATION,
CHEMBL1201613,MONDO_0004975,INDICATION,
CHEMBL1201613,MONDO_0005147,INDICATION,
CHEMBL1201613,MONDO_0005148,INDICATION,
CHEMBL1201616,EFO_0003758,INDICATION,
CHEMBL1201619,EFO_0000278,INDICATION,
CHEMBL1201619,MONDO_0007254,INDICATION,
CHEMBL1201619,MP_0001914,INDICATION,
CHEMBL1201621,EFO_0000180,INDICATION,
CHEMBL1201621,EFO_0000319,INDICATION,
CHEMBL1201621,EFO_0000384,INDICATION,
CHEMBL1201621,EFO_0000400,INDICATION,
CHEMBL1201621,EFO_0000495,INDICATION,
CHEMBL1201621,EFO_0000545,INDICATION,
CHEMBL1201621,EFO_0000764,INDICATION,
CHEMBL1201621,EFO_0001073,INDICATION,
CHEMBL1201621,EFO_0001379,INDICATION,
CHEMBL1201621,EFO_0001380,INDICATION,
CHEMBL1201621,EFO_0001422,INDICATION,
CHEMBL1201621,EFO_0003095,INDICATION,
CHEMBL1201621,EFO_0003144,INDICATION,
CHEMBL1201621,EFO_0003884,INDICATION,
CHEMBL1201621,EFO_0003944,INDICATION,
CHEMBL1201621,EFO_0004616,INDICATION,
CHEMBL1201621,EFO_0007312,INDICATION,
CHEMBL1201621,EFO_0008525,INDICATION,
CHEMBL1201621,EFO_0008560,INDICATION,
CHEMBL1201621,EFO_0009516,INDICATION,
CHEMBL1201621,EFO_0009607,INDICATION,
CHEMBL1201621,EFO_0700081,INDICATION,
CHEMBL1201621,EFO_1000653,INDICATION,
CHEMBL1201621,EFO_1001109,INDICATION,
CHEMBL1201621,EFO_1001434,INDICATION,
CHEMBL1201621,EFO_1001919,INDICATION,
CHEMBL1201621,MONDO_0001967,INDICATION,
CHEMBL1201621,MONDO_0004976,INDICATION,
CHEMBL1201621,MONDO_0007078,INDICATION,
CHEMBL1201621,MONDO_0007793,INDICATION,
CHEMBL1201621,MONDO_0008300,INDICATION,
CHEMBL1201621,MONDO_0009061,INDICATION,
CHEMBL1201621,MONDO_0009661,INDICATION,
CHEMBL1201621,MONDO_0010674,INDICATION,
CHEMBL1201621,MONDO_0015183,INDICATION,
CHEMBL1201621,MONDO_0015514,INDICATION,
CHEMBL1201621,MONDO_0018997,INDICATION,
CHEMBL1201621,MONDO_0019019,INDICATION,
CHEMBL1201621,MONDO_0019499,INDICATION,
CHEMBL1201621,MONDO_0043510,INDICATION,
CHEMBL1201621,Orphanet_269,INDICATION,
CHEMBL1201621,Orphanet_665,INDICATION,
CHEMBL1201622,EFO_0000694,INDICATION,
CHEMBL1201622,EFO_0003818,INDICATION,
CHEMBL1201622,EFO_1000637,INDICATION,
CHEMBL1201622,EFO_1000644,INDICATION,
CHEMBL1201622,MONDO_0004933,INDICATION,
CHEMBL1201622,MONDO_0100096,INDICATION,
CHEMBL1201624,EFO_0003818,INDICATION,
CHEMBL1201624,EFO_1000637,INDICATION,
CHEMBL1201624,EFO_1000644,INDICATION,
CHEMBL1201625,EFO_0000319,INDICATION,
CHEMBL1201625,EFO_0000612,INDICATION,
CHEMBL1201625,EFO_0003073,INDICATION,
CHEMBL1201625,EFO_0003086,INDICATION,
CHEMBL1201625,EFO_0004237,INDICATION,
CHEMBL1201625,EFO_0004255,INDICATION,
CHEMBL1201625,EFO_0004705,INDICATION,
CHEMBL1201625,EFO_0004911,INDICATION,
CHEMBL1201625,EFO_1001375,INDICATION,
CHEMBL1201625,MONDO_0005301,INDICATION,
CHEMBL1201625,Orphanet_309005,INDICATION,
CHEMBL1201627,EFO_0000537,INDICATION,
CHEMBL1201627,EFO_0001645,INDICATION,
CHEMBL1201627,EFO_0003914,INDICATION,
CHEMBL1201627,MONDO_0005148,INDICATION,
CHEMBL1201629,EFO_0000400,INDICATION,
CHEMBL1201630,EFO_0000400,INDICATION,
CHEMBL1201631,EFO_0000373,INDICATION,
CHEMBL1201631,EFO_0000400,INDICATION,
CHEMBL1201631,EFO_0000401,INDICATION,
CHEMBL1201631,EFO_0000537,INDICATION,
CHEMBL1201631,EFO_0000546,INDICATION,
CHEMBL1201631,EFO_0000612,INDICATION,
CHEMBL1201631,EFO_0000712,INDICATION,
CHEMBL1201631,EFO_0001073,INDICATION,
CHEMBL1201631,EFO_0001358,INDICATION,
CHEMBL1201631,EFO_0001645,INDICATION,
CHEMBL1201631,EFO_0002614,INDICATION,
CHEMBL1201631,EFO_0003095,INDICATION,
CHEMBL1201631,EFO_0003768,INDICATION,
CHEMBL1201631,EFO_0003840,INDICATION,
CHEMBL1201631,EFO_0003843,INDICATION,
CHEMBL1201631,EFO_0003914,INDICATION,
CHEMBL1201631,EFO_0003917,INDICATION,
CHEMBL1201631,EFO_0003929,INDICATION,
CHEMBL1201631,EFO_0004143,INDICATION,
CHEMBL1201631,EFO_0004593,INDICATION,
CHEMBL1201631,EFO_0005672,INDICATION,
CHEMBL1201631,EFO_0006834,INDICATION,
CHEMBL1201631,EFO_0007430,INDICATION,
CHEMBL1201631,EFO_0008583,INDICATION,
CHEMBL1201631,EFO_0009267,INDICATION,
CHEMBL1201631,EFO_0009492,INDICATION,
CHEMBL1201631,EFO_0009516,INDICATION,
CHEMBL1201631,EFO_1000653,INDICATION,
CHEMBL1201631,EFO_1000783,INDICATION,
CHEMBL1201631,EFO_1000906,INDICATION,
CHEMBL1201631,EFO_1000985,INDICATION,
CHEMBL1201631,EFO_1001050,INDICATION,
CHEMBL1201631,MONDO_0002009,INDICATION,
CHEMBL1201631,MONDO_0002146,INDICATION,
CHEMBL1201631,MONDO_0004985,INDICATION,
CHEMBL1201631,MONDO_0005041,INDICATION,
CHEMBL1201631,MONDO_0005090,INDICATION,
CHEMBL1201631,MONDO_0005147,INDICATION,
CHEMBL1201631,MONDO_0005148,INDICATION,
CHEMBL1201631,MONDO_0005180,INDICATION,
CHEMBL1201631,MONDO_0018555,INDICATION,
CHEMBL1201631,MONDO_0021187,INDICATION,
CHEMBL1201631,MONDO_0100096,INDICATION,
CHEMBL1201632,MONDO_0002280,INDICATION,
CHEMBL1201632,MONDO_0018150,INDICATION,
CHEMBL1201632,Orphanet_77259,INDICATION,
CHEMBL1201632,Orphanet_77261,INDICATION,
CHEMBL1201636,EFO_0000095,INDICATION,
CHEMBL1201636,EFO_0000096,INDICATION,
CHEMBL1201636,EFO_0000183,INDICATION,
CHEMBL1201636,EFO_0000209,INDICATION,
CHEMBL1201636,EFO_0000389,INDICATION,
CHEMBL1201636,EFO_0000403,INDICATION,
CHEMBL1201636,EFO_0000612,INDICATION,
CHEMBL1201636,EFO_0001378,INDICATION,
CHEMBL1201636,EFO_0001663,INDICATION,
CHEMBL1201636,EFO_0003060,INDICATION,
CHEMBL1201636,EFO_0003843,INDICATION,
CHEMBL1201636,EFO_0005558,INDICATION,
CHEMBL1201636,EFO_0005762,INDICATION,
CHEMBL1201636,EFO_1000941,INDICATION,
CHEMBL1201636,EFO_1001375,INDICATION,
CHEMBL1201636,EFO_1001466,INDICATION,
CHEMBL1201636,EFO_1001469,INDICATION,
CHEMBL1201636,MONDO_0004992,INDICATION,
CHEMBL1201636,MONDO_0005147,INDICATION,
CHEMBL1201636,MONDO_0005271,INDICATION,
CHEMBL1201636,MONDO_0007254,INDICATION,
CHEMBL1201636,MONDO_0018906,INDICATION,
CHEMBL1201637,EFO_0000342,INDICATION,
CHEMBL1201644,EFO_0000400,INDICATION,
CHEMBL1201645,EFO_0004272,INDICATION,
CHEMBL1201646,EFO_0000195,INDICATION,
CHEMBL1201646,EFO_0001073,INDICATION,
CHEMBL1201646,EFO_1001463,INDICATION,
CHEMBL1201646,Orphanet_733,INDICATION,
CHEMBL1201648,EFO_0008572,INDICATION,
CHEMBL1201649,EFO_0000400,INDICATION,
CHEMBL1201649,EFO_0000537,INDICATION,
CHEMBL1201649,EFO_0000612,INDICATION,
CHEMBL1201649,EFO_0000712,INDICATION,
CHEMBL1201649,EFO_0001072,INDICATION,
CHEMBL1201649,EFO_0001645,INDICATION,
CHEMBL1201649,EFO_0001663,INDICATION,
CHEMBL1201649,EFO_0002687,INDICATION,
CHEMBL1201649,EFO_0003854,INDICATION,
CHEMBL1201649,EFO_0003869,INDICATION,
CHEMBL1201649,EFO_0003882,INDICATION,
CHEMBL1201649,EFO_0004266,INDICATION,
CHEMBL1201649,EFO_0004288,INDICATION,
CHEMBL1201649,EFO_0008507,INDICATION,
CHEMBL1201649,EFO_1000096,INDICATION,
CHEMBL1201649,EFO_1000781,INDICATION,
CHEMBL1201649,EFO_1000985,INDICATION,
CHEMBL1201649,EFO_1001375,INDICATION,
CHEMBL1201649,MONDO_0000831,INDICATION,
CHEMBL1201649,MONDO_0001410,INDICATION,
CHEMBL1201649,MONDO_0002146,INDICATION,
CHEMBL1201649,MONDO_0004975,INDICATION,
CHEMBL1201649,MONDO_0005351,INDICATION,
CHEMBL1201649,MONDO_0007254,INDICATION,
CHEMBL1201649,MONDO_0007915,INDICATION,
CHEMBL1201649,MONDO_0008315,INDICATION,
CHEMBL1201649,MONDO_0011962,INDICATION,
CHEMBL1201649,MONDO_0019499,INDICATION,
CHEMBL1201649,MONDO_0043510,INDICATION,
CHEMBL1201650,MONDO_0002108,INDICATION,
CHEMBL1201657,EFO_0000266,INDICATION,
CHEMBL1201657,EFO_0000275,INDICATION,
CHEMBL1201657,EFO_0000319,INDICATION,
CHEMBL1201657,EFO_0000365,INDICATION,
CHEMBL1201657,EFO_0000544,INDICATION,
CHEMBL1201657,EFO_0000545,INDICATION,
CHEMBL1201657,EFO_0000546,INDICATION,
CHEMBL1201657,EFO_0000612,INDICATION,
CHEMBL1201657,EFO_0000616,INDICATION,
CHEMBL1201657,EFO_0000668,INDICATION,
CHEMBL1201657,EFO_0000694,INDICATION,
CHEMBL1201657,EFO_0000712,INDICATION,
CHEMBL1201657,EFO_0000713,INDICATION,
CHEMBL1201657,EFO_0000771,INDICATION,
CHEMBL1201657,EFO_0001073,INDICATION,
CHEMBL1201657,EFO_0001645,INDICATION,
CHEMBL1201657,EFO_0002950,INDICATION,
CHEMBL1201657,EFO_0003033,INDICATION,
CHEMBL1201657,EFO_0003060,INDICATION,
CHEMBL1201657,EFO_0003103,INDICATION,
CHEMBL1201657,EFO_0003106,INDICATION,
CHEMBL1201657,EFO_0003777,INDICATION,
CHEMBL1201657,EFO_0003827,INDICATION,
CHEMBL1201657,EFO_0003884,INDICATION,
CHEMBL1201657,EFO_0003907,INDICATION,
CHEMBL1201657,EFO_0003913,INDICATION,
CHEMBL1201657,EFO_0003964,INDICATION,
CHEMBL1201657,EFO_0004286,INDICATION,
CHEMBL1201657,EFO_0004610,INDICATION,
CHEMBL1201657,EFO_0005672,INDICATION,
CHEMBL1201657,EFO_0006834,INDICATION,
CHEMBL1201657,EFO_0008507,INDICATION,
CHEMBL1201657,EFO_0008583,INDICATION,
CHEMBL1201657,EFO_0008585,INDICATION,
CHEMBL1201657,EFO_0009516,INDICATION,
CHEMBL1201657,EFO_1000637,INDICATION,
CHEMBL1201657,EFO_1000985,INDICATION,
CHEMBL1201657,EFO_1001129,INDICATION,
CHEMBL1201657,EFO_1001375,INDICATION,
CHEMBL1201657,EFO_1001904,INDICATION,
CHEMBL1201657,EFO_1001951,INDICATION,
CHEMBL1201657,EFO_1002048,INDICATION,
CHEMBL1201657,MONDO_0000831,INDICATION,
CHEMBL1201657,MONDO_0002243,INDICATION,
CHEMBL1201657,MONDO_0004992,INDICATION,
CHEMBL1201657,MONDO_0005147,INDICATION,
CHEMBL1201657,MONDO_0005148,INDICATION,
CHEMBL1201657,MONDO_0021148,INDICATION,
CHEMBL1201657,MONDO_0100096,INDICATION,
CHEMBL1201657,MP_0001914,INDICATION,
CHEMBL1201662,EFO_0003907,INDICATION,
CHEMBL1201666,MONDO_0000831,INDICATION,
CHEMBL1201666,MONDO_0008903,INDICATION,
CHEMBL1201668,EFO_0000318,INDICATION,
CHEMBL1201668,EFO_0000319,INDICATION,
CHEMBL1201668,EFO_0000373,INDICATION,
CHEMBL1201668,EFO_0000400,INDICATION,
CHEMBL1201668,EFO_0000537,INDICATION,
CHEMBL1201668,EFO_0000612,INDICATION,
CHEMBL1201668,EFO_0000701,INDICATION,
CHEMBL1201668,EFO_0000756,INDICATION,
CHEMBL1201668,EFO_0001073,INDICATION,
CHEMBL1201668,EFO_0003086,INDICATION,
CHEMBL1201668,EFO_0003144,INDICATION,
CHEMBL1201668,EFO_0005672,INDICATION,
CHEMBL1201668,EFO_0008583,INDICATION,
CHEMBL1201668,EFO_1002048,INDICATION,
CHEMBL1201670,EFO_0000095,INDICATION,
CHEMBL1201670,EFO_0000180,INDICATION,
CHEMBL1201670,EFO_0000181,INDICATION,
CHEMBL1201670,EFO_0000182,INDICATION,
CHEMBL1201670,EFO_0000183,INDICATION,
CHEMBL1201670,EFO_0000198,INDICATION,
CHEMBL1201670,EFO_0000199,INDICATION,
CHEMBL1201670,EFO_0000220,INDICATION,
CHEMBL1201670,EFO_0000222,INDICATION,
CHEMBL1201670,EFO_0000228,INDICATION,
CHEMBL1201670,EFO_0000309,INDICATION,
CHEMBL1201670,EFO_0000313,INDICATION,
CHEMBL1201670,EFO_0000339,INDICATION,
CHEMBL1201670,EFO_0000384,INDICATION,
CHEMBL1201670,EFO_0000389,INDICATION,
CHEMBL1201670,EFO_0000403,INDICATION,
CHEMBL1201670,EFO_0000432,INDICATION,
CHEMBL1201670,EFO_0000466,INDICATION,
CHEMBL1201670,EFO_0000502,INDICATION,
CHEMBL1201670,EFO_0000519,INDICATION,
CHEMBL1201670,EFO_0000544,INDICATION,
CHEMBL1201670,EFO_0000565,INDICATION,
CHEMBL1201670,EFO_0000574,INDICATION,
CHEMBL1201670,EFO_0000616,INDICATION,
CHEMBL1201670,EFO_0000621,INDICATION,
CHEMBL1201670,EFO_0000637,INDICATION,
CHEMBL1201670,EFO_0000649,INDICATION,
CHEMBL1201670,EFO_0000673,INDICATION,
CHEMBL1201670,EFO_0000681,INDICATION,
CHEMBL1201670,EFO_0000685,INDICATION,
CHEMBL1201670,EFO_0000691,INDICATION,
CHEMBL1201670,EFO_0000694,INDICATION,
CHEMBL1201670,EFO_0000756,INDICATION,
CHEMBL1201670,EFO_0000764,INDICATION,
CHEMBL1201670,EFO_0001064,INDICATION,
CHEMBL1201670,EFO_0001075,INDICATION,
CHEMBL1201670,EFO_0001378,INDICATION,
CHEMBL1201670,EFO_0001663,INDICATION,
CHEMBL1201670,EFO_0002428,INDICATION,
CHEMBL1201670,EFO_0002617,INDICATION,
CHEMBL1201670,EFO_0002618,INDICATION,
CHEMBL1201670,EFO_0002918,INDICATION,
CHEMBL1201670,EFO_0003060,INDICATION,
CHEMBL1201670,EFO_0003086,INDICATION,
CHEMBL1201670,EFO_0003811,INDICATION,
CHEMBL1201670,EFO_0003833,INDICATION,
CHEMBL1201670,EFO_0003869,INDICATION,
CHEMBL1201670,EFO_0003891,INDICATION,
CHEMBL1201670,EFO_0003893,INDICATION,
CHEMBL1201670,EFO_0003921,INDICATION,
CHEMBL1201670,EFO_0004142,INDICATION,
CHEMBL1201670,EFO_0004239,INDICATION,
CHEMBL1201670,EFO_0004265,INDICATION,
CHEMBL1201670,EFO_0004991,INDICATION,
CHEMBL1201670,EFO_0005046,INDICATION,
CHEMBL1201670,EFO_0005537,INDICATION,
CHEMBL1201670,EFO_0005543,INDICATION,
CHEMBL1201670,EFO_0005952,INDICATION,
CHEMBL1201670,EFO_0006475,INDICATION,
CHEMBL1201670,EFO_0006861,INDICATION,
CHEMBL1201670,EFO_0009708,INDICATION,
CHEMBL1201670,EFO_1000043,INDICATION,
CHEMBL1201670,EFO_1000158,INDICATION,
CHEMBL1201670,EFO_1000251,INDICATION,
CHEMBL1201670,EFO_1000657,INDICATION,
CHEMBL1201670,EFO_1000984,INDICATION,
CHEMBL1201670,EFO_1001042,INDICATION,
CHEMBL1201670,EFO_1001302,INDICATION,
CHEMBL1201670,EFO_1001465,INDICATION,
CHEMBL1201670,EFO_1001469,INDICATION,
CHEMBL1201670,EFO_1001951,INDICATION,
CHEMBL1201670,MONDO_0001056,INDICATION,
CHEMBL1201670,MONDO_0001187,INDICATION,
CHEMBL1201670,MONDO_0001437,INDICATION,
CHEMBL1201670,MONDO_0001475,INDICATION,
CHEMBL1201670,MONDO_0002087,INDICATION,
CHEMBL1201670,MONDO_0002158,INDICATION,
CHEMBL1201670,MONDO_0002367,INDICATION,
CHEMBL1201670,MONDO_0002691,INDICATION,
CHEMBL1201670,MONDO_0004643,INDICATION,
CHEMBL1201670,MONDO_0004975,INDICATION,
CHEMBL1201670,MONDO_0004992,INDICATION,
CHEMBL1201670,MONDO_0005180,INDICATION,
CHEMBL1201670,MONDO_0005411,INDICATION,
CHEMBL1201670,MONDO_0005575,INDICATION,
CHEMBL1201670,MONDO_0007254,INDICATION,
CHEMBL1201670,MONDO_0007576,INDICATION,
CHEMBL1201670,MONDO_0008170,INDICATION,
CHEMBL1201670,MONDO_0008315,INDICATION,
CHEMBL1201670,MONDO_0008903,INDICATION,
CHEMBL1201670,MONDO_0011962,INDICATION,
CHEMBL1201670,MONDO_0013730,INDICATION,
CHEMBL1201670,MONDO_0015667,INDICATION,
CHEMBL1201670,MONDO_0018906,INDICATION,
CHEMBL1201670,MONDO_0020077,INDICATION,
CHEMBL1201670,MONDO_0021063,INDICATION,
CHEMBL1201670,MONDO_0044881,INDICATION,
CHEMBL1201670,MONDO_0100096,INDICATION,
CHEMBL1201670,MONDO_0100130,INDICATION,
CHEMBL1201670,MONDO_0100342,INDICATION,
CHEMBL1201670,Orphanet_264675,INDICATION,
CHEMBL1201688,EFO_0000764,INDICATION,
CHEMBL1201688,EFO_1001302,INDICATION,
CHEMBL1201688,EFO_1001888,INDICATION,
CHEMBL1201692,MONDO_0002775,INDICATION,
CHEMBL1201697,EFO_0000545,INDICATION,
CHEMBL1201703,EFO_0000616,INDICATION,
CHEMBL1201716,EFO_0000384,INDICATION,
CHEMBL1201716,EFO_0000400,INDICATION,
CHEMBL1201716,EFO_0004260,INDICATION,
CHEMBL1201716,EFO_0004705,INDICATION,
CHEMBL1201716,EFO_1001158,INDICATION,
CHEMBL1201716,EFO_1001348,INDICATION,
CHEMBL1201716,EFO_1001434,INDICATION,
CHEMBL1201716,MONDO_0002177,INDICATION,
CHEMBL1201716,MONDO_0004976,INDICATION,
CHEMBL1201716,MONDO_0005301,INDICATION,
CHEMBL1201716,MONDO_0005351,INDICATION,
CHEMBL1201716,MONDO_0009877,INDICATION,
CHEMBL1201716,MONDO_0010726,INDICATION,
CHEMBL1201716,MONDO_0015892,INDICATION,
CHEMBL1201716,MONDO_0018997,INDICATION,
CHEMBL1201717,EFO_1001158,INDICATION,
CHEMBL1201717,MONDO_0009877,INDICATION,
CHEMBL1201717,MONDO_0016107,INDICATION,
CHEMBL1201717,Orphanet_273,INDICATION,
CHEMBL1201718,EFO_0000349,INDICATION,
CHEMBL1201718,EFO_0000400,INDICATION,
CHEMBL1201718,EFO_0000616,INDICATION,
CHEMBL1201718,EFO_0000676,INDICATION,
CHEMBL1201718,EFO_0000756,INDICATION,
CHEMBL1201718,EFO_0000764,INDICATION,
CHEMBL1201718,EFO_0001378,INDICATION,
CHEMBL1201718,EFO_0003060,INDICATION,
CHEMBL1201718,EFO_0003843,INDICATION,
CHEMBL1201718,EFO_0003882,INDICATION,
CHEMBL1201718,EFO_1000668,INDICATION,
CHEMBL1201718,EFO_1000868,INDICATION,
CHEMBL1201718,MONDO_0001187,INDICATION,
CHEMBL1201718,MONDO_0003778,INDICATION,
CHEMBL1201718,MONDO_0004992,INDICATION,
CHEMBL1201718,MONDO_0005147,INDICATION,
CHEMBL1201718,MONDO_0005148,INDICATION,
CHEMBL1201718,MONDO_0005301,INDICATION,
CHEMBL1201718,MONDO_0019623,INDICATION,
CHEMBL1201719,EFO_0000701,INDICATION,
CHEMBL1201719,EFO_1001494,INDICATION,
CHEMBL1201719,MONDO_0100096,INDICATION,
CHEMBL1201723,EFO_0000763,INDICATION,
CHEMBL1201723,EFO_0001663,INDICATION,
CHEMBL1201723,EFO_0004193,INDICATION,
CHEMBL1201723,EFO_0007147,INDICATION,
CHEMBL1201724,EFO_0000544,INDICATION,
CHEMBL1201724,EFO_0000546,INDICATION,
CHEMBL1201724,EFO_0000771,INDICATION,
CHEMBL1201724,EFO_0003097,INDICATION,
CHEMBL1201724,EFO_0003106,INDICATION,
CHEMBL1201724,EFO_0003819,INDICATION,
CHEMBL1201724,EFO_0003839,INDICATION,
CHEMBL1201724,EFO_0003894,INDICATION,
CHEMBL1201724,EFO_0007126,INDICATION,
CHEMBL1201724,EFO_0007149,INDICATION,
CHEMBL1201724,EFO_0007486,INDICATION,
CHEMBL1201724,EFO_0008571,INDICATION,
CHEMBL1201724,EFO_0009449,INDICATION,
CHEMBL1201724,EFO_0009516,INDICATION,
CHEMBL1201724,EFO_0009560,INDICATION,
CHEMBL1201724,EFO_1000581,INDICATION,
CHEMBL1201724,EFO_1001888,INDICATION,
CHEMBL1201724,EFO_1001904,INDICATION,
CHEMBL1201724,MONDO_0005178,INDICATION,
CHEMBL1201724,MONDO_0021201,INDICATION,
CHEMBL1201724,MONDO_0100096,INDICATION,
CHEMBL1201728,EFO_0005687,INDICATION,
CHEMBL1201728,EFO_1000783,INDICATION,
CHEMBL1201728,MONDO_0002009,INDICATION,
CHEMBL1201728,MONDO_0002050,INDICATION,
CHEMBL1201729,EFO_0000275,INDICATION,
CHEMBL1201731,EFO_0000537,INDICATION,
CHEMBL1201731,EFO_0000712,INDICATION,
CHEMBL1201733,EFO_0000335,INDICATION,
CHEMBL1201733,EFO_0000349,INDICATION,
CHEMBL1201733,EFO_0000389,INDICATION,
CHEMBL1201733,EFO_0000501,INDICATION,
CHEMBL1201733,EFO_0000588,INDICATION,
CHEMBL1201733,EFO_0000616,INDICATION,
CHEMBL1201733,EFO_0000640,INDICATION,
CHEMBL1201733,EFO_0000641,INDICATION,
CHEMBL1201733,EFO_0000681,INDICATION,
CHEMBL1201733,EFO_0000691,INDICATION,
CHEMBL1201733,EFO_0001663,INDICATION,
CHEMBL1201733,EFO_0003016,INDICATION,
CHEMBL1201733,EFO_0003968,INDICATION,
CHEMBL1201733,EFO_0006861,INDICATION,
CHEMBL1201733,EFO_1000613,INDICATION,
CHEMBL1201733,EFO_1001465,INDICATION,
CHEMBL1201733,EFO_1001968,INDICATION,
CHEMBL1201733,MONDO_0001187,INDICATION,
CHEMBL1201733,MONDO_0002087,INDICATION,
CHEMBL1201733,MONDO_0002158,INDICATION,
CHEMBL1201733,MONDO_0004192,INDICATION,
CHEMBL1201733,MONDO_0004986,INDICATION,
CHEMBL1201733,MONDO_0007254,INDICATION,
CHEMBL1201733,MONDO_0008170,INDICATION,
CHEMBL1201733,MONDO_0008315,INDICATION,
CHEMBL1201733,MONDO_0008667,INDICATION,
CHEMBL1201733,MONDO_0008903,INDICATION,
CHEMBL1201733,MONDO_0015277,INDICATION,
CHEMBL1201734,EFO_0000095,INDICATION,
CHEMBL1201734,EFO_0000096,INDICATION,
CHEMBL1201734,EFO_0000183,INDICATION,
CHEMBL1201734,EFO_0000403,INDICATION,
CHEMBL1201734,EFO_0000565,INDICATION,
CHEMBL1201734,EFO_0000574,INDICATION,
CHEMBL1201734,EFO_0000702,INDICATION,
CHEMBL1201734,EFO_0001378,INDICATION,
CHEMBL1201734,EFO_0002499,INDICATION,
CHEMBL1201734,EFO_0002501,INDICATION,
CHEMBL1201734,EFO_0005952,INDICATION,
CHEMBL1201734,EFO_1001465,INDICATION,
CHEMBL1201734,EFO_1001469,INDICATION,
CHEMBL1201734,MONDO_0004992,INDICATION,
CHEMBL1201734,MONDO_0008903,INDICATION,
CHEMBL1201734,MONDO_0009348,INDICATION,
CHEMBL1201734,MONDO_0018906,INDICATION,
CHEMBL1201734,MONDO_0019438,INDICATION,
CHEMBL1201734,MONDO_0044881,INDICATION,
CHEMBL1201735,MONDO_0002009,INDICATION,
CHEMBL1201740,EFO_0000339,INDICATION,
CHEMBL1201740,EFO_0000616,INDICATION,
CHEMBL1201740,EFO_0000717,INDICATION,
CHEMBL1201740,EFO_0001075,INDICATION,
CHEMBL1201740,EFO_1000251,INDICATION,
CHEMBL1201740,EFO_1001512,INDICATION,
CHEMBL1201740,MONDO_0005180,INDICATION,
CHEMBL1201740,MONDO_0007254,INDICATION,
CHEMBL1201743,MONDO_0005148,INDICATION,
CHEMBL1201745,EFO_0000319,INDICATION,
CHEMBL1201745,EFO_0001645,INDICATION,
CHEMBL1201745,Orphanet_309005,INDICATION,
CHEMBL1201745,Orphanet_79211,INDICATION,
CHEMBL1201746,EFO_0000211,INDICATION,
CHEMBL1201746,EFO_0000305,INDICATION,
CHEMBL1201746,EFO_0000574,INDICATION,
CHEMBL1201746,EFO_0000616,INDICATION,
CHEMBL1201746,EFO_0001378,INDICATION,
CHEMBL1201746,EFO_0002913,INDICATION,
CHEMBL1201746,EFO_0003032,INDICATION,
CHEMBL1201746,EFO_0003060,INDICATION,
CHEMBL1201746,EFO_0006859,INDICATION,
CHEMBL1201746,EFO_0009688,CONTRAINDICATION,
CHEMBL1201746,EFO_1000785,INDICATION,
CHEMBL1201746,EFO_1001051,INDICATION,
CHEMBL1201746,MONDO_0000430,INDICATION,
CHEMBL1201746,MONDO_0001343,CONTRAINDICATION,
CHEMBL1201746,MONDO_0002087,INDICATION,
CHEMBL1201746,MONDO_0002158,INDICATION,
CHEMBL1201746,MONDO_0002280,CONTRAINDICATION,
CHEMBL1201746,MONDO_0004992,INDICATION,
CHEMBL1201746,MONDO_0008170,INDICATION,
CHEMBL1201746,MONDO_0008903,INDICATION,
CHEMBL1201746,MONDO_0015760,INDICATION,
CHEMBL1201746,MONDO_0019471,INDICATION,
CHEMBL1201747,EFO_0005751,INDICATION,
CHEMBL1201747,EFO_0007141,INDICATION,
CHEMBL1201748,EFO_0000181,INDICATION,
CHEMBL1201748,EFO_0000196,INDICATION,
CHEMBL1201748,EFO_0000326,INDICATION,
CHEMBL1201748,EFO_0000519,INDICATION,
CHEMBL1201748,EFO_0000616,INDICATION,
CHEMBL1201748,EFO_0000673,INDICATION,
CHEMBL1201748,EFO_0000702,INDICATION,
CHEMBL1201748,EFO_0001663,INDICATION,
CHEMBL1201748,EFO_0003060,INDICATION,
CHEMBL1201748,EFO_0003085,INDICATION,
CHEMBL1201748,EFO_0003086,CONTRAINDICATION,
CHEMBL1201748,EFO_0005088,INDICATION,
CHEMBL1201748,EFO_0006859,INDICATION,
CHEMBL1201748,EFO_0008528,INDICATION,
CHEMBL1201748,EFO_1000601,INDICATION,
CHEMBL1201748,EFO_1000796,INDICATION,
CHEMBL1201748,EFO_1001094,INDICATION,
CHEMBL1201748,EFO_1001951,INDICATION,
CHEMBL1201748,MONDO_0001056,INDICATION,
CHEMBL1201748,MONDO_0001657,INDICATION,
CHEMBL1201748,MONDO_0002280,CONTRAINDICATION,
CHEMBL1201748,MONDO_0004986,INDICATION,
CHEMBL1201748,MONDO_0004992,INDICATION,
CHEMBL1201748,MONDO_0007254,INDICATION,
CHEMBL1201748,MONDO_0008170,INDICATION,
CHEMBL1201748,MONDO_0008315,INDICATION,
CHEMBL1201748,MONDO_0021259,INDICATION,
CHEMBL1201749,EFO_0007141,OFF_LABEL_USE,
CHEMBL1201749,EFO_1000811,INDICATION,
CHEMBL1201749,EFO_1000906,INDICATION,
CHEMBL1201749,EFO_1000997,OFF_LABEL_USE,
CHEMBL1201749,EFO_1001069,CONTRAINDICATION,
CHEMBL1201749,EFO_1001070,CONTRAINDICATION,
CHEMBL1201749,EFO_1001082,INDICATION,
CHEMBL1201749,EFO_1001231,OFF_LABEL_USE,
CHEMBL1201749,MONDO_0004773,OFF_LABEL_USE,
CHEMBL1201749,MONDO_0005129,INDICATION,
CHEMBL1201749,MONDO_0033821,CONTRAINDICATION,
CHEMBL1201749,MP_0001845,INDICATION,
CHEMBL1201752,EFO_0000182,INDICATION,
CHEMBL1201752,EFO_0000305,INDICATION,
CHEMBL1201752,EFO_0000309,INDICATION,
CHEMBL1201752,EFO_0000349,INDICATION,
CHEMBL1201752,EFO_0000400,CONTRAINDICATION,
CHEMBL1201752,EFO_0000403,INDICATION,
CHEMBL1201752,EFO_0000565,INDICATION,
CHEMBL1201752,EFO_0000574,INDICATION,
CHEMBL1201752,EFO_0000616,INDICATION,
CHEMBL1201752,EFO_0000673,INDICATION,
CHEMBL1201752,EFO_0000681,INDICATION,
CHEMBL1201752,EFO_0000756,INDICATION,
CHEMBL1201752,EFO_0002499,INDICATION,
CHEMBL1201752,EFO_0002618,INDICATION,
CHEMBL1201752,EFO_0002938,INDICATION,
CHEMBL1201752,EFO_0003032,INDICATION,
CHEMBL1201752,EFO_0003060,INDICATION,
CHEMBL1201752,EFO_0003100,CONTRAINDICATION,
CHEMBL1201752,EFO_0003777,CONTRAINDICATION,
CHEMBL1201752,EFO_0003869,INDICATION,
CHEMBL1201752,EFO_0003871,INDICATION,
CHEMBL1201752,EFO_0003897,INDICATION,
CHEMBL1201752,EFO_0005221,INDICATION,
CHEMBL1201752,EFO_0006352,INDICATION,
CHEMBL1201752,EFO_0006859,INDICATION,
CHEMBL1201752,EFO_0006861,INDICATION,
CHEMBL1201752,EFO_0007532,INDICATION,
CHEMBL1201752,EFO_0007535,INDICATION,
CHEMBL1201752,EFO_1000613,INDICATION,
CHEMBL1201752,EFO_1001375,CONTRAINDICATION,
CHEMBL1201752,EFO_1001465,INDICATION,
CHEMBL1201752,EFO_1001469,INDICATION,
CHEMBL1201752,EFO_1001951,INDICATION,
CHEMBL1201752,EFO_1001968,INDICATION,
CHEMBL1201752,MONDO_0002087,INDICATION,
CHEMBL1201752,MONDO_0002158,INDICATION,
CHEMBL1201752,MONDO_0002280,CONTRAINDICATION,
CHEMBL1201752,MONDO_0004192,INDICATION,
CHEMBL1201752,MONDO_0004986,INDICATION,
CHEMBL1201752,MONDO_0004992,INDICATION,
CHEMBL1201752,MONDO_0005411,INDICATION,
CHEMBL1201752,MONDO_0007254,INDICATION,
CHEMBL1201752,MONDO_0008170,INDICATION,
CHEMBL1201752,MONDO_0008315,INDICATION,
CHEMBL1201752,MONDO_0008903,INDICATION,
CHEMBL1201752,MONDO_0011962,INDICATION,
CHEMBL1201752,MONDO_0018906,INDICATION,
CHEMBL1201752,MONDO_0044926,INDICATION,
CHEMBL1201752,MONDO_0100192,CONTRAINDICATION,
CHEMBL1201753,EFO_0000195,INDICATION,
CHEMBL1201753,EFO_0000319,INDICATION,
CHEMBL1201753,EFO_0001645,INDICATION,
CHEMBL1201753,EFO_0004145,CONTRAINDICATION,
CHEMBL1201753,EFO_0004705,CONTRAINDICATION,
CHEMBL1201753,EFO_0004911,INDICATION,
CHEMBL1201753,EFO_0005251,CONTRAINDICATION,
CHEMBL1201753,EFO_0007328,INDICATION,
CHEMBL1201753,MONDO_0001343,CONTRAINDICATION,
CHEMBL1201753,MONDO_0005147,INDICATION,
CHEMBL1201753,MONDO_0005148,INDICATION,
CHEMBL1201753,MONDO_0007254,INDICATION,
CHEMBL1201753,MONDO_0021187,INDICATION,
CHEMBL1201753,Orphanet_309005,INDICATION,
CHEMBL1201754,EFO_0000474,INDICATION,
CHEMBL1201754,EFO_0003843,INDICATION,
CHEMBL1201754,MONDO_0002050,CONTRAINDICATION,
CHEMBL1201754,MONDO_0016532,INDICATION,
CHEMBL1201754,MONDO_0100192,CONTRAINDICATION,
CHEMBL1201754,MONDO_0850093,OFF_LABEL_USE,
CHEMBL1201758,EFO_0003956,INDICATION,
CHEMBL1201758,EFO_0007141,INDICATION,
CHEMBL1201758,EFO_1001417,INDICATION,
CHEMBL1201758,MONDO_0002406,INDICATION,
CHEMBL1201759,EFO_0007141,INDICATION,
CHEMBL1201759,EFO_1001417,INDICATION,
CHEMBL1201760,EFO_1000829,INDICATION,
CHEMBL1201760,EFO_1001888,INDICATION,
CHEMBL1201760,MONDO_0005129,INDICATION,
CHEMBL1201761,EFO_1000829,INDICATION,
CHEMBL1201761,MONDO_0005129,INDICATION,
CHEMBL1201764,EFO_0004991,CONTRAINDICATION,
CHEMBL1201764,EFO_0006865,INDICATION,
CHEMBL1201764,EFO_1000781,INDICATION,
CHEMBL1201764,EFO_1001762,INDICATION,
CHEMBL1201764,MONDO_0001744,CONTRAINDICATION,
CHEMBL1201764,MONDO_0100192,CONTRAINDICATION,
CHEMBL1201765,EFO_0006865,INDICATION,
CHEMBL1201765,EFO_1000781,INDICATION,
CHEMBL1201766,EFO_0001645,INDICATION,
CHEMBL1201766,EFO_0005251,CONTRAINDICATION,
CHEMBL1201766,MONDO_0021400,INDICATION,
CHEMBL1201770,EFO_0002618,INDICATION,
CHEMBL1201770,EFO_0005611,INDICATION,
CHEMBL1201770,MONDO_0004567,INDICATION,
CHEMBL1201772,EFO_0000275,INDICATION,
CHEMBL1201772,EFO_0000612,INDICATION,
CHEMBL1201772,EFO_0000712,CONTRAINDICATION,
CHEMBL1201772,EFO_0000764,INDICATION,
CHEMBL1201772,EFO_0001645,INDICATION,
CHEMBL1201772,EFO_0003106,INDICATION,
CHEMBL1201772,EFO_0003763,INDICATION,
CHEMBL1201772,EFO_0003764,CONTRAINDICATION,
CHEMBL1201772,EFO_0003777,INDICATION,
CHEMBL1201772,EFO_0003884,INDICATION,
CHEMBL1201772,EFO_0005251,CONTRAINDICATION,
CHEMBL1201772,EFO_0005672,INDICATION,
CHEMBL1201772,EFO_0007328,INDICATION,
CHEMBL1201772,EFO_0008585,INDICATION,
CHEMBL1201772,EFO_0009314,CONTRAINDICATION,
CHEMBL1201772,MONDO_0004979,INDICATION,
CHEMBL1201772,MONDO_0011382,INDICATION,
CHEMBL1201772,MONDO_0018896,CONTRAINDICATION,
CHEMBL1201772,MONDO_0100096,INDICATION,
CHEMBL1201772,MONDO_0100192,CONTRAINDICATION,
CHEMBL1201772,MP_0001914,INDICATION,
CHEMBL1201773,EFO_0000612,INDICATION,
CHEMBL1201773,EFO_0005672,INDICATION,
CHEMBL1201773,MP_0001914,INDICATION,
CHEMBL1201774,EFO_0000181,INDICATION,
CHEMBL1201774,EFO_0000341,INDICATION,
CHEMBL1201774,EFO_0000537,INDICATION,
CHEMBL1201774,EFO_0000666,INDICATION,
CHEMBL1201774,EFO_0001361,INDICATION,
CHEMBL1201774,EFO_0001422,INDICATION,
CHEMBL1201774,EFO_0001645,INDICATION,
CHEMBL1201774,EFO_0003144,INDICATION,
CHEMBL1201774,EFO_0003758,INDICATION,
CHEMBL1201774,EFO_0003876,INDICATION,
CHEMBL1201774,EFO_0003884,INDICATION,
CHEMBL1201774,EFO_0005411,INDICATION,
CHEMBL1201774,MONDO_0004975,INDICATION,
CHEMBL1201774,MONDO_0005090,INDICATION,
CHEMBL1201774,MONDO_0009861,INDICATION,
CHEMBL1201774,MONDO_0010298,INDICATION,
CHEMBL1201774,MONDO_0011382,INDICATION,
CHEMBL1201774,MONDO_0016543,INDICATION,
CHEMBL1201774,MONDO_0019259,INDICATION,
CHEMBL1201774,MONDO_0043579,INDICATION,
CHEMBL1201774,MONDO_0043771,INDICATION,
CHEMBL1201774,Orphanet_238583,INDICATION,
CHEMBL1201774,Orphanet_79254,INDICATION,
CHEMBL1201775,EFO_0000181,INDICATION,
CHEMBL1201775,EFO_0000537,INDICATION,
CHEMBL1201775,EFO_0001361,INDICATION,
CHEMBL1201775,EFO_0001645,INDICATION,
CHEMBL1201775,EFO_0003876,INDICATION,
CHEMBL1201775,EFO_0003884,INDICATION,
CHEMBL1201775,EFO_0005411,INDICATION,
CHEMBL1201775,MONDO_0005090,INDICATION,
CHEMBL1201775,MONDO_0009861,INDICATION,
CHEMBL1201775,MONDO_0011382,INDICATION,
CHEMBL1201775,Orphanet_238583,INDICATION,
CHEMBL1201776,EFO_0000616,INDICATION,
CHEMBL1201776,EFO_0003843,INDICATION,
CHEMBL1201776,EFO_0004616,INDICATION,
CHEMBL1201776,EFO_0005762,INDICATION,
CHEMBL1201776,EFO_1000783,INDICATION,
CHEMBL1201776,EFO_1000786,INDICATION,
CHEMBL1201776,EFO_1000999,INDICATION,
CHEMBL1201776,MONDO_0001583,INDICATION,
CHEMBL1201776,MONDO_0005178,INDICATION,
CHEMBL1201777,EFO_0003843,INDICATION,
CHEMBL1201777,EFO_0005762,INDICATION,
CHEMBL1201780,MONDO_0004736,INDICATION,
CHEMBL1201780,MONDO_0011628,INDICATION,
CHEMBL1201780,MONDO_0019052,INDICATION,
CHEMBL1201780,Orphanet_927,INDICATION,
CHEMBL1201782,EFO_0000691,INDICATION,
CHEMBL1201782,EFO_0004888,INDICATION,
CHEMBL1201782,EFO_0006911,INDICATION,
CHEMBL1201782,MONDO_0004992,INDICATION,
CHEMBL1201784,EFO_0000313,INDICATION,
CHEMBL1201784,EFO_1000726,INDICATION,
CHEMBL1201784,EFO_1000910,INDICATION,
CHEMBL1201784,MONDO_0001187,INDICATION,
CHEMBL1201784,MONDO_0022394,INDICATION,
CHEMBL1201785,EFO_0000313,INDICATION,
CHEMBL1201785,MONDO_0001187,INDICATION,
CHEMBL1201794,MONDO_0015486,INDICATION,
CHEMBL1201821,EFO_0000183,INDICATION,
CHEMBL1201821,EFO_0000198,INDICATION,
CHEMBL1201821,EFO_0000222,INDICATION,
CHEMBL1201821,EFO_0000565,INDICATION,
CHEMBL1201821,EFO_0000574,INDICATION,
CHEMBL1201821,EFO_0000707,INDICATION,
CHEMBL1201821,EFO_0000764,INDICATION,
CHEMBL1201821,EFO_0001378,INDICATION,
CHEMBL1201821,EFO_0004276,INDICATION,
CHEMBL1201821,EFO_0004599,INDICATION,
CHEMBL1201821,EFO_0005555,INDICATION,
CHEMBL1201821,EFO_0005952,INDICATION,
CHEMBL1201821,EFO_0006475,INDICATION,
CHEMBL1201821,EFO_0006859,INDICATION,
CHEMBL1201821,EFO_0009688,INDICATION,
CHEMBL1201821,EFO_1000690,INDICATION,
CHEMBL1201821,EFO_1001451,INDICATION,
CHEMBL1201821,EFO_1001898,INDICATION,
CHEMBL1201821,EFO_1001904,INDICATION,
CHEMBL1201821,MONDO_0004907,INDICATION,
CHEMBL1201821,MONDO_0004979,INDICATION,
CHEMBL1201821,MONDO_0004992,INDICATION,
CHEMBL1201821,MONDO_0005301,INDICATION,
CHEMBL1201821,MONDO_0013730,INDICATION,
CHEMBL1201821,MONDO_0015760,INDICATION,
CHEMBL1201821,MONDO_0021063,INDICATION,
CHEMBL1201821,MONDO_0021193,INDICATION,
CHEMBL1201821,MONDO_0044881,INDICATION,
CHEMBL1201822,MONDO_0009661,INDICATION,
CHEMBL1201822,MONDO_0019249,INDICATION,
CHEMBL1201823,EFO_0000384,INDICATION,
CHEMBL1201823,EFO_0000398,INDICATION,
CHEMBL1201823,EFO_0000404,INDICATION,
CHEMBL1201823,EFO_0000537,INDICATION,
CHEMBL1201823,EFO_0000540,INDICATION,
CHEMBL1201823,EFO_0000676,INDICATION,
CHEMBL1201823,EFO_0000685,INDICATION,
CHEMBL1201823,EFO_0000699,INDICATION,
CHEMBL1201823,EFO_0000729,INDICATION,
CHEMBL1201823,EFO_0001378,INDICATION,
CHEMBL1201823,EFO_0002609,INDICATION,
CHEMBL1201823,EFO_0003778,INDICATION,
CHEMBL1201823,EFO_0003780,INDICATION,
CHEMBL1201823,EFO_0003898,INDICATION,
CHEMBL1201823,EFO_0003929,INDICATION,
CHEMBL1201823,EFO_0004192,INDICATION,
CHEMBL1201823,EFO_0004208,INDICATION,
CHEMBL1201823,EFO_0004255,INDICATION,
CHEMBL1201823,EFO_0004599,INDICATION,
CHEMBL1201823,EFO_0004826,INDICATION,
CHEMBL1201823,EFO_0004991,INDICATION,
CHEMBL1201823,EFO_0005297,INDICATION,
CHEMBL1201823,EFO_0005761,INDICATION,
CHEMBL1201823,EFO_0007425,INDICATION,
CHEMBL1201823,EFO_0008518,INDICATION,
CHEMBL1201823,EFO_0009609,INDICATION,
CHEMBL1201823,EFO_0009730,INDICATION,
CHEMBL1201823,EFO_1001148,INDICATION,
CHEMBL1201823,EFO_1001209,INDICATION,
CHEMBL1201823,EFO_1001231,INDICATION,
CHEMBL1201823,EFO_1001494,INDICATION,
CHEMBL1201823,EFO_1001857,INDICATION,
CHEMBL1201823,EFO_1001996,INDICATION,
CHEMBL1201823,MONDO_0005147,INDICATION,
CHEMBL1201823,MONDO_0005301,INDICATION,
CHEMBL1201823,MONDO_0007915,INDICATION,
CHEMBL1201823,MONDO_0013730,INDICATION,
CHEMBL1201823,MONDO_0017287,INDICATION,
CHEMBL1201823,MONDO_0019080,INDICATION,
CHEMBL1201823,MONDO_0019338,INDICATION,
CHEMBL1201823,MONDO_0020547,INDICATION,
CHEMBL1201823,MONDO_0100096,INDICATION,
CHEMBL1201824,MONDO_0002412,INDICATION,
CHEMBL1201824,MONDO_0009290,INDICATION,
CHEMBL1201824,Orphanet_365,INDICATION,
CHEMBL1201825,EFO_0000400,INDICATION,
CHEMBL1201825,EFO_0000678,INDICATION,
CHEMBL1201825,EFO_0001365,INDICATION,
CHEMBL1201825,EFO_0003770,INDICATION,
CHEMBL1201825,EFO_0003839,INDICATION,
CHEMBL1201825,EFO_0004190,INDICATION,
CHEMBL1201825,EFO_0004207,INDICATION,
CHEMBL1201825,EFO_0004683,INDICATION,
CHEMBL1201825,EFO_0005753,INDICATION,
CHEMBL1201825,EFO_0005773,INDICATION,
CHEMBL1201825,EFO_0007310,INDICATION,
CHEMBL1201825,EFO_0009606,INDICATION,
CHEMBL1201825,EFO_0009784,INDICATION,
CHEMBL1201825,EFO_0010977,INDICATION,
CHEMBL1201825,EFO_1000805,INDICATION,
CHEMBL1201825,EFO_1000809,INDICATION,
CHEMBL1201825,EFO_1000880,INDICATION,
CHEMBL1201825,EFO_1001060,INDICATION,
CHEMBL1201825,EFO_1001157,INDICATION,
CHEMBL1201825,EFO_1001158,INDICATION,
CHEMBL1201825,MONDO_0001576,INDICATION,
CHEMBL1201825,MONDO_0001941,INDICATION,
CHEMBL1201825,MONDO_0003005,INDICATION,
CHEMBL1201825,MONDO_0005041,INDICATION,
CHEMBL1201825,MONDO_0007935,INDICATION,
CHEMBL1201825,MONDO_0008380,INDICATION,
CHEMBL1201825,MONDO_0008667,INDICATION,
CHEMBL1201825,MONDO_0020204,INDICATION,
CHEMBL1201826,MONDO_0010674,INDICATION,
CHEMBL1201827,EFO_0000181,INDICATION,
CHEMBL1201827,EFO_0000313,INDICATION,
CHEMBL1201827,EFO_0000365,INDICATION,
CHEMBL1201827,EFO_0000503,INDICATION,
CHEMBL1201827,EFO_0000616,INDICATION,
CHEMBL1201827,EFO_0000681,INDICATION,
CHEMBL1201827,EFO_0000707,INDICATION,
CHEMBL1201827,EFO_0001075,INDICATION,
CHEMBL1201827,EFO_0002618,INDICATION,
CHEMBL1201827,EFO_0002916,INDICATION,
CHEMBL1201827,EFO_0003060,INDICATION,
CHEMBL1201827,EFO_0004142,INDICATION,
CHEMBL1201827,EFO_0005221,INDICATION,
CHEMBL1201827,EFO_0005537,INDICATION,
CHEMBL1201827,EFO_0005922,INDICATION,
CHEMBL1201827,EFO_0006859,INDICATION,
CHEMBL1201827,EFO_1000251,INDICATION,
CHEMBL1201827,EFO_1000657,INDICATION,
CHEMBL1201827,EFO_1000852,INDICATION,
CHEMBL1201827,EFO_1001512,INDICATION,
CHEMBL1201827,EFO_1001951,INDICATION,
CHEMBL1201827,MONDO_0001187,INDICATION,
CHEMBL1201827,MONDO_0002158,INDICATION,
CHEMBL1201827,MONDO_0002367,INDICATION,
CHEMBL1201827,MONDO_0002974,INDICATION,
CHEMBL1201827,MONDO_0004992,INDICATION,
CHEMBL1201827,MONDO_0005575,INDICATION,
CHEMBL1201827,MONDO_0007254,INDICATION,
CHEMBL1201827,MONDO_0007576,INDICATION,
CHEMBL1201827,MONDO_0008170,INDICATION,
CHEMBL1201827,MONDO_0008315,INDICATION,
CHEMBL1201827,MONDO_0008903,INDICATION,
CHEMBL1201827,MONDO_0021063,INDICATION,
CHEMBL1201828,EFO_0000398,INDICATION,
CHEMBL1201828,EFO_0000400,INDICATION,
CHEMBL1201828,EFO_0000540,INDICATION,
CHEMBL1201828,EFO_0000565,INDICATION,
CHEMBL1201828,EFO_0000668,INDICATION,
CHEMBL1201828,EFO_0001365,INDICATION,
CHEMBL1201828,EFO_0003884,INDICATION,
CHEMBL1201828,EFO_0004256,INDICATION,
CHEMBL1201828,EFO_0004599,INDICATION,
CHEMBL1201828,EFO_0004826,INDICATION,
CHEMBL1201828,EFO_0004991,INDICATION,
CHEMBL1201828,EFO_0007292,INDICATION,
CHEMBL1201828,EFO_0009473,INDICATION,
CHEMBL1201828,EFO_1001311,INDICATION,
CHEMBL1201828,MONDO_0001549,INDICATION,
CHEMBL1201828,MONDO_0016244,INDICATION,
CHEMBL1201828,MONDO_0018904,INDICATION,
CHEMBL1201828,MONDO_0018922,INDICATION,
CHEMBL1201828,MONDO_0019736,INDICATION,
CHEMBL1201828,MONDO_0100096,INDICATION,
CHEMBL1201828,MONDO_0100244,INDICATION,
CHEMBL1201830,EFO_0000404,INDICATION,
CHEMBL1201830,EFO_0000540,INDICATION,
CHEMBL1201830,EFO_0002609,INDICATION,
CHEMBL1201830,EFO_0004238,INDICATION,
CHEMBL1201830,EFO_0004274,INDICATION,
CHEMBL1201830,EFO_0007427,INDICATION,
CHEMBL1201830,EFO_1001345,INDICATION,
CHEMBL1201830,EFO_1001881,INDICATION,
CHEMBL1201830,MONDO_0005147,INDICATION,
CHEMBL1201830,MONDO_0008633,INDICATION,
CHEMBL1201830,MONDO_0016168,INDICATION,
CHEMBL1201830,MONDO_0018088,INDICATION,
CHEMBL1201830,Orphanet_47045,INDICATION,
CHEMBL1201831,EFO_0000384,INDICATION,
CHEMBL1201831,EFO_0000540,INDICATION,
CHEMBL1201831,EFO_0000676,INDICATION,
CHEMBL1201831,EFO_0000685,INDICATION,
CHEMBL1201831,EFO_0000729,INDICATION,
CHEMBL1201831,EFO_0002609,INDICATION,
CHEMBL1201831,EFO_0003778,INDICATION,
CHEMBL1201831,EFO_0003898,INDICATION,
CHEMBL1201831,EFO_1000869,INDICATION,
CHEMBL1201831,MP_0001845,INDICATION,
CHEMBL1201832,EFO_0000198,INDICATION,
CHEMBL1201832,EFO_0000313,INDICATION,
CHEMBL1201832,EFO_0000519,INDICATION,
CHEMBL1201832,EFO_0000574,INDICATION,
CHEMBL1201832,EFO_0005952,INDICATION,
CHEMBL1201832,EFO_0006927,INDICATION,
CHEMBL1201832,EFO_0007160,INDICATION,
CHEMBL1201832,MONDO_0004992,INDICATION,
CHEMBL1201832,MONDO_0008170,INDICATION,
CHEMBL1201832,MONDO_0010518,INDICATION,
CHEMBL1201832,MONDO_0018896,INDICATION,
CHEMBL1201832,MONDO_0043768,INDICATION,
CHEMBL1201832,MP_0001914,INDICATION,
CHEMBL1201833,EFO_0000384,INDICATION,
CHEMBL1201833,EFO_0000540,INDICATION,
CHEMBL1201833,EFO_0000685,INDICATION,
CHEMBL1201833,EFO_0000706,INDICATION,
CHEMBL1201833,EFO_0000729,INDICATION,
CHEMBL1201833,EFO_0002609,INDICATION,
CHEMBL1201833,EFO_0003778,INDICATION,
CHEMBL1201833,EFO_0003898,INDICATION,
CHEMBL1201833,EFO_0009672,INDICATION,
CHEMBL1201833,MONDO_0003937,INDICATION,
CHEMBL1201833,MONDO_0004979,INDICATION,
CHEMBL1201833,MONDO_0005147,INDICATION,
CHEMBL1201833,MONDO_0005178,INDICATION,
CHEMBL1201833,MONDO_0019338,INDICATION,
CHEMBL1201834,DOID_13406,INDICATION,
CHEMBL1201834,EFO_0000198,INDICATION,
CHEMBL1201834,EFO_0000275,INDICATION,
CHEMBL1201834,EFO_0000341,INDICATION,
CHEMBL1201834,EFO_0000540,INDICATION,
CHEMBL1201834,EFO_0000681,INDICATION,
CHEMBL1201834,EFO_0000685,INDICATION,
CHEMBL1201834,EFO_0000756,INDICATION,
CHEMBL1201834,EFO_0001071,INDICATION,
CHEMBL1201834,EFO_0001365,INDICATION,
CHEMBL1201834,EFO_0002609,INDICATION,
CHEMBL1201834,EFO_0003060,INDICATION,
CHEMBL1201834,EFO_0003106,INDICATION,
CHEMBL1201834,EFO_0003780,INDICATION,
CHEMBL1201834,EFO_0003914,INDICATION,
CHEMBL1201834,EFO_0004214,INDICATION,
CHEMBL1201834,EFO_0004246,INDICATION,
CHEMBL1201834,EFO_0004265,INDICATION,
CHEMBL1201834,EFO_0004274,INDICATION,
CHEMBL1201834,EFO_0004616,INDICATION,
CHEMBL1201834,EFO_0007135,INDICATION,
CHEMBL1201834,EFO_0008518,INDICATION,
CHEMBL1201834,EFO_1000906,INDICATION,
CHEMBL1201834,EFO_1001165,INDICATION,
CHEMBL1201834,EFO_1001345,INDICATION,
CHEMBL1201834,EFO_1001478,INDICATION,
CHEMBL1201834,MONDO_0005147,INDICATION,
CHEMBL1201834,MONDO_0005148,INDICATION,
CHEMBL1201834,MONDO_0005178,INDICATION,
CHEMBL1201834,MONDO_0005184,INDICATION,
CHEMBL1201834,MONDO_0007254,INDICATION,
CHEMBL1201834,MONDO_0008633,INDICATION,
CHEMBL1201834,MONDO_0008903,INDICATION,
CHEMBL1201834,MONDO_0011382,INDICATION,
CHEMBL1201834,MONDO_0011776,INDICATION,
CHEMBL1201834,MONDO_0016168,INDICATION,
CHEMBL1201834,MONDO_0017708,INDICATION,
CHEMBL1201834,MONDO_0018088,INDICATION,
CHEMBL1201834,MONDO_0100096,INDICATION,
CHEMBL1201835,EFO_0000274,INDICATION,
CHEMBL1201835,EFO_0000384,INDICATION,
CHEMBL1201835,EFO_0000398,INDICATION,
CHEMBL1201835,EFO_0000540,INDICATION,
CHEMBL1201835,EFO_0000676,INDICATION,
CHEMBL1201835,EFO_0000685,INDICATION,
CHEMBL1201835,EFO_0000729,INDICATION,
CHEMBL1201835,EFO_0002609,INDICATION,
CHEMBL1201835,EFO_0003778,INDICATION,
CHEMBL1201835,EFO_0003780,INDICATION,
CHEMBL1201835,EFO_0003872,INDICATION,
CHEMBL1201835,EFO_0003898,INDICATION,
CHEMBL1201835,EFO_0003921,INDICATION,
CHEMBL1201835,EFO_0007187,INDICATION,
CHEMBL1201835,EFO_1000710,INDICATION,
CHEMBL1201835,EFO_1001209,INDICATION,
CHEMBL1201835,EFO_1001231,INDICATION,
CHEMBL1201835,EFO_1001486,INDICATION,
CHEMBL1201835,EFO_1001494,INDICATION,
CHEMBL1201835,EFO_1001857,INDICATION,
CHEMBL1201835,MONDO_0002334,INDICATION,
CHEMBL1201835,MONDO_0005147,INDICATION,
CHEMBL1201835,MONDO_0005301,INDICATION,
CHEMBL1201835,MONDO_0007915,INDICATION,
CHEMBL1201835,MONDO_0013730,INDICATION,
CHEMBL1201835,MONDO_0019269,INDICATION,
CHEMBL1201835,MONDO_0019338,INDICATION,
CHEMBL1201836,EFO_0000095,INDICATION,
CHEMBL1201836,EFO_0000183,INDICATION,
CHEMBL1201836,EFO_0000220,INDICATION,
CHEMBL1201836,EFO_0000309,INDICATION,
CHEMBL1201836,EFO_0000403,INDICATION,
CHEMBL1201836,EFO_0000540,INDICATION,
CHEMBL1201836,EFO_0000565,INDICATION,
CHEMBL1201836,EFO_0000574,INDICATION,
CHEMBL1201836,EFO_0000616,INDICATION,
CHEMBL1201836,EFO_0000685,INDICATION,
CHEMBL1201836,EFO_0000756,INDICATION,
CHEMBL1201836,EFO_0000765,INDICATION,
CHEMBL1201836,EFO_0003929,INDICATION,
CHEMBL1201836,EFO_0004255,INDICATION,
CHEMBL1201836,EFO_0004256,INDICATION,
CHEMBL1201836,EFO_0004289,INDICATION,
CHEMBL1201836,EFO_0004719,INDICATION,
CHEMBL1201836,EFO_0005952,INDICATION,
CHEMBL1201836,EFO_0009441,INDICATION,
CHEMBL1201836,EFO_1000749,INDICATION,
CHEMBL1201836,EFO_1001469,INDICATION,
CHEMBL1201836,MONDO_0000870,INDICATION,
CHEMBL1201836,MONDO_0000873,INDICATION,
CHEMBL1201836,MONDO_0001023,INDICATION,
CHEMBL1201836,MONDO_0004992,INDICATION,
CHEMBL1201836,MONDO_0005301,INDICATION,
CHEMBL1201836,MONDO_0018906,INDICATION,
CHEMBL1201836,MONDO_0020547,INDICATION,
CHEMBL1201837,EFO_0005532,INDICATION,
CHEMBL1201837,MONDO_0019623,INDICATION,
CHEMBL1201863,EFO_0000280,INDICATION,
CHEMBL1201863,EFO_0003882,CONTRAINDICATION,
CHEMBL1201863,EFO_0003948,INDICATION,
CHEMBL1201863,EFO_0004607,OFF_LABEL_USE,
CHEMBL1201863,EFO_0007549,OFF_LABEL_USE,
CHEMBL1201863,EFO_0009454,OFF_LABEL_USE,
CHEMBL1201863,EFO_1001095,INDICATION,
CHEMBL1201863,MONDO_0004247,INDICATION,
CHEMBL1201863,MONDO_0018100,CONTRAINDICATION,
CHEMBL1201864,EFO_0000400,CONTRAINDICATION,
CHEMBL1201864,EFO_0000474,CONTRAINDICATION,
CHEMBL1201864,EFO_0000537,CONTRAINDICATION,
CHEMBL1201864,EFO_0000612,CONTRAINDICATION,
CHEMBL1201864,EFO_0000660,OFF_LABEL_USE,
CHEMBL1201864,EFO_0000712,CONTRAINDICATION,
CHEMBL1201864,EFO_0001065,CONTRAINDICATION,
CHEMBL1201864,EFO_0001073,CONTRAINDICATION,
CHEMBL1201864,EFO_0001645,CONTRAINDICATION,
CHEMBL1201864,EFO_0003086,CONTRAINDICATION,
CHEMBL1201864,EFO_0003832,CONTRAINDICATION,
CHEMBL1201864,EFO_0004152,CONTRAINDICATION,
CHEMBL1201864,EFO_0004705,CONTRAINDICATION,
CHEMBL1201864,EFO_0009315,CONTRAINDICATION,
CHEMBL1201864,EFO_1001074,CONTRAINDICATION,
CHEMBL1201864,EFO_1001512,CONTRAINDICATION,
CHEMBL1201864,MONDO_0001627,CONTRAINDICATION,
CHEMBL1201864,MONDO_0002050,CONTRAINDICATION,
CHEMBL1201864,MONDO_0002520,CONTRAINDICATION,
CHEMBL1201864,MONDO_0004979,CONTRAINDICATION,
CHEMBL1201864,MONDO_0005277,CONTRAINDICATION,
CHEMBL1201864,MONDO_0005351,INDICATION,
CHEMBL1201864,MONDO_0007915,CONTRAINDICATION,
CHEMBL1201864,MONDO_0008170,CONTRAINDICATION,
CHEMBL1201864,MONDO_0021187,CONTRAINDICATION,
CHEMBL1201864,MONDO_0037748,CONTRAINDICATION,
CHEMBL1201864,MONDO_0037821,CONTRAINDICATION,
CHEMBL1201865,MONDO_0018150,INDICATION,
CHEMBL1201867,EFO_0000519,INDICATION,
CHEMBL1201867,EFO_0000616,INDICATION,
CHEMBL1201867,EFO_0002608,INDICATION,
CHEMBL1201867,EFO_0003060,INDICATION,
CHEMBL1201867,EFO_0003884,INDICATION,
CHEMBL1201867,EFO_0004272,INDICATION,
CHEMBL1201867,MONDO_0002280,INDICATION,
CHEMBL1201891,EFO_0001421,INDICATION,
CHEMBL1201891,EFO_0003086,INDICATION,
CHEMBL1201891,EFO_0007140,INDICATION,
CHEMBL1201891,MONDO_0010679,INDICATION,
CHEMBL1201891,MONDO_0016971,INDICATION,
CHEMBL1201891,MONDO_0020121,INDICATION,
CHEMBL1202,EFO_0000544,INDICATION,
CHEMBL1202,EFO_0003103,INDICATION,
CHEMBL1202,EFO_0009560,INDICATION,
CHEMBL1202,EFO_1000025,INDICATION,
CHEMBL1202,EFO_1000657,INDICATION,
CHEMBL1202,EFO_1001141,INDICATION,
CHEMBL1204187,MONDO_0002009,INDICATION,
CHEMBL1204644,EFO_0000319,INDICATION,
CHEMBL1204644,MONDO_0002009,INDICATION,
CHEMBL1204644,MONDO_0002050,INDICATION,
CHEMBL1205,EFO_0000180,INDICATION,
CHEMBL1205,EFO_0000558,INDICATION,
CHEMBL1205,EFO_0000569,INDICATION,
CHEMBL1205,EFO_0000616,INDICATION,
CHEMBL1205,EFO_0000691,INDICATION,
CHEMBL1205,EFO_0000764,INDICATION,
CHEMBL1205,EFO_0001378,INDICATION,
CHEMBL1205,EFO_0007313,INDICATION,
CHEMBL1205,EFO_1000158,INDICATION,
CHEMBL1205,MONDO_0008903,INDICATION,
CHEMBL1205402,EFO_0000198,INDICATION,
CHEMBL1205402,EFO_0000222,INDICATION,
CHEMBL1205402,EFO_0000616,INDICATION,
CHEMBL120563,EFO_0001067,INDICATION,
CHEMBL1206,EFO_0000341,CONTRAINDICATION,
CHEMBL1206,EFO_0000537,CONTRAINDICATION,
CHEMBL1206,EFO_0000729,CONTRAINDICATION,
CHEMBL1206,EFO_0001645,CONTRAINDICATION,
CHEMBL1206,EFO_0003086,CONTRAINDICATION,
CHEMBL1206,EFO_0003948,CONTRAINDICATION,
CHEMBL1206,EFO_0004190,CONTRAINDICATION,
CHEMBL1206,EFO_0004991,CONTRAINDICATION,
CHEMBL1206,EFO_0005251,CONTRAINDICATION,
CHEMBL1206,EFO_0005585,CONTRAINDICATION,
CHEMBL1206,EFO_0009190,CONTRAINDICATION,
CHEMBL1206,EFO_0009454,CONTRAINDICATION,
CHEMBL1206,EFO_0009532,CONTRAINDICATION,
CHEMBL1206,EFO_0009571,CONTRAINDICATION,
CHEMBL1206,EFO_1001869,CONTRAINDICATION,
CHEMBL1206,MONDO_0001744,CONTRAINDICATION,
CHEMBL1206,MONDO_0005180,INDICATION,
CHEMBL1206232,EFO_0000616,INDICATION,
CHEMBL1206232,EFO_0004683,INDICATION,
CHEMBL1206232,EFO_0006859,INDICATION,
CHEMBL1206232,EFO_1001901,INDICATION,
CHEMBL1206232,MONDO_0002108,INDICATION,
CHEMBL1206232,MONDO_0004992,INDICATION,
CHEMBL1206232,MONDO_0008170,INDICATION,
CHEMBL1206245,EFO_0000220,INDICATION,
CHEMBL1206245,EFO_0000616,INDICATION,
CHEMBL1206690,EFO_0003843,INDICATION,
CHEMBL1206690,EFO_0005755,INDICATION,
CHEMBL1206690,EFO_0009620,INDICATION,
CHEMBL1206690,EFO_1001412,INDICATION,
CHEMBL1206690,MONDO_0005178,INDICATION,
CHEMBL1207366,EFO_0003768,INDICATION,
CHEMBL1207607,MONDO_0100096,INDICATION,
CHEMBL1207745,EFO_0001361,INDICATION,
CHEMBL1207745,EFO_0003086,INDICATION,
CHEMBL1207745,EFO_0003884,INDICATION,
CHEMBL1207745,MONDO_0001134,INDICATION,
CHEMBL1207907,EFO_0008571,INDICATION,
CHEMBL1207907,EFO_1000714,INDICATION,
CHEMBL1207907,EFO_1000829,INDICATION,
CHEMBL1208,EFO_0000771,INDICATION,
CHEMBL1208,EFO_0003102,INDICATION,
CHEMBL1208,EFO_0003103,INDICATION,
CHEMBL1208155,EFO_0000660,INDICATION,
CHEMBL1208155,EFO_0001065,INDICATION,
CHEMBL1208155,EFO_0003882,CONTRAINDICATION,
CHEMBL1208155,MONDO_0100192,CONTRAINDICATION,
CHEMBL1208422,EFO_0000389,INDICATION,
CHEMBL1208422,EFO_0000676,INDICATION,
CHEMBL1208422,EFO_0000756,INDICATION,
CHEMBL1208422,EFO_0003768,INDICATION,
CHEMBL1208422,EFO_0007126,INDICATION,
CHEMBL1208422,EFO_1001901,INDICATION,
CHEMBL1208422,MONDO_0007254,INDICATION,
CHEMBL1208642,EFO_0000398,INDICATION,
CHEMBL1208642,EFO_0000770,INDICATION,
CHEMBL1208642,EFO_0002501,INDICATION,
CHEMBL1208642,EFO_0002918,INDICATION,
CHEMBL1208642,EFO_0002939,INDICATION,
CHEMBL1208642,EFO_0003837,INDICATION,
CHEMBL1208642,EFO_0003884,INDICATION,
CHEMBL1208642,EFO_0004238,INDICATION,
CHEMBL1208642,EFO_0005672,INDICATION,
CHEMBL1208642,EFO_0006859,INDICATION,
CHEMBL1208642,EFO_0006951,INDICATION,
CHEMBL1208642,EFO_1000292,INDICATION,
CHEMBL1208642,MONDO_0002123,INDICATION,
CHEMBL1208642,MONDO_0100096,INDICATION,
CHEMBL1208642,MONDO_0100342,INDICATION,
CHEMBL1208829,EFO_0003047,INDICATION,
CHEMBL1208829,EFO_0004719,INDICATION,
CHEMBL12089,EFO_0000400,INDICATION,
CHEMBL12089,EFO_0000729,INDICATION,
CHEMBL1209734,EFO_0003047,INDICATION,
CHEMBL121,EFO_0000195,INDICATION,
CHEMBL121,EFO_0000373,INDICATION,
CHEMBL121,EFO_0000400,INDICATION,
CHEMBL121,EFO_0000537,INDICATION,
CHEMBL121,EFO_0000589,INDICATION,
CHEMBL121,EFO_0000612,CONTRAINDICATION,
CHEMBL121,EFO_0000616,INDICATION,
CHEMBL121,EFO_0000673,INDICATION,
CHEMBL121,EFO_0000685,INDICATION,
CHEMBL121,EFO_0000691,INDICATION,
CHEMBL121,EFO_0000712,CONTRAINDICATION,
CHEMBL121,EFO_0000729,INDICATION,
CHEMBL121,EFO_0000734,CONTRAINDICATION,
CHEMBL121,EFO_0000764,INDICATION,
CHEMBL121,EFO_0001065,INDICATION,
CHEMBL121,EFO_0001068,INDICATION,
CHEMBL121,EFO_0001380,CONTRAINDICATION,
CHEMBL121,EFO_0001645,CONTRAINDICATION,
CHEMBL121,EFO_0002546,INDICATION,
CHEMBL121,EFO_0002614,INDICATION,
CHEMBL121,EFO_0003086,CONTRAINDICATION,
CHEMBL121,EFO_0003095,INDICATION,
CHEMBL121,EFO_0003882,CONTRAINDICATION,
CHEMBL121,EFO_0003914,INDICATION,
CHEMBL121,EFO_0004234,INDICATION,
CHEMBL121,EFO_0004236,INDICATION,
CHEMBL121,EFO_0004272,INDICATION,
CHEMBL121,EFO_0005741,CONTRAINDICATION,
CHEMBL121,EFO_0006859,INDICATION,
CHEMBL121,EFO_0006911,INDICATION,
CHEMBL121,EFO_0007444,INDICATION,
CHEMBL121,EFO_0009491,CONTRAINDICATION,
CHEMBL121,EFO_1000036,CONTRAINDICATION,
CHEMBL121,EFO_1000158,INDICATION,
CHEMBL121,EFO_1000783,INDICATION,
CHEMBL121,EFO_1000785,INDICATION,
CHEMBL121,EFO_1000905,CONTRAINDICATION,
CHEMBL121,EFO_1001051,INDICATION,
CHEMBL121,EFO_1001110,INDICATION,
CHEMBL121,EFO_1001121,INDICATION,
CHEMBL121,EFO_1001134,CONTRAINDICATION,
CHEMBL121,EFO_1001249,INDICATION,
CHEMBL121,EFO_1001373,INDICATION,
CHEMBL121,EFO_1001375,CONTRAINDICATION,
CHEMBL121,MONDO_0000440,CONTRAINDICATION,
CHEMBL121,MONDO_0002520,CONTRAINDICATION,
CHEMBL121,MONDO_0003005,CONTRAINDICATION,
CHEMBL121,MONDO_0004975,INDICATION,
CHEMBL121,MONDO_0004979,INDICATION,
CHEMBL121,MONDO_0004992,INDICATION,
CHEMBL121,MONDO_0005148,INDICATION,
CHEMBL121,MONDO_0007079,CONTRAINDICATION,
CHEMBL121,MONDO_0007254,INDICATION,
CHEMBL121,MONDO_0015129,CONTRAINDICATION,
CHEMBL121,Orphanet_309005,INDICATION,
CHEMBL1213033,EFO_0004269,INDICATION,
CHEMBL1213135,EFO_0009579,INDICATION,
CHEMBL1213165,EFO_0000180,INDICATION,
CHEMBL1213165,EFO_0000764,INDICATION,
CHEMBL1213250,EFO_0000544,INDICATION,
CHEMBL1213250,EFO_0003103,INDICATION,
CHEMBL1213251,EFO_0001073,INDICATION,
CHEMBL1213252,EFO_0005230,INDICATION,
CHEMBL1213252,EFO_0006788,INDICATION,
CHEMBL1213327,MONDO_0008315,INDICATION,
CHEMBL1213327,MONDO_0037748,INDICATION,
CHEMBL1213351,EFO_0000341,CONTRAINDICATION,
CHEMBL1213351,EFO_0000474,CONTRAINDICATION,
CHEMBL1213351,EFO_0000537,CONTRAINDICATION,
CHEMBL1213351,EFO_0003086,CONTRAINDICATION,
CHEMBL1213351,EFO_0003843,INDICATION,
CHEMBL1213351,EFO_0003928,CONTRAINDICATION,
CHEMBL1213351,EFO_0004242,CONTRAINDICATION,
CHEMBL1213351,EFO_0004262,CONTRAINDICATION,
CHEMBL1213351,EFO_0004274,CONTRAINDICATION,
CHEMBL1213351,EFO_0004698,CONTRAINDICATION,
CHEMBL1213351,EFO_0005251,CONTRAINDICATION,
CHEMBL1213351,EFO_0005252,CONTRAINDICATION,
CHEMBL1213351,EFO_0007467,CONTRAINDICATION,
CHEMBL1213351,EFO_1000391,CONTRAINDICATION,
CHEMBL1213351,EFO_1000652,CONTRAINDICATION,
CHEMBL1213351,EFO_1001375,CONTRAINDICATION,
CHEMBL1213351,EFO_1001872,CONTRAINDICATION,
CHEMBL1213351,MONDO_0001343,CONTRAINDICATION,
CHEMBL1213351,MONDO_0002050,CONTRAINDICATION,
CHEMBL1213351,MONDO_0002280,CONTRAINDICATION,
CHEMBL1213351,MONDO_0002491,CONTRAINDICATION,
CHEMBL1213351,MONDO_0004247,CONTRAINDICATION,
CHEMBL1213351,MONDO_0004596,CONTRAINDICATION,
CHEMBL1213351,MONDO_0007079,CONTRAINDICATION,
CHEMBL1213351,MONDO_0018660,CONTRAINDICATION,
CHEMBL1213351,MONDO_0018896,CONTRAINDICATION,
CHEMBL1213351,MONDO_0019171,CONTRAINDICATION,
CHEMBL1213351,MONDO_0024574,CONTRAINDICATION,
CHEMBL1213351,MONDO_0100192,CONTRAINDICATION,
CHEMBL1213351,Orphanet_903,CONTRAINDICATION,
CHEMBL1213352,EFO_0005230,INDICATION,
CHEMBL1213353,EFO_0010282,INDICATION,
CHEMBL1213420,EFO_0005755,INDICATION,
CHEMBL1213456,EFO_0000544,INDICATION,
CHEMBL1213456,EFO_0000771,INDICATION,
CHEMBL1213456,EFO_0003086,INDICATION,
CHEMBL1213456,EFO_0003106,INDICATION,
CHEMBL1213456,EFO_1001272,INDICATION,
CHEMBL1213460,EFO_0004991,CONTRAINDICATION,
CHEMBL1213460,EFO_0005230,INDICATION,
CHEMBL1213460,MONDO_0001744,CONTRAINDICATION,
CHEMBL1213460,MONDO_0002050,INDICATION,
CHEMBL1213492,EFO_0000095,INDICATION,
CHEMBL1213492,EFO_0000183,INDICATION,
CHEMBL1213492,EFO_0000384,INDICATION,
CHEMBL1213492,EFO_0001378,INDICATION,
CHEMBL1213492,EFO_0002429,INDICATION,
CHEMBL1213492,EFO_0002609,INDICATION,
CHEMBL1213492,EFO_0004251,INDICATION,
CHEMBL1213492,EFO_0700060,INDICATION,
CHEMBL1213492,MONDO_0010311,INDICATION,
CHEMBL1213492,MONDO_0010679,INDICATION,
CHEMBL1213553,EFO_0001068,INDICATION,
CHEMBL1213553,EFO_0007444,INDICATION,
CHEMBL1213553,EFO_0007445,INDICATION,
CHEMBL1213633,EFO_0000519,INDICATION,
CHEMBL1213633,EFO_0000571,INDICATION,
CHEMBL1213633,EFO_0000616,INDICATION,
CHEMBL1213633,EFO_0003050,INDICATION,
CHEMBL1214,EFO_0000771,INDICATION,
CHEMBL1214,EFO_0003086,CONTRAINDICATION,
CHEMBL1214,EFO_0003102,INDICATION,
CHEMBL1214,EFO_0003103,INDICATION,
CHEMBL1214,EFO_0003830,INDICATION,
CHEMBL1214,EFO_0007326,CONTRAINDICATION,
CHEMBL1214,MONDO_0005247,INDICATION,
CHEMBL1214124,EFO_0000474,INDICATION,
CHEMBL1214124,EFO_0001358,INDICATION,
CHEMBL1214124,EFO_0003108,INDICATION,
CHEMBL1214124,EFO_0004263,INDICATION,
CHEMBL1214124,EFO_0005917,INDICATION,
CHEMBL1214124,EFO_0007262,INDICATION,
CHEMBL1214124,EFO_0009430,INDICATION,
CHEMBL1214124,EFO_1000783,INDICATION,
CHEMBL1214124,MONDO_0002009,INDICATION,
CHEMBL1214124,MONDO_0004976,INDICATION,
CHEMBL1214124,MONDO_0004985,INDICATION,
CHEMBL1214124,MONDO_0005180,INDICATION,
CHEMBL1214124,MONDO_0005277,INDICATION,
CHEMBL1214124,MONDO_0007079,INDICATION,
CHEMBL1214124,MONDO_0016532,INDICATION,
CHEMBL1214124,MONDO_0800207,INDICATION,
CHEMBL1214185,EFO_0000771,INDICATION,
CHEMBL1214192,EFO_0000684,INDICATION,
CHEMBL1214598,EFO_0000763,INDICATION,
CHEMBL1214598,EFO_0007328,INDICATION,
CHEMBL1214827,EFO_0000616,INDICATION,
CHEMBL1214827,EFO_0003060,INDICATION,
CHEMBL1214827,EFO_0005537,INDICATION,
CHEMBL1214827,MONDO_0007254,INDICATION,
CHEMBL1214827,MONDO_0008315,INDICATION,
CHEMBL1215,EFO_0000178,INDICATION,
CHEMBL1215,EFO_0000217,CONTRAINDICATION,
CHEMBL1215,EFO_0000319,CONTRAINDICATION,
CHEMBL1215,EFO_0000341,CONTRAINDICATION,
CHEMBL1215,EFO_0000400,CONTRAINDICATION,
CHEMBL1215,EFO_0000464,CONTRAINDICATION,
CHEMBL1215,EFO_0000474,CONTRAINDICATION,
CHEMBL1215,EFO_0000537,CONTRAINDICATION,
CHEMBL1215,EFO_0000544,INDICATION,
CHEMBL1215,EFO_0000612,CONTRAINDICATION,
CHEMBL1215,EFO_0000616,INDICATION,
CHEMBL1215,EFO_0000712,INDICATION,
CHEMBL1215,EFO_0000729,CONTRAINDICATION,
CHEMBL1215,EFO_0001064,CONTRAINDICATION,
CHEMBL1215,EFO_0001073,INDICATION,
CHEMBL1215,EFO_0001074,CONTRAINDICATION,
CHEMBL1215,EFO_0001358,INDICATION,
CHEMBL1215,EFO_0001645,CONTRAINDICATION,
CHEMBL1215,EFO_0003086,CONTRAINDICATION,
CHEMBL1215,EFO_0003767,CONTRAINDICATION,
CHEMBL1215,EFO_0003777,CONTRAINDICATION,
CHEMBL1215,EFO_0003779,CONTRAINDICATION,
CHEMBL1215,EFO_0003832,CONTRAINDICATION,
CHEMBL1215,EFO_0003833,CONTRAINDICATION,
CHEMBL1215,EFO_0003843,INDICATION,
CHEMBL1215,EFO_0003877,CONTRAINDICATION,
CHEMBL1215,EFO_0003890,CONTRAINDICATION,
CHEMBL1215,EFO_0003928,CONTRAINDICATION,
CHEMBL1215,EFO_0003948,CONTRAINDICATION,
CHEMBL1215,EFO_0003956,INDICATION,
CHEMBL1215,EFO_0003966,INDICATION,
CHEMBL1215,EFO_0004242,CONTRAINDICATION,
CHEMBL1215,EFO_0004262,CONTRAINDICATION,
CHEMBL1215,EFO_0004264,INDICATION,
CHEMBL1215,EFO_0004269,INDICATION,
CHEMBL1215,EFO_0004274,CONTRAINDICATION,
CHEMBL1215,EFO_0004283,CONTRAINDICATION,
CHEMBL1215,EFO_0004610,INDICATION,
CHEMBL1215,EFO_0004698,CONTRAINDICATION,
CHEMBL1215,EFO_0004705,CONTRAINDICATION,
CHEMBL1215,EFO_0004991,CONTRAINDICATION,
CHEMBL1215,EFO_0005251,OFF_LABEL_USE,
CHEMBL1215,EFO_0005252,INDICATION,
CHEMBL1215,EFO_0005306,CONTRAINDICATION,
CHEMBL1215,EFO_0005407,CONTRAINDICATION,
CHEMBL1215,EFO_0005628,INDICATION,
CHEMBL1215,EFO_0005751,INDICATION,
CHEMBL1215,EFO_0005774,CONTRAINDICATION,
CHEMBL1215,EFO_0005854,INDICATION,
CHEMBL1215,EFO_0006834,INDICATION,
CHEMBL1215,EFO_0007141,INDICATION,
CHEMBL1215,EFO_0007214,INDICATION,
CHEMBL1215,EFO_0007287,CONTRAINDICATION,
CHEMBL1215,EFO_0007328,INDICATION,
CHEMBL1215,EFO_0007467,CONTRAINDICATION,
CHEMBL1215,EFO_0007486,INDICATION,
CHEMBL1215,EFO_0007533,INDICATION,
CHEMBL1215,EFO_0008521,INDICATION,
CHEMBL1215,EFO_0009086,CONTRAINDICATION,
CHEMBL1215,EFO_0009189,CONTRAINDICATION,
CHEMBL1215,EFO_0009190,CONTRAINDICATION,
CHEMBL1215,EFO_0009314,CONTRAINDICATION,
CHEMBL1215,EFO_0009454,CONTRAINDICATION,
CHEMBL1215,EFO_0009491,CONTRAINDICATION,
CHEMBL1215,EFO_0009523,INDICATION,
CHEMBL1215,EFO_0009530,CONTRAINDICATION,
CHEMBL1215,EFO_0009550,INDICATION,
CHEMBL1215,EFO_0009552,INDICATION,
CHEMBL1215,EFO_0009571,CONTRAINDICATION,
CHEMBL1215,EFO_0009661,CONTRAINDICATION,
CHEMBL1215,EFO_0009688,INDICATION,
CHEMBL1215,EFO_0009910,CONTRAINDICATION,
CHEMBL1215,EFO_1000014,CONTRAINDICATION,
CHEMBL1215,EFO_1000391,CONTRAINDICATION,
CHEMBL1215,EFO_1000645,INDICATION,
CHEMBL1215,EFO_1000652,CONTRAINDICATION,
CHEMBL1215,EFO_1000684,CONTRAINDICATION,
CHEMBL1215,EFO_1000800,CONTRAINDICATION,
CHEMBL1215,EFO_1000902,CONTRAINDICATION,
CHEMBL1215,EFO_1001069,CONTRAINDICATION,
CHEMBL1215,EFO_1001095,CONTRAINDICATION,
CHEMBL1215,EFO_1001132,CONTRAINDICATION,
CHEMBL1215,EFO_1001134,CONTRAINDICATION,
CHEMBL1215,EFO_1001375,CONTRAINDICATION,
CHEMBL1215,EFO_1001379,CONTRAINDICATION,
CHEMBL1215,EFO_1001872,CONTRAINDICATION,
CHEMBL1215,EFO_1001898,INDICATION,
CHEMBL1215,MONDO_0000440,CONTRAINDICATION,
CHEMBL1215,MONDO_0001343,CONTRAINDICATION,
CHEMBL1215,MONDO_0001744,CONTRAINDICATION,
CHEMBL1215,MONDO_0002203,CONTRAINDICATION,
CHEMBL1215,MONDO_0002277,CONTRAINDICATION,
CHEMBL1215,MONDO_0002280,CONTRAINDICATION,
CHEMBL1215,MONDO_0002491,CONTRAINDICATION,
CHEMBL1215,MONDO_0004247,CONTRAINDICATION,
CHEMBL1215,MONDO_0004596,CONTRAINDICATION,
CHEMBL1215,MONDO_0005129,INDICATION,
CHEMBL1215,MONDO_0005271,INDICATION,
CHEMBL1215,MONDO_0007079,CONTRAINDICATION,
CHEMBL1215,MONDO_0008224,CONTRAINDICATION,
CHEMBL1215,MONDO_0015129,CONTRAINDICATION,
CHEMBL1215,MONDO_0018660,CONTRAINDICATION,
CHEMBL1215,MONDO_0018896,CONTRAINDICATION,
CHEMBL1215,MONDO_0021661,CONTRAINDICATION,
CHEMBL1215,MONDO_0024355,INDICATION,
CHEMBL1215,MONDO_0024574,CONTRAINDICATION,
CHEMBL1215,MONDO_0037821,CONTRAINDICATION,
CHEMBL1215,MONDO_0100192,CONTRAINDICATION,
CHEMBL1215,Orphanet_903,CONTRAINDICATION,
CHEMBL1215331,EFO_0000401,INDICATION,
CHEMBL1215331,MONDO_0005148,INDICATION,
CHEMBL1215661,EFO_0008568,INDICATION,
CHEMBL1215923,EFO_0000341,INDICATION,
CHEMBL1215923,EFO_0000676,INDICATION,
CHEMBL121626,EFO_0002618,INDICATION,
CHEMBL121626,EFO_0005755,INDICATION,
CHEMBL121626,MONDO_0019037,INDICATION,
CHEMBL121663,EFO_0003932,INDICATION,
CHEMBL1218,EFO_0000341,INDICATION,
CHEMBL1218,EFO_0003768,INDICATION,
CHEMBL1218,EFO_0003877,CONTRAINDICATION,
CHEMBL1218,EFO_0003890,INDICATION,
CHEMBL1218,EFO_0003918,INDICATION,
CHEMBL1218,EFO_0004698,INDICATION,
CHEMBL1218,EFO_0007191,INDICATION,
CHEMBL1218,EFO_0007319,CONTRAINDICATION,
CHEMBL1218,EFO_0008568,INDICATION,
CHEMBL1218,EFO_0009516,INDICATION,
CHEMBL1218,MONDO_0002050,CONTRAINDICATION,
CHEMBL1218,MONDO_0004985,INDICATION,
CHEMBL1218,MONDO_0005475,INDICATION,
CHEMBL1218,MONDO_0007079,CONTRAINDICATION,
CHEMBL1218,MONDO_0100096,INDICATION,
CHEMBL1218,MONDO_0100192,CONTRAINDICATION,
CHEMBL1218,MONDO_0100431,INDICATION,
CHEMBL1219,EFO_0000574,INDICATION,
CHEMBL1219,EFO_0001642,INDICATION,
CHEMBL1219,EFO_0003763,INDICATION,
CHEMBL1219,EFO_0003882,CONTRAINDICATION,
CHEMBL1219,EFO_0003948,INDICATION,
CHEMBL1219,EFO_0004607,INDICATION,
CHEMBL1219,EFO_0005741,INDICATION,
CHEMBL1219,EFO_0007549,INDICATION,
CHEMBL1219,EFO_0008533,INDICATION,
CHEMBL1219,EFO_1000961,INDICATION,
CHEMBL1219,EFO_1001095,INDICATION,
CHEMBL1219,EFO_1001355,INDICATION,
CHEMBL1219,MONDO_0004247,INDICATION,
CHEMBL1219,MONDO_0004976,INDICATION,
CHEMBL1219,MONDO_0004992,INDICATION,
CHEMBL1219,MONDO_0016586,INDICATION,
CHEMBL1219,MONDO_0017169,INDICATION,
CHEMBL1219,MONDO_0018100,CONTRAINDICATION,
CHEMBL12198,EFO_0001645,INDICATION,
CHEMBL12198,MONDO_0004979,INDICATION,
CHEMBL12198,MONDO_0100342,INDICATION,
CHEMBL122,EFO_0000685,INDICATION,
CHEMBL122,EFO_0003060,INDICATION,
CHEMBL122,EFO_0003833,INDICATION,
CHEMBL122,EFO_0003843,INDICATION,
CHEMBL122,EFO_0003897,INDICATION,
CHEMBL122,EFO_0004616,INDICATION,
CHEMBL122,EFO_0005406,INDICATION,
CHEMBL122,EFO_0005543,INDICATION,
CHEMBL122,EFO_0005755,INDICATION,
CHEMBL122,EFO_1001951,INDICATION,
CHEMBL122,MONDO_0004975,INDICATION,
CHEMBL122,MONDO_0005178,INDICATION,
CHEMBL122,MONDO_0005277,INDICATION,
CHEMBL122,MONDO_0008315,INDICATION,
CHEMBL1220,DOID_10718,INDICATION,
CHEMBL1220,DOID_1947,INDICATION,
CHEMBL1220,EFO_0000474,CONTRAINDICATION,
CHEMBL1220,EFO_0000771,INDICATION,
CHEMBL1220,EFO_0003100,CONTRAINDICATION,
CHEMBL1220,EFO_0003878,INDICATION,
CHEMBL1220,EFO_0003932,INDICATION,
CHEMBL1220,EFO_0007144,INDICATION,
CHEMBL1220,EFO_0007445,INDICATION,
CHEMBL1220,EFO_1000961,INDICATION,
CHEMBL1220,MONDO_0001056,INDICATION,
CHEMBL1220,MONDO_0001433,INDICATION,
CHEMBL1220,MONDO_0002026,INDICATION,
CHEMBL12208,EFO_0000684,INDICATION,
CHEMBL12208,EFO_0004268,INDICATION,
CHEMBL12208,MONDO_0005149,INDICATION,
CHEMBL1221,EFO_0007439,INDICATION,
CHEMBL1221,EFO_0007512,INDICATION,
CHEMBL1221986,MONDO_0008170,INDICATION,
CHEMBL1222250,EFO_0000182,INDICATION,
CHEMBL1222250,EFO_0000195,INDICATION,
CHEMBL1222250,EFO_0000373,INDICATION,
CHEMBL1222250,EFO_0000400,INDICATION,
CHEMBL1222250,EFO_0000474,INDICATION,
CHEMBL1222250,EFO_0000537,INDICATION,
CHEMBL1222250,EFO_0000544,INDICATION,
CHEMBL1222250,EFO_0000589,INDICATION,
CHEMBL1222250,EFO_0000612,INDICATION,
CHEMBL1222250,EFO_0000660,INDICATION,
CHEMBL1222250,EFO_0000764,INDICATION,
CHEMBL1222250,EFO_0001073,INDICATION,
CHEMBL1222250,EFO_0001421,INDICATION,
CHEMBL1222250,EFO_0003106,INDICATION,
CHEMBL1222250,EFO_0003144,INDICATION,
CHEMBL1222250,EFO_0003843,INDICATION,
CHEMBL1222250,EFO_0003869,INDICATION,
CHEMBL1222250,EFO_0003884,INDICATION,
CHEMBL1222250,EFO_0003931,INDICATION,
CHEMBL1222250,EFO_0003932,INDICATION,
CHEMBL1222250,EFO_0004209,INDICATION,
CHEMBL1222250,EFO_0004238,INDICATION,
CHEMBL1222250,EFO_0004616,INDICATION,
CHEMBL1222250,EFO_0004888,INDICATION,
CHEMBL1222250,EFO_0005279,INDICATION,
CHEMBL1222250,EFO_0006834,INDICATION,
CHEMBL1222250,EFO_0007214,INDICATION,
CHEMBL1222250,EFO_0007328,INDICATION,
CHEMBL1222250,EFO_0008572,INDICATION,
CHEMBL1222250,EFO_0009579,INDICATION,
CHEMBL1222250,EFO_0009686,INDICATION,
CHEMBL1222250,EFO_1000948,INDICATION,
CHEMBL1222250,EFO_1000949,INDICATION,
CHEMBL1222250,EFO_1000985,INDICATION,
CHEMBL1222250,EFO_1001434,INDICATION,
CHEMBL1222250,EFO_1001896,INDICATION,
CHEMBL1222250,EFO_1001919,INDICATION,
CHEMBL1222250,MONDO_0001475,INDICATION,
CHEMBL1222250,MONDO_0002041,INDICATION,
CHEMBL1222250,MONDO_0003060,INDICATION,
CHEMBL1222250,MONDO_0004567,INDICATION,
CHEMBL1222250,MONDO_0004976,INDICATION,
CHEMBL1222250,MONDO_0005090,INDICATION,
CHEMBL1222250,MONDO_0005147,INDICATION,
CHEMBL1222250,MONDO_0005148,INDICATION,
CHEMBL1222250,MONDO_0005301,INDICATION,
CHEMBL1222250,MONDO_0009061,INDICATION,
CHEMBL1222250,MONDO_0021187,INDICATION,
CHEMBL1222250,MONDO_0037939,INDICATION,
CHEMBL1222250,MONDO_0043510,INDICATION,
CHEMBL1222250,MONDO_0100096,INDICATION,
CHEMBL1222250,MP_0001914,INDICATION,
CHEMBL1222251,EFO_0000195,INDICATION,
CHEMBL1222251,EFO_0000400,CONTRAINDICATION,
CHEMBL1222251,EFO_0000612,CONTRAINDICATION,
CHEMBL1222251,EFO_0000660,INDICATION,
CHEMBL1222251,EFO_0000712,CONTRAINDICATION,
CHEMBL1222251,EFO_0001645,CONTRAINDICATION,
CHEMBL1222251,EFO_0003060,INDICATION,
CHEMBL1222251,EFO_0004274,CONTRAINDICATION,
CHEMBL1222251,EFO_0005251,CONTRAINDICATION,
CHEMBL1222251,EFO_0005672,CONTRAINDICATION,
CHEMBL1222251,EFO_0009314,CONTRAINDICATION,
CHEMBL1222251,EFO_1001158,INDICATION,
CHEMBL1222251,MONDO_0000313,CONTRAINDICATION,
CHEMBL1222251,MONDO_0002679,CONTRAINDICATION,
CHEMBL1222251,MONDO_0004247,CONTRAINDICATION,
CHEMBL1222251,MONDO_0004975,INDICATION,
CHEMBL1222251,MONDO_0005147,INDICATION,
CHEMBL1222251,MONDO_0007079,CONTRAINDICATION,
CHEMBL1222251,MONDO_0008903,INDICATION,
CHEMBL1222251,MONDO_0018075,INDICATION,
CHEMBL1222251,MONDO_0021187,OFF_LABEL_USE,
CHEMBL1222251,MP_0001914,INDICATION,
CHEMBL122270,EFO_0003888,INDICATION,
CHEMBL122270,EFO_0004701,INDICATION,
CHEMBL1222883,EFO_0003843,INDICATION,
CHEMBL1223,EFO_0000181,INDICATION,
CHEMBL1223,EFO_0000544,INDICATION,
CHEMBL1223,EFO_0000616,INDICATION,
CHEMBL1223,EFO_0000772,INDICATION,
CHEMBL1223,EFO_0003033,INDICATION,
CHEMBL1223,EFO_0003102,INDICATION,
CHEMBL1223,EFO_0003106,INDICATION,
CHEMBL1223,EFO_0007504,INDICATION,
CHEMBL1223,MONDO_0001056,INDICATION,
CHEMBL1223,MONDO_0002258,INDICATION,
CHEMBL1223,MONDO_0004992,INDICATION,
CHEMBL1224,EFO_0000400,CONTRAINDICATION,
CHEMBL1224,EFO_0000537,CONTRAINDICATION,
CHEMBL1224,EFO_0003956,INDICATION,
CHEMBL1224,EFO_0005854,INDICATION,
CHEMBL1224,EFO_0007141,INDICATION,
CHEMBL1224,EFO_0007214,INDICATION,
CHEMBL1224,EFO_0007533,INDICATION,
CHEMBL1224,EFO_0009189,CONTRAINDICATION,
CHEMBL1224,MONDO_0001744,CONTRAINDICATION,
CHEMBL1224,MONDO_0005271,INDICATION,
CHEMBL1224,MONDO_0021661,CONTRAINDICATION,
CHEMBL1228,EFO_0005752,INDICATION,
CHEMBL1228,EFO_0005755,INDICATION,
CHEMBL1229,EFO_0000544,INDICATION,
CHEMBL1229,EFO_0000763,INDICATION,
CHEMBL1229,EFO_0001073,INDICATION,
CHEMBL1229,EFO_0003106,INDICATION,
CHEMBL1229,EFO_0003884,INDICATION,
CHEMBL1229,EFO_0005222,INDICATION,
CHEMBL1229,EFO_0007160,INDICATION,
CHEMBL1229,EFO_0007328,INDICATION,
CHEMBL1229,EFO_0009267,CONTRAINDICATION,
CHEMBL1229,MONDO_0100096,INDICATION,
CHEMBL1229093,EFO_0000407,INDICATION,
CHEMBL1229093,EFO_0000694,INDICATION,
CHEMBL1229093,EFO_0000729,INDICATION,
CHEMBL1229093,EFO_0003095,INDICATION,
CHEMBL1229093,EFO_0004220,INDICATION,
CHEMBL1229093,MONDO_0005180,INDICATION,
CHEMBL1229093,MONDO_0100096,INDICATION,
CHEMBL1229211,EFO_0000180,INDICATION,
CHEMBL1229211,EFO_0000544,INDICATION,
CHEMBL1229211,EFO_0000763,INDICATION,
CHEMBL1229211,EFO_0000764,INDICATION,
CHEMBL1229211,EFO_0000765,INDICATION,
CHEMBL1229211,EFO_0001068,INDICATION,
CHEMBL1229211,MONDO_0004976,INDICATION,
CHEMBL1229214,EFO_0010282,INDICATION,
CHEMBL1229517,EFO_0000222,INDICATION,
CHEMBL1229517,EFO_0000326,INDICATION,
CHEMBL1229517,EFO_0000365,INDICATION,
CHEMBL1229517,EFO_0000389,INDICATION,
CHEMBL1229517,EFO_0000574,INDICATION,
CHEMBL1229517,EFO_0000616,INDICATION,
CHEMBL1229517,EFO_0000756,INDICATION,
CHEMBL1229517,EFO_0001378,INDICATION,
CHEMBL1229517,EFO_0001642,INDICATION,
CHEMBL1229517,EFO_0002617,INDICATION,
CHEMBL1229517,EFO_0002618,INDICATION,
CHEMBL1229517,EFO_0002892,INDICATION,
CHEMBL1229517,EFO_0003060,INDICATION,
CHEMBL1229517,EFO_0005307,CONTRAINDICATION,
CHEMBL1229517,EFO_1000209,INDICATION,
CHEMBL1229517,EFO_1000318,INDICATION,
CHEMBL1229517,EFO_1000926,INDICATION,
CHEMBL1229517,EFO_1000956,INDICATION,
CHEMBL1229517,EFO_1000997,CONTRAINDICATION,
CHEMBL1229517,EFO_1001231,CONTRAINDICATION,
CHEMBL1229517,EFO_1001951,INDICATION,
CHEMBL1229517,MONDO_0002108,INDICATION,
CHEMBL1229517,MONDO_0002898,INDICATION,
CHEMBL1229517,MONDO_0004992,INDICATION,
CHEMBL1229517,MONDO_0018100,CONTRAINDICATION,
CHEMBL1229517,MONDO_0019171,CONTRAINDICATION,
CHEMBL1229908,EFO_0000684,INDICATION,
CHEMBL1230065,EFO_0000676,INDICATION,
CHEMBL1230065,EFO_0000685,INDICATION,
CHEMBL1230065,EFO_0004264,INDICATION,
CHEMBL1230165,EFO_0001378,INDICATION,
CHEMBL1230165,EFO_0002939,INDICATION,
CHEMBL1230165,EFO_0004193,INDICATION,
CHEMBL1230165,EFO_0005221,INDICATION,
CHEMBL1230165,MONDO_0100096,INDICATION,
CHEMBL1230191,MONDO_0004992,INDICATION,
CHEMBL1230227,EFO_0000616,INDICATION,
CHEMBL1230227,MONDO_0008315,INDICATION,
CHEMBL1230245,EFO_0003086,INDICATION,
CHEMBL1230245,MONDO_0043510,INDICATION,
CHEMBL1230314,EFO_0000182,CONTRAINDICATION,
CHEMBL1230314,EFO_0000275,CONTRAINDICATION,
CHEMBL1230314,EFO_0000305,CONTRAINDICATION,
CHEMBL1230314,EFO_0000400,CONTRAINDICATION,
CHEMBL1230314,EFO_0000537,CONTRAINDICATION,
CHEMBL1230314,EFO_0000673,INDICATION,
CHEMBL1230314,EFO_0000762,CONTRAINDICATION,
CHEMBL1230314,EFO_0002950,INDICATION,
CHEMBL1230314,EFO_0003763,CONTRAINDICATION,
CHEMBL1230314,EFO_0003869,INDICATION,
CHEMBL1230314,EFO_0009314,CONTRAINDICATION,
CHEMBL1230314,EFO_0009491,CONTRAINDICATION,
CHEMBL1230314,EFO_0009520,INDICATION,
CHEMBL1230314,EFO_1001240,INDICATION,
CHEMBL1230314,MONDO_0007254,INDICATION,
CHEMBL1230314,MONDO_0021661,CONTRAINDICATION,
CHEMBL1230314,MONDO_0100096,INDICATION,
CHEMBL1230575,EFO_0003884,INDICATION,
CHEMBL1230607,EFO_0000616,INDICATION,
CHEMBL1230609,EFO_0000182,INDICATION,
CHEMBL1230609,EFO_0000616,INDICATION,
CHEMBL1230609,EFO_0000681,INDICATION,
CHEMBL1230609,EFO_0005950,INDICATION,
CHEMBL1230609,MONDO_0004992,INDICATION,
CHEMBL1230609,MONDO_0007254,INDICATION,
CHEMBL1230609,MONDO_0008903,INDICATION,
CHEMBL1230813,MONDO_0008315,INDICATION,
CHEMBL1230866,EFO_0000544,INDICATION,
CHEMBL1230866,EFO_0003819,INDICATION,
CHEMBL1230866,EFO_0007486,INDICATION,
CHEMBL1230866,EFO_0009516,INDICATION,
CHEMBL1230866,EFO_1001216,INDICATION,
CHEMBL1230866,EFO_1001866,INDICATION,
CHEMBL1230982,MONDO_0005090,INDICATION,
CHEMBL1231,EFO_0000512,INDICATION,
CHEMBL1231,EFO_0000537,CONTRAINDICATION,
CHEMBL1231,EFO_0000729,CONTRAINDICATION,
CHEMBL1231,EFO_0001645,CONTRAINDICATION,
CHEMBL1231,EFO_0001663,INDICATION,
CHEMBL1231,EFO_0003086,CONTRAINDICATION,
CHEMBL1231,EFO_0003877,INDICATION,
CHEMBL1231,EFO_0003918,INDICATION,
CHEMBL1231,EFO_0003948,CONTRAINDICATION,
CHEMBL1231,EFO_0003956,INDICATION,
CHEMBL1231,EFO_0004991,CONTRAINDICATION,
CHEMBL1231,EFO_0006865,INDICATION,
CHEMBL1231,EFO_0009189,CONTRAINDICATION,
CHEMBL1231,EFO_0009562,INDICATION,
CHEMBL1231,EFO_1000781,INDICATION,
CHEMBL1231,MONDO_0001744,CONTRAINDICATION,
CHEMBL1231,MONDO_0024290,INDICATION,
CHEMBL1231124,EFO_0000182,INDICATION,
CHEMBL1231124,EFO_0000479,INDICATION,
CHEMBL1231124,EFO_0002430,INDICATION,
CHEMBL1231124,EFO_0003060,INDICATION,
CHEMBL1231124,MONDO_0001056,INDICATION,
CHEMBL1231124,MONDO_0004992,INDICATION,
CHEMBL1231160,EFO_0000182,INDICATION,
CHEMBL1231160,EFO_0000198,INDICATION,
CHEMBL1231160,EFO_0000220,INDICATION,
CHEMBL1231160,EFO_0000222,INDICATION,
CHEMBL1231160,EFO_0000403,INDICATION,
CHEMBL1231160,EFO_0000588,INDICATION,
CHEMBL1231160,EFO_0000616,INDICATION,
CHEMBL1231160,EFO_0001378,INDICATION,
CHEMBL1231160,EFO_0002617,INDICATION,
CHEMBL1231160,EFO_0003060,INDICATION,
CHEMBL1231160,EFO_1001779,INDICATION,
CHEMBL1231160,EFO_1001961,INDICATION,
CHEMBL1231160,MONDO_0004992,INDICATION,
CHEMBL1231529,EFO_0000708,INDICATION,
CHEMBL1231574,EFO_0000400,CONTRAINDICATION,
CHEMBL1231574,EFO_0000474,CONTRAINDICATION,
CHEMBL1231574,EFO_0000537,CONTRAINDICATION,
CHEMBL1231574,EFO_0000612,CONTRAINDICATION,
CHEMBL1231574,EFO_0000660,OFF_LABEL_USE,
CHEMBL1231574,EFO_0000712,CONTRAINDICATION,
CHEMBL1231574,EFO_0001065,CONTRAINDICATION,
CHEMBL1231574,EFO_0001073,CONTRAINDICATION,
CHEMBL1231574,EFO_0001645,CONTRAINDICATION,
CHEMBL1231574,EFO_0003086,CONTRAINDICATION,
CHEMBL1231574,EFO_0003832,CONTRAINDICATION,
CHEMBL1231574,EFO_0003888,INDICATION,
CHEMBL1231574,EFO_0003894,INDICATION,
CHEMBL1231574,EFO_0004152,CONTRAINDICATION,
CHEMBL1231574,EFO_0004705,CONTRAINDICATION,
CHEMBL1231574,EFO_0009315,CONTRAINDICATION,
CHEMBL1231574,EFO_0009491,CONTRAINDICATION,
CHEMBL1231574,EFO_1001074,CONTRAINDICATION,
CHEMBL1231574,EFO_1001512,CONTRAINDICATION,
CHEMBL1231574,MONDO_0001627,CONTRAINDICATION,
CHEMBL1231574,MONDO_0002050,CONTRAINDICATION,
CHEMBL1231574,MONDO_0002520,CONTRAINDICATION,
CHEMBL1231574,MONDO_0004979,CONTRAINDICATION,
CHEMBL1231574,MONDO_0005277,CONTRAINDICATION,
CHEMBL1231574,MONDO_0007915,CONTRAINDICATION,
CHEMBL1231574,MONDO_0008170,CONTRAINDICATION,
CHEMBL1231574,MONDO_0021187,CONTRAINDICATION,
CHEMBL1231574,MONDO_0037748,CONTRAINDICATION,
CHEMBL1231574,MONDO_0037821,CONTRAINDICATION,
CHEMBL1231700,EFO_0000712,INDICATION,
CHEMBL1231700,EFO_0003888,INDICATION,
CHEMBL1231700,EFO_0003890,INDICATION,
CHEMBL1231700,EFO_0004190,INDICATION,
CHEMBL1231700,EFO_0004701,INDICATION,
CHEMBL1231700,EFO_0007191,INDICATION,
CHEMBL1231700,MONDO_0002679,INDICATION,
CHEMBL1231700,MONDO_0005090,INDICATION,
CHEMBL1231700,MONDO_0005299,INDICATION,
CHEMBL1231700,MONDO_0007079,INDICATION,
CHEMBL1231700,MONDO_0043510,INDICATION,
CHEMBL1231700,MONDO_0100096,INDICATION,
CHEMBL1231723,EFO_0000389,INDICATION,
CHEMBL1231723,EFO_0001365,INDICATION,
CHEMBL1231723,EFO_0009552,INDICATION,
CHEMBL1231723,EFO_1001887,INDICATION,
CHEMBL1231723,MONDO_0001576,INDICATION,
CHEMBL1231723,MONDO_0008638,INDICATION,
CHEMBL12318,EFO_0003843,INDICATION,
CHEMBL12318,EFO_0004260,INDICATION,
CHEMBL12318,EFO_1000844,INDICATION,
CHEMBL12318,MONDO_0007254,INDICATION,
CHEMBL1231840,EFO_0000341,INDICATION,
CHEMBL1231840,EFO_0000768,INDICATION,
CHEMBL1231840,EFO_0001361,INDICATION,
CHEMBL1231840,EFO_1000637,INDICATION,
CHEMBL1231840,MONDO_0004567,INDICATION,
CHEMBL1231840,MONDO_0100130,INDICATION,
CHEMBL1231871,EFO_0003144,INDICATION,
CHEMBL1231871,EFO_0003843,INDICATION,
CHEMBL1231871,EFO_0003877,INDICATION,
CHEMBL1231871,EFO_0004262,INDICATION,
CHEMBL1231871,EFO_0009842,INDICATION,
CHEMBL1231871,EFO_1001219,INDICATION,
CHEMBL1231871,EFO_1001417,INDICATION,
CHEMBL1231871,MONDO_0005277,INDICATION,
CHEMBL1232111,MONDO_0004976,INDICATION,
CHEMBL1232111,MONDO_0005180,INDICATION,
CHEMBL1232131,EFO_0000545,INDICATION,
CHEMBL1232131,EFO_0009579,INDICATION,
CHEMBL1232131,EFO_1000760,INDICATION,
CHEMBL1232131,MONDO_0005148,INDICATION,
CHEMBL1232131,MONDO_0100096,INDICATION,
CHEMBL1232131,MP_0001914,INDICATION,
CHEMBL1232132,EFO_0009189,INDICATION,
CHEMBL1232461,EFO_0000313,INDICATION,
CHEMBL1232461,EFO_0000616,INDICATION,
CHEMBL1232510,DOID_7551,INDICATION,
CHEMBL1232510,EFO_0000341,INDICATION,
CHEMBL1232510,EFO_0000771,INDICATION,
CHEMBL1232510,EFO_1001249,INDICATION,
CHEMBL1232510,EFO_1001272,INDICATION,
CHEMBL1232583,EFO_0000400,INDICATION,
CHEMBL1232767,EFO_0003819,INDICATION,
CHEMBL1232767,EFO_0003854,INDICATION,
CHEMBL1232767,MONDO_0002508,INDICATION,
CHEMBL1232993,EFO_0000326,INDICATION,
CHEMBL1232993,EFO_0000341,INDICATION,
CHEMBL1232993,EFO_0000519,INDICATION,
CHEMBL1232993,EFO_0000676,INDICATION,
CHEMBL1232993,EFO_0003060,INDICATION,
CHEMBL1232993,EFO_0003833,INDICATION,
CHEMBL1232993,EFO_1000026,INDICATION,
CHEMBL1232993,MONDO_0002959,INDICATION,
CHEMBL1232993,MONDO_0003778,INDICATION,
CHEMBL1232993,MONDO_0005277,INDICATION,
CHEMBL1232993,MONDO_0008315,INDICATION,
CHEMBL1232993,MONDO_0043510,INDICATION,
CHEMBL1233,EFO_0000474,CONTRAINDICATION,
CHEMBL1233,EFO_0003086,CONTRAINDICATION,
CHEMBL1233,EFO_0003767,CONTRAINDICATION,
CHEMBL1233,EFO_0003832,CONTRAINDICATION,
CHEMBL1233,EFO_0003843,INDICATION,
CHEMBL1233,EFO_0003890,CONTRAINDICATION,
CHEMBL1233,EFO_0004274,CONTRAINDICATION,
CHEMBL1233,EFO_0004705,CONTRAINDICATION,
CHEMBL1233,EFO_0005251,CONTRAINDICATION,
CHEMBL1233,EFO_0007467,CONTRAINDICATION,
CHEMBL1233,EFO_0009868,CONTRAINDICATION,
CHEMBL1233,EFO_1000391,CONTRAINDICATION,
CHEMBL1233,EFO_1001132,CONTRAINDICATION,
CHEMBL1233,MONDO_0002280,CONTRAINDICATION,
CHEMBL1233,MONDO_0002491,CONTRAINDICATION,
CHEMBL1233,MONDO_0004247,CONTRAINDICATION,
CHEMBL1233,MONDO_0007079,CONTRAINDICATION,
CHEMBL1233,MONDO_0008294,CONTRAINDICATION,
CHEMBL1233,MONDO_0015129,CONTRAINDICATION,
CHEMBL1233,MONDO_0018660,CONTRAINDICATION,
CHEMBL1233,MONDO_0018896,CONTRAINDICATION,
CHEMBL1233,MONDO_0024574,CONTRAINDICATION,
CHEMBL1233,Orphanet_903,CONTRAINDICATION,
CHEMBL1233058,EFO_0004236,INDICATION,
CHEMBL1233182,EFO_0000764,INDICATION,
CHEMBL1233511,EFO_0002950,INDICATION,
CHEMBL1233511,MONDO_0001528,INDICATION,
CHEMBL1233524,EFO_0003047,INDICATION,
CHEMBL1233528,EFO_0000198,INDICATION,
CHEMBL1233528,EFO_0000221,INDICATION,
CHEMBL1233528,EFO_0000222,INDICATION,
CHEMBL1233528,EFO_0000565,INDICATION,
CHEMBL1233528,EFO_0000574,INDICATION,
CHEMBL1233528,EFO_0000616,INDICATION,
CHEMBL1233528,EFO_0002913,INDICATION,
CHEMBL1233528,EFO_0003060,INDICATION,
CHEMBL1233528,EFO_0003893,INDICATION,
CHEMBL1233528,EFO_1001257,INDICATION,
CHEMBL1233528,MONDO_0000430,INDICATION,
CHEMBL1233584,EFO_0003086,CONTRAINDICATION,
CHEMBL1233584,EFO_0003777,CONTRAINDICATION,
CHEMBL1233584,EFO_0004287,CONTRAINDICATION,
CHEMBL1233584,MONDO_0001566,CONTRAINDICATION,
CHEMBL1233584,MONDO_0019259,CONTRAINDICATION,
CHEMBL1233584,MONDO_0019338,CONTRAINDICATION,
CHEMBL1233584,MONDO_0024327,CONTRAINDICATION,
CHEMBL1233584,Orphanet_79254,CONTRAINDICATION,
CHEMBL1233598,EFO_1000824,INDICATION,
CHEMBL1233940,EFO_0000764,INDICATION,
CHEMBL1234,EFO_0005669,INDICATION,
CHEMBL1234,EFO_1000642,INDICATION,
CHEMBL1234,MONDO_0005147,INDICATION,
CHEMBL1234270,EFO_0000616,INDICATION,
CHEMBL1234270,EFO_0000637,INDICATION,
CHEMBL1234270,EFO_0004142,INDICATION,
CHEMBL1234270,EFO_0004288,INDICATION,
CHEMBL1234270,EFO_1000657,INDICATION,
CHEMBL1234354,EFO_0003869,INDICATION,
CHEMBL1234354,MONDO_0004992,INDICATION,
CHEMBL1234354,MONDO_0007254,INDICATION,
CHEMBL1234579,EFO_0000546,INDICATION,
CHEMBL1234579,EFO_0001358,INDICATION,
CHEMBL1234579,EFO_0002950,INDICATION,
CHEMBL1234579,EFO_0003843,INDICATION,
CHEMBL1234579,EFO_0004242,INDICATION,
CHEMBL1234579,EFO_0005230,INDICATION,
CHEMBL1234579,EFO_0005611,INDICATION,
CHEMBL1234579,EFO_0009516,INDICATION,
CHEMBL1234579,EFO_0009854,INDICATION,
CHEMBL1234579,EFO_1001951,INDICATION,
CHEMBL1234579,EFO_1001998,INDICATION,
CHEMBL1234579,MONDO_0002009,INDICATION,
CHEMBL1234579,MONDO_0004985,INDICATION,
CHEMBL1234579,MONDO_0011382,INDICATION,
CHEMBL1234579,MONDO_0021698,INDICATION,
CHEMBL1234886,EFO_0000181,INDICATION,
CHEMBL1234886,EFO_0000341,INDICATION,
CHEMBL1234886,EFO_0000400,INDICATION,
CHEMBL1234886,EFO_0000465,INDICATION,
CHEMBL1234886,EFO_0000544,INDICATION,
CHEMBL1234886,EFO_0000546,INDICATION,
CHEMBL1234886,EFO_0000556,INDICATION,
CHEMBL1234886,EFO_0000694,INDICATION,
CHEMBL1234886,EFO_0000712,INDICATION,
CHEMBL1234886,EFO_0000729,INDICATION,
CHEMBL1234886,EFO_0000768,INDICATION,
CHEMBL1234886,EFO_0001358,INDICATION,
CHEMBL1234886,EFO_0001361,INDICATION,
CHEMBL1234886,EFO_0001378,INDICATION,
CHEMBL1234886,EFO_0001645,INDICATION,
CHEMBL1234886,EFO_0002687,INDICATION,
CHEMBL1234886,EFO_0002950,INDICATION,
CHEMBL1234886,EFO_0003060,INDICATION,
CHEMBL1234886,EFO_0003106,INDICATION,
CHEMBL1234886,EFO_0003144,INDICATION,
CHEMBL1234886,EFO_0003756,INDICATION,
CHEMBL1234886,EFO_0003758,INDICATION,
CHEMBL1234886,EFO_0003818,INDICATION,
CHEMBL1234886,EFO_0003827,INDICATION,
CHEMBL1234886,EFO_0003843,INDICATION,
CHEMBL1234886,EFO_0003913,INDICATION,
CHEMBL1234886,EFO_0003917,INDICATION,
CHEMBL1234886,EFO_0003918,INDICATION,
CHEMBL1234886,EFO_0003931,INDICATION,
CHEMBL1234886,EFO_0004234,INDICATION,
CHEMBL1234886,EFO_0004259,INDICATION,
CHEMBL1234886,EFO_0004264,INDICATION,
CHEMBL1234886,EFO_0004278,INDICATION,
CHEMBL1234886,EFO_0004888,INDICATION,
CHEMBL1234886,EFO_0005230,INDICATION,
CHEMBL1234886,EFO_0005611,INDICATION,
CHEMBL1234886,EFO_0005762,INDICATION,
CHEMBL1234886,EFO_0005774,INDICATION,
CHEMBL1234886,EFO_0007167,INDICATION,
CHEMBL1234886,EFO_0007512,INDICATION,
CHEMBL1234886,EFO_0008583,INDICATION,
CHEMBL1234886,EFO_0008590,INDICATION,
CHEMBL1234886,EFO_0009444,INDICATION,
CHEMBL1234886,EFO_0009448,INDICATION,
CHEMBL1234886,EFO_0009516,INDICATION,
CHEMBL1234886,EFO_0009842,INDICATION,
CHEMBL1234886,EFO_0009869,INDICATION,
CHEMBL1234886,EFO_0010702,INDICATION,
CHEMBL1234886,EFO_0011023,INDICATION,
CHEMBL1234886,EFO_1000025,INDICATION,
CHEMBL1234886,EFO_1000158,INDICATION,
CHEMBL1234886,EFO_1000637,INDICATION,
CHEMBL1234886,EFO_1000809,INDICATION,
CHEMBL1234886,EFO_1001158,INDICATION,
CHEMBL1234886,EFO_1001375,INDICATION,
CHEMBL1234886,EFO_1001465,INDICATION,
CHEMBL1234886,EFO_1001821,INDICATION,
CHEMBL1234886,EFO_1001919,INDICATION,
CHEMBL1234886,EFO_1001998,INDICATION,
CHEMBL1234886,MONDO_0002358,INDICATION,
CHEMBL1234886,MONDO_0004567,INDICATION,
CHEMBL1234886,MONDO_0004933,INDICATION,
CHEMBL1234886,MONDO_0004992,INDICATION,
CHEMBL1234886,MONDO_0005090,INDICATION,
CHEMBL1234886,MONDO_0005148,INDICATION,
CHEMBL1234886,MONDO_0005277,INDICATION,
CHEMBL1234886,MONDO_0007254,INDICATION,
CHEMBL1234886,MONDO_0011382,INDICATION,
CHEMBL1234886,MONDO_0019200,INDICATION,
CHEMBL1234886,MONDO_0019297,INDICATION,
CHEMBL1234886,MONDO_0043510,INDICATION,
CHEMBL1234886,MONDO_0043839,INDICATION,
CHEMBL1234886,MONDO_0100096,INDICATION,
CHEMBL1234886,MONDO_0800373,INDICATION,
CHEMBL1235452,EFO_0003894,INDICATION,
CHEMBL1235478,EFO_0000616,INDICATION,
CHEMBL1235478,EFO_0000702,INDICATION,
CHEMBL1235478,EFO_0002938,INDICATION,
CHEMBL1235478,EFO_0003060,INDICATION,
CHEMBL1235478,EFO_0003869,INDICATION,
CHEMBL1235478,MONDO_0007576,INDICATION,
CHEMBL1235478,MONDO_0008903,INDICATION,
CHEMBL1235478,MONDO_0021117,INDICATION,
CHEMBL1235535,EFO_0000319,INDICATION,
CHEMBL1235535,EFO_0006862,INDICATION,
CHEMBL1235535,MONDO_0021187,INDICATION,
CHEMBL1235551,EFO_1001475,INDICATION,
CHEMBL123558,EFO_0000275,INDICATION,
CHEMBL123558,EFO_0000373,INDICATION,
CHEMBL123558,EFO_0004269,INDICATION,
CHEMBL1236107,MONDO_0004992,INDICATION,
CHEMBL1236183,MONDO_0005148,INDICATION,
CHEMBL1236282,EFO_0000771,INDICATION,
CHEMBL1236395,EFO_0005672,INDICATION,
CHEMBL1236395,EFO_1001248,INDICATION,
CHEMBL1236395,MONDO_0004975,INDICATION,
CHEMBL1236395,MONDO_0004976,INDICATION,
CHEMBL1236395,MONDO_0004985,INDICATION,
CHEMBL1236395,MONDO_0008116,INDICATION,
CHEMBL1236395,Orphanet_98757,INDICATION,
CHEMBL1236475,EFO_0000096,INDICATION,
CHEMBL1236475,EFO_0000198,INDICATION,
CHEMBL1236475,EFO_0000616,INDICATION,
CHEMBL1236475,EFO_0003060,INDICATION,
CHEMBL1236475,EFO_0005952,INDICATION,
CHEMBL1236475,EFO_0006859,INDICATION,
CHEMBL1236475,EFO_1000158,INDICATION,
CHEMBL1236475,MONDO_0011382,INDICATION,
CHEMBL1236524,EFO_0007358,INDICATION,
CHEMBL1236524,MONDO_0100096,INDICATION,
CHEMBL1236682,EFO_0000182,INDICATION,
CHEMBL1236682,EFO_0000616,INDICATION,
CHEMBL1236682,MONDO_0003060,INDICATION,
CHEMBL1236682,MONDO_0004992,INDICATION,
CHEMBL1236802,EFO_0000341,INDICATION,
CHEMBL1236802,EFO_0001073,INDICATION,
CHEMBL1236802,EFO_0001645,INDICATION,
CHEMBL1236802,EFO_0004242,INDICATION,
CHEMBL1236802,EFO_0004262,INDICATION,
CHEMBL1236802,EFO_0009267,INDICATION,
CHEMBL1236802,MONDO_0002009,INDICATION,
CHEMBL1236802,MONDO_0004975,INDICATION,
CHEMBL1236802,MONDO_0004985,INDICATION,
CHEMBL1236802,MONDO_0005299,INDICATION,
CHEMBL1236802,MONDO_0009061,INDICATION,
CHEMBL1236802,MONDO_0043510,INDICATION,
CHEMBL1236924,EFO_0003929,INDICATION,
CHEMBL1236924,MONDO_0005148,INDICATION,
CHEMBL1236936,EFO_0000373,INDICATION,
CHEMBL1236936,EFO_0003144,INDICATION,
CHEMBL1236962,EFO_0000616,INDICATION,
CHEMBL1236962,EFO_0000768,INDICATION,
CHEMBL1236962,MONDO_0004992,INDICATION,
CHEMBL1236970,EFO_0000181,INDICATION,
CHEMBL1236970,EFO_0000199,INDICATION,
CHEMBL1236970,EFO_0000544,INDICATION,
CHEMBL1236970,EFO_0000684,INDICATION,
CHEMBL1236970,EFO_0000694,INDICATION,
CHEMBL1236970,EFO_0000763,INDICATION,
CHEMBL1236970,EFO_0000764,INDICATION,
CHEMBL1236970,EFO_0001068,INDICATION,
CHEMBL1236970,EFO_0002950,INDICATION,
CHEMBL1236970,EFO_0003047,INDICATION,
CHEMBL1236970,EFO_0003106,INDICATION,
CHEMBL1236970,EFO_0003758,INDICATION,
CHEMBL1236970,EFO_0003843,INDICATION,
CHEMBL1236970,EFO_0010282,INDICATION,
CHEMBL1236970,EFO_1000049,INDICATION,
CHEMBL1236970,EFO_1001345,INDICATION,
CHEMBL1236970,EFO_1001347,INDICATION,
CHEMBL1236970,EFO_1001996,INDICATION,
CHEMBL1236970,MONDO_0001673,INDICATION,
CHEMBL1236970,MONDO_0004907,INDICATION,
CHEMBL1236970,MONDO_0011382,INDICATION,
CHEMBL1236970,MONDO_0018076,INDICATION,
CHEMBL1236970,MONDO_0100096,INDICATION,
CHEMBL1237,EFO_0000182,INDICATION,
CHEMBL1237,EFO_0000275,OFF_LABEL_USE,
CHEMBL1237,EFO_0000279,INDICATION,
CHEMBL1237,EFO_0000318,INDICATION,
CHEMBL1237,EFO_0000319,INDICATION,
CHEMBL1237,EFO_0000373,INDICATION,
CHEMBL1237,EFO_0000400,CONTRAINDICATION,
CHEMBL1237,EFO_0000401,OFF_LABEL_USE,
CHEMBL1237,EFO_0000537,INDICATION,
CHEMBL1237,EFO_0000538,CONTRAINDICATION,
CHEMBL1237,EFO_0000612,INDICATION,
CHEMBL1237,EFO_0000712,INDICATION,
CHEMBL1237,EFO_0001645,INDICATION,
CHEMBL1237,EFO_0003086,CONTRAINDICATION,
CHEMBL1237,EFO_0003144,INDICATION,
CHEMBL1237,EFO_0003770,OFF_LABEL_USE,
CHEMBL1237,EFO_0003896,INDICATION,
CHEMBL1237,EFO_0003914,INDICATION,
CHEMBL1237,EFO_0004236,INDICATION,
CHEMBL1237,EFO_0004264,INDICATION,
CHEMBL1237,EFO_0004274,CONTRAINDICATION,
CHEMBL1237,EFO_0005251,CONTRAINDICATION,
CHEMBL1237,EFO_0005532,CONTRAINDICATION,
CHEMBL1237,EFO_0008506,CONTRAINDICATION,
CHEMBL1237,EFO_0008620,INDICATION,
CHEMBL1237,EFO_0009530,CONTRAINDICATION,
CHEMBL1237,EFO_1000652,CONTRAINDICATION,
CHEMBL1237,EFO_1000829,OFF_LABEL_USE,
CHEMBL1237,EFO_1000899,OFF_LABEL_USE,
CHEMBL1237,EFO_1000948,INDICATION,
CHEMBL1237,EFO_1000982,CONTRAINDICATION,
CHEMBL1237,EFO_1001249,INDICATION,
CHEMBL1237,EFO_1001375,INDICATION,
CHEMBL1237,EFO_1001986,CONTRAINDICATION,
CHEMBL1237,MONDO_0001134,INDICATION,
CHEMBL1237,MONDO_0001566,CONTRAINDICATION,
CHEMBL1237,MONDO_0002307,OFF_LABEL_USE,
CHEMBL1237,MONDO_0002462,INDICATION,
CHEMBL1237,MONDO_0002474,INDICATION,
CHEMBL1237,MONDO_0004577,OFF_LABEL_USE,
CHEMBL1237,MONDO_0005148,INDICATION,
CHEMBL1237,MONDO_0007254,INDICATION,
CHEMBL1237,MONDO_0007915,CONTRAINDICATION,
CHEMBL1237,MONDO_0018100,CONTRAINDICATION,
CHEMBL1237,MONDO_0019542,CONTRAINDICATION,
CHEMBL1237,MONDO_0019623,CONTRAINDICATION,
CHEMBL1237,MONDO_0042981,CONTRAINDICATION,
CHEMBL1237,Orphanet_79292,INDICATION,
CHEMBL1237,Orphanet_98702,CONTRAINDICATION,
CHEMBL1237021,EFO_0000400,CONTRAINDICATION,
CHEMBL1237021,EFO_0000474,CONTRAINDICATION,
CHEMBL1237021,EFO_0000712,CONTRAINDICATION,
CHEMBL1237021,EFO_0003758,INDICATION,
CHEMBL1237021,EFO_0003764,CONTRAINDICATION,
CHEMBL1237021,EFO_0005252,CONTRAINDICATION,
CHEMBL1237021,EFO_0005407,INDICATION,
CHEMBL1237021,EFO_0005411,INDICATION,
CHEMBL1237021,EFO_0007319,CONTRAINDICATION,
CHEMBL1237021,EFO_0009963,INDICATION,
CHEMBL1237021,EFO_1001379,CONTRAINDICATION,
CHEMBL1237021,MONDO_0001343,CONTRAINDICATION,
CHEMBL1237021,MONDO_0002009,INDICATION,
CHEMBL1237021,MONDO_0002050,INDICATION,
CHEMBL1237021,MONDO_0004985,INDICATION,
CHEMBL1237021,MONDO_0005090,INDICATION,
CHEMBL1237021,MONDO_0021187,CONTRAINDICATION,
CHEMBL1237021,MONDO_0100192,CONTRAINDICATION,
CHEMBL1237022,EFO_0000094,INDICATION,
CHEMBL1237022,EFO_0000095,INDICATION,
CHEMBL1237022,EFO_0000096,INDICATION,
CHEMBL1237022,EFO_0000182,INDICATION,
CHEMBL1237022,EFO_0000220,INDICATION,
CHEMBL1237022,EFO_0000222,INDICATION,
CHEMBL1237022,EFO_0000398,INDICATION,
CHEMBL1237022,EFO_0000403,INDICATION,
CHEMBL1237022,EFO_0000474,INDICATION,
CHEMBL1237022,EFO_0000519,INDICATION,
CHEMBL1237022,EFO_0000540,INDICATION,
CHEMBL1237022,EFO_0000565,INDICATION,
CHEMBL1237022,EFO_0000574,INDICATION,
CHEMBL1237022,EFO_0000616,INDICATION,
CHEMBL1237022,EFO_0000673,INDICATION,
CHEMBL1237022,EFO_0000685,INDICATION,
CHEMBL1237022,EFO_0000694,INDICATION,
CHEMBL1237022,EFO_0000702,INDICATION,
CHEMBL1237022,EFO_0000717,INDICATION,
CHEMBL1237022,EFO_0000756,INDICATION,
CHEMBL1237022,EFO_0000764,INDICATION,
CHEMBL1237022,EFO_0001361,INDICATION,
CHEMBL1237022,EFO_0001378,INDICATION,
CHEMBL1237022,EFO_0002609,INDICATION,
CHEMBL1237022,EFO_0002618,INDICATION,
CHEMBL1237022,EFO_0003060,INDICATION,
CHEMBL1237022,EFO_0003106,INDICATION,
CHEMBL1237022,EFO_0003780,INDICATION,
CHEMBL1237022,EFO_0003818,INDICATION,
CHEMBL1237022,EFO_0003884,INDICATION,
CHEMBL1237022,EFO_0003898,INDICATION,
CHEMBL1237022,EFO_0004256,INDICATION,
CHEMBL1237022,EFO_0004599,INDICATION,
CHEMBL1237022,EFO_0004991,INDICATION,
CHEMBL1237022,EFO_0005952,INDICATION,
CHEMBL1237022,EFO_0007135,INDICATION,
CHEMBL1237022,EFO_0007328,INDICATION,
CHEMBL1237022,EFO_0007541,INDICATION,
CHEMBL1237022,EFO_0008518,INDICATION,
CHEMBL1237022,EFO_0008528,INDICATION,
CHEMBL1237022,EFO_0008586,INDICATION,
CHEMBL1237022,EFO_0009730,INDICATION,
CHEMBL1237022,EFO_1000637,INDICATION,
CHEMBL1237022,EFO_1000926,INDICATION,
CHEMBL1237022,EFO_1000986,INDICATION,
CHEMBL1237022,EFO_1001119,INDICATION,
CHEMBL1237022,EFO_1001148,INDICATION,
CHEMBL1237022,EFO_1001165,INDICATION,
CHEMBL1237022,EFO_1001209,INDICATION,
CHEMBL1237022,EFO_1001231,INDICATION,
CHEMBL1237022,EFO_1001466,INDICATION,
CHEMBL1237022,EFO_1001469,INDICATION,
CHEMBL1237022,EFO_1001513,INDICATION,
CHEMBL1237022,EFO_1001806,INDICATION,
CHEMBL1237022,EFO_1001857,INDICATION,
CHEMBL1237022,EFO_1001951,INDICATION,
CHEMBL1237022,MONDO_0000845,INDICATION,
CHEMBL1237022,MONDO_0001187,INDICATION,
CHEMBL1237022,MONDO_0002009,INDICATION,
CHEMBL1237022,MONDO_0004976,INDICATION,
CHEMBL1237022,MONDO_0005090,INDICATION,
CHEMBL1237022,MONDO_0005147,INDICATION,
CHEMBL1237022,MONDO_0007254,INDICATION,
CHEMBL1237022,MONDO_0007915,INDICATION,
CHEMBL1237022,MONDO_0008170,INDICATION,
CHEMBL1237022,MONDO_0013730,INDICATION,
CHEMBL1237022,MONDO_0015540,INDICATION,
CHEMBL1237022,MONDO_0015564,INDICATION,
CHEMBL1237022,MONDO_0018088,INDICATION,
CHEMBL1237022,MONDO_0018906,INDICATION,
CHEMBL1237022,MONDO_0044881,INDICATION,
CHEMBL1237022,MONDO_0100096,INDICATION,
CHEMBL1237023,EFO_0000266,INDICATION,
CHEMBL1237023,EFO_0000305,INDICATION,
CHEMBL1237023,EFO_0000313,INDICATION,
CHEMBL1237023,EFO_0000384,INDICATION,
CHEMBL1237023,EFO_0000389,INDICATION,
CHEMBL1237023,EFO_0000400,INDICATION,
CHEMBL1237023,EFO_0000616,INDICATION,
CHEMBL1237023,EFO_0000637,INDICATION,
CHEMBL1237023,EFO_0000681,INDICATION,
CHEMBL1237023,EFO_0000685,INDICATION,
CHEMBL1237023,EFO_0000756,INDICATION,
CHEMBL1237023,EFO_0001075,INDICATION,
CHEMBL1237023,EFO_0001378,INDICATION,
CHEMBL1237023,EFO_0003060,INDICATION,
CHEMBL1237023,EFO_0003086,INDICATION,
CHEMBL1237023,EFO_0003854,INDICATION,
CHEMBL1237023,EFO_0003869,INDICATION,
CHEMBL1237023,EFO_0003882,INDICATION,
CHEMBL1237023,EFO_0003931,INDICATION,
CHEMBL1237023,EFO_0004248,INDICATION,
CHEMBL1237023,EFO_0004260,INDICATION,
CHEMBL1237023,EFO_0004274,INDICATION,
CHEMBL1237023,EFO_0007176,INDICATION,
CHEMBL1237023,EFO_0009708,INDICATION,
CHEMBL1237023,EFO_0009870,INDICATION,
CHEMBL1237023,EFO_1000318,INDICATION,
CHEMBL1237023,EFO_1000786,INDICATION,
CHEMBL1237023,EFO_1000984,INDICATION,
CHEMBL1237023,EFO_1001951,INDICATION,
CHEMBL1237023,MONDO_0000837,INDICATION,
CHEMBL1237023,MONDO_0000845,INDICATION,
CHEMBL1237023,MONDO_0002108,INDICATION,
CHEMBL1237023,MONDO_0002171,INDICATION,
CHEMBL1237023,MONDO_0005271,INDICATION,
CHEMBL1237023,MONDO_0005351,INDICATION,
CHEMBL1237023,MONDO_0007254,INDICATION,
CHEMBL1237023,MONDO_0008315,INDICATION,
CHEMBL1237023,MONDO_0008903,INDICATION,
CHEMBL1237023,MONDO_0019019,INDICATION,
CHEMBL1237024,EFO_0000196,INDICATION,
CHEMBL1237024,EFO_0000616,INDICATION,
CHEMBL1237024,EFO_0000673,INDICATION,
CHEMBL1237024,MONDO_0008315,INDICATION,
CHEMBL1237025,EFO_0003884,INDICATION,
CHEMBL1237025,EFO_0004274,INDICATION,
CHEMBL1237026,EFO_0000341,INDICATION,
CHEMBL1237026,EFO_0000764,INDICATION,
CHEMBL1237026,EFO_1001348,INDICATION,
CHEMBL1237026,MONDO_0005148,INDICATION,
CHEMBL1237044,EFO_0000181,INDICATION,
CHEMBL1237044,EFO_0000546,INDICATION,
CHEMBL1237044,EFO_0003843,INDICATION,
CHEMBL1237044,EFO_0003890,INDICATION,
CHEMBL1237044,EFO_0003964,INDICATION,
CHEMBL1237044,EFO_0004616,INDICATION,
CHEMBL1237044,EFO_0005611,INDICATION,
CHEMBL1237044,EFO_0005687,INDICATION,
CHEMBL1237044,EFO_0005762,INDICATION,
CHEMBL1237044,EFO_0005800,INDICATION,
CHEMBL1237044,EFO_0010072,INDICATION,
CHEMBL1237044,EFO_0803321,INDICATION,
CHEMBL1237044,EFO_1000652,INDICATION,
CHEMBL1237044,EFO_1000783,INDICATION,
CHEMBL1237044,EFO_1001250,INDICATION,
CHEMBL1237044,MONDO_0002009,INDICATION,
CHEMBL1237044,MONDO_0004992,INDICATION,
CHEMBL1237044,MONDO_0005178,INDICATION,
CHEMBL1237044,MONDO_0007254,INDICATION,
CHEMBL1237046,EFO_0000771,INDICATION,
CHEMBL1237054,EFO_0000174,INDICATION,
CHEMBL1237054,EFO_0000616,INDICATION,
CHEMBL1237055,EFO_0001421,INDICATION,
CHEMBL1237055,EFO_0003843,INDICATION,
CHEMBL1237055,EFO_0003890,INDICATION,
CHEMBL1237055,EFO_0004616,INDICATION,
CHEMBL1237055,EFO_0801084,INDICATION,
CHEMBL1237055,EFO_1000786,INDICATION,
CHEMBL1237061,EFO_0004911,INDICATION,
CHEMBL1237061,MONDO_0021187,INDICATION,
CHEMBL1237061,Orphanet_309005,INDICATION,
CHEMBL1237065,EFO_0003843,INDICATION,
CHEMBL1237065,EFO_0003890,INDICATION,
CHEMBL1237065,EFO_0010072,INDICATION,
CHEMBL1237065,EFO_0803321,INDICATION,
CHEMBL1237065,MONDO_0004992,INDICATION,
CHEMBL1237066,EFO_0003086,CONTRAINDICATION,
CHEMBL1237066,EFO_0003777,CONTRAINDICATION,
CHEMBL1237066,EFO_0004287,CONTRAINDICATION,
CHEMBL1237066,MONDO_0001566,CONTRAINDICATION,
CHEMBL1237066,MONDO_0019338,CONTRAINDICATION,
CHEMBL1237066,MONDO_0024327,CONTRAINDICATION,
CHEMBL1237070,EFO_0007157,INDICATION,
CHEMBL1237070,MONDO_0002026,INDICATION,
CHEMBL1237070,MONDO_0002041,INDICATION,
CHEMBL1237072,EFO_0000771,INDICATION,
CHEMBL1237072,EFO_0003033,CONTRAINDICATION,
CHEMBL1237072,EFO_0003102,INDICATION,
CHEMBL1237072,EFO_0003106,INDICATION,
CHEMBL1237072,EFO_0005681,INDICATION,
CHEMBL1237072,EFO_0007387,INDICATION,
CHEMBL1237072,EFO_0007499,INDICATION,
CHEMBL1237072,EFO_0009661,INDICATION,
CHEMBL1237072,MONDO_0002258,INDICATION,
CHEMBL1237080,EFO_0000616,INDICATION,
CHEMBL1237080,EFO_0006911,INDICATION,
CHEMBL1237080,MONDO_0004992,INDICATION,
CHEMBL1237082,MONDO_0002050,INDICATION,
CHEMBL1237102,EFO_1001417,INDICATION,
CHEMBL1237104,EFO_0003843,INDICATION,
CHEMBL1237105,EFO_0000731,INDICATION,
CHEMBL1237105,EFO_0009579,INDICATION,
CHEMBL1237105,MP_0001914,INDICATION,
CHEMBL1237119,EFO_0000341,INDICATION,
CHEMBL1237119,EFO_0000556,INDICATION,
CHEMBL1237119,EFO_0000717,INDICATION,
CHEMBL1237119,EFO_0000768,INDICATION,
CHEMBL1237119,EFO_0001361,INDICATION,
CHEMBL1237119,EFO_0002687,INDICATION,
CHEMBL1237119,EFO_0003086,CONTRAINDICATION,
CHEMBL1237119,EFO_0003818,CONTRAINDICATION,
CHEMBL1237119,EFO_0003875,INDICATION,
CHEMBL1237119,EFO_0005207,INDICATION,
CHEMBL1237119,EFO_0005251,CONTRAINDICATION,
CHEMBL1237119,EFO_0009314,CONTRAINDICATION,
CHEMBL1237119,EFO_1001103,INDICATION,
CHEMBL1237119,EFO_1001145,INDICATION,
CHEMBL1237119,EFO_1001459,INDICATION,
CHEMBL1237119,MONDO_0001999,INDICATION,
CHEMBL1237119,MONDO_0005147,INDICATION,
CHEMBL1237119,MONDO_0005149,INDICATION,
CHEMBL1237119,MONDO_0100130,INDICATION,
CHEMBL1237122,EFO_0000731,INDICATION,
CHEMBL1237122,EFO_0009579,INDICATION,
CHEMBL1237122,MP_0001914,INDICATION,
CHEMBL1237124,DOID_7551,INDICATION,
CHEMBL1237124,EFO_0000778,INDICATION,
CHEMBL1237124,EFO_0003086,CONTRAINDICATION,
CHEMBL1237124,EFO_0003103,INDICATION,
CHEMBL1237124,EFO_0003106,INDICATION,
CHEMBL1237124,EFO_0003894,INDICATION,
CHEMBL1237124,EFO_0005224,INDICATION,
CHEMBL1237124,EFO_0005681,INDICATION,
CHEMBL1237124,EFO_0007128,INDICATION,
CHEMBL1237124,EFO_0007185,INDICATION,
CHEMBL1237124,EFO_0007291,INDICATION,
CHEMBL1237124,EFO_0007324,INDICATION,
CHEMBL1237124,EFO_0007353,INDICATION,
CHEMBL1237124,EFO_0007387,OFF_LABEL_USE,
CHEMBL1237124,EFO_0007410,INDICATION,
CHEMBL1237124,EFO_0007486,INDICATION,
CHEMBL1237124,EFO_0007504,INDICATION,
CHEMBL1237124,EFO_0007548,INDICATION,
CHEMBL1237124,EFO_0009425,OFF_LABEL_USE,
CHEMBL1237124,EFO_0009661,INDICATION,
CHEMBL1237124,EFO_1000982,OFF_LABEL_USE,
CHEMBL1237124,EFO_1001444,OFF_LABEL_USE,
CHEMBL1237124,EFO_1001481,OFF_LABEL_USE,
CHEMBL1237124,MONDO_0001080,INDICATION,
CHEMBL1237124,MONDO_0002258,INDICATION,
CHEMBL1237124,MONDO_0004782,CONTRAINDICATION,
CHEMBL1237124,MONDO_0004789,OFF_LABEL_USE,
CHEMBL1237132,EFO_0000278,CONTRAINDICATION,
CHEMBL1237132,EFO_0000319,INDICATION,
CHEMBL1237132,EFO_0000537,INDICATION,
CHEMBL1237132,EFO_0000712,INDICATION,
CHEMBL1237132,EFO_0003144,CONTRAINDICATION,
CHEMBL1237132,EFO_0004264,INDICATION,
CHEMBL1237132,EFO_0004273,INDICATION,
CHEMBL1237132,EFO_0005251,CONTRAINDICATION,
CHEMBL1237132,EFO_1001031,INDICATION,
CHEMBL1237135,MONDO_0002009,INDICATION,
CHEMBL1237174,EFO_0003819,INDICATION,
CHEMBL1237212,EFO_0000616,INDICATION,
CHEMBL1238,EFO_0003894,INDICATION,
CHEMBL1238,EFO_0003963,INDICATION,
CHEMBL1238,EFO_1000760,INDICATION,
CHEMBL1238,EFO_1000764,INDICATION,
CHEMBL1238,EFO_1001305,INDICATION,
CHEMBL1238,MONDO_0010200,CONTRAINDICATION,
CHEMBL1238,MONDO_0019290,CONTRAINDICATION,
CHEMBL1239,EFO_0001067,INDICATION,
CHEMBL1240,EFO_1000781,INDICATION,
CHEMBL1240,MONDO_0004247,INDICATION,
CHEMBL1240705,EFO_0000544,INDICATION,
CHEMBL1240772,EFO_0001073,INDICATION,
CHEMBL1240772,EFO_0003913,INDICATION,
CHEMBL1240772,EFO_0005669,INDICATION,
CHEMBL1240772,EFO_0010282,INDICATION,
CHEMBL1240772,MONDO_0005147,INDICATION,
CHEMBL1240772,MONDO_0005148,INDICATION,
CHEMBL1240967,EFO_0000341,INDICATION,
CHEMBL1240967,EFO_0003818,INDICATION,
CHEMBL1240967,MONDO_0004979,INDICATION,
CHEMBL1240977,EFO_1001342,INDICATION,
CHEMBL1241,EFO_0000537,CONTRAINDICATION,
CHEMBL1241,EFO_0005531,INDICATION,
CHEMBL1241,EFO_0005854,INDICATION,
CHEMBL1241,EFO_0007141,INDICATION,
CHEMBL1241,EFO_0007533,INDICATION,
CHEMBL1241,EFO_0009189,CONTRAINDICATION,
CHEMBL1241,EFO_1001069,CONTRAINDICATION,
CHEMBL1241,MONDO_0001744,CONTRAINDICATION,
CHEMBL1241,MONDO_0004247,CONTRAINDICATION,
CHEMBL1241,MONDO_0005271,INDICATION,
CHEMBL1241348,EFO_0000763,INDICATION,
CHEMBL1241348,EFO_0000764,INDICATION,
CHEMBL1241348,EFO_0003047,INDICATION,
CHEMBL1241348,EFO_0004220,INDICATION,
CHEMBL124162,EFO_0000574,INDICATION,
CHEMBL124162,EFO_0000616,INDICATION,
CHEMBL124162,EFO_0000702,INDICATION,
CHEMBL1241855,EFO_0000095,INDICATION,
CHEMBL1241855,EFO_0000181,INDICATION,
CHEMBL1241855,EFO_0000198,INDICATION,
CHEMBL1241855,EFO_0000222,INDICATION,
CHEMBL1241855,EFO_0000339,INDICATION,
CHEMBL1241855,EFO_0000616,INDICATION,
CHEMBL1241855,EFO_0000708,INDICATION,
CHEMBL1241855,EFO_0003811,INDICATION,
CHEMBL1241855,EFO_0005922,INDICATION,
CHEMBL1241855,EFO_1001779,INDICATION,
CHEMBL1241855,MONDO_0004992,INDICATION,
CHEMBL1241855,MONDO_0008170,INDICATION,
CHEMBL1241855,MONDO_0009179,INDICATION,
CHEMBL1241951,EFO_0000544,INDICATION,
CHEMBL1241951,EFO_0000763,INDICATION,
CHEMBL1241951,EFO_0001062,INDICATION,
CHEMBL1241951,EFO_0002950,INDICATION,
CHEMBL1241951,MONDO_0044881,INDICATION,
CHEMBL1242,EFO_0000341,CONTRAINDICATION,
CHEMBL1242,EFO_0000537,CONTRAINDICATION,
CHEMBL1242,EFO_0001645,CONTRAINDICATION,
CHEMBL1242,EFO_0003086,CONTRAINDICATION,
CHEMBL1242,EFO_0003103,INDICATION,
CHEMBL1242,EFO_0003843,INDICATION,
CHEMBL1242,EFO_0003877,CONTRAINDICATION,
CHEMBL1242,EFO_0003901,INDICATION,
CHEMBL1242,EFO_0003948,CONTRAINDICATION,
CHEMBL1242,EFO_0004991,CONTRAINDICATION,
CHEMBL1242,EFO_0005803,CONTRAINDICATION,
CHEMBL1242,EFO_0007287,CONTRAINDICATION,
CHEMBL1242,EFO_0009189,CONTRAINDICATION,
CHEMBL1242,EFO_0009532,CONTRAINDICATION,
CHEMBL1242,EFO_1001226,CONTRAINDICATION,
CHEMBL1242,MONDO_0002050,CONTRAINDICATION,
CHEMBL1242,MONDO_0002280,CONTRAINDICATION,
CHEMBL1242,MONDO_0002462,CONTRAINDICATION,
CHEMBL1242,MONDO_0002491,CONTRAINDICATION,
CHEMBL1242,MONDO_0005041,CONTRAINDICATION,
CHEMBL1242,MONDO_0007079,CONTRAINDICATION,
CHEMBL1242,MONDO_0037821,CONTRAINDICATION,
CHEMBL1242,MONDO_0100192,CONTRAINDICATION,
CHEMBL12420,EFO_0000712,INDICATION,
CHEMBL12420,MONDO_0002009,INDICATION,
CHEMBL1243,EFO_0003086,CONTRAINDICATION,
CHEMBL1243,EFO_0005803,CONTRAINDICATION,
CHEMBL1243,EFO_0007287,CONTRAINDICATION,
CHEMBL1243,EFO_1001240,INDICATION,
CHEMBL1243,MONDO_0037821,CONTRAINDICATION,
CHEMBL124363,EFO_0000180,INDICATION,
CHEMBL124660,EFO_0000198,INDICATION,
CHEMBL124660,EFO_0000222,INDICATION,
CHEMBL124660,EFO_0000349,INDICATION,
CHEMBL124660,EFO_0000519,INDICATION,
CHEMBL124660,EFO_0000630,INDICATION,
CHEMBL124660,EFO_0002499,INDICATION,
CHEMBL124660,EFO_0002501,INDICATION,
CHEMBL124660,EFO_1001465,INDICATION,
CHEMBL125,DOID_10113,INDICATION,
CHEMBL125,EFO_0005044,INDICATION,
CHEMBL125,EFO_0005045,INDICATION,
CHEMBL125,EFO_0005046,INDICATION,
CHEMBL125,EFO_0005531,INDICATION,
CHEMBL125,EFO_0007379,INDICATION,
CHEMBL125,MONDO_0010031,CONTRAINDICATION,
CHEMBL125,Orphanet_816,CONTRAINDICATION,
CHEMBL1251,EFO_0000545,INDICATION,
CHEMBL1251,EFO_0000660,INDICATION,
CHEMBL1251,EFO_1000645,INDICATION,
CHEMBL1251,EFO_1000859,INDICATION,
CHEMBL1252,EFO_0000616,INDICATION,
CHEMBL1252,EFO_0001073,CONTRAINDICATION,
CHEMBL1252,MONDO_0008315,INDICATION,
CHEMBL1254025,EFO_0000545,INDICATION,
CHEMBL1254025,EFO_0003917,INDICATION,
CHEMBL12543,EFO_0001378,INDICATION,
CHEMBL1254709,EFO_0001068,INDICATION,
CHEMBL1254990,EFO_0004268,INDICATION,
CHEMBL1254990,EFO_1001249,INDICATION,
CHEMBL1255,EFO_0007328,INDICATION,
CHEMBL1255582,MONDO_0005180,INDICATION,
CHEMBL1255653,EFO_1000948,INDICATION,
CHEMBL1255653,MONDO_0009861,INDICATION,
CHEMBL1255653,Orphanet_238583,INDICATION,
CHEMBL1255794,EFO_0000764,INDICATION,
CHEMBL1255800,EFO_0000544,INDICATION,
CHEMBL1255800,EFO_0009130,INDICATION,
CHEMBL1255800,EFO_1000874,INDICATION,
CHEMBL1255871,EFO_0000195,INDICATION,
CHEMBL1255871,EFO_0004616,INDICATION,
CHEMBL1255871,EFO_1000783,INDICATION,
CHEMBL1255891,EFO_0001421,INDICATION,
CHEMBL1255891,EFO_0003047,INDICATION,
CHEMBL1255891,EFO_0004220,INDICATION,
CHEMBL1255901,EFO_0002610,INDICATION,
CHEMBL1255901,MONDO_0002491,INDICATION,
CHEMBL1255901,MONDO_0004975,INDICATION,
CHEMBL1255901,MONDO_0043510,INDICATION,
CHEMBL1256,EFO_0000713,INDICATION,
CHEMBL1256,EFO_0003777,INDICATION,
CHEMBL1256,EFO_0005251,CONTRAINDICATION,
CHEMBL1256,EFO_0005611,INDICATION,
CHEMBL1256,EFO_0009686,INDICATION,
CHEMBL1256,MONDO_0010679,CONTRAINDICATION,
CHEMBL1256,MONDO_0018493,CONTRAINDICATION,
CHEMBL1256,MONDO_0100096,INDICATION,
CHEMBL1256137,MONDO_0016239,INDICATION,
CHEMBL1256391,EFO_0000278,INDICATION,
CHEMBL1256391,EFO_0000538,INDICATION,
CHEMBL1256391,EFO_0000540,INDICATION,
CHEMBL1256391,EFO_0000684,INDICATION,
CHEMBL1256391,EFO_0000717,INDICATION,
CHEMBL1256391,EFO_0000731,INDICATION,
CHEMBL1256391,EFO_0000768,INDICATION,
CHEMBL1256391,EFO_0001422,INDICATION,
CHEMBL1256391,EFO_0003106,INDICATION,
CHEMBL1256391,EFO_0003144,INDICATION,
CHEMBL1256391,EFO_0003818,INDICATION,
CHEMBL1256391,EFO_0003884,INDICATION,
CHEMBL1256391,EFO_0004212,INDICATION,
CHEMBL1256391,EFO_0004236,INDICATION,
CHEMBL1256391,EFO_0004244,INDICATION,
CHEMBL1256391,EFO_0004255,INDICATION,
CHEMBL1256391,EFO_0004610,INDICATION,
CHEMBL1256391,EFO_0006890,INDICATION,
CHEMBL1256391,EFO_0007183,INDICATION,
CHEMBL1256391,EFO_0009448,INDICATION,
CHEMBL1256391,EFO_0009516,INDICATION,
CHEMBL1256391,EFO_1000637,INDICATION,
CHEMBL1256391,EFO_1001411,INDICATION,
CHEMBL1256391,EFO_1001459,INDICATION,
CHEMBL1256391,EFO_1002048,INDICATION,
CHEMBL1256391,MONDO_0005301,INDICATION,
CHEMBL1256391,MONDO_0008903,INDICATION,
CHEMBL1256391,MONDO_0015926,INDICATION,
CHEMBL1256391,MONDO_0017853,INDICATION,
CHEMBL1256391,MONDO_0018975,INDICATION,
CHEMBL1256391,MONDO_0100096,INDICATION,
CHEMBL1256391,MONDO_0100192,CONTRAINDICATION,
CHEMBL1256391,MP_0001845,INDICATION,
CHEMBL1256472,EFO_0000222,INDICATION,
CHEMBL1256686,EFO_0004248,INDICATION,
CHEMBL1256696,EFO_0007486,INDICATION,
CHEMBL1256722,EFO_0000544,INDICATION,
CHEMBL1256723,EFO_0000544,INDICATION,
CHEMBL1256723,EFO_0000694,INDICATION,
CHEMBL1256723,MONDO_0100096,INDICATION,
CHEMBL1256734,EFO_0000771,INDICATION,
CHEMBL1256772,MONDO_0007739,INDICATION,
CHEMBL1256786,EFO_0000341,INDICATION,
CHEMBL1256786,EFO_0000400,CONTRAINDICATION,
CHEMBL1256786,EFO_0000464,INDICATION,
CHEMBL1256786,EFO_0000474,CONTRAINDICATION,
CHEMBL1256786,EFO_0000537,CONTRAINDICATION,
CHEMBL1256786,EFO_0001380,CONTRAINDICATION,
CHEMBL1256786,EFO_0003768,INDICATION,
CHEMBL1256786,EFO_0003882,CONTRAINDICATION,
CHEMBL1256786,EFO_0006505,INDICATION,
CHEMBL1256786,EFO_0007183,INDICATION,
CHEMBL1256786,EFO_0007204,CONTRAINDICATION,
CHEMBL1256786,EFO_0007308,CONTRAINDICATION,
CHEMBL1256786,EFO_0009190,CONTRAINDICATION,
CHEMBL1256786,EFO_0009661,INDICATION,
CHEMBL1256786,EFO_1000637,INDICATION,
CHEMBL1256786,EFO_1001069,CONTRAINDICATION,
CHEMBL1256786,EFO_1002025,CONTRAINDICATION,
CHEMBL1256786,MONDO_0002041,CONTRAINDICATION,
CHEMBL1256786,MONDO_0004784,INDICATION,
CHEMBL1256786,MONDO_0004975,INDICATION,
CHEMBL1256786,MONDO_0004979,INDICATION,
CHEMBL1256786,MONDO_0005041,CONTRAINDICATION,
CHEMBL1256786,MONDO_0005271,INDICATION,
CHEMBL1256786,MONDO_0008903,INDICATION,
CHEMBL1256786,MONDO_0019171,CONTRAINDICATION,
CHEMBL1256786,MONDO_0100096,INDICATION,
CHEMBL1256818,EFO_0000616,INDICATION,
CHEMBL1256818,EFO_0001663,INDICATION,
CHEMBL1256818,EFO_0003843,INDICATION,
CHEMBL1256818,EFO_0007214,INDICATION,
CHEMBL1256818,EFO_0007486,INDICATION,
CHEMBL1256818,MONDO_0002009,INDICATION,
CHEMBL1256818,MONDO_0002050,INDICATION,
CHEMBL1256818,MONDO_0004976,INDICATION,
CHEMBL1256818,MONDO_0005148,INDICATION,
CHEMBL1256818,MONDO_0005271,INDICATION,
CHEMBL1256818,MONDO_0005277,INDICATION,
CHEMBL1256819,EFO_0000678,INDICATION,
CHEMBL1256819,MP_0001845,INDICATION,
CHEMBL1256841,MONDO_0002009,INDICATION,
CHEMBL1256901,MONDO_0002887,INDICATION,
CHEMBL1256958,EFO_0003843,INDICATION,
CHEMBL1256978,EFO_0000180,INDICATION,
CHEMBL1256978,EFO_0000764,INDICATION,
CHEMBL1256987,EFO_0000544,INDICATION,
CHEMBL1256987,EFO_1001459,INDICATION,
CHEMBL1256987,MONDO_0009061,INDICATION,
CHEMBL1256994,EFO_0003890,INDICATION,
CHEMBL1256994,EFO_0004701,INDICATION,
CHEMBL1256994,MONDO_0005090,INDICATION,
CHEMBL1256994,MONDO_0043510,INDICATION,
CHEMBL1257,EFO_0000474,CONTRAINDICATION,
CHEMBL1257,MONDO_0010679,CONTRAINDICATION,
CHEMBL1257,MONDO_0018493,CONTRAINDICATION,
CHEMBL1257030,EFO_0000284,INDICATION,
CHEMBL1257030,EFO_0000616,INDICATION,
CHEMBL1257030,MONDO_0008903,INDICATION,
CHEMBL1257040,EFO_0000677,INDICATION,
CHEMBL1257040,EFO_0006788,INDICATION,
CHEMBL1257040,MONDO_0005090,INDICATION,
CHEMBL1257051,EFO_0000544,INDICATION,
CHEMBL1257051,EFO_0000771,INDICATION,
CHEMBL1257070,EFO_0004992,INDICATION,
CHEMBL1257070,EFO_0006505,INDICATION,
CHEMBL1257073,EFO_0000763,INDICATION,
CHEMBL1257073,EFO_0007225,INDICATION,
CHEMBL1257073,MONDO_0004651,INDICATION,
CHEMBL1257096,EFO_0000544,INDICATION,
CHEMBL1257096,EFO_1001272,INDICATION,
CHEMBL1258006,EFO_0003888,INDICATION,
CHEMBL1258006,MONDO_0005090,INDICATION,
CHEMBL1258517,EFO_0000616,INDICATION,
CHEMBL1259059,EFO_0000544,INDICATION,
CHEMBL1259059,EFO_0000574,INDICATION,
CHEMBL1259059,EFO_0000694,INDICATION,
CHEMBL1259059,EFO_0000763,INDICATION,
CHEMBL1259059,EFO_0003047,INDICATION,
CHEMBL1259059,EFO_0004197,INDICATION,
CHEMBL1259059,EFO_0004220,INDICATION,
CHEMBL1259059,MONDO_0100096,INDICATION,
CHEMBL126,EFO_0000474,CONTRAINDICATION,
CHEMBL126,EFO_0000537,CONTRAINDICATION,
CHEMBL126,EFO_0000544,INDICATION,
CHEMBL126,EFO_0000701,INDICATION,
CHEMBL126,EFO_0000771,INDICATION,
CHEMBL126,EFO_0003030,INDICATION,
CHEMBL126,EFO_0003033,INDICATION,
CHEMBL126,EFO_0003035,INDICATION,
CHEMBL126,EFO_0003100,CONTRAINDICATION,
CHEMBL126,EFO_0003102,INDICATION,
CHEMBL126,EFO_0003106,INDICATION,
CHEMBL126,EFO_0005681,INDICATION,
CHEMBL126,EFO_0007381,INDICATION,
CHEMBL126,EFO_0007496,INDICATION,
CHEMBL126,EFO_0007499,INDICATION,
CHEMBL126,EFO_0007504,INDICATION,
CHEMBL126,EFO_0009190,CONTRAINDICATION,
CHEMBL126,EFO_0009516,INDICATION,
CHEMBL126,EFO_1000036,CONTRAINDICATION,
CHEMBL126,EFO_1000049,INDICATION,
CHEMBL126,EFO_1000852,CONTRAINDICATION,
CHEMBL126,EFO_1001272,INDICATION,
CHEMBL126,EFO_1001330,INDICATION,
CHEMBL126,EFO_1001474,INDICATION,
CHEMBL126,EFO_1001842,CONTRAINDICATION,
CHEMBL126,MONDO_0002280,CONTRAINDICATION,
CHEMBL126,MONDO_0008233,CONTRAINDICATION,
CHEMBL126,MONDO_0009061,INDICATION,
CHEMBL126,MONDO_0018076,INDICATION,
CHEMBL126,MONDO_0021108,INDICATION,
CHEMBL126,MONDO_0021679,INDICATION,
CHEMBL126,MONDO_0041806,INDICATION,
CHEMBL126,MONDO_0044881,INDICATION,
CHEMBL126075,EFO_0000319,INDICATION,
CHEMBL1261,EFO_0000537,CONTRAINDICATION,
CHEMBL1261,EFO_0003086,CONTRAINDICATION,
CHEMBL1261,EFO_0004253,INDICATION,
CHEMBL1261,EFO_0004274,CONTRAINDICATION,
CHEMBL1261,EFO_0007467,CONTRAINDICATION,
CHEMBL1261,EFO_0008533,INDICATION,
CHEMBL1261,EFO_0009491,CONTRAINDICATION,
CHEMBL1261,EFO_0009530,CONTRAINDICATION,
CHEMBL1261,EFO_0009550,INDICATION,
CHEMBL1261,EFO_1000391,CONTRAINDICATION,
CHEMBL1261,EFO_1000948,CONTRAINDICATION,
CHEMBL1261,EFO_1001134,CONTRAINDICATION,
CHEMBL1261,MONDO_0000468,CONTRAINDICATION,
CHEMBL1261,MONDO_0001343,CONTRAINDICATION,
CHEMBL1261,MONDO_0001909,OFF_LABEL_USE,
CHEMBL1261,MONDO_0002280,CONTRAINDICATION,
CHEMBL1261,MONDO_0004247,CONTRAINDICATION,
CHEMBL1261,MONDO_0005129,INDICATION,
CHEMBL1261,MONDO_0005178,INDICATION,
CHEMBL1261,MONDO_0007079,CONTRAINDICATION,
CHEMBL1261,MONDO_0008224,CONTRAINDICATION,
CHEMBL1261,MONDO_0009067,OFF_LABEL_USE,
CHEMBL1261,MONDO_0015129,CONTRAINDICATION,
CHEMBL1261,MONDO_0018660,CONTRAINDICATION,
CHEMBL1261,MONDO_0018896,CONTRAINDICATION,
CHEMBL1261,MONDO_0024574,CONTRAINDICATION,
CHEMBL1261,MONDO_0044751,CONTRAINDICATION,
CHEMBL1261,Orphanet_903,CONTRAINDICATION,
CHEMBL12610,EFO_0005755,INDICATION,
CHEMBL12610,EFO_0005757,INDICATION,
CHEMBL12610,EFO_0009688,INDICATION,
CHEMBL12610,EFO_1001904,INDICATION,
CHEMBL126159,EFO_0000574,INDICATION,
CHEMBL1262,EFO_0007439,INDICATION,
CHEMBL1262,EFO_0007510,INDICATION,
CHEMBL1262,EFO_0007512,INDICATION,
CHEMBL126224,MONDO_0002009,INDICATION,
CHEMBL1263,EFO_0000341,INDICATION,
CHEMBL1263,EFO_0000400,CONTRAINDICATION,
CHEMBL1263,EFO_0000464,INDICATION,
CHEMBL1263,EFO_0000474,CONTRAINDICATION,
CHEMBL1263,EFO_0000537,CONTRAINDICATION,
CHEMBL1263,EFO_0001073,INDICATION,
CHEMBL1263,EFO_0001380,CONTRAINDICATION,
CHEMBL1263,EFO_0003882,CONTRAINDICATION,
CHEMBL1263,EFO_0006505,INDICATION,
CHEMBL1263,EFO_0007183,INDICATION,
CHEMBL1263,EFO_0007308,CONTRAINDICATION,
CHEMBL1263,EFO_0007406,CONTRAINDICATION,
CHEMBL1263,EFO_0009190,CONTRAINDICATION,
CHEMBL1263,EFO_1001919,INDICATION,
CHEMBL1263,MONDO_0002041,CONTRAINDICATION,
CHEMBL1263,MONDO_0004784,INDICATION,
CHEMBL1263,MONDO_0004979,INDICATION,
CHEMBL1263,MONDO_0005041,CONTRAINDICATION,
CHEMBL1263,MONDO_0019171,CONTRAINDICATION,
CHEMBL1265,EFO_0000701,INDICATION,
CHEMBL1265,EFO_0003894,INDICATION,
CHEMBL1265,EFO_0004795,CONTRAINDICATION,
CHEMBL1265,EFO_0007375,INDICATION,
CHEMBL1265,EFO_0009456,CONTRAINDICATION,
CHEMBL1265,MONDO_0002406,CONTRAINDICATION,
CHEMBL1266,EFO_0000319,CONTRAINDICATION,
CHEMBL1266,EFO_0000400,CONTRAINDICATION,
CHEMBL1266,EFO_0000678,INDICATION,
CHEMBL1266,EFO_0005751,INDICATION,
CHEMBL1266,EFO_0009189,CONTRAINDICATION,
CHEMBL1266,EFO_1000906,INDICATION,
CHEMBL1266,MP_0001845,INDICATION,
CHEMBL126648,MONDO_0002087,INDICATION,
CHEMBL126648,MONDO_0002158,INDICATION,
CHEMBL126648,MONDO_0008170,INDICATION,
CHEMBL1267,MONDO_0018544,INDICATION,
CHEMBL1267,MONDO_0100339,INDICATION,
CHEMBL1267,Orphanet_43,INDICATION,
CHEMBL1269025,EFO_0000266,INDICATION,
CHEMBL1269025,EFO_0000275,INDICATION,
CHEMBL1269025,EFO_0000694,INDICATION,
CHEMBL1269025,EFO_0000712,INDICATION,
CHEMBL1269025,EFO_0001422,INDICATION,
CHEMBL1269025,EFO_0001645,INDICATION,
CHEMBL1269025,EFO_0003777,INDICATION,
CHEMBL1269025,EFO_0003827,INDICATION,
CHEMBL1269025,EFO_0003907,INDICATION,
CHEMBL1269025,EFO_0004265,INDICATION,
CHEMBL1269025,EFO_0004286,INDICATION,
CHEMBL1269025,EFO_0008583,INDICATION,
CHEMBL1269025,EFO_0009314,INDICATION,
CHEMBL1269025,MONDO_0000831,INDICATION,
CHEMBL1269025,MONDO_0100096,INDICATION,
CHEMBL1269025,MP_0001914,INDICATION,
CHEMBL1269102,EFO_0000319,INDICATION,
CHEMBL1269102,EFO_0001645,INDICATION,
CHEMBL1269102,EFO_0002687,INDICATION,
CHEMBL1269102,EFO_0003144,INDICATION,
CHEMBL1269102,EFO_0008585,INDICATION,
CHEMBL1269102,MONDO_0005149,INDICATION,
CHEMBL1269258,EFO_0001073,INDICATION,
CHEMBL1269597,EFO_0003047,INDICATION,
CHEMBL1269597,EFO_0004220,INDICATION,
CHEMBL127,EFO_0000474,CONTRAINDICATION,
CHEMBL127,EFO_0000544,INDICATION,
CHEMBL127,EFO_0000584,INDICATION,
CHEMBL127,EFO_0000771,INDICATION,
CHEMBL127,EFO_0000778,OFF_LABEL_USE,
CHEMBL127,EFO_0003033,INDICATION,
CHEMBL127,EFO_0003086,CONTRAINDICATION,
CHEMBL127,EFO_0003102,INDICATION,
CHEMBL127,EFO_0003103,INDICATION,
CHEMBL127,EFO_0003106,INDICATION,
CHEMBL127,EFO_0005741,INDICATION,
CHEMBL127,EFO_0006834,INDICATION,
CHEMBL127,EFO_0007149,INDICATION,
CHEMBL127,EFO_0007397,OFF_LABEL_USE,
CHEMBL127,EFO_0008588,INDICATION,
CHEMBL127,EFO_0009686,INDICATION,
CHEMBL127,EFO_1000049,INDICATION,
CHEMBL127,EFO_1000652,INDICATION,
CHEMBL127,EFO_1000831,INDICATION,
CHEMBL127,EFO_1001040,INDICATION,
CHEMBL127,EFO_1001114,INDICATION,
CHEMBL127,EFO_1001141,INDICATION,
CHEMBL127,EFO_1001272,OFF_LABEL_USE,
CHEMBL127,EFO_1001313,INDICATION,
CHEMBL127,EFO_1001865,INDICATION,
CHEMBL127,MONDO_0001187,INDICATION,
CHEMBL127,MONDO_0001316,INDICATION,
CHEMBL127,MONDO_0001701,OFF_LABEL_USE,
CHEMBL127,MONDO_0004789,OFF_LABEL_USE,
CHEMBL127,MONDO_0018076,INDICATION,
CHEMBL127,MONDO_0021108,INDICATION,
CHEMBL127,MONDO_0021678,INDICATION,
CHEMBL127,MONDO_0040732,INDICATION,
CHEMBL127,MONDO_0041850,OFF_LABEL_USE,
CHEMBL127,MONDO_0044881,INDICATION,
CHEMBL127071,EFO_0003768,INDICATION,
CHEMBL127071,EFO_0003888,INDICATION,
CHEMBL127071,MONDO_0004975,INDICATION,
CHEMBL12713,EFO_0005230,INDICATION,
CHEMBL12713,EFO_0005407,INDICATION,
CHEMBL12713,MONDO_0002050,INDICATION,
CHEMBL12713,MONDO_0005090,INDICATION,
CHEMBL1272,EFO_0000400,INDICATION,
CHEMBL1272,EFO_0000537,INDICATION,
CHEMBL1272,EFO_0000612,CONTRAINDICATION,
CHEMBL1272,EFO_0000616,INDICATION,
CHEMBL1272,EFO_0000685,INDICATION,
CHEMBL1272,EFO_0000734,CONTRAINDICATION,
CHEMBL1272,EFO_0001068,INDICATION,
CHEMBL1272,EFO_0001380,CONTRAINDICATION,
CHEMBL1272,EFO_0001645,INDICATION,
CHEMBL1272,EFO_0003086,CONTRAINDICATION,
CHEMBL1272,EFO_0003914,INDICATION,
CHEMBL1272,EFO_0005741,CONTRAINDICATION,
CHEMBL1272,EFO_0009491,CONTRAINDICATION,
CHEMBL1272,EFO_1000036,CONTRAINDICATION,
CHEMBL1272,MONDO_0000440,CONTRAINDICATION,
CHEMBL1272,MONDO_0005148,INDICATION,
CHEMBL1272,MONDO_0005180,INDICATION,
CHEMBL1272,MONDO_0007079,CONTRAINDICATION,
CHEMBL1272,MONDO_0008315,INDICATION,
CHEMBL1272,MONDO_0009061,INDICATION,
CHEMBL1272,MONDO_0011719,INDICATION,
CHEMBL1272,MONDO_0015129,CONTRAINDICATION,
CHEMBL1272,MONDO_0019801,CONTRAINDICATION,
CHEMBL1272,MONDO_0044970,INDICATION,
CHEMBL1272307,EFO_0004698,INDICATION,
CHEMBL1272307,EFO_0008568,INDICATION,
CHEMBL127300,EFO_0000319,INDICATION,
CHEMBL1274,EFO_0000196,INDICATION,
CHEMBL1274,EFO_0000616,INDICATION,
CHEMBL1274,EFO_0000673,INDICATION,
CHEMBL1274,EFO_0003818,CONTRAINDICATION,
CHEMBL1274,MONDO_0008315,INDICATION,
CHEMBL1274,MONDO_0100192,CONTRAINDICATION,
CHEMBL127516,EFO_0000474,CONTRAINDICATION,
CHEMBL1275802,EFO_0000544,INDICATION,
CHEMBL1275868,EFO_0000537,INDICATION,
CHEMBL127592,EFO_0009552,INDICATION,
CHEMBL1276010,EFO_0007512,INDICATION,
CHEMBL1276127,EFO_0000676,INDICATION,
CHEMBL1276127,EFO_1001494,INDICATION,
CHEMBL1276138,MONDO_0002009,INDICATION,
CHEMBL1276138,MONDO_0002050,INDICATION,
CHEMBL1276138,MONDO_0005090,INDICATION,
CHEMBL1276308,EFO_0000400,INDICATION,
CHEMBL1276308,EFO_0000432,INDICATION,
CHEMBL1276308,EFO_0000673,INDICATION,
CHEMBL1276308,EFO_0000731,INDICATION,
CHEMBL1276308,EFO_0000764,INDICATION,
CHEMBL1276308,EFO_0000771,CONTRAINDICATION,
CHEMBL1276308,EFO_0001065,INDICATION,
CHEMBL1276308,EFO_0001358,INDICATION,
CHEMBL1276308,EFO_0002610,INDICATION,
CHEMBL1276308,EFO_0002950,INDICATION,
CHEMBL1276308,EFO_0003047,INDICATION,
CHEMBL1276308,EFO_0003060,INDICATION,
CHEMBL1276308,EFO_0003099,INDICATION,
CHEMBL1276308,EFO_0003768,INDICATION,
CHEMBL1276308,EFO_0005230,INDICATION,
CHEMBL1276308,EFO_0006861,INDICATION,
CHEMBL1276308,EFO_0007430,INDICATION,
CHEMBL1276308,EFO_0009314,CONTRAINDICATION,
CHEMBL1276308,EFO_0009491,CONTRAINDICATION,
CHEMBL1276308,EFO_0009784,INDICATION,
CHEMBL1276308,EFO_1001110,INDICATION,
CHEMBL1276308,EFO_1001255,INDICATION,
CHEMBL1276308,EFO_1001757,INDICATION,
CHEMBL1276308,MONDO_0001572,INDICATION,
CHEMBL1276308,MONDO_0001676,CONTRAINDICATION,
CHEMBL1276308,MONDO_0002009,INDICATION,
CHEMBL1276308,MONDO_0002046,INDICATION,
CHEMBL1276308,MONDO_0002050,INDICATION,
CHEMBL1276308,MONDO_0002087,INDICATION,
CHEMBL1276308,MONDO_0002158,INDICATION,
CHEMBL1276308,MONDO_0002520,CONTRAINDICATION,
CHEMBL1276308,MONDO_0004975,INDICATION,
CHEMBL1276308,MONDO_0004985,INDICATION,
CHEMBL1276308,MONDO_0007079,INDICATION,
CHEMBL1276308,MONDO_0007254,INDICATION,
CHEMBL1276308,MONDO_0008170,INDICATION,
CHEMBL1276308,MONDO_0008294,CONTRAINDICATION,
CHEMBL1276308,MONDO_0008297,CONTRAINDICATION,
CHEMBL1276308,MONDO_0008315,INDICATION,
CHEMBL1276308,MONDO_0011962,INDICATION,
CHEMBL1276308,MONDO_0015104,CONTRAINDICATION,
CHEMBL1276308,MONDO_0016642,INDICATION,
CHEMBL1276308,MONDO_0019801,CONTRAINDICATION,
CHEMBL1276310,EFO_0000771,INDICATION,
CHEMBL1276310,EFO_0003033,INDICATION,
CHEMBL1276310,EFO_0003103,INDICATION,
CHEMBL1276342,EFO_0000771,INDICATION,
CHEMBL1276663,EFO_0000771,INDICATION,
CHEMBL1277001,MONDO_0004975,INDICATION,
CHEMBL1277072,MONDO_0004992,INDICATION,
CHEMBL1278,EFO_0000400,CONTRAINDICATION,
CHEMBL1278,EFO_0000537,CONTRAINDICATION,
CHEMBL1278,EFO_0000612,CONTRAINDICATION,
CHEMBL1278,EFO_0000712,CONTRAINDICATION,
CHEMBL1278,EFO_0001073,CONTRAINDICATION,
CHEMBL1278,EFO_0001645,CONTRAINDICATION,
CHEMBL1278,EFO_0003763,CONTRAINDICATION,
CHEMBL1278,EFO_0003764,CONTRAINDICATION,
CHEMBL1278,EFO_0003875,CONTRAINDICATION,
CHEMBL1278,EFO_1000013,CONTRAINDICATION,
CHEMBL1278,EFO_1001375,CONTRAINDICATION,
CHEMBL1278,MONDO_0005277,INDICATION,
CHEMBL1278,MONDO_0100192,CONTRAINDICATION,
CHEMBL1278118,MONDO_0007254,INDICATION,
CHEMBL1278146,EFO_0000365,INDICATION,
CHEMBL1278146,EFO_0000616,INDICATION,
CHEMBL1278146,EFO_0000681,INDICATION,
CHEMBL1278146,EFO_0000756,INDICATION,
CHEMBL1278146,EFO_0001071,INDICATION,
CHEMBL1278146,EFO_0002618,INDICATION,
CHEMBL1278146,EFO_0003060,INDICATION,
CHEMBL1278146,EFO_0003869,INDICATION,
CHEMBL1278146,EFO_0004252,INDICATION,
CHEMBL1278146,EFO_0005537,INDICATION,
CHEMBL1278146,EFO_0005922,INDICATION,
CHEMBL1278146,EFO_1001961,INDICATION,
CHEMBL1278146,MONDO_0002974,INDICATION,
CHEMBL1278146,MONDO_0004992,INDICATION,
CHEMBL1278146,MONDO_0007254,INDICATION,
CHEMBL1278146,MONDO_0011719,INDICATION,
CHEMBL1278146,MONDO_0024503,INDICATION,
CHEMBL1279,EFO_0000400,CONTRAINDICATION,
CHEMBL1279,EFO_0000537,CONTRAINDICATION,
CHEMBL1279,EFO_0000712,CONTRAINDICATION,
CHEMBL1279,EFO_0001073,CONTRAINDICATION,
CHEMBL1279,EFO_0001645,CONTRAINDICATION,
CHEMBL1279,EFO_0003764,CONTRAINDICATION,
CHEMBL1279,EFO_0003843,INDICATION,
CHEMBL1279,EFO_0003875,CONTRAINDICATION,
CHEMBL1279,EFO_0004225,CONTRAINDICATION,
CHEMBL1279,EFO_1000013,CONTRAINDICATION,
CHEMBL1279,EFO_1001375,CONTRAINDICATION,
CHEMBL1279,EFO_1001842,CONTRAINDICATION,
CHEMBL1279,MONDO_0005277,INDICATION,
CHEMBL1279,MONDO_0020675,CONTRAINDICATION,
CHEMBL128,EFO_0000319,CONTRAINDICATION,
CHEMBL128,EFO_0000400,CONTRAINDICATION,
CHEMBL128,EFO_0000474,CONTRAINDICATION,
CHEMBL128,EFO_0000537,CONTRAINDICATION,
CHEMBL128,EFO_0000612,CONTRAINDICATION,
CHEMBL128,EFO_0000712,CONTRAINDICATION,
CHEMBL128,EFO_0001073,CONTRAINDICATION,
CHEMBL128,EFO_0001645,CONTRAINDICATION,
CHEMBL128,EFO_0003086,CONTRAINDICATION,
CHEMBL128,EFO_0003764,CONTRAINDICATION,
CHEMBL128,EFO_0003843,INDICATION,
CHEMBL128,EFO_0003875,CONTRAINDICATION,
CHEMBL128,EFO_0009314,CONTRAINDICATION,
CHEMBL128,EFO_1000013,CONTRAINDICATION,
CHEMBL128,EFO_1001375,CONTRAINDICATION,
CHEMBL128,EFO_1001842,CONTRAINDICATION,
CHEMBL128,MONDO_0002280,CONTRAINDICATION,
CHEMBL128,MONDO_0005277,INDICATION,
CHEMBL128,MONDO_0005299,CONTRAINDICATION,
CHEMBL128,MONDO_0005475,INDICATION,
CHEMBL128,MONDO_0007079,CONTRAINDICATION,
CHEMBL128,MONDO_0020675,CONTRAINDICATION,
CHEMBL128,MONDO_0100192,CONTRAINDICATION,
CHEMBL128,MONDO_0100431,INDICATION,
CHEMBL1280,EFO_0000183,INDICATION,
CHEMBL1280,EFO_0000275,INDICATION,
CHEMBL1280,EFO_0000319,INDICATION,
CHEMBL1280,EFO_0000400,INDICATION,
CHEMBL1280,EFO_0000537,INDICATION,
CHEMBL1280,EFO_0003144,INDICATION,
CHEMBL1280,EFO_0004269,INDICATION,
CHEMBL1282,EFO_0000095,INDICATION,
CHEMBL1282,EFO_0000220,INDICATION,
CHEMBL1282,EFO_0000389,INDICATION,
CHEMBL1282,EFO_0000519,INDICATION,
CHEMBL1282,EFO_0000565,INDICATION,
CHEMBL1282,EFO_0000673,INDICATION,
CHEMBL1282,EFO_0000707,INDICATION,
CHEMBL1282,EFO_0000756,INDICATION,
CHEMBL1282,EFO_0000763,INDICATION,
CHEMBL1282,EFO_0001061,INDICATION,
CHEMBL1282,EFO_0001422,INDICATION,
CHEMBL1282,EFO_0001668,INDICATION,
CHEMBL1282,EFO_0002496,INDICATION,
CHEMBL1282,EFO_0002499,INDICATION,
CHEMBL1282,EFO_0002627,INDICATION,
CHEMBL1282,EFO_0002913,INDICATION,
CHEMBL1282,EFO_0002939,INDICATION,
CHEMBL1282,EFO_0003060,INDICATION,
CHEMBL1282,EFO_0003835,INDICATION,
CHEMBL1282,EFO_0003868,INDICATION,
CHEMBL1282,EFO_0004193,INDICATION,
CHEMBL1282,EFO_0004197,INDICATION,
CHEMBL1282,EFO_0004212,INDICATION,
CHEMBL1282,EFO_0004795,CONTRAINDICATION,
CHEMBL1282,EFO_0005046,INDICATION,
CHEMBL1282,EFO_0005222,INDICATION,
CHEMBL1282,EFO_0005809,CONTRAINDICATION,
CHEMBL1282,EFO_0007147,INDICATION,
CHEMBL1282,EFO_0007328,INDICATION,
CHEMBL1282,EFO_0007444,INDICATION,
CHEMBL1282,EFO_1000026,INDICATION,
CHEMBL1282,EFO_1000028,INDICATION,
CHEMBL1282,EFO_1000249,INDICATION,
CHEMBL1282,EFO_1000635,INDICATION,
CHEMBL1282,EFO_1000720,INDICATION,
CHEMBL1282,EFO_1001051,INDICATION,
CHEMBL1282,EFO_1001361,INDICATION,
CHEMBL1282,EFO_1001951,INDICATION,
CHEMBL1282,EFO_1001968,INDICATION,
CHEMBL1282,EFO_1002048,INDICATION,
CHEMBL1282,MONDO_0001657,INDICATION,
CHEMBL1282,MONDO_0002102,INDICATION,
CHEMBL1282,MONDO_0002158,INDICATION,
CHEMBL1282,MONDO_0002974,INDICATION,
CHEMBL1282,MONDO_0004992,INDICATION,
CHEMBL1282,MONDO_0005341,INDICATION,
CHEMBL1282,MONDO_0007254,INDICATION,
CHEMBL1282,MONDO_0008094,INDICATION,
CHEMBL1282,MONDO_0008170,INDICATION,
CHEMBL1282,MONDO_0008315,INDICATION,
CHEMBL1282,MONDO_0013730,CONTRAINDICATION,
CHEMBL1282,MONDO_0021049,OFF_LABEL_USE,
CHEMBL1282,MONDO_0021054,INDICATION,
CHEMBL1282,MONDO_0022394,INDICATION,
CHEMBL1282,MONDO_0024474,INDICATION,
CHEMBL1282,MONDO_0024475,INDICATION,
CHEMBL1282,MONDO_0100342,INDICATION,
CHEMBL12856,EFO_0000319,INDICATION,
CHEMBL12856,EFO_0000538,CONTRAINDICATION,
CHEMBL12856,EFO_0000612,CONTRAINDICATION,
CHEMBL12856,EFO_0003086,CONTRAINDICATION,
CHEMBL12856,EFO_0005251,CONTRAINDICATION,
CHEMBL12856,EFO_1001138,CONTRAINDICATION,
CHEMBL12856,MONDO_0042981,CONTRAINDICATION,
CHEMBL1286,EFO_0000222,INDICATION,
CHEMBL1286,EFO_0000326,INDICATION,
CHEMBL1286,EFO_0000474,INDICATION,
CHEMBL1286,EFO_0000519,INDICATION,
CHEMBL1286,EFO_0000621,INDICATION,
CHEMBL1286,EFO_0000712,INDICATION,
CHEMBL1286,EFO_0000713,INDICATION,
CHEMBL1286,EFO_0001358,INDICATION,
CHEMBL1286,EFO_0002610,INDICATION,
CHEMBL1286,EFO_0003086,CONTRAINDICATION,
CHEMBL1286,EFO_0003108,INDICATION,
CHEMBL1286,EFO_0003833,INDICATION,
CHEMBL1286,EFO_0004242,INDICATION,
CHEMBL1286,EFO_0004262,INDICATION,
CHEMBL1286,EFO_0004263,INDICATION,
CHEMBL1286,EFO_0004270,INDICATION,
CHEMBL1286,EFO_0004280,INDICATION,
CHEMBL1286,EFO_0004777,INDICATION,
CHEMBL1286,EFO_0005230,INDICATION,
CHEMBL1286,EFO_0005407,CONTRAINDICATION,
CHEMBL1286,EFO_0005543,INDICATION,
CHEMBL1286,EFO_0005611,INDICATION,
CHEMBL1286,EFO_0007262,INDICATION,
CHEMBL1286,EFO_0008526,INDICATION,
CHEMBL1286,EFO_0009562,INDICATION,
CHEMBL1286,EFO_1000904,INDICATION,
CHEMBL1286,MONDO_0002046,INDICATION,
CHEMBL1286,MONDO_0002050,CONTRAINDICATION,
CHEMBL1286,MONDO_0004975,INDICATION,
CHEMBL1286,MONDO_0004985,INDICATION,
CHEMBL1286,MONDO_0005090,INDICATION,
CHEMBL1286,MONDO_0005180,INDICATION,
CHEMBL1286,MONDO_0007079,INDICATION,
CHEMBL1286,MONDO_0010079,INDICATION,
CHEMBL1286,MONDO_0011382,INDICATION,
CHEMBL1286,MONDO_0015643,INDICATION,
CHEMBL1286,MONDO_0041052,INDICATION,
CHEMBL128748,EFO_0003894,INDICATION,
CHEMBL1287853,EFO_0000198,INDICATION,
CHEMBL1287853,EFO_0000616,INDICATION,
CHEMBL1287853,EFO_0001421,INDICATION,
CHEMBL1287853,EFO_0002430,INDICATION,
CHEMBL1287853,EFO_0003086,INDICATION,
CHEMBL1287853,EFO_0004251,INDICATION,
CHEMBL1287853,EFO_1000179,INDICATION,
CHEMBL1287853,MONDO_0044903,INDICATION,
CHEMBL1287935,EFO_0000555,INDICATION,
CHEMBL1287935,EFO_0001358,INDICATION,
CHEMBL1287935,EFO_1001917,INDICATION,
CHEMBL1287935,MONDO_0002009,INDICATION,
CHEMBL1287935,MONDO_0007079,INDICATION,
CHEMBL1287935,MONDO_0018479,INDICATION,
CHEMBL1288810,EFO_1002018,INDICATION,
CHEMBL1289,EFO_0007512,INDICATION,
CHEMBL1289110,MONDO_0002009,INDICATION,
CHEMBL1289110,MONDO_0004985,INDICATION,
CHEMBL1289494,EFO_0000182,INDICATION,
CHEMBL1289494,EFO_0000519,INDICATION,
CHEMBL1289494,EFO_0000616,INDICATION,
CHEMBL1289494,EFO_0000681,INDICATION,
CHEMBL1289494,EFO_0001421,INDICATION,
CHEMBL1289494,EFO_0003060,INDICATION,
CHEMBL1289494,EFO_0005221,INDICATION,
CHEMBL1289494,EFO_1001951,INDICATION,
CHEMBL1289494,EFO_1001968,INDICATION,
CHEMBL1289494,MONDO_0002158,INDICATION,
CHEMBL1289494,MONDO_0007254,INDICATION,
CHEMBL1289494,MONDO_0008170,INDICATION,
CHEMBL1289494,MONDO_0008315,INDICATION,
CHEMBL1289601,EFO_0000178,INDICATION,
CHEMBL1289601,EFO_0000181,INDICATION,
CHEMBL1289601,EFO_0000182,INDICATION,
CHEMBL1289601,EFO_0000228,INDICATION,
CHEMBL1289601,EFO_0000231,INDICATION,
CHEMBL1289601,EFO_0000349,INDICATION,
CHEMBL1289601,EFO_0000501,INDICATION,
CHEMBL1289601,EFO_0000503,INDICATION,
CHEMBL1289601,EFO_0000558,INDICATION,
CHEMBL1289601,EFO_0000571,INDICATION,
CHEMBL1289601,EFO_0000574,INDICATION,
CHEMBL1289601,EFO_0000588,INDICATION,
CHEMBL1289601,EFO_0000616,INDICATION,
CHEMBL1289601,EFO_0000637,INDICATION,
CHEMBL1289601,EFO_0000641,INDICATION,
CHEMBL1289601,EFO_0000681,INDICATION,
CHEMBL1289601,EFO_0000691,INDICATION,
CHEMBL1289601,EFO_0000702,INDICATION,
CHEMBL1289601,EFO_0000756,INDICATION,
CHEMBL1289601,EFO_0001061,INDICATION,
CHEMBL1289601,EFO_0001421,INDICATION,
CHEMBL1289601,EFO_0002617,INDICATION,
CHEMBL1289601,EFO_0002892,INDICATION,
CHEMBL1289601,EFO_0003060,INDICATION,
CHEMBL1289601,EFO_0003086,INDICATION,
CHEMBL1289601,EFO_0003891,INDICATION,
CHEMBL1289601,EFO_0004142,INDICATION,
CHEMBL1289601,EFO_0004230,INDICATION,
CHEMBL1289601,EFO_0005221,INDICATION,
CHEMBL1289601,EFO_0005543,INDICATION,
CHEMBL1289601,EFO_0005922,INDICATION,
CHEMBL1289601,EFO_0008528,INDICATION,
CHEMBL1289601,EFO_1000158,INDICATION,
CHEMBL1289601,EFO_1000576,INDICATION,
CHEMBL1289601,EFO_1000613,INDICATION,
CHEMBL1289601,EFO_1000657,INDICATION,
CHEMBL1289601,EFO_1000796,INDICATION,
CHEMBL1289601,EFO_1001012,INDICATION,
CHEMBL1289601,EFO_1001471,INDICATION,
CHEMBL1289601,EFO_1001512,INDICATION,
CHEMBL1289601,EFO_1001901,INDICATION,
CHEMBL1289601,EFO_1001961,INDICATION,
CHEMBL1289601,MONDO_0001056,INDICATION,
CHEMBL1289601,MONDO_0001528,INDICATION,
CHEMBL1289601,MONDO_0002108,INDICATION,
CHEMBL1289601,MONDO_0002120,INDICATION,
CHEMBL1289601,MONDO_0002367,INDICATION,
CHEMBL1289601,MONDO_0002974,INDICATION,
CHEMBL1289601,MONDO_0003060,INDICATION,
CHEMBL1289601,MONDO_0004992,INDICATION,
CHEMBL1289601,MONDO_0005184,INDICATION,
CHEMBL1289601,MONDO_0007254,INDICATION,
CHEMBL1289601,MONDO_0007576,INDICATION,
CHEMBL1289601,MONDO_0008170,INDICATION,
CHEMBL1289601,MONDO_0008315,INDICATION,
CHEMBL1289601,MONDO_0011962,INDICATION,
CHEMBL1289601,MONDO_0024477,INDICATION,
CHEMBL1289779,EFO_0005230,INDICATION,
CHEMBL1289926,EFO_0000181,INDICATION,
CHEMBL1289926,EFO_0000182,INDICATION,
CHEMBL1289926,EFO_0000198,INDICATION,
CHEMBL1289926,EFO_0000222,INDICATION,
CHEMBL1289926,EFO_0000231,INDICATION,
CHEMBL1289926,EFO_0000313,INDICATION,
CHEMBL1289926,EFO_0000349,INDICATION,
CHEMBL1289926,EFO_0000519,INDICATION,
CHEMBL1289926,EFO_0000616,INDICATION,
CHEMBL1289926,EFO_0000640,INDICATION,
CHEMBL1289926,EFO_0000673,INDICATION,
CHEMBL1289926,EFO_0000681,INDICATION,
CHEMBL1289926,EFO_0000756,INDICATION,
CHEMBL1289926,EFO_0000770,INDICATION,
CHEMBL1289926,EFO_0001065,INDICATION,
CHEMBL1289926,EFO_0002890,INDICATION,
CHEMBL1289926,EFO_0003060,INDICATION,
CHEMBL1289926,EFO_0003841,INDICATION,
CHEMBL1289926,EFO_0003860,INDICATION,
CHEMBL1289926,EFO_0003865,INDICATION,
CHEMBL1289926,EFO_0003869,INDICATION,
CHEMBL1289926,EFO_0003891,INDICATION,
CHEMBL1289926,EFO_0004142,INDICATION,
CHEMBL1289926,EFO_0004198,INDICATION,
CHEMBL1289926,EFO_0004243,INDICATION,
CHEMBL1289926,EFO_0004252,INDICATION,
CHEMBL1289926,EFO_0007143,INDICATION,
CHEMBL1289926,EFO_0009708,INDICATION,
CHEMBL1289926,EFO_1000131,INDICATION,
CHEMBL1289926,EFO_1000796,INDICATION,
CHEMBL1289926,EFO_1001465,INDICATION,
CHEMBL1289926,EFO_1001513,INDICATION,
CHEMBL1289926,EFO_1001951,INDICATION,
CHEMBL1289926,EFO_1001968,INDICATION,
CHEMBL1289926,MONDO_0001056,INDICATION,
CHEMBL1289926,MONDO_0002367,INDICATION,
CHEMBL1289926,MONDO_0004669,INDICATION,
CHEMBL1289926,MONDO_0004992,INDICATION,
CHEMBL1289926,MONDO_0005184,INDICATION,
CHEMBL1289926,MONDO_0008315,INDICATION,
CHEMBL1289926,MONDO_0011719,INDICATION,
CHEMBL1289926,MONDO_0011962,INDICATION,
CHEMBL1289926,MONDO_0016238,INDICATION,
CHEMBL129,EFO_0000180,INDICATION,
CHEMBL129,EFO_0000278,CONTRAINDICATION,
CHEMBL129,EFO_0000342,CONTRAINDICATION,
CHEMBL129,EFO_0000544,INDICATION,
CHEMBL129,EFO_0000558,INDICATION,
CHEMBL129,EFO_0000574,INDICATION,
CHEMBL129,EFO_0000763,INDICATION,
CHEMBL129,EFO_0000764,INDICATION,
CHEMBL129,EFO_0000765,INDICATION,
CHEMBL129,EFO_0000783,CONTRAINDICATION,
CHEMBL129,EFO_0001073,CONTRAINDICATION,
CHEMBL129,EFO_0002608,INDICATION,
CHEMBL129,EFO_0002950,INDICATION,
CHEMBL129,EFO_0003086,CONTRAINDICATION,
CHEMBL129,EFO_0004145,CONTRAINDICATION,
CHEMBL129,EFO_0007137,INDICATION,
CHEMBL129,EFO_0007448,INDICATION,
CHEMBL129,EFO_0007527,INDICATION,
CHEMBL129,EFO_1000036,CONTRAINDICATION,
CHEMBL129,EFO_1000652,CONTRAINDICATION,
CHEMBL129,EFO_1001365,INDICATION,
CHEMBL129,EFO_1001486,INDICATION,
CHEMBL129,MONDO_0002280,CONTRAINDICATION,
CHEMBL129,MONDO_0004790,CONTRAINDICATION,
CHEMBL129,MONDO_0015564,INDICATION,
CHEMBL129,MONDO_0015974,INDICATION,
CHEMBL129,MONDO_0018076,INDICATION,
CHEMBL129,MONDO_0019471,INDICATION,
CHEMBL129,MONDO_0021094,INDICATION,
CHEMBL129,MONDO_0100096,INDICATION,
CHEMBL129,MONDO_0100192,CONTRAINDICATION,
CHEMBL1290,EFO_0000319,INDICATION,
CHEMBL1290,EFO_0000400,CONTRAINDICATION,
CHEMBL1290,EFO_0000464,CONTRAINDICATION,
CHEMBL1290,EFO_0000537,INDICATION,
CHEMBL1290,EFO_0003086,CONTRAINDICATION,
CHEMBL1290,EFO_0004991,CONTRAINDICATION,
CHEMBL1290,MONDO_0000468,CONTRAINDICATION,
CHEMBL1290,MONDO_0002050,CONTRAINDICATION,
CHEMBL1290003,MONDO_0018100,CONTRAINDICATION,
CHEMBL1290003,MONDO_0019171,CONTRAINDICATION,
CHEMBL1291,EFO_0000341,CONTRAINDICATION,
CHEMBL1291,EFO_0000400,CONTRAINDICATION,
CHEMBL1291,EFO_0000464,CONTRAINDICATION,
CHEMBL1291,EFO_0004190,INDICATION,
CHEMBL1291,EFO_0004991,CONTRAINDICATION,
CHEMBL1291,EFO_0006505,CONTRAINDICATION,
CHEMBL1291,EFO_0009189,CONTRAINDICATION,
CHEMBL1291,EFO_1001069,INDICATION,
CHEMBL1291,MONDO_0000468,CONTRAINDICATION,
CHEMBL1291,MONDO_0001744,OFF_LABEL_USE,
CHEMBL1291,MONDO_0004979,CONTRAINDICATION,
CHEMBL1291,MONDO_0005041,INDICATION,
CHEMBL1292,EFO_0000384,INDICATION,
CHEMBL1292,EFO_0001054,INDICATION,
CHEMBL1292,EFO_0007381,INDICATION,
CHEMBL1292,EFO_0007386,INDICATION,
CHEMBL1292,EFO_1000049,INDICATION,
CHEMBL1292,MONDO_0015474,INDICATION,
CHEMBL1292,MONDO_0018076,INDICATION,
CHEMBL1292,MONDO_0041806,INDICATION,
CHEMBL1293,EFO_0000384,INDICATION,
CHEMBL1293,EFO_0000612,INDICATION,
CHEMBL1293,EFO_0009314,CONTRAINDICATION,
CHEMBL1293,EFO_0009606,INDICATION,
CHEMBL1293,EFO_1001375,INDICATION,
CHEMBL1293,MONDO_0002474,CONTRAINDICATION,
CHEMBL1293,MONDO_0005129,INDICATION,
CHEMBL1293,MONDO_0010200,CONTRAINDICATION,
CHEMBL1293,MONDO_0011382,CONTRAINDICATION,
CHEMBL1294,EFO_0000275,INDICATION,
CHEMBL1294,EFO_0000464,CONTRAINDICATION,
CHEMBL1294,EFO_0000612,INDICATION,
CHEMBL1294,EFO_0000676,CONTRAINDICATION,
CHEMBL1294,EFO_0001068,INDICATION,
CHEMBL1294,EFO_0003086,CONTRAINDICATION,
CHEMBL1294,EFO_0003758,INDICATION,
CHEMBL1294,EFO_0004197,INDICATION,
CHEMBL1294,EFO_0004269,INDICATION,
CHEMBL1294,EFO_0004278,INDICATION,
CHEMBL1294,EFO_0004287,INDICATION,
CHEMBL1294,EFO_0004991,CONTRAINDICATION,
CHEMBL1294,EFO_0005251,CONTRAINDICATION,
CHEMBL1294,EFO_0005307,CONTRAINDICATION,
CHEMBL1294,EFO_1001249,INDICATION,
CHEMBL1294,EFO_1001413,INDICATION,
CHEMBL1294,MONDO_0000468,CONTRAINDICATION,
CHEMBL1294,MONDO_0002009,INDICATION,
CHEMBL1294,MONDO_0002050,INDICATION,
CHEMBL1294,MONDO_0004976,INDICATION,
CHEMBL1294,MONDO_0005277,INDICATION,
CHEMBL1294,MONDO_0005301,INDICATION,
CHEMBL1294,MONDO_0018100,CONTRAINDICATION,
CHEMBL1294,MONDO_0019171,CONTRAINDICATION,
CHEMBL1294,MONDO_0100096,INDICATION,
CHEMBL12948,EFO_0000519,INDICATION,
CHEMBL12948,EFO_0000616,INDICATION,
CHEMBL12948,EFO_1001951,INDICATION,
CHEMBL12948,MONDO_0013730,INDICATION,
CHEMBL129482,EFO_0000537,INDICATION,
CHEMBL129482,EFO_1001121,INDICATION,
CHEMBL129482,MONDO_0010311,INDICATION,
CHEMBL129482,MONDO_0010679,INDICATION,
CHEMBL129482,MONDO_0100339,INDICATION,
CHEMBL1295,EFO_0007543,INDICATION,
CHEMBL1295,EFO_1001240,INDICATION,
CHEMBL129529,EFO_0000537,CONTRAINDICATION,
CHEMBL129529,EFO_0000729,CONTRAINDICATION,
CHEMBL129529,EFO_0001645,CONTRAINDICATION,
CHEMBL129529,EFO_0003086,CONTRAINDICATION,
CHEMBL129529,EFO_0003948,CONTRAINDICATION,
CHEMBL129529,EFO_0004991,CONTRAINDICATION,
CHEMBL129529,EFO_0009189,CONTRAINDICATION,
CHEMBL129529,MONDO_0001744,CONTRAINDICATION,
CHEMBL1296,EFO_0000771,INDICATION,
CHEMBL1297,EFO_0000319,CONTRAINDICATION,
CHEMBL1297,EFO_0000537,CONTRAINDICATION,
CHEMBL1297,EFO_0000612,CONTRAINDICATION,
CHEMBL1297,EFO_0000685,INDICATION,
CHEMBL1297,EFO_0000712,CONTRAINDICATION,
CHEMBL1297,EFO_0003086,CONTRAINDICATION,
CHEMBL1297,EFO_0004274,OFF_LABEL_USE,
CHEMBL1297,EFO_0005755,INDICATION,
CHEMBL1297,EFO_0005856,OFF_LABEL_USE,
CHEMBL1297,EFO_0009314,CONTRAINDICATION,
CHEMBL1297,EFO_1000905,CONTRAINDICATION,
CHEMBL1297,MONDO_0000831,CONTRAINDICATION,
CHEMBL1297,MONDO_0002280,CONTRAINDICATION,
CHEMBL1297,MONDO_0005178,INDICATION,
CHEMBL1297,MONDO_0007079,CONTRAINDICATION,
CHEMBL1297,MONDO_0021945,CONTRAINDICATION,
CHEMBL1297,MONDO_0041295,CONTRAINDICATION,
CHEMBL13,EFO_0000266,INDICATION,
CHEMBL13,EFO_0000274,INDICATION,
CHEMBL13,EFO_0000275,OFF_LABEL_USE,
CHEMBL13,EFO_0000319,INDICATION,
CHEMBL13,EFO_0000341,INDICATION,
CHEMBL13,EFO_0000373,INDICATION,
CHEMBL13,EFO_0000400,CONTRAINDICATION,
CHEMBL13,EFO_0000537,INDICATION,
CHEMBL13,EFO_0000538,INDICATION,
CHEMBL13,EFO_0000612,INDICATION,
CHEMBL13,EFO_0000616,INDICATION,
CHEMBL13,EFO_0000676,CONTRAINDICATION,
CHEMBL13,EFO_0000712,INDICATION,
CHEMBL13,EFO_0000764,INDICATION,
CHEMBL13,EFO_0001068,INDICATION,
CHEMBL13,EFO_0001073,INDICATION,
CHEMBL13,EFO_0001645,INDICATION,
CHEMBL13,EFO_0003144,INDICATION,
CHEMBL13,EFO_0003777,INDICATION,
CHEMBL13,EFO_0003875,CONTRAINDICATION,
CHEMBL13,EFO_0003913,INDICATION,
CHEMBL13,EFO_0003914,INDICATION,
CHEMBL13,EFO_0003917,INDICATION,
CHEMBL13,EFO_0004274,CONTRAINDICATION,
CHEMBL13,EFO_0004278,INDICATION,
CHEMBL13,EFO_0004287,INDICATION,
CHEMBL13,EFO_0004991,CONTRAINDICATION,
CHEMBL13,EFO_0005251,CONTRAINDICATION,
CHEMBL13,EFO_0005306,OFF_LABEL_USE,
CHEMBL13,EFO_0005672,INDICATION,
CHEMBL13,EFO_0008506,CONTRAINDICATION,
CHEMBL13,EFO_0008583,INDICATION,
CHEMBL13,EFO_0008585,INDICATION,
CHEMBL13,EFO_0008586,INDICATION,
CHEMBL13,EFO_0009190,OFF_LABEL_USE,
CHEMBL13,EFO_0009530,CONTRAINDICATION,
CHEMBL13,EFO_1000637,INDICATION,
CHEMBL13,EFO_1000645,INDICATION,
CHEMBL13,EFO_1000652,CONTRAINDICATION,
CHEMBL13,EFO_1000899,OFF_LABEL_USE,
CHEMBL13,EFO_1002000,INDICATION,
CHEMBL13,MONDO_0000468,CONTRAINDICATION,
CHEMBL13,MONDO_0001566,CONTRAINDICATION,
CHEMBL13,MONDO_0001823,CONTRAINDICATION,
CHEMBL13,MONDO_0002050,CONTRAINDICATION,
CHEMBL13,MONDO_0004910,OFF_LABEL_USE,
CHEMBL13,MONDO_0005148,INDICATION,
CHEMBL13,MONDO_0007254,INDICATION,
CHEMBL13,MONDO_0007915,CONTRAINDICATION,
CHEMBL13,MONDO_0008233,CONTRAINDICATION,
CHEMBL13,MONDO_0008300,INDICATION,
CHEMBL13,MONDO_0010679,INDICATION,
CHEMBL13,MONDO_0018100,CONTRAINDICATION,
CHEMBL13,Orphanet_79292,INDICATION,
CHEMBL13,Orphanet_848,INDICATION,
CHEMBL130,EFO_0000771,INDICATION,
CHEMBL130,EFO_0000778,OFF_LABEL_USE,
CHEMBL130,EFO_0003086,CONTRAINDICATION,
CHEMBL130,EFO_0003100,CONTRAINDICATION,
CHEMBL130,EFO_0003102,INDICATION,
CHEMBL130,EFO_0003894,INDICATION,
CHEMBL130,EFO_0006789,INDICATION,
CHEMBL130,EFO_0007405,CONTRAINDICATION,
CHEMBL130,EFO_0007420,INDICATION,
CHEMBL130,EFO_0009560,INDICATION,
CHEMBL130,EFO_1000829,OFF_LABEL_USE,
CHEMBL130,EFO_1001040,INDICATION,
CHEMBL130,EFO_1001162,INDICATION,
CHEMBL130,EFO_1001888,INDICATION,
CHEMBL130,MONDO_0001316,INDICATION,
CHEMBL130,MONDO_0001701,OFF_LABEL_USE,
CHEMBL130,MONDO_0002280,CONTRAINDICATION,
CHEMBL130,MONDO_0002307,OFF_LABEL_USE,
CHEMBL130,MONDO_0008294,CONTRAINDICATION,
CHEMBL130,MONDO_0015909,CONTRAINDICATION,
CHEMBL130,MONDO_0100244,CONTRAINDICATION,
CHEMBL1303,EFO_0000537,CONTRAINDICATION,
CHEMBL1303,EFO_0000712,INDICATION,
CHEMBL1303,EFO_0003890,INDICATION,
CHEMBL1303,EFO_0004270,INDICATION,
CHEMBL1303,EFO_0005252,CONTRAINDICATION,
CHEMBL1303,EFO_0005687,INDICATION,
CHEMBL1303,MONDO_0004975,INDICATION,
CHEMBL1303,MONDO_0005180,INDICATION,
CHEMBL1305,EFO_0000319,CONTRAINDICATION,
CHEMBL1305,EFO_0000400,CONTRAINDICATION,
CHEMBL1305,EFO_0000537,CONTRAINDICATION,
CHEMBL1305,EFO_0000678,INDICATION,
CHEMBL1305,EFO_0005531,INDICATION,
CHEMBL1305,EFO_0005854,INDICATION,
CHEMBL1305,EFO_0007141,INDICATION,
CHEMBL1305,EFO_0007533,INDICATION,
CHEMBL1305,EFO_0009189,CONTRAINDICATION,
CHEMBL1305,EFO_1001069,CONTRAINDICATION,
CHEMBL1305,EFO_1001888,CONTRAINDICATION,
CHEMBL1305,MONDO_0001744,CONTRAINDICATION,
CHEMBL1305,MONDO_0004247,CONTRAINDICATION,
CHEMBL1305,MONDO_0005271,INDICATION,
CHEMBL1305,MONDO_0043885,CONTRAINDICATION,
CHEMBL1305,MP_0001845,INDICATION,
CHEMBL1306,EFO_0007543,INDICATION,
CHEMBL1306,MONDO_0002234,INDICATION,
CHEMBL1308,EFO_0001365,INDICATION,
CHEMBL1308,EFO_0003086,CONTRAINDICATION,
CHEMBL130880,MONDO_0004975,INDICATION,
CHEMBL131,EFO_0000096,INDICATION,
CHEMBL131,EFO_0000182,INDICATION,
CHEMBL131,EFO_0000183,INDICATION,
CHEMBL131,EFO_0000196,INDICATION,
CHEMBL131,EFO_0000209,INDICATION,
CHEMBL131,EFO_0000211,INDICATION,
CHEMBL131,EFO_0000217,CONTRAINDICATION,
CHEMBL131,EFO_0000220,INDICATION,
CHEMBL131,EFO_0000222,INDICATION,
CHEMBL131,EFO_0000255,INDICATION,
CHEMBL131,EFO_0000274,INDICATION,
CHEMBL131,EFO_0000318,INDICATION,
CHEMBL131,EFO_0000341,OFF_LABEL_USE,
CHEMBL131,EFO_0000384,INDICATION,
CHEMBL131,EFO_0000398,INDICATION,
CHEMBL131,EFO_0000400,CONTRAINDICATION,
CHEMBL131,EFO_0000403,INDICATION,
CHEMBL131,EFO_0000474,CONTRAINDICATION,
CHEMBL131,EFO_0000537,CONTRAINDICATION,
CHEMBL131,EFO_0000545,INDICATION,
CHEMBL131,EFO_0000565,INDICATION,
CHEMBL131,EFO_0000574,INDICATION,
CHEMBL131,EFO_0000673,INDICATION,
CHEMBL131,EFO_0000676,INDICATION,
CHEMBL131,EFO_0000685,INDICATION,
CHEMBL131,EFO_0000699,INDICATION,
CHEMBL131,EFO_0000701,INDICATION,
CHEMBL131,EFO_0000712,INDICATION,
CHEMBL131,EFO_0000717,INDICATION,
CHEMBL131,EFO_0000729,INDICATION,
CHEMBL131,EFO_0000756,INDICATION,
CHEMBL131,EFO_0000759,INDICATION,
CHEMBL131,EFO_0000764,INDICATION,
CHEMBL131,EFO_0000768,INDICATION,
CHEMBL131,EFO_0001054,INDICATION,
CHEMBL131,EFO_0001060,OFF_LABEL_USE,
CHEMBL131,EFO_0001365,INDICATION,
CHEMBL131,EFO_0001378,OFF_LABEL_USE,
CHEMBL131,EFO_0001380,CONTRAINDICATION,
CHEMBL131,EFO_0001422,CONTRAINDICATION,
CHEMBL131,EFO_0001663,INDICATION,
CHEMBL131,EFO_0002609,INDICATION,
CHEMBL131,EFO_0003032,INDICATION,
CHEMBL131,EFO_0003086,INDICATION,
CHEMBL131,EFO_0003106,INDICATION,
CHEMBL131,EFO_0003767,INDICATION,
CHEMBL131,EFO_0003778,INDICATION,
CHEMBL131,EFO_0003872,INDICATION,
CHEMBL131,EFO_0003882,CONTRAINDICATION,
CHEMBL131,EFO_0003884,INDICATION,
CHEMBL131,EFO_0003898,INDICATION,
CHEMBL131,EFO_0003938,INDICATION,
CHEMBL131,EFO_0003966,INDICATION,
CHEMBL131,EFO_0004145,CONTRAINDICATION,
CHEMBL131,EFO_0004190,CONTRAINDICATION,
CHEMBL131,EFO_0004194,INDICATION,
CHEMBL131,EFO_0004236,INDICATION,
CHEMBL131,EFO_0004237,INDICATION,
CHEMBL131,EFO_0004246,INDICATION,
CHEMBL131,EFO_0004254,INDICATION,
CHEMBL131,EFO_0004255,INDICATION,
CHEMBL131,EFO_0004274,INDICATION,
CHEMBL131,EFO_0004276,INDICATION,
CHEMBL131,EFO_0004616,INDICATION,
CHEMBL131,EFO_0004705,CONTRAINDICATION,
CHEMBL131,EFO_0004826,INDICATION,
CHEMBL131,EFO_0004991,OFF_LABEL_USE,
CHEMBL131,EFO_0005297,INDICATION,
CHEMBL131,EFO_0005319,INDICATION,
CHEMBL131,EFO_0005407,CONTRAINDICATION,
CHEMBL131,EFO_0005532,INDICATION,
CHEMBL131,EFO_0005558,INDICATION,
CHEMBL131,EFO_0005741,CONTRAINDICATION,
CHEMBL131,EFO_0005752,INDICATION,
CHEMBL131,EFO_0005761,INDICATION,
CHEMBL131,EFO_0005809,INDICATION,
CHEMBL131,EFO_0005854,INDICATION,
CHEMBL131,EFO_0005952,INDICATION,
CHEMBL131,EFO_0006509,CONTRAINDICATION,
CHEMBL131,EFO_0006803,OFF_LABEL_USE,
CHEMBL131,EFO_0006857,CONTRAINDICATION,
CHEMBL131,EFO_0007140,INDICATION,
CHEMBL131,EFO_0007141,INDICATION,
CHEMBL131,EFO_0007160,INDICATION,
CHEMBL131,EFO_0007167,OFF_LABEL_USE,
CHEMBL131,EFO_0007187,OFF_LABEL_USE,
CHEMBL131,EFO_0007208,INDICATION,
CHEMBL131,EFO_0007227,INDICATION,
CHEMBL131,EFO_0007257,INDICATION,
CHEMBL131,EFO_0007287,CONTRAINDICATION,
CHEMBL131,EFO_0007308,CONTRAINDICATION,
CHEMBL131,EFO_0007368,INDICATION,
CHEMBL131,EFO_0007403,INDICATION,
CHEMBL131,EFO_0007405,INDICATION,
CHEMBL131,EFO_0007409,CONTRAINDICATION,
CHEMBL131,EFO_0007427,OFF_LABEL_USE,
CHEMBL131,EFO_0007486,INDICATION,
CHEMBL131,EFO_0007501,CONTRAINDICATION,
CHEMBL131,EFO_0007520,INDICATION,
CHEMBL131,EFO_0007537,INDICATION,
CHEMBL131,EFO_0008496,OFF_LABEL_USE,
CHEMBL131,EFO_0008518,INDICATION,
CHEMBL131,EFO_0008997,INDICATION,
CHEMBL131,EFO_0009012,OFF_LABEL_USE,
CHEMBL131,EFO_0009448,INDICATION,
CHEMBL131,EFO_0009449,INDICATION,
CHEMBL131,EFO_0009456,INDICATION,
CHEMBL131,EFO_0009491,INDICATION,
CHEMBL131,EFO_0009552,INDICATION,
CHEMBL131,EFO_0009560,OFF_LABEL_USE,
CHEMBL131,EFO_0009609,INDICATION,
CHEMBL131,EFO_0009661,OFF_LABEL_USE,
CHEMBL131,EFO_0009676,INDICATION,
CHEMBL131,EFO_1000039,INDICATION,
CHEMBL131,EFO_1000049,INDICATION,
CHEMBL131,EFO_1000391,OFF_LABEL_USE,
CHEMBL131,EFO_1000635,INDICATION,
CHEMBL131,EFO_1000680,INDICATION,
CHEMBL131,EFO_1000684,INDICATION,
CHEMBL131,EFO_1000694,INDICATION,
CHEMBL131,EFO_1000697,INDICATION,
CHEMBL131,EFO_1000704,INDICATION,
CHEMBL131,EFO_1000726,INDICATION,
CHEMBL131,EFO_1000749,INDICATION,
CHEMBL131,EFO_1000760,INDICATION,
CHEMBL131,EFO_1000764,INDICATION,
CHEMBL131,EFO_1000766,CONTRAINDICATION,
CHEMBL131,EFO_1000784,INDICATION,
CHEMBL131,EFO_1000829,INDICATION,
CHEMBL131,EFO_1000845,INDICATION,
CHEMBL131,EFO_1000941,INDICATION,
CHEMBL131,EFO_1000954,INDICATION,
CHEMBL131,EFO_1000997,INDICATION,
CHEMBL131,EFO_1001051,INDICATION,
CHEMBL131,EFO_1001069,CONTRAINDICATION,
CHEMBL131,EFO_1001070,CONTRAINDICATION,
CHEMBL131,EFO_1001077,INDICATION,
CHEMBL131,EFO_1001110,INDICATION,
CHEMBL131,EFO_1001119,INDICATION,
CHEMBL131,EFO_1001134,OFF_LABEL_USE,
CHEMBL131,EFO_1001139,INDICATION,
CHEMBL131,EFO_1001160,OFF_LABEL_USE,
CHEMBL131,EFO_1001161,INDICATION,
CHEMBL131,EFO_1001176,INDICATION,
CHEMBL131,EFO_1001194,INDICATION,
CHEMBL131,EFO_1001205,INDICATION,
CHEMBL131,EFO_1001209,INDICATION,
CHEMBL131,EFO_1001222,INDICATION,
CHEMBL131,EFO_1001231,INDICATION,
CHEMBL131,EFO_1001264,INDICATION,
CHEMBL131,EFO_1001321,INDICATION,
CHEMBL131,EFO_1001345,INDICATION,
CHEMBL131,EFO_1001399,INDICATION,
CHEMBL131,EFO_1001435,INDICATION,
CHEMBL131,EFO_1001467,INDICATION,
CHEMBL131,EFO_1001857,INDICATION,
CHEMBL131,EFO_1001887,INDICATION,
CHEMBL131,EFO_1001888,CONTRAINDICATION,
CHEMBL131,EFO_1001896,INDICATION,
CHEMBL131,EFO_1001968,INDICATION,
CHEMBL131,EFO_1002022,CONTRAINDICATION,
CHEMBL131,EFO_1002025,CONTRAINDICATION,
CHEMBL131,MONDO_0000873,INDICATION,
CHEMBL131,MONDO_0001198,INDICATION,
CHEMBL131,MONDO_0001280,INDICATION,
CHEMBL131,MONDO_0001576,CONTRAINDICATION,
CHEMBL131,MONDO_0001705,INDICATION,
CHEMBL131,MONDO_0002041,CONTRAINDICATION,
CHEMBL131,MONDO_0002307,INDICATION,
CHEMBL131,MONDO_0002462,INDICATION,
CHEMBL131,MONDO_0002471,INDICATION,
CHEMBL131,MONDO_0004126,INDICATION,
CHEMBL131,MONDO_0004247,CONTRAINDICATION,
CHEMBL131,MONDO_0004577,INDICATION,
CHEMBL131,MONDO_0004750,INDICATION,
CHEMBL131,MONDO_0004773,INDICATION,
CHEMBL131,MONDO_0004857,INDICATION,
CHEMBL131,MONDO_0004979,INDICATION,
CHEMBL131,MONDO_0004992,INDICATION,
CHEMBL131,MONDO_0005041,INDICATION,
CHEMBL131,MONDO_0005090,INDICATION,
CHEMBL131,MONDO_0005129,INDICATION,
CHEMBL131,MONDO_0005148,INDICATION,
CHEMBL131,MONDO_0005178,INDICATION,
CHEMBL131,MONDO_0005271,INDICATION,
CHEMBL131,MONDO_0005301,INDICATION,
CHEMBL131,MONDO_0007254,INDICATION,
CHEMBL131,MONDO_0007915,INDICATION,
CHEMBL131,MONDO_0008315,INDICATION,
CHEMBL131,MONDO_0008728,INDICATION,
CHEMBL131,MONDO_0008814,CONTRAINDICATION,
CHEMBL131,MONDO_0008867,INDICATION,
CHEMBL131,MONDO_0009348,INDICATION,
CHEMBL131,MONDO_0009387,INDICATION,
CHEMBL131,MONDO_0010679,INDICATION,
CHEMBL131,MONDO_0013730,INDICATION,
CHEMBL131,MONDO_0015128,INDICATION,
CHEMBL131,MONDO_0015129,INDICATION,
CHEMBL131,MONDO_0015253,INDICATION,
CHEMBL131,MONDO_0015540,INDICATION,
CHEMBL131,MONDO_0015758,INDICATION,
CHEMBL131,MONDO_0015991,CONTRAINDICATION,
CHEMBL131,MONDO_0017853,INDICATION,
CHEMBL131,MONDO_0018076,CONTRAINDICATION,
CHEMBL131,MONDO_0018097,OFF_LABEL_USE,
CHEMBL131,MONDO_0018373,CONTRAINDICATION,
CHEMBL131,MONDO_0018479,INDICATION,
CHEMBL131,MONDO_0018896,INDICATION,
CHEMBL131,MONDO_0018906,INDICATION,
CHEMBL131,MONDO_0019170,OFF_LABEL_USE,
CHEMBL131,MONDO_0019338,INDICATION,
CHEMBL131,MONDO_0019801,INDICATION,
CHEMBL131,MONDO_0020290,INDICATION,
CHEMBL131,MONDO_0020944,CONTRAINDICATION,
CHEMBL131,MONDO_0020950,CONTRAINDICATION,
CHEMBL131,MONDO_0024636,OFF_LABEL_USE,
CHEMBL131,MONDO_0037821,CONTRAINDICATION,
CHEMBL131,MONDO_0043885,CONTRAINDICATION,
CHEMBL131,MONDO_0100096,INDICATION,
CHEMBL131,MP_0001845,INDICATION,
CHEMBL131,Orphanet_124,INDICATION,
CHEMBL131,Orphanet_90,CONTRAINDICATION,
CHEMBL1311,EFO_0000319,INDICATION,
CHEMBL1311,EFO_0000537,INDICATION,
CHEMBL1311,EFO_0000538,CONTRAINDICATION,
CHEMBL1311,EFO_0000612,CONTRAINDICATION,
CHEMBL1311,EFO_0000712,INDICATION,
CHEMBL1311,EFO_0001645,INDICATION,
CHEMBL1311,EFO_0002950,INDICATION,
CHEMBL1311,EFO_0003144,INDICATION,
CHEMBL1311,EFO_0003913,INDICATION,
CHEMBL1311,EFO_0004264,INDICATION,
CHEMBL1311,EFO_0005251,CONTRAINDICATION,
CHEMBL1311,EFO_0005669,CONTRAINDICATION,
CHEMBL1311,EFO_0007401,INDICATION,
CHEMBL1311,EFO_0009189,CONTRAINDICATION,
CHEMBL1311,MONDO_0002280,CONTRAINDICATION,
CHEMBL1313657,EFO_0000537,INDICATION,
CHEMBL1313657,EFO_0003086,CONTRAINDICATION,
CHEMBL1313657,EFO_0003763,CONTRAINDICATION,
CHEMBL1313657,EFO_0005252,CONTRAINDICATION,
CHEMBL1313657,MONDO_0021661,CONTRAINDICATION,
CHEMBL1314,EFO_0000713,INDICATION,
CHEMBL1314,EFO_0003086,CONTRAINDICATION,
CHEMBL1314,EFO_0004255,CONTRAINDICATION,
CHEMBL1314,EFO_0004991,CONTRAINDICATION,
CHEMBL1314,EFO_0007290,CONTRAINDICATION,
CHEMBL1314,EFO_1000905,INDICATION,
CHEMBL1314,MONDO_0009067,INDICATION,
CHEMBL1314,MONDO_0015909,CONTRAINDICATION,
CHEMBL1315867,EFO_0000341,INDICATION,
CHEMBL1315867,EFO_0009661,INDICATION,
CHEMBL1315867,MONDO_0004979,INDICATION,
CHEMBL1316726,EFO_1000906,INDICATION,
CHEMBL1318150,EFO_0000771,INDICATION,
CHEMBL1318341,EFO_0000319,INDICATION,
CHEMBL1318341,EFO_0000537,INDICATION,
CHEMBL13209,EFO_0000474,INDICATION,
CHEMBL13209,EFO_0004698,INDICATION,
CHEMBL13209,EFO_0005230,INDICATION,
CHEMBL13209,EFO_0008568,INDICATION,
CHEMBL13209,MONDO_0002050,INDICATION,
CHEMBL13209,MONDO_0005090,INDICATION,
CHEMBL1321,EFO_0000183,INDICATION,
CHEMBL1321,EFO_0000403,OFF_LABEL_USE,
CHEMBL1321,EFO_0000519,INDICATION,
CHEMBL1321,EFO_0000574,INDICATION,
CHEMBL1321,EFO_0000616,INDICATION,
CHEMBL1321,EFO_0000771,CONTRAINDICATION,
CHEMBL1321,EFO_0002429,OFF_LABEL_USE,
CHEMBL1321,EFO_0002499,OFF_LABEL_USE,
CHEMBL1321,EFO_0003086,CONTRAINDICATION,
CHEMBL1321,EFO_0003100,CONTRAINDICATION,
CHEMBL1321,EFO_0003833,INDICATION,
CHEMBL1321,EFO_0006545,OFF_LABEL_USE,
CHEMBL1321,EFO_0009314,CONTRAINDICATION,
CHEMBL1321,EFO_1000158,INDICATION,
CHEMBL1321,EFO_1001051,OFF_LABEL_USE,
CHEMBL1321,EFO_1001365,INDICATION,
CHEMBL1321,MONDO_0001657,OFF_LABEL_USE,
CHEMBL1321,MONDO_0002041,CONTRAINDICATION,
CHEMBL1321,MONDO_0002280,CONTRAINDICATION,
CHEMBL1321,MONDO_0007079,CONTRAINDICATION,
CHEMBL1321,MONDO_0009348,INDICATION,
CHEMBL1321,MONDO_0100192,CONTRAINDICATION,
CHEMBL1322884,EFO_0001067,INDICATION,
CHEMBL1323,EFO_0000180,INDICATION,
CHEMBL1323,EFO_0000400,CONTRAINDICATION,
CHEMBL1323,EFO_0000544,INDICATION,
CHEMBL1323,EFO_0000763,INDICATION,
CHEMBL1323,EFO_0000764,INDICATION,
CHEMBL1323,EFO_0000765,INDICATION,
CHEMBL1323,EFO_0001422,CONTRAINDICATION,
CHEMBL1323,EFO_0002614,INDICATION,
CHEMBL1323,EFO_0003047,INDICATION,
CHEMBL1323,EFO_0004239,CONTRAINDICATION,
CHEMBL1323,EFO_0007448,INDICATION,
CHEMBL1323,MONDO_0004976,INDICATION,
CHEMBL1323,MONDO_0010602,CONTRAINDICATION,
CHEMBL1323,MONDO_0010604,CONTRAINDICATION,
CHEMBL1323,MONDO_0021094,INDICATION,
CHEMBL1323,MONDO_0100096,INDICATION,
CHEMBL1323,MONDO_0100192,CONTRAINDICATION,
CHEMBL1323699,EFO_0003963,INDICATION,
CHEMBL1324,EFO_0000621,INDICATION,
CHEMBL1324,EFO_0002610,INDICATION,
CHEMBL1324,EFO_0003096,INDICATION,
CHEMBL1324,EFO_0003768,INDICATION,
CHEMBL1324,EFO_0004242,INDICATION,
CHEMBL1324,EFO_0004699,INDICATION,
CHEMBL1324,EFO_0005251,CONTRAINDICATION,
CHEMBL1324,EFO_0007046,INDICATION,
CHEMBL1324,MONDO_0002046,INDICATION,
CHEMBL1324,MONDO_0005090,INDICATION,
CHEMBL1324,MONDO_0005180,INDICATION,
CHEMBL1324,MONDO_0007079,INDICATION,
CHEMBL1324,MONDO_0043510,INDICATION,
CHEMBL132530,EFO_0000616,INDICATION,
CHEMBL132767,EFO_0000319,INDICATION,
CHEMBL1328898,MONDO_0005180,INDICATION,
CHEMBL1328898,MONDO_0021095,INDICATION,
CHEMBL1328913,MONDO_0002009,INDICATION,
CHEMBL13291,EFO_0005230,INDICATION,
CHEMBL1329455,EFO_0000319,INDICATION,
CHEMBL1330596,EFO_0000305,INDICATION,
CHEMBL1330596,EFO_0000616,INDICATION,
CHEMBL1330596,EFO_0002618,INDICATION,
CHEMBL1330596,EFO_0003758,INDICATION,
CHEMBL1330596,MONDO_0007254,INDICATION,
CHEMBL1330729,MONDO_0005148,INDICATION,
CHEMBL1330792,DOID_10113,INDICATION,
CHEMBL1330792,EFO_0005044,INDICATION,
CHEMBL1330792,EFO_0007144,INDICATION,
CHEMBL1331216,EFO_0000217,CONTRAINDICATION,
CHEMBL1331216,EFO_0000319,CONTRAINDICATION,
CHEMBL1331216,EFO_0000341,CONTRAINDICATION,
CHEMBL1331216,EFO_0000400,CONTRAINDICATION,
CHEMBL1331216,EFO_0000537,CONTRAINDICATION,
CHEMBL1331216,EFO_0000555,OFF_LABEL_USE,
CHEMBL1331216,EFO_0000729,CONTRAINDICATION,
CHEMBL1331216,EFO_0001064,CONTRAINDICATION,
CHEMBL1331216,EFO_0001422,CONTRAINDICATION,
CHEMBL1331216,EFO_0001645,CONTRAINDICATION,
CHEMBL1331216,EFO_0003086,CONTRAINDICATION,
CHEMBL1331216,EFO_0003103,INDICATION,
CHEMBL1331216,EFO_0003877,CONTRAINDICATION,
CHEMBL1331216,EFO_0003948,CONTRAINDICATION,
CHEMBL1331216,EFO_0004991,CONTRAINDICATION,
CHEMBL1331216,EFO_0007287,CONTRAINDICATION,
CHEMBL1331216,EFO_0009189,CONTRAINDICATION,
CHEMBL1331216,EFO_0009190,CONTRAINDICATION,
CHEMBL1331216,EFO_0009314,CONTRAINDICATION,
CHEMBL1331216,EFO_0009454,CONTRAINDICATION,
CHEMBL1331216,EFO_0009532,CONTRAINDICATION,
CHEMBL1331216,EFO_0009571,CONTRAINDICATION,
CHEMBL1331216,EFO_0009910,CONTRAINDICATION,
CHEMBL1331216,EFO_0010282,INDICATION,
CHEMBL1331216,EFO_1000391,CONTRAINDICATION,
CHEMBL1331216,EFO_1001069,CONTRAINDICATION,
CHEMBL1331216,EFO_1001095,CONTRAINDICATION,
CHEMBL1331216,EFO_1001226,CONTRAINDICATION,
CHEMBL1331216,MONDO_0000328,CONTRAINDICATION,
CHEMBL1331216,MONDO_0001744,CONTRAINDICATION,
CHEMBL1331216,MONDO_0002050,CONTRAINDICATION,
CHEMBL1331216,MONDO_0002280,CONTRAINDICATION,
CHEMBL1331216,MONDO_0002462,CONTRAINDICATION,
CHEMBL1331216,MONDO_0002491,CONTRAINDICATION,
CHEMBL1331216,MONDO_0004247,INDICATION,
CHEMBL1331216,MONDO_0005041,CONTRAINDICATION,
CHEMBL1331216,MONDO_0007079,CONTRAINDICATION,
CHEMBL1331216,MONDO_0018660,CONTRAINDICATION,
CHEMBL1331216,MONDO_0018896,CONTRAINDICATION,
CHEMBL1331216,MONDO_0021661,CONTRAINDICATION,
CHEMBL1331216,MONDO_0037821,CONTRAINDICATION,
CHEMBL1331216,MONDO_0100192,CONTRAINDICATION,
CHEMBL1332032,EFO_0002614,INDICATION,
CHEMBL1334078,EFO_0000274,INDICATION,
CHEMBL1334078,EFO_0000544,INDICATION,
CHEMBL1334078,EFO_0003843,INDICATION,
CHEMBL1334078,EFO_1001139,INDICATION,
CHEMBL1334078,EFO_1001459,INDICATION,
CHEMBL1334692,EFO_0005755,INDICATION,
CHEMBL1334860,EFO_0007144,INDICATION,
CHEMBL1336,EFO_0000095,INDICATION,
CHEMBL1336,EFO_0000182,INDICATION,
CHEMBL1336,EFO_0000196,INDICATION,
CHEMBL1336,EFO_0000198,INDICATION,
CHEMBL1336,EFO_0000220,INDICATION,
CHEMBL1336,EFO_0000221,INDICATION,
CHEMBL1336,EFO_0000222,INDICATION,
CHEMBL1336,EFO_0000224,INDICATION,
CHEMBL1336,EFO_0000228,INDICATION,
CHEMBL1336,EFO_0000278,CONTRAINDICATION,
CHEMBL1336,EFO_0000313,INDICATION,
CHEMBL1336,EFO_0000335,INDICATION,
CHEMBL1336,EFO_0000339,INDICATION,
CHEMBL1336,EFO_0000349,INDICATION,
CHEMBL1336,EFO_0000365,INDICATION,
CHEMBL1336,EFO_0000389,INDICATION,
CHEMBL1336,EFO_0000403,INDICATION,
CHEMBL1336,EFO_0000501,INDICATION,
CHEMBL1336,EFO_0000519,INDICATION,
CHEMBL1336,EFO_0000537,CONTRAINDICATION,
CHEMBL1336,EFO_0000558,INDICATION,
CHEMBL1336,EFO_0000565,INDICATION,
CHEMBL1336,EFO_0000574,INDICATION,
CHEMBL1336,EFO_0000588,INDICATION,
CHEMBL1336,EFO_0000612,CONTRAINDICATION,
CHEMBL1336,EFO_0000616,INDICATION,
CHEMBL1336,EFO_0000621,INDICATION,
CHEMBL1336,EFO_0000637,INDICATION,
CHEMBL1336,EFO_0000640,INDICATION,
CHEMBL1336,EFO_0000641,INDICATION,
CHEMBL1336,EFO_0000666,INDICATION,
CHEMBL1336,EFO_0000673,INDICATION,
CHEMBL1336,EFO_0000681,INDICATION,
CHEMBL1336,EFO_0000691,INDICATION,
CHEMBL1336,EFO_0000702,INDICATION,
CHEMBL1336,EFO_0000707,INDICATION,
CHEMBL1336,EFO_0000756,INDICATION,
CHEMBL1336,EFO_0001061,INDICATION,
CHEMBL1336,EFO_0001361,INDICATION,
CHEMBL1336,EFO_0001378,INDICATION,
CHEMBL1336,EFO_0001421,INDICATION,
CHEMBL1336,EFO_0001645,CONTRAINDICATION,
CHEMBL1336,EFO_0002499,INDICATION,
CHEMBL1336,EFO_0002501,INDICATION,
CHEMBL1336,EFO_0002618,INDICATION,
CHEMBL1336,EFO_0002892,INDICATION,
CHEMBL1336,EFO_0002918,INDICATION,
CHEMBL1336,EFO_0002938,INDICATION,
CHEMBL1336,EFO_0003032,INDICATION,
CHEMBL1336,EFO_0003060,INDICATION,
CHEMBL1336,EFO_0003086,INDICATION,
CHEMBL1336,EFO_0003833,INDICATION,
CHEMBL1336,EFO_0003841,INDICATION,
CHEMBL1336,EFO_0003860,INDICATION,
CHEMBL1336,EFO_0003865,INDICATION,
CHEMBL1336,EFO_0003871,INDICATION,
CHEMBL1336,EFO_0003891,INDICATION,
CHEMBL1336,EFO_0003893,INDICATION,
CHEMBL1336,EFO_0004142,INDICATION,
CHEMBL1336,EFO_0004212,INDICATION,
CHEMBL1336,EFO_0004252,INDICATION,
CHEMBL1336,EFO_0004284,INDICATION,
CHEMBL1336,EFO_0005088,INDICATION,
CHEMBL1336,EFO_0005221,INDICATION,
CHEMBL1336,EFO_0005672,CONTRAINDICATION,
CHEMBL1336,EFO_0006352,INDICATION,
CHEMBL1336,EFO_0006861,INDICATION,
CHEMBL1336,EFO_0007535,INDICATION,
CHEMBL1336,EFO_0008524,INDICATION,
CHEMBL1336,EFO_0009314,CONTRAINDICATION,
CHEMBL1336,EFO_0009907,INDICATION,
CHEMBL1336,EFO_1000158,INDICATION,
CHEMBL1336,EFO_1000292,INDICATION,
CHEMBL1336,EFO_1000359,INDICATION,
CHEMBL1336,EFO_1000613,INDICATION,
CHEMBL1336,EFO_1000657,INDICATION,
CHEMBL1336,EFO_1000796,INDICATION,
CHEMBL1336,EFO_1001052,INDICATION,
CHEMBL1336,EFO_1001346,INDICATION,
CHEMBL1336,EFO_1001375,CONTRAINDICATION,
CHEMBL1336,EFO_1001465,INDICATION,
CHEMBL1336,EFO_1001469,INDICATION,
CHEMBL1336,EFO_1001513,INDICATION,
CHEMBL1336,EFO_1001901,INDICATION,
CHEMBL1336,EFO_1001951,INDICATION,
CHEMBL1336,EFO_1001968,INDICATION,
CHEMBL1336,MONDO_0000313,CONTRAINDICATION,
CHEMBL1336,MONDO_0000831,INDICATION,
CHEMBL1336,MONDO_0001056,INDICATION,
CHEMBL1336,MONDO_0001187,INDICATION,
CHEMBL1336,MONDO_0002050,CONTRAINDICATION,
CHEMBL1336,MONDO_0002087,INDICATION,
CHEMBL1336,MONDO_0002108,INDICATION,
CHEMBL1336,MONDO_0002158,INDICATION,
CHEMBL1336,MONDO_0002280,CONTRAINDICATION,
CHEMBL1336,MONDO_0002367,INDICATION,
CHEMBL1336,MONDO_0002691,INDICATION,
CHEMBL1336,MONDO_0004192,INDICATION,
CHEMBL1336,MONDO_0004986,INDICATION,
CHEMBL1336,MONDO_0004992,INDICATION,
CHEMBL1336,MONDO_0007254,INDICATION,
CHEMBL1336,MONDO_0007576,INDICATION,
CHEMBL1336,MONDO_0008170,INDICATION,
CHEMBL1336,MONDO_0008315,INDICATION,
CHEMBL1336,MONDO_0008903,INDICATION,
CHEMBL1336,MONDO_0011719,INDICATION,
CHEMBL1336,MONDO_0015277,INDICATION,
CHEMBL1336,MONDO_0018531,INDICATION,
CHEMBL1336,MONDO_0021063,INDICATION,
CHEMBL1336,MONDO_0044926,INDICATION,
CHEMBL1336,MONDO_0044937,INDICATION,
CHEMBL1336,MONDO_0100192,CONTRAINDICATION,
CHEMBL1337,EFO_0003086,CONTRAINDICATION,
CHEMBL1337,MONDO_0000313,CONTRAINDICATION,
CHEMBL1337,MONDO_0004741,INDICATION,
CHEMBL1337,MONDO_0008753,INDICATION,
CHEMBL1337,MONDO_0010161,INDICATION,
CHEMBL1337,MONDO_0043209,INDICATION,
CHEMBL1337,Orphanet_882,INDICATION,
CHEMBL1339,EFO_0004234,INDICATION,
CHEMBL1339216,EFO_0000217,CONTRAINDICATION,
CHEMBL1339216,EFO_0000319,CONTRAINDICATION,
CHEMBL1339216,EFO_0000400,CONTRAINDICATION,
CHEMBL1339216,EFO_0000537,CONTRAINDICATION,
CHEMBL1339216,EFO_0001422,CONTRAINDICATION,
CHEMBL1339216,EFO_0001645,CONTRAINDICATION,
CHEMBL1339216,EFO_0003086,CONTRAINDICATION,
CHEMBL1339216,EFO_0003948,CONTRAINDICATION,
CHEMBL1339216,EFO_0004991,CONTRAINDICATION,
CHEMBL1339216,EFO_0007287,CONTRAINDICATION,
CHEMBL1339216,EFO_0009189,CONTRAINDICATION,
CHEMBL1339216,EFO_0009190,CONTRAINDICATION,
CHEMBL1339216,EFO_0009314,CONTRAINDICATION,
CHEMBL1339216,EFO_0009532,CONTRAINDICATION,
CHEMBL1339216,EFO_1000391,CONTRAINDICATION,
CHEMBL1339216,MONDO_0000328,CONTRAINDICATION,
CHEMBL1339216,MONDO_0002280,CONTRAINDICATION,
CHEMBL1339216,MONDO_0005041,CONTRAINDICATION,
CHEMBL1339216,MONDO_0018660,CONTRAINDICATION,
CHEMBL1339216,MONDO_0018896,CONTRAINDICATION,
CHEMBL1339216,MONDO_0100192,CONTRAINDICATION,
CHEMBL134,EFO_0000274,INDICATION,
CHEMBL134,EFO_0000319,INDICATION,
CHEMBL134,EFO_0000537,INDICATION,
CHEMBL134,EFO_0000612,CONTRAINDICATION,
CHEMBL134,EFO_0001358,INDICATION,
CHEMBL134,EFO_0002610,INDICATION,
CHEMBL134,EFO_0002950,INDICATION,
CHEMBL134,EFO_0003756,INDICATION,
CHEMBL134,EFO_0003763,CONTRAINDICATION,
CHEMBL134,EFO_0003843,INDICATION,
CHEMBL134,EFO_0003888,INDICATION,
CHEMBL134,EFO_0003890,INDICATION,
CHEMBL134,EFO_0004190,INDICATION,
CHEMBL134,EFO_0004240,INDICATION,
CHEMBL134,EFO_0004273,INDICATION,
CHEMBL134,EFO_0004274,CONTRAINDICATION,
CHEMBL134,EFO_0004895,OFF_LABEL_USE,
CHEMBL134,EFO_0005230,INDICATION,
CHEMBL134,EFO_0005251,CONTRAINDICATION,
CHEMBL134,EFO_0005252,INDICATION,
CHEMBL134,EFO_0005323,INDICATION,
CHEMBL134,EFO_0005611,INDICATION,
CHEMBL134,EFO_0005762,INDICATION,
CHEMBL134,EFO_0005799,INDICATION,
CHEMBL134,EFO_0007191,INDICATION,
CHEMBL134,EFO_0007355,INDICATION,
CHEMBL134,EFO_0009267,INDICATION,
CHEMBL134,EFO_0009314,CONTRAINDICATION,
CHEMBL134,EFO_0009523,INDICATION,
CHEMBL134,EFO_0009530,CONTRAINDICATION,
CHEMBL134,EFO_0009676,INDICATION,
CHEMBL134,EFO_1000645,INDICATION,
CHEMBL134,EFO_1000652,CONTRAINDICATION,
CHEMBL134,EFO_1000783,INDICATION,
CHEMBL134,EFO_1000906,CONTRAINDICATION,
CHEMBL134,EFO_1000971,INDICATION,
CHEMBL134,EFO_1001069,OFF_LABEL_USE,
CHEMBL134,EFO_1001375,CONTRAINDICATION,
CHEMBL134,EFO_1001904,INDICATION,
CHEMBL134,MONDO_0000465,CONTRAINDICATION,
CHEMBL134,MONDO_0001566,CONTRAINDICATION,
CHEMBL134,MONDO_0002050,CONTRAINDICATION,
CHEMBL134,MONDO_0002406,CONTRAINDICATION,
CHEMBL134,MONDO_0002959,INDICATION,
CHEMBL134,MONDO_0004992,INDICATION,
CHEMBL134,MONDO_0005041,INDICATION,
CHEMBL134,MONDO_0005147,CONTRAINDICATION,
CHEMBL134,MONDO_0005148,CONTRAINDICATION,
CHEMBL134,MONDO_0005277,INDICATION,
CHEMBL134,MONDO_0005299,INDICATION,
CHEMBL134,MONDO_0007254,INDICATION,
CHEMBL134,MONDO_0007915,CONTRAINDICATION,
CHEMBL134,MONDO_0018100,CONTRAINDICATION,
CHEMBL134,MONDO_0024327,CONTRAINDICATION,
CHEMBL134,MONDO_0043510,INDICATION,
CHEMBL134,MONDO_0100192,CONTRAINDICATION,
CHEMBL134,MP_0001914,INDICATION,
CHEMBL1341,EFO_0000546,INDICATION,
CHEMBL1341,EFO_0003843,INDICATION,
CHEMBL1341,MONDO_0004992,INDICATION,
CHEMBL1342,EFO_0003108,INDICATION,
CHEMBL1342,EFO_0003843,INDICATION,
CHEMBL1342,EFO_0005203,INDICATION,
CHEMBL1342,EFO_0005687,INDICATION,
CHEMBL1342,EFO_0008568,INDICATION,
CHEMBL1342,MONDO_0000485,INDICATION,
CHEMBL1342,MONDO_0005180,INDICATION,
CHEMBL1342,MONDO_0016158,INDICATION,
CHEMBL1342,MONDO_0016241,INDICATION,
CHEMBL1342,MONDO_0018044,INDICATION,
CHEMBL1342,MONDO_0021107,INDICATION,
CHEMBL134561,EFO_0000544,INDICATION,
CHEMBL134561,EFO_0000701,INDICATION,
CHEMBL134561,EFO_0000771,INDICATION,
CHEMBL134561,EFO_1001865,INDICATION,
CHEMBL1346,EFO_0000729,CONTRAINDICATION,
CHEMBL1346,EFO_0004991,CONTRAINDICATION,
CHEMBL1346,EFO_0005532,CONTRAINDICATION,
CHEMBL1346,EFO_0006865,INDICATION,
CHEMBL1346,EFO_1000781,INDICATION,
CHEMBL1346,MONDO_0001744,CONTRAINDICATION,
CHEMBL1346,MONDO_0100192,CONTRAINDICATION,
CHEMBL134702,MONDO_0001134,INDICATION,
CHEMBL134713,EFO_0001073,INDICATION,
CHEMBL134713,EFO_0003758,INDICATION,
CHEMBL134713,EFO_0003768,INDICATION,
CHEMBL134713,EFO_0005411,INDICATION,
CHEMBL134713,MONDO_0004975,INDICATION,
CHEMBL134713,MONDO_0005090,INDICATION,
CHEMBL1349,EFO_0000095,INDICATION,
CHEMBL1349,EFO_0000341,INDICATION,
CHEMBL1349,EFO_0000519,INDICATION,
CHEMBL1349,EFO_0000565,INDICATION,
CHEMBL1349,EFO_0000616,INDICATION,
CHEMBL1349,EFO_0000649,INDICATION,
CHEMBL1349,EFO_0000673,INDICATION,
CHEMBL1349,EFO_0000763,INDICATION,
CHEMBL1349,EFO_0000764,INDICATION,
CHEMBL1349,EFO_0001062,INDICATION,
CHEMBL1349,EFO_0002499,INDICATION,
CHEMBL1349,EFO_0002950,INDICATION,
CHEMBL1349,EFO_0004220,INDICATION,
CHEMBL1349,EFO_0005407,INDICATION,
CHEMBL1349,EFO_0005411,INDICATION,
CHEMBL1349,EFO_0005543,INDICATION,
CHEMBL1349,EFO_0006510,INDICATION,
CHEMBL1349,EFO_0007204,INDICATION,
CHEMBL1349,EFO_0007282,INDICATION,
CHEMBL1349,EFO_0007307,INDICATION,
CHEMBL1349,EFO_0007326,INDICATION,
CHEMBL1349,EFO_0009441,INDICATION,
CHEMBL1349,EFO_1000028,INDICATION,
CHEMBL1349,EFO_1000811,INDICATION,
CHEMBL1349,EFO_1001347,INDICATION,
CHEMBL1349,EFO_1002022,INDICATION,
CHEMBL1349,MONDO_0004985,INDICATION,
CHEMBL1349,MONDO_0004992,INDICATION,
CHEMBL1349,MONDO_0005090,INDICATION,
CHEMBL1349,MONDO_0008315,INDICATION,
CHEMBL1349,MONDO_0008903,INDICATION,
CHEMBL1349,MONDO_0019956,INDICATION,
CHEMBL1349,MONDO_0041052,INDICATION,
CHEMBL1349,MONDO_0100342,INDICATION,
CHEMBL1349073,EFO_0000319,INDICATION,
CHEMBL134920,EFO_0007144,INDICATION,
CHEMBL135,EFO_0000180,INDICATION,
CHEMBL135,EFO_0000305,INDICATION,
CHEMBL135,EFO_0000319,CONTRAINDICATION,
CHEMBL135,EFO_0000400,CONTRAINDICATION,
CHEMBL135,EFO_0000474,CONTRAINDICATION,
CHEMBL135,EFO_0000537,CONTRAINDICATION,
CHEMBL135,EFO_0000545,INDICATION,
CHEMBL135,EFO_0000612,CONTRAINDICATION,
CHEMBL135,EFO_0000660,OFF_LABEL_USE,
CHEMBL135,EFO_0000712,CONTRAINDICATION,
CHEMBL135,EFO_0000731,INDICATION,
CHEMBL135,EFO_0000764,INDICATION,
CHEMBL135,EFO_0001065,CONTRAINDICATION,
CHEMBL135,EFO_0001073,CONTRAINDICATION,
CHEMBL135,EFO_0001358,INDICATION,
CHEMBL135,EFO_0001645,CONTRAINDICATION,
CHEMBL135,EFO_0001663,INDICATION,
CHEMBL135,EFO_0003086,CONTRAINDICATION,
CHEMBL135,EFO_0003103,INDICATION,
CHEMBL135,EFO_0003144,CONTRAINDICATION,
CHEMBL135,EFO_0003763,CONTRAINDICATION,
CHEMBL135,EFO_0003777,CONTRAINDICATION,
CHEMBL135,EFO_0003832,CONTRAINDICATION,
CHEMBL135,EFO_0003843,INDICATION,
CHEMBL135,EFO_0003854,INDICATION,
CHEMBL135,EFO_0003869,INDICATION,
CHEMBL135,EFO_0003877,CONTRAINDICATION,
CHEMBL135,EFO_0003882,CONTRAINDICATION,
CHEMBL135,EFO_0003914,INDICATION,
CHEMBL135,EFO_0004152,CONTRAINDICATION,
CHEMBL135,EFO_0004243,INDICATION,
CHEMBL135,EFO_0004266,INDICATION,
CHEMBL135,EFO_0004705,CONTRAINDICATION,
CHEMBL135,EFO_0004714,INDICATION,
CHEMBL135,EFO_0005204,INDICATION,
CHEMBL135,EFO_0005411,INDICATION,
CHEMBL135,EFO_0005537,INDICATION,
CHEMBL135,EFO_0007453,INDICATION,
CHEMBL135,EFO_0009314,INDICATION,
CHEMBL135,EFO_0009315,CONTRAINDICATION,
CHEMBL135,EFO_0009491,CONTRAINDICATION,
CHEMBL135,EFO_0009551,CONTRAINDICATION,
CHEMBL135,EFO_0009910,CONTRAINDICATION,
CHEMBL135,EFO_0010269,INDICATION,
CHEMBL135,EFO_1000096,INDICATION,
CHEMBL135,EFO_1000859,INDICATION,
CHEMBL135,EFO_1000906,INDICATION,
CHEMBL135,EFO_1001068,CONTRAINDICATION,
CHEMBL135,EFO_1001074,CONTRAINDICATION,
CHEMBL135,EFO_1001249,INDICATION,
CHEMBL135,EFO_1001271,INDICATION,
CHEMBL135,EFO_1001375,INDICATION,
CHEMBL135,EFO_1001512,CONTRAINDICATION,
CHEMBL135,MONDO_0001410,INDICATION,
CHEMBL135,MONDO_0001566,CONTRAINDICATION,
CHEMBL135,MONDO_0001627,CONTRAINDICATION,
CHEMBL135,MONDO_0001836,OFF_LABEL_USE,
CHEMBL135,MONDO_0002050,CONTRAINDICATION,
CHEMBL135,MONDO_0002146,INDICATION,
CHEMBL135,MONDO_0002520,CONTRAINDICATION,
CHEMBL135,MONDO_0002691,CONTRAINDICATION,
CHEMBL135,MONDO_0004975,INDICATION,
CHEMBL135,MONDO_0004979,CONTRAINDICATION,
CHEMBL135,MONDO_0005090,INDICATION,
CHEMBL135,MONDO_0005147,INDICATION,
CHEMBL135,MONDO_0005148,INDICATION,
CHEMBL135,MONDO_0005277,CONTRAINDICATION,
CHEMBL135,MONDO_0005301,INDICATION,
CHEMBL135,MONDO_0005351,CONTRAINDICATION,
CHEMBL135,MONDO_0007079,CONTRAINDICATION,
CHEMBL135,MONDO_0007254,INDICATION,
CHEMBL135,MONDO_0007915,CONTRAINDICATION,
CHEMBL135,MONDO_0008170,CONTRAINDICATION,
CHEMBL135,MONDO_0008315,INDICATION,
CHEMBL135,MONDO_0019499,INDICATION,
CHEMBL135,MONDO_0021148,CONTRAINDICATION,
CHEMBL135,MONDO_0021187,CONTRAINDICATION,
CHEMBL135,MONDO_0021259,CONTRAINDICATION,
CHEMBL135,MONDO_0037748,CONTRAINDICATION,
CHEMBL135,MONDO_0037821,CONTRAINDICATION,
CHEMBL135,MONDO_0100096,INDICATION,
CHEMBL135,MONDO_0100192,CONTRAINDICATION,
CHEMBL135,Orphanet_145,INDICATION,
CHEMBL1350,EFO_0000217,CONTRAINDICATION,
CHEMBL1350,EFO_0000649,CONTRAINDICATION,
CHEMBL1350,EFO_0003086,CONTRAINDICATION,
CHEMBL1350,EFO_0004213,INDICATION,
CHEMBL1350,EFO_0004260,INDICATION,
CHEMBL1350,EFO_0004261,INDICATION,
CHEMBL1350,EFO_0008506,CONTRAINDICATION,
CHEMBL1350,EFO_0008553,CONTRAINDICATION,
CHEMBL1350,EFO_0009314,CONTRAINDICATION,
CHEMBL1350,MONDO_0000328,CONTRAINDICATION,
CHEMBL1350,MONDO_0002280,CONTRAINDICATION,
CHEMBL1350,MONDO_0004247,CONTRAINDICATION,
CHEMBL1350,MONDO_0004627,CONTRAINDICATION,
CHEMBL1351,EFO_0000096,INDICATION,
CHEMBL1351,EFO_0000181,INDICATION,
CHEMBL1351,EFO_0000182,INDICATION,
CHEMBL1351,EFO_0000183,INDICATION,
CHEMBL1351,EFO_0000196,INDICATION,
CHEMBL1351,EFO_0000198,INDICATION,
CHEMBL1351,EFO_0000199,INDICATION,
CHEMBL1351,EFO_0000222,INDICATION,
CHEMBL1351,EFO_0000228,INDICATION,
CHEMBL1351,EFO_0000272,INDICATION,
CHEMBL1351,EFO_0000305,INDICATION,
CHEMBL1351,EFO_0000308,INDICATION,
CHEMBL1351,EFO_0000309,INDICATION,
CHEMBL1351,EFO_0000313,INDICATION,
CHEMBL1351,EFO_0000326,INDICATION,
CHEMBL1351,EFO_0000389,INDICATION,
CHEMBL1351,EFO_0000403,INDICATION,
CHEMBL1351,EFO_0000432,INDICATION,
CHEMBL1351,EFO_0000466,INDICATION,
CHEMBL1351,EFO_0000501,INDICATION,
CHEMBL1351,EFO_0000502,INDICATION,
CHEMBL1351,EFO_0000514,INDICATION,
CHEMBL1351,EFO_0000519,INDICATION,
CHEMBL1351,EFO_0000549,INDICATION,
CHEMBL1351,EFO_0000564,INDICATION,
CHEMBL1351,EFO_0000565,INDICATION,
CHEMBL1351,EFO_0000571,INDICATION,
CHEMBL1351,EFO_0000574,INDICATION,
CHEMBL1351,EFO_0000588,INDICATION,
CHEMBL1351,EFO_0000616,INDICATION,
CHEMBL1351,EFO_0000621,INDICATION,
CHEMBL1351,EFO_0000630,INDICATION,
CHEMBL1351,EFO_0000637,INDICATION,
CHEMBL1351,EFO_0000641,INDICATION,
CHEMBL1351,EFO_0000673,INDICATION,
CHEMBL1351,EFO_0000681,INDICATION,
CHEMBL1351,EFO_0000691,INDICATION,
CHEMBL1351,EFO_0000701,INDICATION,
CHEMBL1351,EFO_0000702,INDICATION,
CHEMBL1351,EFO_0000707,INDICATION,
CHEMBL1351,EFO_0000708,INDICATION,
CHEMBL1351,EFO_0000756,INDICATION,
CHEMBL1351,EFO_0000764,INDICATION,
CHEMBL1351,EFO_0000770,INDICATION,
CHEMBL1351,EFO_0001061,INDICATION,
CHEMBL1351,EFO_0001075,INDICATION,
CHEMBL1351,EFO_0001378,INDICATION,
CHEMBL1351,EFO_0001416,INDICATION,
CHEMBL1351,EFO_0001663,INDICATION,
CHEMBL1351,EFO_0002428,INDICATION,
CHEMBL1351,EFO_0002499,INDICATION,
CHEMBL1351,EFO_0002501,INDICATION,
CHEMBL1351,EFO_0002617,INDICATION,
CHEMBL1351,EFO_0002618,INDICATION,
CHEMBL1351,EFO_0002916,INDICATION,
CHEMBL1351,EFO_0002938,INDICATION,
CHEMBL1351,EFO_0002939,INDICATION,
CHEMBL1351,EFO_0003032,INDICATION,
CHEMBL1351,EFO_0003050,INDICATION,
CHEMBL1351,EFO_0003060,INDICATION,
CHEMBL1351,EFO_0003100,INDICATION,
CHEMBL1351,EFO_0003817,INDICATION,
CHEMBL1351,EFO_0003826,INDICATION,
CHEMBL1351,EFO_0003833,INDICATION,
CHEMBL1351,EFO_0003843,INDICATION,
CHEMBL1351,EFO_0003859,INDICATION,
CHEMBL1351,EFO_0003863,INDICATION,
CHEMBL1351,EFO_0003868,INDICATION,
CHEMBL1351,EFO_0003869,INDICATION,
CHEMBL1351,EFO_0003893,INDICATION,
CHEMBL1351,EFO_0003897,INDICATION,
CHEMBL1351,EFO_0004149,INDICATION,
CHEMBL1351,EFO_0004230,INDICATION,
CHEMBL1351,EFO_0004243,INDICATION,
CHEMBL1351,EFO_0004252,INDICATION,
CHEMBL1351,EFO_0004272,INDICATION,
CHEMBL1351,EFO_0004281,INDICATION,
CHEMBL1351,EFO_0004284,INDICATION,
CHEMBL1351,EFO_0005088,INDICATION,
CHEMBL1351,EFO_0005221,INDICATION,
CHEMBL1351,EFO_0005235,INDICATION,
CHEMBL1351,EFO_0005537,INDICATION,
CHEMBL1351,EFO_0005543,INDICATION,
CHEMBL1351,EFO_0005567,INDICATION,
CHEMBL1351,EFO_0005922,INDICATION,
CHEMBL1351,EFO_0005950,INDICATION,
CHEMBL1351,EFO_0005952,INDICATION,
CHEMBL1351,EFO_0006352,INDICATION,
CHEMBL1351,EFO_0006772,INDICATION,
CHEMBL1351,EFO_0006859,INDICATION,
CHEMBL1351,EFO_0006861,INDICATION,
CHEMBL1351,EFO_0007416,INDICATION,
CHEMBL1351,EFO_0007532,INDICATION,
CHEMBL1351,EFO_0007535,INDICATION,
CHEMBL1351,EFO_0008528,INDICATION,
CHEMBL1351,EFO_0009254,INDICATION,
CHEMBL1351,EFO_0009637,INDICATION,
CHEMBL1351,EFO_1000028,INDICATION,
CHEMBL1351,EFO_1000043,INDICATION,
CHEMBL1351,EFO_1000158,INDICATION,
CHEMBL1351,EFO_1000251,INDICATION,
CHEMBL1351,EFO_1000292,INDICATION,
CHEMBL1351,EFO_1000576,INDICATION,
CHEMBL1351,EFO_1000581,INDICATION,
CHEMBL1351,EFO_1000613,INDICATION,
CHEMBL1351,EFO_1000796,INDICATION,
CHEMBL1351,EFO_1000984,INDICATION,
CHEMBL1351,EFO_1001100,INDICATION,
CHEMBL1351,EFO_1001187,INDICATION,
CHEMBL1351,EFO_1001331,INDICATION,
CHEMBL1351,EFO_1001465,INDICATION,
CHEMBL1351,EFO_1001469,INDICATION,
CHEMBL1351,EFO_1001471,INDICATION,
CHEMBL1351,EFO_1001512,INDICATION,
CHEMBL1351,EFO_1001767,INDICATION,
CHEMBL1351,EFO_1001931,INDICATION,
CHEMBL1351,EFO_1001938,INDICATION,
CHEMBL1351,EFO_1001951,INDICATION,
CHEMBL1351,EFO_1001956,INDICATION,
CHEMBL1351,EFO_1001961,INDICATION,
CHEMBL1351,EFO_1001968,INDICATION,
CHEMBL1351,MONDO_0000831,INDICATION,
CHEMBL1351,MONDO_0000873,INDICATION,
CHEMBL1351,MONDO_0001056,INDICATION,
CHEMBL1351,MONDO_0001187,INDICATION,
CHEMBL1351,MONDO_0001370,INDICATION,
CHEMBL1351,MONDO_0001402,INDICATION,
CHEMBL1351,MONDO_0001528,INDICATION,
CHEMBL1351,MONDO_0001657,INDICATION,
CHEMBL1351,MONDO_0001879,INDICATION,
CHEMBL1351,MONDO_0002038,INDICATION,
CHEMBL1351,MONDO_0002087,INDICATION,
CHEMBL1351,MONDO_0002108,INDICATION,
CHEMBL1351,MONDO_0002120,INDICATION,
CHEMBL1351,MONDO_0002158,INDICATION,
CHEMBL1351,MONDO_0002358,INDICATION,
CHEMBL1351,MONDO_0002367,INDICATION,
CHEMBL1351,MONDO_0002691,INDICATION,
CHEMBL1351,MONDO_0002715,INDICATION,
CHEMBL1351,MONDO_0002898,INDICATION,
CHEMBL1351,MONDO_0002928,INDICATION,
CHEMBL1351,MONDO_0002974,INDICATION,
CHEMBL1351,MONDO_0003001,INDICATION,
CHEMBL1351,MONDO_0003060,INDICATION,
CHEMBL1351,MONDO_0003196,INDICATION,
CHEMBL1351,MONDO_0003478,INDICATION,
CHEMBL1351,MONDO_0003510,INDICATION,
CHEMBL1351,MONDO_0003751,INDICATION,
CHEMBL1351,MONDO_0004192,INDICATION,
CHEMBL1351,MONDO_0004669,INDICATION,
CHEMBL1351,MONDO_0004986,INDICATION,
CHEMBL1351,MONDO_0004992,INDICATION,
CHEMBL1351,MONDO_0005411,INDICATION,
CHEMBL1351,MONDO_0007254,INDICATION,
CHEMBL1351,MONDO_0007576,INDICATION,
CHEMBL1351,MONDO_0008170,INDICATION,
CHEMBL1351,MONDO_0008315,INDICATION,
CHEMBL1351,MONDO_0008380,INDICATION,
CHEMBL1351,MONDO_0008627,INDICATION,
CHEMBL1351,MONDO_0008903,INDICATION,
CHEMBL1351,MONDO_0009348,INDICATION,
CHEMBL1351,MONDO_0011719,INDICATION,
CHEMBL1351,MONDO_0011962,INDICATION,
CHEMBL1351,MONDO_0016700,INDICATION,
CHEMBL1351,MONDO_0016717,INDICATION,
CHEMBL1351,MONDO_0018364,INDICATION,
CHEMBL1351,MONDO_0018906,INDICATION,
CHEMBL1351,MONDO_0018944,INDICATION,
CHEMBL1351,MONDO_0019004,INDICATION,
CHEMBL1351,MONDO_0019471,INDICATION,
CHEMBL1351,MONDO_0021043,INDICATION,
CHEMBL1351,MONDO_0021092,INDICATION,
CHEMBL1351,MONDO_0021117,INDICATION,
CHEMBL1351,MONDO_0021311,INDICATION,
CHEMBL1351,MONDO_0021364,INDICATION,
CHEMBL1351,MONDO_0021657,INDICATION,
CHEMBL1351,MONDO_0024503,INDICATION,
CHEMBL1351,MONDO_0044704,INDICATION,
CHEMBL1351,MONDO_0044926,INDICATION,
CHEMBL1351,MONDO_0100342,INDICATION,
CHEMBL1351,Orphanet_145,INDICATION,
CHEMBL1352,EFO_0000278,INDICATION,
CHEMBL1352,EFO_0000673,INDICATION,
CHEMBL1352,EFO_0001645,INDICATION,
CHEMBL1352,EFO_0002687,INDICATION,
CHEMBL1352,EFO_0003144,INDICATION,
CHEMBL1352,EFO_0009686,INDICATION,
CHEMBL1352,EFO_1001207,INDICATION,
CHEMBL1353,EFO_0000546,INDICATION,
CHEMBL1353,EFO_0000764,INDICATION,
CHEMBL1353,EFO_0002618,INDICATION,
CHEMBL1353,EFO_0003086,INDICATION,
CHEMBL1353,EFO_0003106,INDICATION,
CHEMBL1353,EFO_0003777,INDICATION,
CHEMBL1353,EFO_0003843,INDICATION,
CHEMBL1353,EFO_0003884,INDICATION,
CHEMBL1353,EFO_0003948,INDICATION,
CHEMBL1353,EFO_0004253,INDICATION,
CHEMBL1353,EFO_1000014,INDICATION,
CHEMBL1353,EFO_1000845,INDICATION,
CHEMBL1353,EFO_1000910,INDICATION,
CHEMBL1353,EFO_1001139,INDICATION,
CHEMBL1353,EFO_1001931,INDICATION,
CHEMBL1353,EFO_1002048,INDICATION,
CHEMBL1353,MONDO_0001056,INDICATION,
CHEMBL1353,MONDO_0002492,INDICATION,
CHEMBL1353,MONDO_0004992,INDICATION,
CHEMBL1353,MONDO_0009061,INDICATION,
CHEMBL1353,MONDO_0100096,INDICATION,
CHEMBL1354,EFO_0000712,INDICATION,
CHEMBL1354,EFO_0003086,CONTRAINDICATION,
CHEMBL1354,EFO_0003777,CONTRAINDICATION,
CHEMBL1354,EFO_0003833,INDICATION,
CHEMBL1354,EFO_0004287,CONTRAINDICATION,
CHEMBL1354,EFO_0007409,INDICATION,
CHEMBL1354,EFO_0009530,CONTRAINDICATION,
CHEMBL1354,MONDO_0000468,CONTRAINDICATION,
CHEMBL1354,MONDO_0001566,CONTRAINDICATION,
CHEMBL1354,MONDO_0008224,CONTRAINDICATION,
CHEMBL1354,MONDO_0019259,CONTRAINDICATION,
CHEMBL1354,MONDO_0019338,CONTRAINDICATION,
CHEMBL1354,MONDO_0024327,CONTRAINDICATION,
CHEMBL1354,MP_0001914,INDICATION,
CHEMBL1354,Orphanet_79254,CONTRAINDICATION,
CHEMBL135400,EFO_0003918,INDICATION,
CHEMBL135400,EFO_0004329,INDICATION,
CHEMBL135400,EFO_0004698,INDICATION,
CHEMBL135400,EFO_0005230,INDICATION,
CHEMBL135400,EFO_0008568,INDICATION,
CHEMBL135400,MONDO_0002009,INDICATION,
CHEMBL135400,MONDO_0002050,CONTRAINDICATION,
CHEMBL135400,MONDO_0005090,INDICATION,
CHEMBL135400,MONDO_0100192,CONTRAINDICATION,
CHEMBL1355,EFO_0000537,CONTRAINDICATION,
CHEMBL1355,EFO_0000612,CONTRAINDICATION,
CHEMBL1355,EFO_0001645,CONTRAINDICATION,
CHEMBL1355,EFO_0003948,INDICATION,
CHEMBL1355,EFO_0004272,INDICATION,
CHEMBL1355,EFO_0004599,INDICATION,
CHEMBL1355,EFO_0005306,CONTRAINDICATION,
CHEMBL1355,EFO_0007214,INDICATION,
CHEMBL1355,EFO_0008521,INDICATION,
CHEMBL1355,EFO_0008533,INDICATION,
CHEMBL1355,EFO_0009086,CONTRAINDICATION,
CHEMBL1355,EFO_0009189,CONTRAINDICATION,
CHEMBL1355,EFO_0009491,CONTRAINDICATION,
CHEMBL1355,EFO_0009530,CONTRAINDICATION,
CHEMBL1355,EFO_1000014,CONTRAINDICATION,
CHEMBL1355,EFO_1000652,CONTRAINDICATION,
CHEMBL1355,EFO_1000811,INDICATION,
CHEMBL1355,EFO_1000897,CONTRAINDICATION,
CHEMBL1355,EFO_1000906,INDICATION,
CHEMBL1355,EFO_1000948,CONTRAINDICATION,
CHEMBL1355,EFO_1001069,CONTRAINDICATION,
CHEMBL1355,EFO_1001134,CONTRAINDICATION,
CHEMBL1355,EFO_1001496,INDICATION,
CHEMBL1355,MONDO_0000440,CONTRAINDICATION,
CHEMBL1355,MONDO_0001343,CONTRAINDICATION,
CHEMBL1355,MONDO_0001744,CONTRAINDICATION,
CHEMBL1355,MONDO_0001909,OFF_LABEL_USE,
CHEMBL1355,MONDO_0002009,INDICATION,
CHEMBL1355,MONDO_0002277,CONTRAINDICATION,
CHEMBL1355,MONDO_0004247,INDICATION,
CHEMBL1355,MONDO_0005129,INDICATION,
CHEMBL1355,MONDO_0005147,INDICATION,
CHEMBL1355,MONDO_0005178,INDICATION,
CHEMBL1355,MONDO_0008224,CONTRAINDICATION,
CHEMBL1355,MONDO_0009067,OFF_LABEL_USE,
CHEMBL1355,MONDO_0011628,INDICATION,
CHEMBL1355,MONDO_0015129,CONTRAINDICATION,
CHEMBL1355,MONDO_0016586,OFF_LABEL_USE,
CHEMBL1355,MONDO_0017169,OFF_LABEL_USE,
CHEMBL1356,EFO_0005407,INDICATION,
CHEMBL135626,EFO_1001951,INDICATION,
CHEMBL1357,EFO_0000546,INDICATION,
CHEMBL1357,EFO_0000713,INDICATION,
CHEMBL1357,EFO_0003144,INDICATION,
CHEMBL1357,EFO_0004227,INDICATION,
CHEMBL1357,EFO_0006834,INDICATION,
CHEMBL1357,EFO_1000992,INDICATION,
CHEMBL1358,EFO_0000181,INDICATION,
CHEMBL1358,EFO_0000305,INDICATION,
CHEMBL1358,EFO_0000313,INDICATION,
CHEMBL1358,EFO_0000432,INDICATION,
CHEMBL1358,EFO_0000553,INDICATION,
CHEMBL1358,EFO_0000574,INDICATION,
CHEMBL1358,EFO_0000588,INDICATION,
CHEMBL1358,EFO_0000616,INDICATION,
CHEMBL1358,EFO_0000673,INDICATION,
CHEMBL1358,EFO_0000702,INDICATION,
CHEMBL1358,EFO_0001075,INDICATION,
CHEMBL1358,EFO_0001361,INDICATION,
CHEMBL1358,EFO_0002618,INDICATION,
CHEMBL1358,EFO_0003060,INDICATION,
CHEMBL1358,EFO_0003869,INDICATION,
CHEMBL1358,EFO_0005952,INDICATION,
CHEMBL1358,EFO_0006318,INDICATION,
CHEMBL1358,EFO_0007532,INDICATION,
CHEMBL1358,EFO_0008528,INDICATION,
CHEMBL1358,EFO_0009314,CONTRAINDICATION,
CHEMBL1358,EFO_0009708,INDICATION,
CHEMBL1358,EFO_1000251,INDICATION,
CHEMBL1358,EFO_1000294,INDICATION,
CHEMBL1358,EFO_1000919,INDICATION,
CHEMBL1358,EFO_1001331,INDICATION,
CHEMBL1358,EFO_1001512,INDICATION,
CHEMBL1358,EFO_1001951,INDICATION,
CHEMBL1358,MONDO_0000088,INDICATION,
CHEMBL1358,MONDO_0004992,INDICATION,
CHEMBL1358,MONDO_0007254,INDICATION,
CHEMBL1358,MONDO_0007915,INDICATION,
CHEMBL1358,MONDO_0008170,INDICATION,
CHEMBL1358,MONDO_0008315,INDICATION,
CHEMBL1358,MONDO_0008903,INDICATION,
CHEMBL1358,MONDO_0011962,INDICATION,
CHEMBL1358,MONDO_0018919,INDICATION,
CHEMBL1358,Orphanet_145,INDICATION,
CHEMBL1359,DOID_7551,INDICATION,
CHEMBL1359,EFO_0000474,CONTRAINDICATION,
CHEMBL1359,EFO_0000544,INDICATION,
CHEMBL1359,EFO_0000771,INDICATION,
CHEMBL1359,EFO_0003086,CONTRAINDICATION,
CHEMBL1359,EFO_0003102,INDICATION,
CHEMBL1359,EFO_0003103,INDICATION,
CHEMBL1359,EFO_0003106,INDICATION,
CHEMBL1359,EFO_0003884,INDICATION,
CHEMBL1359,EFO_0007149,INDICATION,
CHEMBL1359,EFO_0007499,INDICATION,
CHEMBL1359,EFO_1000049,INDICATION,
CHEMBL1359,EFO_1001141,INDICATION,
CHEMBL1359,EFO_1001272,INDICATION,
CHEMBL1359,EFO_1001312,INDICATION,
CHEMBL1359,EFO_1001459,INDICATION,
CHEMBL1359,MONDO_0018076,INDICATION,
CHEMBL1361347,EFO_0000319,INDICATION,
CHEMBL1363,EFO_0000341,INDICATION,
CHEMBL1363,EFO_0000464,INDICATION,
CHEMBL1363,EFO_0006505,INDICATION,
CHEMBL1363,EFO_0009661,INDICATION,
CHEMBL1363,MONDO_0004979,INDICATION,
CHEMBL1364,EFO_0000400,CONTRAINDICATION,
CHEMBL1364,EFO_0000474,INDICATION,
CHEMBL1364,EFO_0000574,INDICATION,
CHEMBL1364,EFO_0000612,INDICATION,
CHEMBL1364,EFO_0000729,CONTRAINDICATION,
CHEMBL1364,EFO_0000764,INDICATION,
CHEMBL1364,EFO_0001070,INDICATION,
CHEMBL1364,EFO_0001378,INDICATION,
CHEMBL1364,EFO_0003086,CONTRAINDICATION,
CHEMBL1364,EFO_0003095,INDICATION,
CHEMBL1364,EFO_0003100,CONTRAINDICATION,
CHEMBL1364,EFO_0003144,INDICATION,
CHEMBL1364,EFO_0003882,INDICATION,
CHEMBL1364,EFO_0003884,INDICATION,
CHEMBL1364,EFO_0003888,INDICATION,
CHEMBL1364,EFO_0003914,INDICATION,
CHEMBL1364,EFO_0004272,INDICATION,
CHEMBL1364,EFO_0004274,CONTRAINDICATION,
CHEMBL1364,EFO_0004280,INDICATION,
CHEMBL1364,EFO_0005407,INDICATION,
CHEMBL1364,EFO_0005809,CONTRAINDICATION,
CHEMBL1364,EFO_1000049,INDICATION,
CHEMBL1364,EFO_1000826,CONTRAINDICATION,
CHEMBL1364,EFO_1000897,CONTRAINDICATION,
CHEMBL1364,EFO_1000948,CONTRAINDICATION,
CHEMBL1364,EFO_1001375,INDICATION,
CHEMBL1364,EFO_1001463,CONTRAINDICATION,
CHEMBL1364,EFO_1001893,INDICATION,
CHEMBL1364,EFO_1001951,INDICATION,
CHEMBL1364,MONDO_0000440,CONTRAINDICATION,
CHEMBL1364,MONDO_0001343,CONTRAINDICATION,
CHEMBL1364,MONDO_0001436,CONTRAINDICATION,
CHEMBL1364,MONDO_0001437,INDICATION,
CHEMBL1364,MONDO_0002050,CONTRAINDICATION,
CHEMBL1364,MONDO_0002280,INDICATION,
CHEMBL1364,MONDO_0004247,CONTRAINDICATION,
CHEMBL1364,MONDO_0004975,INDICATION,
CHEMBL1364,MONDO_0004992,INDICATION,
CHEMBL1364,MONDO_0005090,CONTRAINDICATION,
CHEMBL1364,MONDO_0005148,INDICATION,
CHEMBL1364,MONDO_0007079,CONTRAINDICATION,
CHEMBL1364,MONDO_0007915,CONTRAINDICATION,
CHEMBL1364,MONDO_0010788,CONTRAINDICATION,
CHEMBL1364,MONDO_0015129,CONTRAINDICATION,
CHEMBL1364,MONDO_0018076,INDICATION,
CHEMBL1364,MONDO_0018097,INDICATION,
CHEMBL1364,MONDO_0019542,CONTRAINDICATION,
CHEMBL1364,MONDO_0100192,CONTRAINDICATION,
CHEMBL1364144,EFO_0000565,INDICATION,
CHEMBL1364144,EFO_0000574,INDICATION,
CHEMBL1364144,EFO_0000685,INDICATION,
CHEMBL1364144,EFO_0003833,INDICATION,
CHEMBL1364144,EFO_0003843,INDICATION,
CHEMBL1364144,EFO_0004255,INDICATION,
CHEMBL1364144,EFO_0004274,INDICATION,
CHEMBL1364144,EFO_0005762,INDICATION,
CHEMBL1364144,EFO_0007405,INDICATION,
CHEMBL1364144,EFO_1000941,INDICATION,
CHEMBL1364144,EFO_1001178,INDICATION,
CHEMBL1364144,EFO_1001222,INDICATION,
CHEMBL1364144,EFO_1001231,INDICATION,
CHEMBL1364144,EFO_1001896,INDICATION,
CHEMBL1364144,MONDO_0002041,INDICATION,
CHEMBL1364144,MONDO_0002280,INDICATION,
CHEMBL1364144,MONDO_0002406,INDICATION,
CHEMBL1364144,MONDO_0004979,INDICATION,
CHEMBL1364144,MONDO_0005178,INDICATION,
CHEMBL136478,EFO_0000319,INDICATION,
CHEMBL136478,EFO_0000373,INDICATION,
CHEMBL136478,EFO_0000537,INDICATION,
CHEMBL136478,EFO_0001358,INDICATION,
CHEMBL136478,EFO_0004272,INDICATION,
CHEMBL136478,EFO_0008585,INDICATION,
CHEMBL136478,EFO_1000653,INDICATION,
CHEMBL136478,MONDO_0005090,INDICATION,
CHEMBL136478,MP_0001845,INDICATION,
CHEMBL136478,MP_0001914,INDICATION,
CHEMBL136497,EFO_0000217,INDICATION,
CHEMBL136497,EFO_0009454,INDICATION,
CHEMBL1365576,EFO_1000760,INDICATION,
CHEMBL136560,EFO_0000341,CONTRAINDICATION,
CHEMBL136560,EFO_0000464,CONTRAINDICATION,
CHEMBL136560,EFO_0000474,CONTRAINDICATION,
CHEMBL136560,EFO_0000537,CONTRAINDICATION,
CHEMBL136560,EFO_0000612,CONTRAINDICATION,
CHEMBL136560,EFO_0000729,CONTRAINDICATION,
CHEMBL136560,EFO_0001073,OFF_LABEL_USE,
CHEMBL136560,EFO_0001645,CONTRAINDICATION,
CHEMBL136560,EFO_0003086,CONTRAINDICATION,
CHEMBL136560,EFO_0003767,CONTRAINDICATION,
CHEMBL136560,EFO_0003832,CONTRAINDICATION,
CHEMBL136560,EFO_0003833,CONTRAINDICATION,
CHEMBL136560,EFO_0003890,CONTRAINDICATION,
CHEMBL136560,EFO_0003928,CONTRAINDICATION,
CHEMBL136560,EFO_0003956,INDICATION,
CHEMBL136560,EFO_0004242,CONTRAINDICATION,
CHEMBL136560,EFO_0004262,CONTRAINDICATION,
CHEMBL136560,EFO_0004274,CONTRAINDICATION,
CHEMBL136560,EFO_0004698,CONTRAINDICATION,
CHEMBL136560,EFO_0004705,CONTRAINDICATION,
CHEMBL136560,EFO_0005251,CONTRAINDICATION,
CHEMBL136560,EFO_0005306,CONTRAINDICATION,
CHEMBL136560,EFO_0005854,INDICATION,
CHEMBL136560,EFO_0007141,INDICATION,
CHEMBL136560,EFO_0007214,INDICATION,
CHEMBL136560,EFO_0007467,CONTRAINDICATION,
CHEMBL136560,EFO_0007533,INDICATION,
CHEMBL136560,EFO_0008521,INDICATION,
CHEMBL136560,EFO_0009086,CONTRAINDICATION,
CHEMBL136560,EFO_0009189,CONTRAINDICATION,
CHEMBL136560,EFO_1000014,CONTRAINDICATION,
CHEMBL136560,EFO_1000391,CONTRAINDICATION,
CHEMBL136560,EFO_1000652,CONTRAINDICATION,
CHEMBL136560,EFO_1000800,CONTRAINDICATION,
CHEMBL136560,EFO_1000902,CONTRAINDICATION,
CHEMBL136560,EFO_1001069,CONTRAINDICATION,
CHEMBL136560,EFO_1001132,CONTRAINDICATION,
CHEMBL136560,EFO_1001375,CONTRAINDICATION,
CHEMBL136560,EFO_1001872,CONTRAINDICATION,
CHEMBL136560,MONDO_0001343,CONTRAINDICATION,
CHEMBL136560,MONDO_0001744,CONTRAINDICATION,
CHEMBL136560,MONDO_0002203,CONTRAINDICATION,
CHEMBL136560,MONDO_0002277,CONTRAINDICATION,
CHEMBL136560,MONDO_0002280,CONTRAINDICATION,
CHEMBL136560,MONDO_0002474,CONTRAINDICATION,
CHEMBL136560,MONDO_0002491,CONTRAINDICATION,
CHEMBL136560,MONDO_0004247,CONTRAINDICATION,
CHEMBL136560,MONDO_0004596,CONTRAINDICATION,
CHEMBL136560,MONDO_0007079,CONTRAINDICATION,
CHEMBL136560,MONDO_0011382,CONTRAINDICATION,
CHEMBL136560,MONDO_0015129,CONTRAINDICATION,
CHEMBL136560,MONDO_0018660,CONTRAINDICATION,
CHEMBL136560,MONDO_0018896,CONTRAINDICATION,
CHEMBL136560,MONDO_0024574,CONTRAINDICATION,
CHEMBL136560,MONDO_0100192,CONTRAINDICATION,
CHEMBL136560,Orphanet_903,CONTRAINDICATION,
CHEMBL1366,EFO_0000095,INDICATION,
CHEMBL1366,EFO_0000519,INDICATION,
CHEMBL1366,EFO_0000571,INDICATION,
CHEMBL1366,EFO_0000685,INDICATION,
CHEMBL1366,EFO_0000702,INDICATION,
CHEMBL1366,EFO_0000708,INDICATION,
CHEMBL1366,EFO_0000764,INDICATION,
CHEMBL1366,EFO_0001075,INDICATION,
CHEMBL1366,EFO_0003060,INDICATION,
CHEMBL1366,EFO_0003843,INDICATION,
CHEMBL1366,EFO_0005755,INDICATION,
CHEMBL1366,EFO_0007144,INDICATION,
CHEMBL1366,MONDO_0018076,INDICATION,
CHEMBL1366933,EFO_0004698,INDICATION,
CHEMBL1366933,EFO_0008568,INDICATION,
CHEMBL136737,EFO_0000519,INDICATION,
CHEMBL136737,EFO_0000616,INDICATION,
CHEMBL1368,EFO_0000217,CONTRAINDICATION,
CHEMBL1368,EFO_0000318,CONTRAINDICATION,
CHEMBL1368,EFO_0000319,CONTRAINDICATION,
CHEMBL1368,EFO_0000400,CONTRAINDICATION,
CHEMBL1368,EFO_0000474,CONTRAINDICATION,
CHEMBL1368,EFO_0000537,CONTRAINDICATION,
CHEMBL1368,EFO_0001422,CONTRAINDICATION,
CHEMBL1368,EFO_0001645,CONTRAINDICATION,
CHEMBL1368,EFO_0003086,CONTRAINDICATION,
CHEMBL1368,EFO_0003103,INDICATION,
CHEMBL1368,EFO_0003767,CONTRAINDICATION,
CHEMBL1368,EFO_0003872,CONTRAINDICATION,
CHEMBL1368,EFO_0003948,CONTRAINDICATION,
CHEMBL1368,EFO_0004777,CONTRAINDICATION,
CHEMBL1368,EFO_0004991,CONTRAINDICATION,
CHEMBL1368,EFO_0005307,CONTRAINDICATION,
CHEMBL1368,EFO_0005672,CONTRAINDICATION,
CHEMBL1368,EFO_0007149,CONTRAINDICATION,
CHEMBL1368,EFO_0007287,CONTRAINDICATION,
CHEMBL1368,EFO_0008506,CONTRAINDICATION,
CHEMBL1368,EFO_0009189,CONTRAINDICATION,
CHEMBL1368,EFO_0009190,CONTRAINDICATION,
CHEMBL1368,EFO_0009314,CONTRAINDICATION,
CHEMBL1368,EFO_0009530,CONTRAINDICATION,
CHEMBL1368,EFO_0009532,CONTRAINDICATION,
CHEMBL1368,EFO_1000391,CONTRAINDICATION,
CHEMBL1368,MONDO_0000313,INDICATION,
CHEMBL1368,MONDO_0000328,CONTRAINDICATION,
CHEMBL1368,MONDO_0001046,CONTRAINDICATION,
CHEMBL1368,MONDO_0001343,CONTRAINDICATION,
CHEMBL1368,MONDO_0001567,CONTRAINDICATION,
CHEMBL1368,MONDO_0002203,INDICATION,
CHEMBL1368,MONDO_0002280,CONTRAINDICATION,
CHEMBL1368,MONDO_0005041,CONTRAINDICATION,
CHEMBL1368,MONDO_0018309,CONTRAINDICATION,
CHEMBL1368,MONDO_0018660,CONTRAINDICATION,
CHEMBL1368,MONDO_0018896,CONTRAINDICATION,
CHEMBL1368,MONDO_0019171,CONTRAINDICATION,
CHEMBL1368,MONDO_0100192,CONTRAINDICATION,
CHEMBL136800,MONDO_0005090,INDICATION,
CHEMBL137,DOID_10718,INDICATION,
CHEMBL137,DOID_1947,INDICATION,
CHEMBL137,EFO_0000095,INDICATION,
CHEMBL137,EFO_0000365,INDICATION,
CHEMBL137,EFO_0000384,OFF_LABEL_USE,
CHEMBL137,EFO_0000400,CONTRAINDICATION,
CHEMBL137,EFO_0000474,CONTRAINDICATION,
CHEMBL137,EFO_0000544,INDICATION,
CHEMBL137,EFO_0000574,INDICATION,
CHEMBL137,EFO_0000649,INDICATION,
CHEMBL137,EFO_0000701,INDICATION,
CHEMBL137,EFO_0000729,INDICATION,
CHEMBL137,EFO_0000764,INDICATION,
CHEMBL137,EFO_0000771,INDICATION,
CHEMBL137,EFO_0001061,INDICATION,
CHEMBL137,EFO_0002618,INDICATION,
CHEMBL137,EFO_0003030,INDICATION,
CHEMBL137,EFO_0003060,INDICATION,
CHEMBL137,EFO_0003086,CONTRAINDICATION,
CHEMBL137,EFO_0003100,CONTRAINDICATION,
CHEMBL137,EFO_0003102,INDICATION,
CHEMBL137,EFO_0003106,INDICATION,
CHEMBL137,EFO_0003843,INDICATION,
CHEMBL137,EFO_0003921,INDICATION,
CHEMBL137,EFO_0003932,INDICATION,
CHEMBL137,EFO_0004142,INDICATION,
CHEMBL137,EFO_0004268,INDICATION,
CHEMBL137,EFO_0004274,CONTRAINDICATION,
CHEMBL137,EFO_0004607,INDICATION,
CHEMBL137,EFO_0005774,CONTRAINDICATION,
CHEMBL137,EFO_0005803,CONTRAINDICATION,
CHEMBL137,EFO_0005952,INDICATION,
CHEMBL137,EFO_0007144,INDICATION,
CHEMBL137,EFO_0007149,INDICATION,
CHEMBL137,EFO_0007163,OFF_LABEL_USE,
CHEMBL137,EFO_0007241,OFF_LABEL_USE,
CHEMBL137,EFO_0007381,INDICATION,
CHEMBL137,EFO_0007521,INDICATION,
CHEMBL137,EFO_0008517,INDICATION,
CHEMBL137,EFO_0008572,INDICATION,
CHEMBL137,EFO_0008588,INDICATION,
CHEMBL137,EFO_0009130,INDICATION,
CHEMBL137,EFO_0009314,CONTRAINDICATION,
CHEMBL137,EFO_0009365,INDICATION,
CHEMBL137,EFO_0009523,INDICATION,
CHEMBL137,EFO_0009536,INDICATION,
CHEMBL137,EFO_0009552,INDICATION,
CHEMBL137,EFO_0009784,INDICATION,
CHEMBL137,EFO_1000657,INDICATION,
CHEMBL137,EFO_1000710,INDICATION,
CHEMBL137,EFO_1000760,INDICATION,
CHEMBL137,EFO_1000830,INDICATION,
CHEMBL137,EFO_1000874,INDICATION,
CHEMBL137,EFO_1000961,INDICATION,
CHEMBL137,EFO_1001312,INDICATION,
CHEMBL137,EFO_1001314,INDICATION,
CHEMBL137,EFO_1001388,INDICATION,
CHEMBL137,EFO_1001391,INDICATION,
CHEMBL137,EFO_1001951,INDICATION,
CHEMBL137,MONDO_0002026,INDICATION,
CHEMBL137,MONDO_0002041,INDICATION,
CHEMBL137,MONDO_0002234,INDICATION,
CHEMBL137,MONDO_0002508,INDICATION,
CHEMBL137,MONDO_0003632,INDICATION,
CHEMBL137,MONDO_0007079,CONTRAINDICATION,
CHEMBL137,MONDO_0024275,INDICATION,
CHEMBL137,MONDO_0024389,INDICATION,
CHEMBL137,MONDO_0100192,CONTRAINDICATION,
CHEMBL1370,EFO_0000217,CONTRAINDICATION,
CHEMBL1370,EFO_0000341,INDICATION,
CHEMBL1370,EFO_0000384,INDICATION,
CHEMBL1370,EFO_0000400,CONTRAINDICATION,
CHEMBL1370,EFO_0000464,INDICATION,
CHEMBL1370,EFO_0000474,CONTRAINDICATION,
CHEMBL1370,EFO_0000537,CONTRAINDICATION,
CHEMBL1370,EFO_0000684,INDICATION,
CHEMBL1370,EFO_0000694,INDICATION,
CHEMBL1370,EFO_0000729,INDICATION,
CHEMBL1370,EFO_0000756,INDICATION,
CHEMBL1370,EFO_0000771,CONTRAINDICATION,
CHEMBL1370,EFO_0001378,INDICATION,
CHEMBL1370,EFO_0001380,CONTRAINDICATION,
CHEMBL1370,EFO_0001422,CONTRAINDICATION,
CHEMBL1370,EFO_0003882,CONTRAINDICATION,
CHEMBL1370,EFO_0003918,INDICATION,
CHEMBL1370,EFO_0003956,INDICATION,
CHEMBL1370,EFO_0004145,CONTRAINDICATION,
CHEMBL1370,EFO_0004190,CONTRAINDICATION,
CHEMBL1370,EFO_0004194,INDICATION,
CHEMBL1370,EFO_0004232,INDICATION,
CHEMBL1370,EFO_0004268,INDICATION,
CHEMBL1370,EFO_0004599,INDICATION,
CHEMBL1370,EFO_0004705,CONTRAINDICATION,
CHEMBL1370,EFO_0005407,CONTRAINDICATION,
CHEMBL1370,EFO_0005628,INDICATION,
CHEMBL1370,EFO_0005676,INDICATION,
CHEMBL1370,EFO_0005741,CONTRAINDICATION,
CHEMBL1370,EFO_0005854,INDICATION,
CHEMBL1370,EFO_0006505,INDICATION,
CHEMBL1370,EFO_0006509,CONTRAINDICATION,
CHEMBL1370,EFO_0006857,CONTRAINDICATION,
CHEMBL1370,EFO_0007140,INDICATION,
CHEMBL1370,EFO_0007183,INDICATION,
CHEMBL1370,EFO_0007308,CONTRAINDICATION,
CHEMBL1370,EFO_0007409,CONTRAINDICATION,
CHEMBL1370,EFO_0007486,INDICATION,
CHEMBL1370,EFO_0007501,CONTRAINDICATION,
CHEMBL1370,EFO_0008572,INDICATION,
CHEMBL1370,EFO_0008590,INDICATION,
CHEMBL1370,EFO_0009491,CONTRAINDICATION,
CHEMBL1370,EFO_0009544,INDICATION,
CHEMBL1370,EFO_1000049,CONTRAINDICATION,
CHEMBL1370,EFO_1000391,INDICATION,
CHEMBL1370,EFO_1000637,INDICATION,
CHEMBL1370,EFO_1000782,INDICATION,
CHEMBL1370,EFO_1000797,CONTRAINDICATION,
CHEMBL1370,EFO_1001069,CONTRAINDICATION,
CHEMBL1370,EFO_1001223,INDICATION,
CHEMBL1370,EFO_1001293,INDICATION,
CHEMBL1370,EFO_1001294,INDICATION,
CHEMBL1370,EFO_1001295,INDICATION,
CHEMBL1370,EFO_1001411,INDICATION,
CHEMBL1370,EFO_1001417,INDICATION,
CHEMBL1370,EFO_1001486,INDICATION,
CHEMBL1370,EFO_1002022,CONTRAINDICATION,
CHEMBL1370,EFO_1002025,CONTRAINDICATION,
CHEMBL1370,MONDO_0002041,CONTRAINDICATION,
CHEMBL1370,MONDO_0004247,CONTRAINDICATION,
CHEMBL1370,MONDO_0004979,INDICATION,
CHEMBL1370,MONDO_0005041,CONTRAINDICATION,
CHEMBL1370,MONDO_0005271,INDICATION,
CHEMBL1370,MONDO_0007254,INDICATION,
CHEMBL1370,MONDO_0008814,CONTRAINDICATION,
CHEMBL1370,MONDO_0008903,INDICATION,
CHEMBL1370,MONDO_0013730,INDICATION,
CHEMBL1370,MONDO_0015991,CONTRAINDICATION,
CHEMBL1370,MONDO_0018076,CONTRAINDICATION,
CHEMBL1370,MONDO_0018373,CONTRAINDICATION,
CHEMBL1370,MONDO_0019091,INDICATION,
CHEMBL1370,MONDO_0020547,INDICATION,
CHEMBL1370,MONDO_0100096,INDICATION,
CHEMBL1370,Orphanet_90,CONTRAINDICATION,
CHEMBL1370561,EFO_0001361,INDICATION,
CHEMBL1370561,EFO_0003917,INDICATION,
CHEMBL1370561,EFO_0009492,INDICATION,
CHEMBL1370561,EFO_1000782,INDICATION,
CHEMBL1370561,MONDO_0001187,INDICATION,
CHEMBL1370561,MONDO_0004979,INDICATION,
CHEMBL1371,EFO_1000905,CONTRAINDICATION,
CHEMBL1371,MONDO_0007079,CONTRAINDICATION,
CHEMBL1371,MONDO_0100192,CONTRAINDICATION,
CHEMBL1371200,EFO_0000319,INDICATION,
CHEMBL1371200,EFO_0008585,INDICATION,
CHEMBL1371770,MONDO_0005180,INDICATION,
CHEMBL1371770,MONDO_0021095,INDICATION,
CHEMBL1371937,EFO_0007214,INDICATION,
CHEMBL1371937,EFO_0007328,INDICATION,
CHEMBL1371937,EFO_1001459,INDICATION,
CHEMBL1372,EFO_0000198,INDICATION,
CHEMBL1372,EFO_0000565,INDICATION,
CHEMBL1372,EFO_0003060,INDICATION,
CHEMBL1372,MONDO_0007254,INDICATION,
CHEMBL1372,MONDO_0008170,INDICATION,
CHEMBL1372950,EFO_0000319,INDICATION,
CHEMBL1372950,EFO_0005230,INDICATION,
CHEMBL1372950,MONDO_0002050,INDICATION,
CHEMBL1372950,MONDO_0005090,INDICATION,
CHEMBL1373,EFO_0000174,INDICATION,
CHEMBL1373,EFO_0000537,CONTRAINDICATION,
CHEMBL1373,EFO_0000612,CONTRAINDICATION,
CHEMBL1373,EFO_0000712,INDICATION,
CHEMBL1373,EFO_0000756,INDICATION,
CHEMBL1373,EFO_0001358,INDICATION,
CHEMBL1373,EFO_0002610,INDICATION,
CHEMBL1373,EFO_0002617,INDICATION,
CHEMBL1373,EFO_0003768,INDICATION,
CHEMBL1373,EFO_0003833,INDICATION,
CHEMBL1373,EFO_0003877,INDICATION,
CHEMBL1373,EFO_0003888,INDICATION,
CHEMBL1373,EFO_0003890,INDICATION,
CHEMBL1373,EFO_0003918,INDICATION,
CHEMBL1373,EFO_0003925,INDICATION,
CHEMBL1373,EFO_0004698,INDICATION,
CHEMBL1373,EFO_0004701,INDICATION,
CHEMBL1373,EFO_0005246,INDICATION,
CHEMBL1373,EFO_0005252,INDICATION,
CHEMBL1373,EFO_0005407,CONTRAINDICATION,
CHEMBL1373,EFO_0005411,INDICATION,
CHEMBL1373,EFO_0005611,INDICATION,
CHEMBL1373,EFO_0005672,CONTRAINDICATION,
CHEMBL1373,EFO_0007454,INDICATION,
CHEMBL1373,EFO_0008568,INDICATION,
CHEMBL1373,EFO_1001375,CONTRAINDICATION,
CHEMBL1373,MONDO_0002009,INDICATION,
CHEMBL1373,MONDO_0002050,CONTRAINDICATION,
CHEMBL1373,MONDO_0002491,INDICATION,
CHEMBL1373,MONDO_0004910,CONTRAINDICATION,
CHEMBL1373,MONDO_0004975,INDICATION,
CHEMBL1373,MONDO_0005090,INDICATION,
CHEMBL1373,MONDO_0005180,INDICATION,
CHEMBL1373,MONDO_0005301,INDICATION,
CHEMBL1373,MONDO_0007079,CONTRAINDICATION,
CHEMBL1373,MONDO_0008170,INDICATION,
CHEMBL1373,MONDO_0016158,INDICATION,
CHEMBL1373,MONDO_0021107,INDICATION,
CHEMBL1373,MONDO_0100192,CONTRAINDICATION,
CHEMBL1373254,EFO_0000319,INDICATION,
CHEMBL1374738,EFO_0007287,CONTRAINDICATION,
CHEMBL1375743,EFO_0004269,INDICATION,
CHEMBL1375743,EFO_0005306,INDICATION,
CHEMBL1375743,EFO_0009963,INDICATION,
CHEMBL1375743,MONDO_0004985,INDICATION,
CHEMBL1375743,MONDO_0005090,INDICATION,
CHEMBL13766,EFO_0000319,CONTRAINDICATION,
CHEMBL13766,EFO_0000400,CONTRAINDICATION,
CHEMBL13766,EFO_0000464,CONTRAINDICATION,
CHEMBL13766,EFO_0000474,CONTRAINDICATION,
CHEMBL13766,EFO_0000537,CONTRAINDICATION,
CHEMBL13766,EFO_0000612,CONTRAINDICATION,
CHEMBL13766,EFO_0000729,CONTRAINDICATION,
CHEMBL13766,EFO_0001074,CONTRAINDICATION,
CHEMBL13766,EFO_0001645,CONTRAINDICATION,
CHEMBL13766,EFO_0003086,CONTRAINDICATION,
CHEMBL13766,EFO_0003767,CONTRAINDICATION,
CHEMBL13766,EFO_0003832,CONTRAINDICATION,
CHEMBL13766,EFO_0003833,CONTRAINDICATION,
CHEMBL13766,EFO_0003890,CONTRAINDICATION,
CHEMBL13766,EFO_0004705,CONTRAINDICATION,
CHEMBL13766,EFO_0005251,CONTRAINDICATION,
CHEMBL13766,EFO_0005306,CONTRAINDICATION,
CHEMBL13766,EFO_0007214,INDICATION,
CHEMBL13766,EFO_0008521,INDICATION,
CHEMBL13766,EFO_0009086,CONTRAINDICATION,
CHEMBL13766,EFO_0009189,CONTRAINDICATION,
CHEMBL13766,EFO_0009491,CONTRAINDICATION,
CHEMBL13766,EFO_0009530,CONTRAINDICATION,
CHEMBL13766,EFO_1000014,CONTRAINDICATION,
CHEMBL13766,EFO_1000652,CONTRAINDICATION,
CHEMBL13766,EFO_1000800,CONTRAINDICATION,
CHEMBL13766,EFO_1000902,CONTRAINDICATION,
CHEMBL13766,EFO_1001069,CONTRAINDICATION,
CHEMBL13766,EFO_1001132,CONTRAINDICATION,
CHEMBL13766,EFO_1001134,CONTRAINDICATION,
CHEMBL13766,MONDO_0000440,CONTRAINDICATION,
CHEMBL13766,MONDO_0001343,CONTRAINDICATION,
CHEMBL13766,MONDO_0001744,CONTRAINDICATION,
CHEMBL13766,MONDO_0002203,CONTRAINDICATION,
CHEMBL13766,MONDO_0002277,CONTRAINDICATION,
CHEMBL13766,MONDO_0002491,CONTRAINDICATION,
CHEMBL13766,MONDO_0004247,CONTRAINDICATION,
CHEMBL13766,MONDO_0004596,CONTRAINDICATION,
CHEMBL13766,MONDO_0008224,CONTRAINDICATION,
CHEMBL13766,MONDO_0015129,CONTRAINDICATION,
CHEMBL13766,MONDO_0021661,CONTRAINDICATION,
CHEMBL1377,EFO_0001068,INDICATION,
CHEMBL1377,EFO_0003948,INDICATION,
CHEMBL1377,EFO_0007444,INDICATION,
CHEMBL1377,EFO_0007445,OFF_LABEL_USE,
CHEMBL1377,MONDO_0011382,INDICATION,
CHEMBL1377,MONDO_0044751,CONTRAINDICATION,
CHEMBL1377,MONDO_0100192,CONTRAINDICATION,
CHEMBL1378,MONDO_0004975,INDICATION,
CHEMBL1378,MONDO_0005271,INDICATION,
CHEMBL1378024,MONDO_0018076,INDICATION,
CHEMBL1380,EFO_0000180,INDICATION,
CHEMBL1380,EFO_0000278,CONTRAINDICATION,
CHEMBL1380,EFO_0000342,CONTRAINDICATION,
CHEMBL1380,EFO_0000558,INDICATION,
CHEMBL1380,EFO_0000676,INDICATION,
CHEMBL1380,EFO_0000763,INDICATION,
CHEMBL1380,EFO_0000764,INDICATION,
CHEMBL1380,EFO_0000765,INDICATION,
CHEMBL1380,EFO_0000783,CONTRAINDICATION,
CHEMBL1380,EFO_0001073,CONTRAINDICATION,
CHEMBL1380,EFO_0002608,INDICATION,
CHEMBL1380,EFO_0003047,INDICATION,
CHEMBL1380,EFO_0003086,CONTRAINDICATION,
CHEMBL1380,EFO_0004145,CONTRAINDICATION,
CHEMBL1380,EFO_1000036,CONTRAINDICATION,
CHEMBL1380,EFO_1000652,CONTRAINDICATION,
CHEMBL1380,EFO_1000727,INDICATION,
CHEMBL1380,MONDO_0002280,CONTRAINDICATION,
CHEMBL1380,MONDO_0004790,CONTRAINDICATION,
CHEMBL1380,MONDO_0004976,INDICATION,
CHEMBL1380,MONDO_0018076,INDICATION,
CHEMBL1380,MONDO_0021094,INDICATION,
CHEMBL1380,MONDO_0100192,CONTRAINDICATION,
CHEMBL13817,EFO_0005687,INDICATION,
CHEMBL1382,EFO_0003843,INDICATION,
CHEMBL1382,EFO_0004253,INDICATION,
CHEMBL1382,EFO_0004710,INDICATION,
CHEMBL1382,EFO_0004991,CONTRAINDICATION,
CHEMBL1382,EFO_0005307,CONTRAINDICATION,
CHEMBL1382,EFO_0005762,INDICATION,
CHEMBL1382,EFO_0006865,INDICATION,
CHEMBL1382,EFO_1000781,INDICATION,
CHEMBL1382,MONDO_0001627,CONTRAINDICATION,
CHEMBL1382,MONDO_0001744,CONTRAINDICATION,
CHEMBL1382,MONDO_0019171,CONTRAINDICATION,
CHEMBL1382,MONDO_0100192,CONTRAINDICATION,
CHEMBL1382627,EFO_0000544,INDICATION,
CHEMBL1382627,EFO_0003086,CONTRAINDICATION,
CHEMBL1382627,EFO_0003102,INDICATION,
CHEMBL1382627,EFO_0007287,CONTRAINDICATION,
CHEMBL1382627,EFO_0009516,INDICATION,
CHEMBL1382627,MONDO_0002280,CONTRAINDICATION,
CHEMBL1382627,MONDO_0037821,CONTRAINDICATION,
CHEMBL13828,MONDO_0005271,INDICATION,
CHEMBL13828,MONDO_0010679,INDICATION,
CHEMBL1384,EFO_0000771,INDICATION,
CHEMBL1384,EFO_0003086,CONTRAINDICATION,
CHEMBL1384,EFO_0003102,INDICATION,
CHEMBL1384,EFO_0003103,INDICATION,
CHEMBL1384,EFO_0004142,INDICATION,
CHEMBL1384,EFO_0004991,CONTRAINDICATION,
CHEMBL1384,EFO_0007381,INDICATION,
CHEMBL1384,EFO_1000049,OFF_LABEL_USE,
CHEMBL1384,EFO_1001272,INDICATION,
CHEMBL1384,EFO_1001888,INDICATION,
CHEMBL1384,MONDO_0004789,INDICATION,
CHEMBL1384,MONDO_0018076,INDICATION,
CHEMBL1384,MONDO_0021095,CONTRAINDICATION,
CHEMBL1384,MONDO_0021108,INDICATION,
CHEMBL1386,EFO_0000403,INDICATION,
CHEMBL1386,EFO_0000770,INDICATION,
CHEMBL1386,EFO_0001378,INDICATION,
CHEMBL1386,EFO_0002618,INDICATION,
CHEMBL1386,EFO_0003060,INDICATION,
CHEMBL1386,MONDO_0003478,INDICATION,
CHEMBL1386,MONDO_0021364,INDICATION,
CHEMBL1387,EFO_0001065,INDICATION,
CHEMBL1389,EFO_0000095,INDICATION,
CHEMBL1389,EFO_0000180,INDICATION,
CHEMBL1389,EFO_0000400,CONTRAINDICATION,
CHEMBL1389,EFO_0000474,CONTRAINDICATION,
CHEMBL1389,EFO_0000537,CONTRAINDICATION,
CHEMBL1389,EFO_0000565,CONTRAINDICATION,
CHEMBL1389,EFO_0000612,CONTRAINDICATION,
CHEMBL1389,EFO_0000660,OFF_LABEL_USE,
CHEMBL1389,EFO_0000712,CONTRAINDICATION,
CHEMBL1389,EFO_0000764,CONTRAINDICATION,
CHEMBL1389,EFO_0001065,OFF_LABEL_USE,
CHEMBL1389,EFO_0001073,CONTRAINDICATION,
CHEMBL1389,EFO_0001075,INDICATION,
CHEMBL1389,EFO_0001645,CONTRAINDICATION,
CHEMBL1389,EFO_0002950,INDICATION,
CHEMBL1389,EFO_0003086,CONTRAINDICATION,
CHEMBL1389,EFO_0003832,CONTRAINDICATION,
CHEMBL1389,EFO_0003843,INDICATION,
CHEMBL1389,EFO_0003854,INDICATION,
CHEMBL1389,EFO_0003932,CONTRAINDICATION,
CHEMBL1389,EFO_0004152,CONTRAINDICATION,
CHEMBL1389,EFO_0004220,INDICATION,
CHEMBL1389,EFO_0004239,INDICATION,
CHEMBL1389,EFO_0004705,CONTRAINDICATION,
CHEMBL1389,EFO_0005207,CONTRAINDICATION,
CHEMBL1389,EFO_0009314,CONTRAINDICATION,
CHEMBL1389,EFO_0009315,CONTRAINDICATION,
CHEMBL1389,EFO_0009551,CONTRAINDICATION,
CHEMBL1389,EFO_1001068,CONTRAINDICATION,
CHEMBL1389,EFO_1001074,CONTRAINDICATION,
CHEMBL1389,EFO_1001249,INDICATION,
CHEMBL1389,EFO_1001512,CONTRAINDICATION,
CHEMBL1389,EFO_1001757,INDICATION,
CHEMBL1389,MONDO_0001627,CONTRAINDICATION,
CHEMBL1389,MONDO_0001836,CONTRAINDICATION,
CHEMBL1389,MONDO_0002050,CONTRAINDICATION,
CHEMBL1389,MONDO_0002234,CONTRAINDICATION,
CHEMBL1389,MONDO_0002280,CONTRAINDICATION,
CHEMBL1389,MONDO_0002345,CONTRAINDICATION,
CHEMBL1389,MONDO_0002520,CONTRAINDICATION,
CHEMBL1389,MONDO_0002691,CONTRAINDICATION,
CHEMBL1389,MONDO_0004979,CONTRAINDICATION,
CHEMBL1389,MONDO_0004992,INDICATION,
CHEMBL1389,MONDO_0005148,INDICATION,
CHEMBL1389,MONDO_0005277,CONTRAINDICATION,
CHEMBL1389,MONDO_0005351,INDICATION,
CHEMBL1389,MONDO_0007915,CONTRAINDICATION,
CHEMBL1389,MONDO_0008170,CONTRAINDICATION,
CHEMBL1389,MONDO_0021187,CONTRAINDICATION,
CHEMBL1389,MONDO_0021251,CONTRAINDICATION,
CHEMBL1389,MONDO_0037748,CONTRAINDICATION,
CHEMBL1389,MONDO_0037821,CONTRAINDICATION,
CHEMBL1389,MP_0001914,INDICATION,
CHEMBL139,EFO_0000313,INDICATION,
CHEMBL139,EFO_0000319,CONTRAINDICATION,
CHEMBL139,EFO_0000400,CONTRAINDICATION,
CHEMBL139,EFO_0000537,CONTRAINDICATION,
CHEMBL139,EFO_0000545,INDICATION,
CHEMBL139,EFO_0000546,INDICATION,
CHEMBL139,EFO_0000612,CONTRAINDICATION,
CHEMBL139,EFO_0000616,INDICATION,
CHEMBL139,EFO_0000649,INDICATION,
CHEMBL139,EFO_0000685,INDICATION,
CHEMBL139,EFO_0000712,CONTRAINDICATION,
CHEMBL139,EFO_0002496,INDICATION,
CHEMBL139,EFO_0002970,INDICATION,
CHEMBL139,EFO_0003767,CONTRAINDICATION,
CHEMBL139,EFO_0003827,INDICATION,
CHEMBL139,EFO_0003843,INDICATION,
CHEMBL139,EFO_0003898,INDICATION,
CHEMBL139,EFO_0003931,INDICATION,
CHEMBL139,EFO_0003958,INDICATION,
CHEMBL139,EFO_0004193,INDICATION,
CHEMBL139,EFO_0004272,INDICATION,
CHEMBL139,EFO_0004274,INDICATION,
CHEMBL139,EFO_0004607,CONTRAINDICATION,
CHEMBL139,EFO_0004616,INDICATION,
CHEMBL139,EFO_0005752,INDICATION,
CHEMBL139,EFO_0005755,INDICATION,
CHEMBL139,EFO_0009314,CONTRAINDICATION,
CHEMBL139,EFO_0009449,CONTRAINDICATION,
CHEMBL139,EFO_0009454,INDICATION,
CHEMBL139,EFO_0009560,INDICATION,
CHEMBL139,EFO_0009582,INDICATION,
CHEMBL139,EFO_0010072,INDICATION,
CHEMBL139,EFO_1000652,INDICATION,
CHEMBL139,EFO_1000720,INDICATION,
CHEMBL139,EFO_1000786,INDICATION,
CHEMBL139,EFO_1000905,CONTRAINDICATION,
CHEMBL139,EFO_1001139,INDICATION,
CHEMBL139,EFO_1001366,INDICATION,
CHEMBL139,EFO_1001412,INDICATION,
CHEMBL139,EFO_1001435,INDICATION,
CHEMBL139,MONDO_0001187,INDICATION,
CHEMBL139,MONDO_0001515,CONTRAINDICATION,
CHEMBL139,MONDO_0002050,INDICATION,
CHEMBL139,MONDO_0002280,CONTRAINDICATION,
CHEMBL139,MONDO_0002471,OFF_LABEL_USE,
CHEMBL139,MONDO_0002887,INDICATION,
CHEMBL139,MONDO_0002959,INDICATION,
CHEMBL139,MONDO_0004247,CONTRAINDICATION,
CHEMBL139,MONDO_0004577,CONTRAINDICATION,
CHEMBL139,MONDO_0004857,OFF_LABEL_USE,
CHEMBL139,MONDO_0004979,CONTRAINDICATION,
CHEMBL139,MONDO_0005129,INDICATION,
CHEMBL139,MONDO_0005178,INDICATION,
CHEMBL139,MONDO_0005277,INDICATION,
CHEMBL139,MONDO_0007079,CONTRAINDICATION,
CHEMBL139,MONDO_0007254,INDICATION,
CHEMBL139,MONDO_0007935,OFF_LABEL_USE,
CHEMBL139,MONDO_0100192,CONTRAINDICATION,
CHEMBL139,MP_0001845,INDICATION,
CHEMBL139,MP_0001914,INDICATION,
CHEMBL1393,EFO_0000222,INDICATION,
CHEMBL1393,EFO_0000266,INDICATION,
CHEMBL1393,EFO_0000275,INDICATION,
CHEMBL1393,EFO_0000318,INDICATION,
CHEMBL1393,EFO_0000319,INDICATION,
CHEMBL1393,EFO_0000373,INDICATION,
CHEMBL1393,EFO_0000400,CONTRAINDICATION,
CHEMBL1393,EFO_0000401,INDICATION,
CHEMBL1393,EFO_0000537,INDICATION,
CHEMBL1393,EFO_0000565,INDICATION,
CHEMBL1393,EFO_0000612,INDICATION,
CHEMBL1393,EFO_0000621,INDICATION,
CHEMBL1393,EFO_0000660,OFF_LABEL_USE,
CHEMBL1393,EFO_0000668,INDICATION,
CHEMBL1393,EFO_0000685,INDICATION,
CHEMBL1393,EFO_0000694,INDICATION,
CHEMBL1393,EFO_0001361,INDICATION,
CHEMBL1393,EFO_0001365,INDICATION,
CHEMBL1393,EFO_0001422,INDICATION,
CHEMBL1393,EFO_0003086,CONTRAINDICATION,
CHEMBL1393,EFO_0003144,INDICATION,
CHEMBL1393,EFO_0003884,INDICATION,
CHEMBL1393,EFO_0003894,OFF_LABEL_USE,
CHEMBL1393,EFO_0003963,INDICATION,
CHEMBL1393,EFO_0004255,INDICATION,
CHEMBL1393,EFO_0004274,CONTRAINDICATION,
CHEMBL1393,EFO_0005669,INDICATION,
CHEMBL1393,EFO_0008506,CONTRAINDICATION,
CHEMBL1393,EFO_0008585,INDICATION,
CHEMBL1393,EFO_0008586,INDICATION,
CHEMBL1393,EFO_0009452,INDICATION,
CHEMBL1393,EFO_0009530,CONTRAINDICATION,
CHEMBL1393,EFO_1000652,CONTRAINDICATION,
CHEMBL1393,EFO_1000899,INDICATION,
CHEMBL1393,EFO_1001249,INDICATION,
CHEMBL1393,EFO_1001496,INDICATION,
CHEMBL1393,MONDO_0000088,INDICATION,
CHEMBL1393,MONDO_0001134,INDICATION,
CHEMBL1393,MONDO_0001566,CONTRAINDICATION,
CHEMBL1393,MONDO_0004992,INDICATION,
CHEMBL1393,MONDO_0007079,INDICATION,
CHEMBL1393,MONDO_0007915,CONTRAINDICATION,
CHEMBL1393,MONDO_0010679,INDICATION,
CHEMBL1393,MONDO_0018100,CONTRAINDICATION,
CHEMBL1393,MONDO_0100096,INDICATION,
CHEMBL1393,Orphanet_247,INDICATION,
CHEMBL139367,EFO_0000763,INDICATION,
CHEMBL139367,EFO_0007328,INDICATION,
CHEMBL1395,EFO_0000400,CONTRAINDICATION,
CHEMBL1395,EFO_0000474,CONTRAINDICATION,
CHEMBL1395,EFO_0000537,CONTRAINDICATION,
CHEMBL1395,EFO_0000612,CONTRAINDICATION,
CHEMBL1395,EFO_0000712,CONTRAINDICATION,
CHEMBL1395,EFO_0001065,CONTRAINDICATION,
CHEMBL1395,EFO_0001073,CONTRAINDICATION,
CHEMBL1395,EFO_0001645,CONTRAINDICATION,
CHEMBL1395,EFO_0003086,CONTRAINDICATION,
CHEMBL1395,EFO_0003144,CONTRAINDICATION,
CHEMBL1395,EFO_0003832,CONTRAINDICATION,
CHEMBL1395,EFO_0004152,CONTRAINDICATION,
CHEMBL1395,EFO_0004562,OFF_LABEL_USE,
CHEMBL1395,EFO_0004705,CONTRAINDICATION,
CHEMBL1395,EFO_0009315,CONTRAINDICATION,
CHEMBL1395,EFO_1001006,OFF_LABEL_USE,
CHEMBL1395,EFO_1001078,INDICATION,
CHEMBL1395,EFO_1001512,CONTRAINDICATION,
CHEMBL1395,MONDO_0001566,CONTRAINDICATION,
CHEMBL1395,MONDO_0001627,CONTRAINDICATION,
CHEMBL1395,MONDO_0002146,INDICATION,
CHEMBL1395,MONDO_0002520,CONTRAINDICATION,
CHEMBL1395,MONDO_0004979,CONTRAINDICATION,
CHEMBL1395,MONDO_0005277,CONTRAINDICATION,
CHEMBL1395,MONDO_0007254,INDICATION,
CHEMBL1395,MONDO_0007915,CONTRAINDICATION,
CHEMBL1395,MONDO_0008170,CONTRAINDICATION,
CHEMBL1395,MONDO_0018997,OFF_LABEL_USE,
CHEMBL1395,MONDO_0021259,CONTRAINDICATION,
CHEMBL1395,MONDO_0037748,CONTRAINDICATION,
CHEMBL13960,EFO_0000519,INDICATION,
CHEMBL13960,EFO_0000616,INDICATION,
CHEMBL13960,EFO_0003833,INDICATION,
CHEMBL13960,EFO_0006859,INDICATION,
CHEMBL13960,Orphanet_550,INDICATION,
CHEMBL1396177,EFO_0000771,INDICATION,
CHEMBL1397,EFO_0000222,INDICATION,
CHEMBL1397,EFO_0000519,INDICATION,
CHEMBL1397,EFO_0000565,INDICATION,
CHEMBL1397,EFO_0000616,INDICATION,
CHEMBL1397,EFO_0004233,INDICATION,
CHEMBL1397,EFO_0007157,INDICATION,
CHEMBL1397,EFO_0007207,INDICATION,
CHEMBL1397,EFO_0007211,INDICATION,
CHEMBL1397,EFO_0007380,INDICATION,
CHEMBL1397,EFO_0007406,INDICATION,
CHEMBL1397,EFO_1001795,INDICATION,
CHEMBL1397,MONDO_0001444,INDICATION,
CHEMBL1397,MONDO_0001475,INDICATION,
CHEMBL1397,MONDO_0002026,INDICATION,
CHEMBL1397,MONDO_0002041,INDICATION,
CHEMBL1397,MONDO_0018305,INDICATION,
CHEMBL1398126,EFO_0000373,INDICATION,
CHEMBL1398126,EFO_0000537,INDICATION,
CHEMBL1398126,EFO_0004269,INDICATION,
CHEMBL1398126,MONDO_0009061,INDICATION,
CHEMBL139835,EFO_0000536,INDICATION,
CHEMBL139835,EFO_0000660,INDICATION,
CHEMBL139835,EFO_0000673,INDICATION,
CHEMBL139835,EFO_0001065,INDICATION,
CHEMBL139835,EFO_0003894,INDICATION,
CHEMBL139835,MONDO_0008315,INDICATION,
CHEMBL1399,EFO_0000195,INDICATION,
CHEMBL1399,EFO_0000305,INDICATION,
CHEMBL1399,EFO_0000313,INDICATION,
CHEMBL1399,EFO_0000432,INDICATION,
CHEMBL1399,EFO_0000537,INDICATION,
CHEMBL1399,EFO_0000553,INDICATION,
CHEMBL1399,EFO_0000616,INDICATION,
CHEMBL1399,EFO_0001065,INDICATION,
CHEMBL1399,EFO_0001361,INDICATION,
CHEMBL1399,EFO_0001380,INDICATION,
CHEMBL1399,EFO_0003869,INDICATION,
CHEMBL1399,EFO_0005537,INDICATION,
CHEMBL1399,EFO_0006861,INDICATION,
CHEMBL1399,EFO_1001006,INDICATION,
CHEMBL1399,EFO_1001100,INDICATION,
CHEMBL1399,EFO_1001375,CONTRAINDICATION,
CHEMBL1399,EFO_1001512,INDICATION,
CHEMBL1399,MONDO_0000088,INDICATION,
CHEMBL1399,MONDO_0002146,INDICATION,
CHEMBL1399,MONDO_0002775,INDICATION,
CHEMBL1399,MONDO_0004992,INDICATION,
CHEMBL1399,MONDO_0007254,INDICATION,
CHEMBL1399,MONDO_0008170,OFF_LABEL_USE,
CHEMBL1399,MONDO_0011962,INDICATION,
CHEMBL1399,MONDO_0018800,INDICATION,
CHEMBL1399,MONDO_0018919,INDICATION,
CHEMBL14,MONDO_0001330,INDICATION,
CHEMBL14,MONDO_0005041,INDICATION,
CHEMBL14,MONDO_0005129,INDICATION,
CHEMBL1401,DOID_10718,INDICATION,
CHEMBL1401,EFO_0000384,INDICATION,
CHEMBL1401,EFO_0000400,CONTRAINDICATION,
CHEMBL1401,EFO_0000555,INDICATION,
CHEMBL1401,EFO_0000649,INDICATION,
CHEMBL1401,EFO_0000684,INDICATION,
CHEMBL1401,EFO_0000685,INDICATION,
CHEMBL1401,EFO_0000694,INDICATION,
CHEMBL1401,EFO_0000764,INDICATION,
CHEMBL1401,EFO_0001421,INDICATION,
CHEMBL1401,EFO_0003047,INDICATION,
CHEMBL1401,EFO_0003086,CONTRAINDICATION,
CHEMBL1401,EFO_0004220,INDICATION,
CHEMBL1401,EFO_0004239,INDICATION,
CHEMBL1401,EFO_0007144,INDICATION,
CHEMBL1401,EFO_0007328,INDICATION,
CHEMBL1401,EFO_0008533,INDICATION,
CHEMBL1401,EFO_0008572,INDICATION,
CHEMBL1401,EFO_0008588,INDICATION,
CHEMBL1401,EFO_1000874,INDICATION,
CHEMBL1401,EFO_1000961,INDICATION,
CHEMBL1401,EFO_1001314,INDICATION,
CHEMBL1401,EFO_1001463,INDICATION,
CHEMBL1401,MONDO_0015474,INDICATION,
CHEMBL1401,MONDO_0018076,INDICATION,
CHEMBL1401,MONDO_0021681,INDICATION,
CHEMBL1401,MONDO_0100096,INDICATION,
CHEMBL1402684,MONDO_0002203,INDICATION,
CHEMBL1404,EFO_0000275,INDICATION,
CHEMBL1404,EFO_0000319,INDICATION,
CHEMBL1404,EFO_0000384,INDICATION,
CHEMBL1404,EFO_0000407,INDICATION,
CHEMBL1404,EFO_0000555,INDICATION,
CHEMBL1404,EFO_0001361,INDICATION,
CHEMBL1404,EFO_0001422,CONTRAINDICATION,
CHEMBL1404,EFO_0001645,INDICATION,
CHEMBL1404,EFO_0003086,CONTRAINDICATION,
CHEMBL1404,EFO_0003913,INDICATION,
CHEMBL1404,EFO_0004264,INDICATION,
CHEMBL1404,EFO_0005307,CONTRAINDICATION,
CHEMBL1404,EFO_0005672,INDICATION,
CHEMBL1404,EFO_1000899,INDICATION,
CHEMBL1404,EFO_1001375,INDICATION,
CHEMBL1404,MONDO_0004976,INDICATION,
CHEMBL1404,MONDO_0005148,INDICATION,
CHEMBL1404,MONDO_0008195,INDICATION,
CHEMBL1404,MONDO_0019171,CONTRAINDICATION,
CHEMBL1405,EFO_0000400,CONTRAINDICATION,
CHEMBL1405,EFO_0000474,CONTRAINDICATION,
CHEMBL1405,EFO_0000537,CONTRAINDICATION,
CHEMBL1405,EFO_0000612,CONTRAINDICATION,
CHEMBL1405,EFO_0000660,OFF_LABEL_USE,
CHEMBL1405,EFO_0000712,CONTRAINDICATION,
CHEMBL1405,EFO_0001065,CONTRAINDICATION,
CHEMBL1405,EFO_0001073,CONTRAINDICATION,
CHEMBL1405,EFO_0001645,CONTRAINDICATION,
CHEMBL1405,EFO_0003832,CONTRAINDICATION,
CHEMBL1405,EFO_0004152,CONTRAINDICATION,
CHEMBL1405,EFO_0004705,CONTRAINDICATION,
CHEMBL1405,EFO_0009315,CONTRAINDICATION,
CHEMBL1405,EFO_0009551,CONTRAINDICATION,
CHEMBL1405,EFO_1000971,OFF_LABEL_USE,
CHEMBL1405,EFO_1001068,CONTRAINDICATION,
CHEMBL1405,EFO_1001512,CONTRAINDICATION,
CHEMBL1405,MONDO_0001627,CONTRAINDICATION,
CHEMBL1405,MONDO_0001836,OFF_LABEL_USE,
CHEMBL1405,MONDO_0002050,CONTRAINDICATION,
CHEMBL1405,MONDO_0002520,CONTRAINDICATION,
CHEMBL1405,MONDO_0002691,CONTRAINDICATION,
CHEMBL1405,MONDO_0004169,INDICATION,
CHEMBL1405,MONDO_0004979,CONTRAINDICATION,
CHEMBL1405,MONDO_0005277,CONTRAINDICATION,
CHEMBL1405,MONDO_0007915,CONTRAINDICATION,
CHEMBL1405,MONDO_0008170,CONTRAINDICATION,
CHEMBL1405,MONDO_0021187,CONTRAINDICATION,
CHEMBL1405,MONDO_0037748,CONTRAINDICATION,
CHEMBL1405,MONDO_0037821,CONTRAINDICATION,
CHEMBL1405,MONDO_0100192,CONTRAINDICATION,
CHEMBL14053,EFO_0003894,INDICATION,
CHEMBL14053,EFO_0006346,INDICATION,
CHEMBL14060,EFO_0000400,CONTRAINDICATION,
CHEMBL14060,EFO_0000474,CONTRAINDICATION,
CHEMBL14060,EFO_0000574,CONTRAINDICATION,
CHEMBL14060,EFO_0001062,CONTRAINDICATION,
CHEMBL14060,EFO_0003875,CONTRAINDICATION,
CHEMBL14060,EFO_0004255,INDICATION,
CHEMBL14060,EFO_0005854,INDICATION,
CHEMBL14060,EFO_0006510,CONTRAINDICATION,
CHEMBL14060,EFO_0007149,CONTRAINDICATION,
CHEMBL14060,EFO_0007455,CONTRAINDICATION,
CHEMBL14060,EFO_1001347,INDICATION,
CHEMBL14060,EFO_1002022,CONTRAINDICATION,
CHEMBL14060,MONDO_0002406,CONTRAINDICATION,
CHEMBL14060,MONDO_0002898,CONTRAINDICATION,
CHEMBL14060,MONDO_0005271,INDICATION,
CHEMBL14060,MONDO_0010298,CONTRAINDICATION,
CHEMBL1406148,EFO_0001072,INDICATION,
CHEMBL1406148,EFO_0003840,INDICATION,
CHEMBL1406148,EFO_0003929,INDICATION,
CHEMBL1406148,MONDO_0004975,INDICATION,
CHEMBL1406148,MONDO_0004976,INDICATION,
CHEMBL1406148,MONDO_0005277,INDICATION,
CHEMBL1406148,MONDO_0100062,INDICATION,
CHEMBL1407356,EFO_0005755,INDICATION,
CHEMBL1407356,MONDO_0005178,INDICATION,
CHEMBL1407943,EFO_0000182,INDICATION,
CHEMBL1407943,EFO_0003047,INDICATION,
CHEMBL1407943,MONDO_0016532,INDICATION,
CHEMBL1408594,EFO_0000666,INDICATION,
CHEMBL1408759,EFO_0003966,INDICATION,
CHEMBL1409,EFO_0000694,INDICATION,
CHEMBL1409,EFO_0004242,INDICATION,
CHEMBL1409,EFO_0004262,INDICATION,
CHEMBL1409,MONDO_0100096,INDICATION,
CHEMBL141,EFO_0000180,INDICATION,
CHEMBL141,EFO_0000182,INDICATION,
CHEMBL141,EFO_0000278,CONTRAINDICATION,
CHEMBL141,EFO_0000342,CONTRAINDICATION,
CHEMBL141,EFO_0000544,INDICATION,
CHEMBL141,EFO_0000558,INDICATION,
CHEMBL141,EFO_0000574,INDICATION,
CHEMBL141,EFO_0000702,INDICATION,
CHEMBL141,EFO_0000763,INDICATION,
CHEMBL141,EFO_0000764,INDICATION,
CHEMBL141,EFO_0000765,INDICATION,
CHEMBL141,EFO_0000783,CONTRAINDICATION,
CHEMBL141,EFO_0001073,CONTRAINDICATION,
CHEMBL141,EFO_0001422,INDICATION,
CHEMBL141,EFO_0003086,CONTRAINDICATION,
CHEMBL141,EFO_0004145,CONTRAINDICATION,
CHEMBL141,EFO_0004197,INDICATION,
CHEMBL141,EFO_0004239,INDICATION,
CHEMBL141,EFO_0005952,INDICATION,
CHEMBL141,EFO_0007313,INDICATION,
CHEMBL141,EFO_0007527,INDICATION,
CHEMBL141,EFO_1000036,CONTRAINDICATION,
CHEMBL141,EFO_1000652,CONTRAINDICATION,
CHEMBL141,MONDO_0002280,CONTRAINDICATION,
CHEMBL141,MONDO_0004790,CONTRAINDICATION,
CHEMBL141,MONDO_0004975,INDICATION,
CHEMBL141,MONDO_0004976,INDICATION,
CHEMBL141,MONDO_0018076,INDICATION,
CHEMBL141,MONDO_0021094,INDICATION,
CHEMBL141,MONDO_0100192,CONTRAINDICATION,
CHEMBL141,MP_0001845,INDICATION,
CHEMBL1410,EFO_0000764,INDICATION,
CHEMBL1410,EFO_0002950,INDICATION,
CHEMBL1410,EFO_0007243,INDICATION,
CHEMBL1410743,EFO_0008526,INDICATION,
CHEMBL1410877,EFO_0007543,INDICATION,
CHEMBL1411,MONDO_0005147,INDICATION,
CHEMBL1411979,EFO_0000537,CONTRAINDICATION,
CHEMBL1411979,EFO_0005531,INDICATION,
CHEMBL1411979,EFO_0005854,INDICATION,
CHEMBL1411979,EFO_0007141,INDICATION,
CHEMBL1411979,EFO_0007533,INDICATION,
CHEMBL1411979,EFO_0009189,CONTRAINDICATION,
CHEMBL1411979,EFO_1001069,CONTRAINDICATION,
CHEMBL1411979,MONDO_0001744,CONTRAINDICATION,
CHEMBL1411979,MONDO_0004247,CONTRAINDICATION,
CHEMBL1411979,MONDO_0005271,INDICATION,
CHEMBL1412,EFO_0000474,CONTRAINDICATION,
CHEMBL1412,EFO_0003086,CONTRAINDICATION,
CHEMBL1412,EFO_0007154,INDICATION,
CHEMBL1412,EFO_0007254,INDICATION,
CHEMBL1412,EFO_1001342,INDICATION,
CHEMBL1412041,EFO_0001073,INDICATION,
CHEMBL1413,EFO_0007439,INDICATION,
CHEMBL1413,EFO_0007510,INDICATION,
CHEMBL1413,EFO_0007512,INDICATION,
CHEMBL1413,EFO_1000764,INDICATION,
CHEMBL1413,MONDO_0000879,INDICATION,
CHEMBL1413,MONDO_0001628,INDICATION,
CHEMBL1413,MONDO_0002026,INDICATION,
CHEMBL1413176,EFO_0003843,INDICATION,
CHEMBL1417019,EFO_0000095,INDICATION,
CHEMBL1417019,EFO_0000178,INDICATION,
CHEMBL1417019,EFO_0000182,INDICATION,
CHEMBL1417019,EFO_0000196,INDICATION,
CHEMBL1417019,EFO_0000198,INDICATION,
CHEMBL1417019,EFO_0000211,INDICATION,
CHEMBL1417019,EFO_0000220,INDICATION,
CHEMBL1417019,EFO_0000221,INDICATION,
CHEMBL1417019,EFO_0000222,INDICATION,
CHEMBL1417019,EFO_0000224,INDICATION,
CHEMBL1417019,EFO_0000339,INDICATION,
CHEMBL1417019,EFO_0000403,INDICATION,
CHEMBL1417019,EFO_0000565,INDICATION,
CHEMBL1417019,EFO_0000574,INDICATION,
CHEMBL1417019,EFO_0000616,INDICATION,
CHEMBL1417019,EFO_0000673,INDICATION,
CHEMBL1417019,EFO_0001378,INDICATION,
CHEMBL1417019,EFO_0001663,INDICATION,
CHEMBL1417019,EFO_0003843,INDICATION,
CHEMBL1417019,EFO_0003929,INDICATION,
CHEMBL1417019,EFO_0004251,INDICATION,
CHEMBL1417019,EFO_0004289,INDICATION,
CHEMBL1417019,EFO_0005952,INDICATION,
CHEMBL1417019,EFO_0006859,INDICATION,
CHEMBL1417019,EFO_0008522,INDICATION,
CHEMBL1417019,EFO_1000286,INDICATION,
CHEMBL1417019,EFO_1001052,INDICATION,
CHEMBL1417019,EFO_1001469,INDICATION,
CHEMBL1417019,EFO_1001830,INDICATION,
CHEMBL1417019,MONDO_0000873,INDICATION,
CHEMBL1417019,MONDO_0001023,INDICATION,
CHEMBL1417019,MONDO_0004992,INDICATION,
CHEMBL1417019,MONDO_0005301,INDICATION,
CHEMBL1417019,MONDO_0007254,INDICATION,
CHEMBL1417019,MONDO_0008170,INDICATION,
CHEMBL1417019,MONDO_0008315,INDICATION,
CHEMBL1417019,MONDO_0015760,INDICATION,
CHEMBL1417019,MONDO_0018906,INDICATION,
CHEMBL1417019,MONDO_0019460,INDICATION,
CHEMBL1417019,MONDO_0019472,INDICATION,
CHEMBL1419,EFO_0000319,CONTRAINDICATION,
CHEMBL1419,EFO_0000400,CONTRAINDICATION,
CHEMBL1419,EFO_0000474,CONTRAINDICATION,
CHEMBL1419,EFO_0000537,CONTRAINDICATION,
CHEMBL1419,EFO_0000612,CONTRAINDICATION,
CHEMBL1419,EFO_0000712,CONTRAINDICATION,
CHEMBL1419,EFO_0001073,INDICATION,
CHEMBL1419,EFO_0001645,CONTRAINDICATION,
CHEMBL1419,EFO_0003086,CONTRAINDICATION,
CHEMBL1419,EFO_0003764,CONTRAINDICATION,
CHEMBL1419,EFO_0005204,CONTRAINDICATION,
CHEMBL1419,EFO_0009314,CONTRAINDICATION,
CHEMBL1419,EFO_1001379,CONTRAINDICATION,
CHEMBL1419,EFO_1001842,CONTRAINDICATION,
CHEMBL1419,MONDO_0001744,CONTRAINDICATION,
CHEMBL1419,MONDO_0005351,CONTRAINDICATION,
CHEMBL1419,MONDO_0024327,CONTRAINDICATION,
CHEMBL1419,MONDO_0100192,CONTRAINDICATION,
CHEMBL1420,EFO_0004991,INDICATION,
CHEMBL1420,EFO_0008546,INDICATION,
CHEMBL1420,EFO_0010581,INDICATION,
CHEMBL1420319,EFO_0000220,INDICATION,
CHEMBL1420319,EFO_0000231,INDICATION,
CHEMBL1420319,EFO_0000616,INDICATION,
CHEMBL1420319,MONDO_0007254,INDICATION,
CHEMBL1421,EFO_0000095,INDICATION,
CHEMBL1421,EFO_0000180,INDICATION,
CHEMBL1421,EFO_0000181,INDICATION,
CHEMBL1421,EFO_0000182,INDICATION,
CHEMBL1421,EFO_0000183,INDICATION,
CHEMBL1421,EFO_0000191,INDICATION,
CHEMBL1421,EFO_0000196,INDICATION,
CHEMBL1421,EFO_0000198,INDICATION,
CHEMBL1421,EFO_0000211,INDICATION,
CHEMBL1421,EFO_0000220,INDICATION,
CHEMBL1421,EFO_0000222,INDICATION,
CHEMBL1421,EFO_0000255,INDICATION,
CHEMBL1421,EFO_0000305,INDICATION,
CHEMBL1421,EFO_0000309,INDICATION,
CHEMBL1421,EFO_0000339,INDICATION,
CHEMBL1421,EFO_0000389,INDICATION,
CHEMBL1421,EFO_0000403,INDICATION,
CHEMBL1421,EFO_0000519,INDICATION,
CHEMBL1421,EFO_0000565,INDICATION,
CHEMBL1421,EFO_0000574,INDICATION,
CHEMBL1421,EFO_0000588,INDICATION,
CHEMBL1421,EFO_0000612,CONTRAINDICATION,
CHEMBL1421,EFO_0000616,INDICATION,
CHEMBL1421,EFO_0000621,INDICATION,
CHEMBL1421,EFO_0000673,INDICATION,
CHEMBL1421,EFO_0000702,INDICATION,
CHEMBL1421,EFO_0000707,INDICATION,
CHEMBL1421,EFO_0000708,INDICATION,
CHEMBL1421,EFO_0000756,INDICATION,
CHEMBL1421,EFO_0000764,INDICATION,
CHEMBL1421,EFO_0000768,INDICATION,
CHEMBL1421,EFO_0000770,INDICATION,
CHEMBL1421,EFO_0001073,INDICATION,
CHEMBL1421,EFO_0001378,INDICATION,
CHEMBL1421,EFO_0002429,INDICATION,
CHEMBL1421,EFO_0002617,INDICATION,
CHEMBL1421,EFO_0002618,INDICATION,
CHEMBL1421,EFO_0002918,INDICATION,
CHEMBL1421,EFO_0003032,INDICATION,
CHEMBL1421,EFO_0003060,INDICATION,
CHEMBL1421,EFO_0003833,INDICATION,
CHEMBL1421,EFO_0003869,INDICATION,
CHEMBL1421,EFO_0003884,INDICATION,
CHEMBL1421,EFO_0004289,INDICATION,
CHEMBL1421,EFO_0005221,INDICATION,
CHEMBL1421,EFO_0005307,CONTRAINDICATION,
CHEMBL1421,EFO_0005669,CONTRAINDICATION,
CHEMBL1421,EFO_0005774,INDICATION,
CHEMBL1421,EFO_0005952,INDICATION,
CHEMBL1421,EFO_0006859,INDICATION,
CHEMBL1421,EFO_0009441,INDICATION,
CHEMBL1421,EFO_1000026,INDICATION,
CHEMBL1421,EFO_1000131,INDICATION,
CHEMBL1421,EFO_1000158,INDICATION,
CHEMBL1421,EFO_1000475,INDICATION,
CHEMBL1421,EFO_1000654,INDICATION,
CHEMBL1421,EFO_1000657,INDICATION,
CHEMBL1421,EFO_1000785,INDICATION,
CHEMBL1421,EFO_1000956,INDICATION,
CHEMBL1421,EFO_1001051,INDICATION,
CHEMBL1421,EFO_1001465,INDICATION,
CHEMBL1421,EFO_1001469,INDICATION,
CHEMBL1421,EFO_1001951,INDICATION,
CHEMBL1421,EFO_1001993,INDICATION,
CHEMBL1421,MONDO_0000870,INDICATION,
CHEMBL1421,MONDO_0000873,INDICATION,
CHEMBL1421,MONDO_0001370,CONTRAINDICATION,
CHEMBL1421,MONDO_0002087,INDICATION,
CHEMBL1421,MONDO_0002158,INDICATION,
CHEMBL1421,MONDO_0002280,CONTRAINDICATION,
CHEMBL1421,MONDO_0003175,INDICATION,
CHEMBL1421,MONDO_0004643,INDICATION,
CHEMBL1421,MONDO_0004975,INDICATION,
CHEMBL1421,MONDO_0004992,INDICATION,
CHEMBL1421,MONDO_0007254,INDICATION,
CHEMBL1421,MONDO_0008170,INDICATION,
CHEMBL1421,MONDO_0008315,INDICATION,
CHEMBL1421,MONDO_0008903,INDICATION,
CHEMBL1421,MONDO_0011719,INDICATION,
CHEMBL1421,MONDO_0011962,INDICATION,
CHEMBL1421,MONDO_0016586,INDICATION,
CHEMBL1421,MONDO_0018906,INDICATION,
CHEMBL1421,MONDO_0019171,CONTRAINDICATION,
CHEMBL1421,MONDO_0019469,INDICATION,
CHEMBL1421,MONDO_0019471,INDICATION,
CHEMBL1421,MONDO_0019472,INDICATION,
CHEMBL1421,MONDO_0021063,INDICATION,
CHEMBL1421,MONDO_0100096,INDICATION,
CHEMBL1421,MONDO_0100342,INDICATION,
CHEMBL142130,EFO_0000660,INDICATION,
CHEMBL1422,EFO_0000180,INDICATION,
CHEMBL1422,EFO_0000182,INDICATION,
CHEMBL1422,EFO_0000373,INDICATION,
CHEMBL1422,EFO_0000400,INDICATION,
CHEMBL1422,EFO_0000612,CONTRAINDICATION,
CHEMBL1422,EFO_0000676,INDICATION,
CHEMBL1422,EFO_0000712,INDICATION,
CHEMBL1422,EFO_0000734,CONTRAINDICATION,
CHEMBL1422,EFO_0001073,INDICATION,
CHEMBL1422,EFO_0001380,CONTRAINDICATION,
CHEMBL1422,EFO_0002546,INDICATION,
CHEMBL1422,EFO_0003047,INDICATION,
CHEMBL1422,EFO_0003086,CONTRAINDICATION,
CHEMBL1422,EFO_0003095,INDICATION,
CHEMBL1422,EFO_0003884,INDICATION,
CHEMBL1422,EFO_0004599,INDICATION,
CHEMBL1422,EFO_0005741,CONTRAINDICATION,
CHEMBL1422,EFO_0008583,INDICATION,
CHEMBL1422,EFO_0009491,CONTRAINDICATION,
CHEMBL1422,EFO_1000036,CONTRAINDICATION,
CHEMBL1422,EFO_1000652,CONTRAINDICATION,
CHEMBL1422,EFO_1001121,INDICATION,
CHEMBL1422,EFO_1001459,INDICATION,
CHEMBL1422,MONDO_0000440,CONTRAINDICATION,
CHEMBL1422,MONDO_0001343,CONTRAINDICATION,
CHEMBL1422,MONDO_0005147,INDICATION,
CHEMBL1422,MONDO_0005148,INDICATION,
CHEMBL1422,MONDO_0007079,CONTRAINDICATION,
CHEMBL1422,MONDO_0009061,INDICATION,
CHEMBL1422,MONDO_0013730,INDICATION,
CHEMBL1422,MONDO_0021187,INDICATION,
CHEMBL1422,MONDO_0100096,INDICATION,
CHEMBL14227,EFO_0000729,INDICATION,
CHEMBL1423,EFO_0000474,CONTRAINDICATION,
CHEMBL1423,EFO_0003086,CONTRAINDICATION,
CHEMBL1423,EFO_0004895,INDICATION,
CHEMBL1423,EFO_0005230,INDICATION,
CHEMBL1423,EFO_0005307,CONTRAINDICATION,
CHEMBL1423,EFO_0005407,INDICATION,
CHEMBL1423,EFO_0007319,CONTRAINDICATION,
CHEMBL1423,EFO_1001379,CONTRAINDICATION,
CHEMBL1423,MONDO_0002050,INDICATION,
CHEMBL1423,MONDO_0004976,INDICATION,
CHEMBL1423,MONDO_0005041,CONTRAINDICATION,
CHEMBL1423,MONDO_0005090,INDICATION,
CHEMBL1423,MONDO_0018100,CONTRAINDICATION,
CHEMBL1423,MONDO_0019171,CONTRAINDICATION,
CHEMBL1423,MONDO_0021095,CONTRAINDICATION,
CHEMBL142438,EFO_0000341,INDICATION,
CHEMBL142438,EFO_0000373,INDICATION,
CHEMBL142438,EFO_0001358,INDICATION,
CHEMBL142438,EFO_0002496,INDICATION,
CHEMBL142438,EFO_0002687,INDICATION,
CHEMBL142438,EFO_0004242,INDICATION,
CHEMBL142438,EFO_0004278,INDICATION,
CHEMBL142438,EFO_0007512,INDICATION,
CHEMBL142438,EFO_0009516,INDICATION,
CHEMBL142438,EFO_1001103,INDICATION,
CHEMBL142438,EFO_1001951,INDICATION,
CHEMBL142438,MONDO_0001117,CONTRAINDICATION,
CHEMBL142438,MONDO_0002009,INDICATION,
CHEMBL142438,MONDO_0004985,INDICATION,
CHEMBL142438,MONDO_0009061,INDICATION,
CHEMBL142438,MONDO_0100096,INDICATION,
CHEMBL142464,EFO_0001365,INDICATION,
CHEMBL142464,MONDO_0004992,INDICATION,
CHEMBL142464,MONDO_0008315,INDICATION,
CHEMBL14249,MONDO_0002009,INDICATION,
CHEMBL14249,MONDO_0002050,INDICATION,
CHEMBL14249,MONDO_0004975,INDICATION,
CHEMBL1425,EFO_0000094,INDICATION,
CHEMBL1425,EFO_0000209,INDICATION,
CHEMBL1425,EFO_0000220,INDICATION,
CHEMBL1425,EFO_0000222,OFF_LABEL_USE,
CHEMBL1425,EFO_0000224,INDICATION,
CHEMBL1425,EFO_0000309,INDICATION,
CHEMBL1425,EFO_0000384,OFF_LABEL_USE,
CHEMBL1425,EFO_0000519,INDICATION,
CHEMBL1425,EFO_0000565,INDICATION,
CHEMBL1425,EFO_0000574,INDICATION,
CHEMBL1425,EFO_0000616,INDICATION,
CHEMBL1425,EFO_0000729,OFF_LABEL_USE,
CHEMBL1425,EFO_0002429,OFF_LABEL_USE,
CHEMBL1425,EFO_0002499,INDICATION,
CHEMBL1425,EFO_0002501,INDICATION,
CHEMBL1425,EFO_0003086,CONTRAINDICATION,
CHEMBL1425,EFO_0003778,OFF_LABEL_USE,
CHEMBL1425,EFO_0003833,INDICATION,
CHEMBL1425,EFO_0003872,INDICATION,
CHEMBL1425,EFO_0004289,INDICATION,
CHEMBL1425,EFO_1000318,INDICATION,
CHEMBL1425,EFO_1000652,CONTRAINDICATION,
CHEMBL1425,MONDO_0000870,INDICATION,
CHEMBL1425,MONDO_0000873,INDICATION,
CHEMBL1425,MONDO_0001751,CONTRAINDICATION,
CHEMBL1425,MONDO_0002280,CONTRAINDICATION,
CHEMBL1425,MONDO_0003268,INDICATION,
CHEMBL1425,MONDO_0019460,INDICATION,
CHEMBL1425,MONDO_0019474,CONTRAINDICATION,
CHEMBL1425,MONDO_0044917,INDICATION,
CHEMBL142635,EFO_0000536,INDICATION,
CHEMBL142703,EFO_0000400,INDICATION,
CHEMBL142703,EFO_0002546,INDICATION,
CHEMBL142703,EFO_0004593,INDICATION,
CHEMBL142703,EFO_1001121,INDICATION,
CHEMBL142703,MONDO_0002009,INDICATION,
CHEMBL142703,MONDO_0005147,INDICATION,
CHEMBL142703,MONDO_0005148,INDICATION,
CHEMBL1428,EFO_0000319,INDICATION,
CHEMBL1428,EFO_0000545,INDICATION,
CHEMBL1428,EFO_0000712,INDICATION,
CHEMBL1428,EFO_0000713,INDICATION,
CHEMBL1428,EFO_0002610,INDICATION,
CHEMBL1428,EFO_0003763,INDICATION,
CHEMBL1428,EFO_0003870,INDICATION,
CHEMBL1428,EFO_0005251,CONTRAINDICATION,
CHEMBL1428,EFO_0008546,INDICATION,
CHEMBL1428,EFO_0009846,INDICATION,
CHEMBL1428,MONDO_0005090,INDICATION,
CHEMBL1429,EFO_0000537,CONTRAINDICATION,
CHEMBL1429,EFO_0001645,CONTRAINDICATION,
CHEMBL1429,EFO_0005669,INDICATION,
CHEMBL1429,EFO_0005854,CONTRAINDICATION,
CHEMBL1429,EFO_0007344,INDICATION,
CHEMBL1429,EFO_0009505,INDICATION,
CHEMBL1429,EFO_1000781,INDICATION,
CHEMBL1429,EFO_1001412,INDICATION,
CHEMBL1429,MONDO_0001343,CONTRAINDICATION,
CHEMBL1429,MONDO_0004782,INDICATION,
CHEMBL1429,MONDO_0007254,INDICATION,
CHEMBL1429,MONDO_0008315,INDICATION,
CHEMBL1429,MONDO_0009061,CONTRAINDICATION,
CHEMBL1429,MONDO_0010602,INDICATION,
CHEMBL1429,MONDO_0015629,CONTRAINDICATION,
CHEMBL1429,MONDO_0024290,INDICATION,
CHEMBL1429,MONDO_0024574,INDICATION,
CHEMBL1429,MP_0001914,INDICATION,
CHEMBL1429,Orphanet_903,INDICATION,
CHEMBL1430,EFO_0000685,INDICATION,
CHEMBL1430,EFO_0003086,CONTRAINDICATION,
CHEMBL1430,EFO_0004280,INDICATION,
CHEMBL1430,EFO_0004991,CONTRAINDICATION,
CHEMBL1430,EFO_0005755,INDICATION,
CHEMBL1430,EFO_0007269,OFF_LABEL_USE,
CHEMBL1430,EFO_0007290,CONTRAINDICATION,
CHEMBL1430,EFO_1000158,INDICATION,
CHEMBL1430,EFO_1000749,CONTRAINDICATION,
CHEMBL1430,MONDO_0002462,CONTRAINDICATION,
CHEMBL1430,MONDO_0002465,CONTRAINDICATION,
CHEMBL1430,MONDO_0003937,INDICATION,
CHEMBL1430,MONDO_0009067,INDICATION,
CHEMBL1430,MONDO_0010200,INDICATION,
CHEMBL1430,MONDO_0015909,CONTRAINDICATION,
CHEMBL1430,MP_0001845,INDICATION,
CHEMBL1431,EFO_0000095,INDICATION,
CHEMBL1431,EFO_0000181,INDICATION,
CHEMBL1431,EFO_0000182,INDICATION,
CHEMBL1431,EFO_0000195,INDICATION,
CHEMBL1431,EFO_0000196,INDICATION,
CHEMBL1431,EFO_0000199,INDICATION,
CHEMBL1431,EFO_0000220,INDICATION,
CHEMBL1431,EFO_0000228,INDICATION,
CHEMBL1431,EFO_0000275,INDICATION,
CHEMBL1431,EFO_0000280,INDICATION,
CHEMBL1431,EFO_0000305,INDICATION,
CHEMBL1431,EFO_0000308,INDICATION,
CHEMBL1431,EFO_0000313,INDICATION,
CHEMBL1431,EFO_0000319,INDICATION,
CHEMBL1431,EFO_0000341,INDICATION,
CHEMBL1431,EFO_0000348,INDICATION,
CHEMBL1431,EFO_0000365,INDICATION,
CHEMBL1431,EFO_0000400,INDICATION,
CHEMBL1431,EFO_0000403,INDICATION,
CHEMBL1431,EFO_0000432,INDICATION,
CHEMBL1431,EFO_0000466,INDICATION,
CHEMBL1431,EFO_0000474,INDICATION,
CHEMBL1431,EFO_0000519,INDICATION,
CHEMBL1431,EFO_0000537,INDICATION,
CHEMBL1431,EFO_0000545,INDICATION,
CHEMBL1431,EFO_0000571,INDICATION,
CHEMBL1431,EFO_0000589,INDICATION,
CHEMBL1431,EFO_0000612,CONTRAINDICATION,
CHEMBL1431,EFO_0000616,INDICATION,
CHEMBL1431,EFO_0000649,INDICATION,
CHEMBL1431,EFO_0000660,OFF_LABEL_USE,
CHEMBL1431,EFO_0000673,INDICATION,
CHEMBL1431,EFO_0000676,INDICATION,
CHEMBL1431,EFO_0000685,INDICATION,
CHEMBL1431,EFO_0000694,INDICATION,
CHEMBL1431,EFO_0000702,INDICATION,
CHEMBL1431,EFO_0000707,INDICATION,
CHEMBL1431,EFO_0000712,CONTRAINDICATION,
CHEMBL1431,EFO_0000729,INDICATION,
CHEMBL1431,EFO_0000734,CONTRAINDICATION,
CHEMBL1431,EFO_0000756,INDICATION,
CHEMBL1431,EFO_0000764,INDICATION,
CHEMBL1431,EFO_0001054,INDICATION,
CHEMBL1431,EFO_0001068,INDICATION,
CHEMBL1431,EFO_0001071,INDICATION,
CHEMBL1431,EFO_0001073,INDICATION,
CHEMBL1431,EFO_0001075,INDICATION,
CHEMBL1431,EFO_0001361,INDICATION,
CHEMBL1431,EFO_0001378,INDICATION,
CHEMBL1431,EFO_0001380,CONTRAINDICATION,
CHEMBL1431,EFO_0001416,INDICATION,
CHEMBL1431,EFO_0001645,CONTRAINDICATION,
CHEMBL1431,EFO_0001663,INDICATION,
CHEMBL1431,EFO_0002546,INDICATION,
CHEMBL1431,EFO_0002614,INDICATION,
CHEMBL1431,EFO_0002617,INDICATION,
CHEMBL1431,EFO_0002618,INDICATION,
CHEMBL1431,EFO_0002687,INDICATION,
CHEMBL1431,EFO_0002950,INDICATION,
CHEMBL1431,EFO_0003050,INDICATION,
CHEMBL1431,EFO_0003060,INDICATION,
CHEMBL1431,EFO_0003086,CONTRAINDICATION,
CHEMBL1431,EFO_0003095,INDICATION,
CHEMBL1431,EFO_0003100,INDICATION,
CHEMBL1431,EFO_0003144,INDICATION,
CHEMBL1431,EFO_0003767,INDICATION,
CHEMBL1431,EFO_0003770,INDICATION,
CHEMBL1431,EFO_0003833,INDICATION,
CHEMBL1431,EFO_0003863,INDICATION,
CHEMBL1431,EFO_0003868,INDICATION,
CHEMBL1431,EFO_0003876,INDICATION,
CHEMBL1431,EFO_0003882,CONTRAINDICATION,
CHEMBL1431,EFO_0003884,INDICATION,
CHEMBL1431,EFO_0003914,INDICATION,
CHEMBL1431,EFO_0003918,INDICATION,
CHEMBL1431,EFO_0003940,INDICATION,
CHEMBL1431,EFO_0003963,INDICATION,
CHEMBL1431,EFO_0003968,INDICATION,
CHEMBL1431,EFO_0004142,INDICATION,
CHEMBL1431,EFO_0004208,INDICATION,
CHEMBL1431,EFO_0004214,INDICATION,
CHEMBL1431,EFO_0004265,INDICATION,
CHEMBL1431,EFO_0004364,INDICATION,
CHEMBL1431,EFO_0004566,INDICATION,
CHEMBL1431,EFO_0004593,OFF_LABEL_USE,
CHEMBL1431,EFO_0004616,INDICATION,
CHEMBL1431,EFO_0005411,INDICATION,
CHEMBL1431,EFO_0005537,INDICATION,
CHEMBL1431,EFO_0005672,INDICATION,
CHEMBL1431,EFO_0005687,INDICATION,
CHEMBL1431,EFO_0005741,CONTRAINDICATION,
CHEMBL1431,EFO_0005762,INDICATION,
CHEMBL1431,EFO_0005922,INDICATION,
CHEMBL1431,EFO_0006859,INDICATION,
CHEMBL1431,EFO_0008520,INDICATION,
CHEMBL1431,EFO_0008522,INDICATION,
CHEMBL1431,EFO_0009491,CONTRAINDICATION,
CHEMBL1431,EFO_0009516,INDICATION,
CHEMBL1431,EFO_0009637,INDICATION,
CHEMBL1431,EFO_1000036,CONTRAINDICATION,
CHEMBL1431,EFO_1000043,INDICATION,
CHEMBL1431,EFO_1000045,INDICATION,
CHEMBL1431,EFO_1000286,INDICATION,
CHEMBL1431,EFO_1000359,INDICATION,
CHEMBL1431,EFO_1000632,INDICATION,
CHEMBL1431,EFO_1000652,CONTRAINDICATION,
CHEMBL1431,EFO_1000657,INDICATION,
CHEMBL1431,EFO_1000710,INDICATION,
CHEMBL1431,EFO_1000783,INDICATION,
CHEMBL1431,EFO_1000905,CONTRAINDICATION,
CHEMBL1431,EFO_1001121,INDICATION,
CHEMBL1431,EFO_1001134,CONTRAINDICATION,
CHEMBL1431,EFO_1001207,INDICATION,
CHEMBL1431,EFO_1001249,INDICATION,
CHEMBL1431,EFO_1001348,INDICATION,
CHEMBL1431,EFO_1001375,CONTRAINDICATION,
CHEMBL1431,EFO_1001459,INDICATION,
CHEMBL1431,EFO_1001465,INDICATION,
CHEMBL1431,EFO_1001492,INDICATION,
CHEMBL1431,EFO_1001496,INDICATION,
CHEMBL1431,EFO_1001512,INDICATION,
CHEMBL1431,EFO_1001892,INDICATION,
CHEMBL1431,EFO_1001901,INDICATION,
CHEMBL1431,EFO_1001951,INDICATION,
CHEMBL1431,MONDO_0000440,CONTRAINDICATION,
CHEMBL1431,MONDO_0001187,CONTRAINDICATION,
CHEMBL1431,MONDO_0001343,CONTRAINDICATION,
CHEMBL1431,MONDO_0001941,INDICATION,
CHEMBL1431,MONDO_0002009,INDICATION,
CHEMBL1431,MONDO_0002087,INDICATION,
CHEMBL1431,MONDO_0002108,INDICATION,
CHEMBL1431,MONDO_0002158,INDICATION,
CHEMBL1431,MONDO_0002520,CONTRAINDICATION,
CHEMBL1431,MONDO_0002691,INDICATION,
CHEMBL1431,MONDO_0002974,INDICATION,
CHEMBL1431,MONDO_0003005,CONTRAINDICATION,
CHEMBL1431,MONDO_0003783,CONTRAINDICATION,
CHEMBL1431,MONDO_0004658,INDICATION,
CHEMBL1431,MONDO_0004782,INDICATION,
CHEMBL1431,MONDO_0004985,INDICATION,
CHEMBL1431,MONDO_0004992,INDICATION,
CHEMBL1431,MONDO_0005041,INDICATION,
CHEMBL1431,MONDO_0005090,INDICATION,
CHEMBL1431,MONDO_0005147,INDICATION,
CHEMBL1431,MONDO_0005148,INDICATION,
CHEMBL1431,MONDO_0005178,INDICATION,
CHEMBL1431,MONDO_0005180,INDICATION,
CHEMBL1431,MONDO_0005184,INDICATION,
CHEMBL1431,MONDO_0005277,INDICATION,
CHEMBL1431,MONDO_0005299,INDICATION,
CHEMBL1431,MONDO_0005301,INDICATION,
CHEMBL1431,MONDO_0007079,CONTRAINDICATION,
CHEMBL1431,MONDO_0007254,INDICATION,
CHEMBL1431,MONDO_0007739,INDICATION,
CHEMBL1431,MONDO_0008170,INDICATION,
CHEMBL1431,MONDO_0008315,INDICATION,
CHEMBL1431,MONDO_0008903,INDICATION,
CHEMBL1431,MONDO_0010383,INDICATION,
CHEMBL1431,MONDO_0010679,INDICATION,
CHEMBL1431,MONDO_0011382,INDICATION,
CHEMBL1431,MONDO_0011962,INDICATION,
CHEMBL1431,MONDO_0015129,CONTRAINDICATION,
CHEMBL1431,MONDO_0015229,INDICATION,
CHEMBL1431,MONDO_0017276,INDICATION,
CHEMBL1431,MONDO_0017975,INDICATION,
CHEMBL1431,MONDO_0018076,INDICATION,
CHEMBL1431,MONDO_0018875,INDICATION,
CHEMBL1431,MONDO_0018906,INDICATION,
CHEMBL1431,MONDO_0019338,INDICATION,
CHEMBL1431,MONDO_0019353,INDICATION,
CHEMBL1431,MONDO_0019391,INDICATION,
CHEMBL1431,MONDO_0019801,CONTRAINDICATION,
CHEMBL1431,MONDO_0020121,INDICATION,
CHEMBL1431,MONDO_0021063,INDICATION,
CHEMBL1431,MONDO_0021350,INDICATION,
CHEMBL1431,MONDO_0024327,CONTRAINDICATION,
CHEMBL1431,MONDO_0044704,INDICATION,
CHEMBL1431,MONDO_0100096,INDICATION,
CHEMBL1431,MONDO_0100192,CONTRAINDICATION,
CHEMBL1431,MP_0001845,INDICATION,
CHEMBL1431,Orphanet_309005,INDICATION,
CHEMBL1431,Orphanet_733,INDICATION,
CHEMBL1433,DOID_7551,INDICATION,
CHEMBL1433,EFO_0000096,INDICATION,
CHEMBL1433,EFO_0000199,INDICATION,
CHEMBL1433,EFO_0000274,INDICATION,
CHEMBL1433,EFO_0000341,INDICATION,
CHEMBL1433,EFO_0000365,INDICATION,
CHEMBL1433,EFO_0000384,INDICATION,
CHEMBL1433,EFO_0000464,INDICATION,
CHEMBL1433,EFO_0000544,INDICATION,
CHEMBL1433,EFO_0000574,INDICATION,
CHEMBL1433,EFO_0000612,INDICATION,
CHEMBL1433,EFO_0000649,INDICATION,
CHEMBL1433,EFO_0000662,INDICATION,
CHEMBL1433,EFO_0000694,INDICATION,
CHEMBL1433,EFO_0000729,INDICATION,
CHEMBL1433,EFO_0000756,INDICATION,
CHEMBL1433,EFO_0000768,INDICATION,
CHEMBL1433,EFO_0000771,INDICATION,
CHEMBL1433,EFO_0000778,INDICATION,
CHEMBL1433,EFO_0001068,OFF_LABEL_USE,
CHEMBL1433,EFO_0001365,INDICATION,
CHEMBL1433,EFO_0002618,INDICATION,
CHEMBL1433,EFO_0002687,INDICATION,
CHEMBL1433,EFO_0002913,INDICATION,
CHEMBL1433,EFO_0003060,INDICATION,
CHEMBL1433,EFO_0003102,INDICATION,
CHEMBL1433,EFO_0003106,INDICATION,
CHEMBL1433,EFO_0003770,INDICATION,
CHEMBL1433,EFO_0003843,INDICATION,
CHEMBL1433,EFO_0003878,INDICATION,
CHEMBL1433,EFO_0003894,INDICATION,
CHEMBL1433,EFO_0004214,INDICATION,
CHEMBL1433,EFO_0005044,INDICATION,
CHEMBL1433,EFO_0005224,INDICATION,
CHEMBL1433,EFO_0005952,INDICATION,
CHEMBL1433,EFO_0007128,INDICATION,
CHEMBL1433,EFO_0007166,INDICATION,
CHEMBL1433,EFO_0007182,INDICATION,
CHEMBL1433,EFO_0007185,INDICATION,
CHEMBL1433,EFO_0007205,INDICATION,
CHEMBL1433,EFO_0007272,INDICATION,
CHEMBL1433,EFO_0007291,INDICATION,
CHEMBL1433,EFO_0007324,INDICATION,
CHEMBL1433,EFO_0007344,OFF_LABEL_USE,
CHEMBL1433,EFO_0007347,INDICATION,
CHEMBL1433,EFO_0007353,INDICATION,
CHEMBL1433,EFO_0007357,INDICATION,
CHEMBL1433,EFO_0007387,INDICATION,
CHEMBL1433,EFO_0007410,INDICATION,
CHEMBL1433,EFO_0007430,INDICATION,
CHEMBL1433,EFO_0007445,OFF_LABEL_USE,
CHEMBL1433,EFO_0007460,INDICATION,
CHEMBL1433,EFO_0007470,INDICATION,
CHEMBL1433,EFO_0007480,INDICATION,
CHEMBL1433,EFO_0007486,INDICATION,
CHEMBL1433,EFO_0007504,INDICATION,
CHEMBL1433,EFO_0007548,INDICATION,
CHEMBL1433,EFO_0008510,OFF_LABEL_USE,
CHEMBL1433,EFO_0008517,INDICATION,
CHEMBL1433,EFO_0009117,INDICATION,
CHEMBL1433,EFO_0009425,OFF_LABEL_USE,
CHEMBL1433,EFO_0009536,INDICATION,
CHEMBL1433,EFO_0009637,INDICATION,
CHEMBL1433,EFO_0009659,INDICATION,
CHEMBL1433,EFO_0009661,INDICATION,
CHEMBL1433,EFO_1000760,OFF_LABEL_USE,
CHEMBL1433,EFO_1000785,INDICATION,
CHEMBL1433,EFO_1000906,INDICATION,
CHEMBL1433,EFO_1001051,INDICATION,
CHEMBL1433,EFO_1001162,INDICATION,
CHEMBL1433,EFO_1001235,INDICATION,
CHEMBL1433,EFO_1001272,INDICATION,
CHEMBL1433,EFO_1001388,INDICATION,
CHEMBL1433,EFO_1001444,INDICATION,
CHEMBL1433,EFO_1001459,INDICATION,
CHEMBL1433,EFO_1001466,INDICATION,
CHEMBL1433,EFO_1001481,OFF_LABEL_USE,
CHEMBL1433,EFO_1001788,INDICATION,
CHEMBL1433,EFO_1001875,INDICATION,
CHEMBL1433,EFO_1001896,INDICATION,
CHEMBL1433,EFO_1001898,INDICATION,
CHEMBL1433,EFO_1001951,INDICATION,
CHEMBL1433,EFO_1002047,INDICATION,
CHEMBL1433,MONDO_0001080,INDICATION,
CHEMBL1433,MONDO_0001701,INDICATION,
CHEMBL1433,MONDO_0002258,INDICATION,
CHEMBL1433,MONDO_0002635,INDICATION,
CHEMBL1433,MONDO_0004215,INDICATION,
CHEMBL1433,MONDO_0004975,INDICATION,
CHEMBL1433,MONDO_0004992,INDICATION,
CHEMBL1433,MONDO_0005178,INDICATION,
CHEMBL1433,MONDO_0005180,INDICATION,
CHEMBL1433,MONDO_0005247,INDICATION,
CHEMBL1433,MONDO_0007039,INDICATION,
CHEMBL1433,MONDO_0007947,INDICATION,
CHEMBL1433,MONDO_0009061,INDICATION,
CHEMBL1433,MONDO_0017816,INDICATION,
CHEMBL1433,MONDO_0018076,INDICATION,
CHEMBL1433,MONDO_0019180,INDICATION,
CHEMBL1433,MONDO_0019362,INDICATION,
CHEMBL1433,MONDO_0019438,INDICATION,
CHEMBL1433,MONDO_0100096,INDICATION,
CHEMBL1433,MP_0001914,INDICATION,
CHEMBL1433361,EFO_0010282,INDICATION,
CHEMBL1434,DOID_7551,INDICATION,
CHEMBL1434,EFO_0000275,INDICATION,
CHEMBL1434,EFO_0000305,INDICATION,
CHEMBL1434,EFO_0000326,INDICATION,
CHEMBL1434,EFO_0000519,INDICATION,
CHEMBL1434,EFO_0000537,INDICATION,
CHEMBL1434,EFO_0000544,INDICATION,
CHEMBL1434,EFO_0000649,INDICATION,
CHEMBL1434,EFO_0000685,OFF_LABEL_USE,
CHEMBL1434,EFO_0000701,INDICATION,
CHEMBL1434,EFO_0000712,INDICATION,
CHEMBL1434,EFO_0000764,INDICATION,
CHEMBL1434,EFO_0000768,INDICATION,
CHEMBL1434,EFO_0000771,INDICATION,
CHEMBL1434,EFO_0000778,INDICATION,
CHEMBL1434,EFO_0001054,OFF_LABEL_USE,
CHEMBL1434,EFO_0001072,INDICATION,
CHEMBL1434,EFO_0001365,INDICATION,
CHEMBL1434,EFO_0001378,INDICATION,
CHEMBL1434,EFO_0002615,INDICATION,
CHEMBL1434,EFO_0002618,INDICATION,
CHEMBL1434,EFO_0003060,INDICATION,
CHEMBL1434,EFO_0003086,CONTRAINDICATION,
CHEMBL1434,EFO_0003102,INDICATION,
CHEMBL1434,EFO_0003103,INDICATION,
CHEMBL1434,EFO_0003106,INDICATION,
CHEMBL1434,EFO_0003756,INDICATION,
CHEMBL1434,EFO_0003758,INDICATION,
CHEMBL1434,EFO_0003894,INDICATION,
CHEMBL1434,EFO_0003929,INDICATION,
CHEMBL1434,EFO_0004240,INDICATION,
CHEMBL1434,EFO_0004242,INDICATION,
CHEMBL1434,EFO_0004268,INDICATION,
CHEMBL1434,EFO_0004364,INDICATION,
CHEMBL1434,EFO_0005224,INDICATION,
CHEMBL1434,EFO_0005407,INDICATION,
CHEMBL1434,EFO_0005411,INDICATION,
CHEMBL1434,EFO_0005669,INDICATION,
CHEMBL1434,EFO_0005687,INDICATION,
CHEMBL1434,EFO_0005773,INDICATION,
CHEMBL1434,EFO_0006790,INDICATION,
CHEMBL1434,EFO_0006859,INDICATION,
CHEMBL1434,EFO_0007128,INDICATION,
CHEMBL1434,EFO_0007166,INDICATION,
CHEMBL1434,EFO_0007185,INDICATION,
CHEMBL1434,EFO_0007291,INDICATION,
CHEMBL1434,EFO_0007324,INDICATION,
CHEMBL1434,EFO_0007347,INDICATION,
CHEMBL1434,EFO_0007353,INDICATION,
CHEMBL1434,EFO_0007386,INDICATION,
CHEMBL1434,EFO_0007387,OFF_LABEL_USE,
CHEMBL1434,EFO_0007397,OFF_LABEL_USE,
CHEMBL1434,EFO_0007410,INDICATION,
CHEMBL1434,EFO_0007486,INDICATION,
CHEMBL1434,EFO_0007504,INDICATION,
CHEMBL1434,EFO_0007548,INDICATION,
CHEMBL1434,EFO_0008517,INDICATION,
CHEMBL1434,EFO_0009425,INDICATION,
CHEMBL1434,EFO_0009430,INDICATION,
CHEMBL1434,EFO_0009450,INDICATION,
CHEMBL1434,EFO_0009661,INDICATION,
CHEMBL1434,EFO_0009854,INDICATION,
CHEMBL1434,EFO_1000714,INDICATION,
CHEMBL1434,EFO_1000760,INDICATION,
CHEMBL1434,EFO_1001132,CONTRAINDICATION,
CHEMBL1434,EFO_1001157,INDICATION,
CHEMBL1434,EFO_1001390,INDICATION,
CHEMBL1434,EFO_1001391,INDICATION,
CHEMBL1434,EFO_1001444,INDICATION,
CHEMBL1434,EFO_1001481,OFF_LABEL_USE,
CHEMBL1434,EFO_1001919,INDICATION,
CHEMBL1434,EFO_1001931,INDICATION,
CHEMBL1434,EFO_1001951,INDICATION,
CHEMBL1434,EFO_1002047,INDICATION,
CHEMBL1434,MONDO_0001080,INDICATION,
CHEMBL1434,MONDO_0002009,INDICATION,
CHEMBL1434,MONDO_0002050,INDICATION,
CHEMBL1434,MONDO_0002258,INDICATION,
CHEMBL1434,MONDO_0004789,OFF_LABEL_USE,
CHEMBL1434,MONDO_0004976,INDICATION,
CHEMBL1434,MONDO_0004979,INDICATION,
CHEMBL1434,MONDO_0004985,INDICATION,
CHEMBL1434,MONDO_0005090,INDICATION,
CHEMBL1434,MONDO_0005180,INDICATION,
CHEMBL1434,MONDO_0005301,INDICATION,
CHEMBL1434,MONDO_0007079,INDICATION,
CHEMBL1434,MONDO_0007113,INDICATION,
CHEMBL1434,MONDO_0007576,INDICATION,
CHEMBL1434,MONDO_0007739,INDICATION,
CHEMBL1434,MONDO_0007935,INDICATION,
CHEMBL1434,MONDO_0008903,INDICATION,
CHEMBL1434,MONDO_0009061,INDICATION,
CHEMBL1434,MONDO_0010383,INDICATION,
CHEMBL1434,MONDO_0019200,INDICATION,
CHEMBL1434,MONDO_0020590,OFF_LABEL_USE,
CHEMBL1434,MONDO_0024355,INDICATION,
CHEMBL1434,MONDO_0043510,INDICATION,
CHEMBL1434,MONDO_0100342,INDICATION,
CHEMBL1434,MP_0001914,INDICATION,
CHEMBL1434513,EFO_0000319,INDICATION,
CHEMBL1434513,EFO_0002497,INDICATION,
CHEMBL1434513,EFO_0004610,INDICATION,
CHEMBL1434513,EFO_0005251,INDICATION,
CHEMBL1434513,EFO_0007450,INDICATION,
CHEMBL1434513,MONDO_0001382,INDICATION,
CHEMBL1434513,MONDO_0008867,INDICATION,
CHEMBL1435,EFO_0000389,INDICATION,
CHEMBL1435,EFO_0000465,INDICATION,
CHEMBL1435,EFO_0000544,INDICATION,
CHEMBL1435,EFO_0000616,INDICATION,
CHEMBL1435,EFO_0000701,INDICATION,
CHEMBL1435,EFO_0000771,INDICATION,
CHEMBL1435,EFO_0001073,INDICATION,
CHEMBL1435,EFO_0003033,INDICATION,
CHEMBL1435,EFO_0003035,INDICATION,
CHEMBL1435,EFO_0003102,INDICATION,
CHEMBL1435,EFO_0003830,INDICATION,
CHEMBL1435,EFO_0003931,INDICATION,
CHEMBL1435,EFO_0004269,INDICATION,
CHEMBL1435,EFO_0005681,INDICATION,
CHEMBL1435,EFO_0007496,INDICATION,
CHEMBL1435,EFO_0007499,INDICATION,
CHEMBL1435,EFO_0009314,CONTRAINDICATION,
CHEMBL1435,EFO_1000830,INDICATION,
CHEMBL1435,EFO_1001272,INDICATION,
CHEMBL1435,MONDO_0002358,INDICATION,
CHEMBL1435,MONDO_0004789,INDICATION,
CHEMBL1435,MONDO_0005247,INDICATION,
CHEMBL1435,MONDO_0008315,INDICATION,
CHEMBL1435,MONDO_0021679,INDICATION,
CHEMBL1436,DOID_7551,INDICATION,
CHEMBL1436,EFO_0000544,INDICATION,
CHEMBL1436,EFO_0000771,INDICATION,
CHEMBL1436,EFO_0003086,CONTRAINDICATION,
CHEMBL1436,EFO_0003102,INDICATION,
CHEMBL1436,EFO_0003106,INDICATION,
CHEMBL1436,EFO_0005681,INDICATION,
CHEMBL1436,EFO_0007149,INDICATION,
CHEMBL1436,EFO_0007470,INDICATION,
CHEMBL1436,EFO_0007496,INDICATION,
CHEMBL1436,EFO_0007499,INDICATION,
CHEMBL1436,EFO_0008510,INDICATION,
CHEMBL1436,EFO_0009314,CONTRAINDICATION,
CHEMBL1436,EFO_1000831,INDICATION,
CHEMBL1436,EFO_1001272,INDICATION,
CHEMBL1436,EFO_1001318,INDICATION,
CHEMBL1436,EFO_1001888,INDICATION,
CHEMBL1436,MONDO_0001080,INDICATION,
CHEMBL1436,MONDO_0001316,INDICATION,
CHEMBL1436,MONDO_0002186,INDICATION,
CHEMBL1436,MONDO_0005247,INDICATION,
CHEMBL1436,MONDO_0016047,INDICATION,
CHEMBL1437,EFO_0000319,INDICATION,
CHEMBL1437,EFO_0000464,INDICATION,
CHEMBL1437,EFO_0000537,CONTRAINDICATION,
CHEMBL1437,EFO_0001073,INDICATION,
CHEMBL1437,EFO_0002497,INDICATION,
CHEMBL1437,EFO_0003777,INDICATION,
CHEMBL1437,EFO_0004610,INDICATION,
CHEMBL1437,EFO_0005207,INDICATION,
CHEMBL1437,EFO_0005251,INDICATION,
CHEMBL1437,EFO_0005252,INDICATION,
CHEMBL1437,EFO_0006834,INDICATION,
CHEMBL1437,EFO_0007450,INDICATION,
CHEMBL1437,EFO_0009661,INDICATION,
CHEMBL1437,MONDO_0000831,CONTRAINDICATION,
CHEMBL1437,MONDO_0001382,INDICATION,
CHEMBL1437,MONDO_0002050,INDICATION,
CHEMBL1437,MONDO_0004822,INDICATION,
CHEMBL1437,MONDO_0004979,INDICATION,
CHEMBL1437,MONDO_0008867,INDICATION,
CHEMBL1437,MONDO_0043510,INDICATION,
CHEMBL1437,MONDO_0043771,INDICATION,
CHEMBL1437,MP_0001845,INDICATION,
CHEMBL14370,EFO_0001358,INDICATION,
CHEMBL14370,EFO_0003843,INDICATION,
CHEMBL14370,EFO_0003888,INDICATION,
CHEMBL14370,EFO_0005230,INDICATION,
CHEMBL14370,EFO_0005687,INDICATION,
CHEMBL14370,EFO_1000783,INDICATION,
CHEMBL14370,MONDO_0002009,INDICATION,
CHEMBL14370,MONDO_0002050,INDICATION,
CHEMBL14370,MONDO_0005090,INDICATION,
CHEMBL14376,EFO_0000400,CONTRAINDICATION,
CHEMBL14376,EFO_0000474,CONTRAINDICATION,
CHEMBL14376,EFO_0000612,CONTRAINDICATION,
CHEMBL14376,EFO_0001073,CONTRAINDICATION,
CHEMBL14376,EFO_0001358,INDICATION,
CHEMBL14376,EFO_0001421,INDICATION,
CHEMBL14376,EFO_0005252,CONTRAINDICATION,
CHEMBL14376,EFO_0005307,CONTRAINDICATION,
CHEMBL14376,EFO_0005407,INDICATION,
CHEMBL14376,EFO_0007319,CONTRAINDICATION,
CHEMBL14376,EFO_0009963,INDICATION,
CHEMBL14376,EFO_1001379,CONTRAINDICATION,
CHEMBL14376,MONDO_0005090,INDICATION,
CHEMBL14376,MONDO_0018100,CONTRAINDICATION,
CHEMBL14376,MONDO_0019171,CONTRAINDICATION,
CHEMBL1437764,EFO_1000764,INDICATION,
CHEMBL1439,EFO_0000544,INDICATION,
CHEMBL1439,EFO_0003035,INDICATION,
CHEMBL1439,EFO_0003103,INDICATION,
CHEMBL1439,EFO_0003106,INDICATION,
CHEMBL1439,EFO_0007149,INDICATION,
CHEMBL1439,EFO_0008588,INDICATION,
CHEMBL1439,EFO_1001312,INDICATION,
CHEMBL1439,EFO_1001388,INDICATION,
CHEMBL1439,EFO_1001459,INDICATION,
CHEMBL1440,DOID_7551,INDICATION,
CHEMBL1440,EFO_0000275,CONTRAINDICATION,
CHEMBL1440,EFO_0000400,CONTRAINDICATION,
CHEMBL1440,EFO_0000474,CONTRAINDICATION,
CHEMBL1440,EFO_0000544,INDICATION,
CHEMBL1440,EFO_0000574,INDICATION,
CHEMBL1440,EFO_0000649,INDICATION,
CHEMBL1440,EFO_0000771,INDICATION,
CHEMBL1440,EFO_0000778,INDICATION,
CHEMBL1440,EFO_0001068,OFF_LABEL_USE,
CHEMBL1440,EFO_0003086,CONTRAINDICATION,
CHEMBL1440,EFO_0003100,CONTRAINDICATION,
CHEMBL1440,EFO_0003102,INDICATION,
CHEMBL1440,EFO_0003103,INDICATION,
CHEMBL1440,EFO_0003106,INDICATION,
CHEMBL1440,EFO_0003840,INDICATION,
CHEMBL1440,EFO_0003929,INDICATION,
CHEMBL1440,EFO_0003932,INDICATION,
CHEMBL1440,EFO_0004274,CONTRAINDICATION,
CHEMBL1440,EFO_0004607,INDICATION,
CHEMBL1440,EFO_0005224,INDICATION,
CHEMBL1440,EFO_0005774,CONTRAINDICATION,
CHEMBL1440,EFO_0005952,INDICATION,
CHEMBL1440,EFO_0007128,INDICATION,
CHEMBL1440,EFO_0007185,INDICATION,
CHEMBL1440,EFO_0007287,CONTRAINDICATION,
CHEMBL1440,EFO_0007291,INDICATION,
CHEMBL1440,EFO_0007324,INDICATION,
CHEMBL1440,EFO_0007353,INDICATION,
CHEMBL1440,EFO_0007363,INDICATION,
CHEMBL1440,EFO_0007387,OFF_LABEL_USE,
CHEMBL1440,EFO_0007410,INDICATION,
CHEMBL1440,EFO_0007486,INDICATION,
CHEMBL1440,EFO_0007504,INDICATION,
CHEMBL1440,EFO_0007543,INDICATION,
CHEMBL1440,EFO_0007548,INDICATION,
CHEMBL1440,EFO_0008510,INDICATION,
CHEMBL1440,EFO_0009314,CONTRAINDICATION,
CHEMBL1440,EFO_0009425,OFF_LABEL_USE,
CHEMBL1440,EFO_0009516,INDICATION,
CHEMBL1440,EFO_0009661,INDICATION,
CHEMBL1440,EFO_1000760,OFF_LABEL_USE,
CHEMBL1440,EFO_1000829,INDICATION,
CHEMBL1440,EFO_1000961,INDICATION,
CHEMBL1440,EFO_1001226,CONTRAINDICATION,
CHEMBL1440,EFO_1001444,OFF_LABEL_USE,
CHEMBL1440,EFO_1001450,CONTRAINDICATION,
CHEMBL1440,EFO_1001481,OFF_LABEL_USE,
CHEMBL1440,EFO_1001888,INDICATION,
CHEMBL1440,MONDO_0000468,CONTRAINDICATION,
CHEMBL1440,MONDO_0001078,OFF_LABEL_USE,
CHEMBL1440,MONDO_0001080,INDICATION,
CHEMBL1440,MONDO_0002258,INDICATION,
CHEMBL1440,MONDO_0002307,OFF_LABEL_USE,
CHEMBL1440,MONDO_0002462,CONTRAINDICATION,
CHEMBL1440,MONDO_0004789,OFF_LABEL_USE,
CHEMBL1440,MONDO_0007079,CONTRAINDICATION,
CHEMBL1440,MONDO_0018100,CONTRAINDICATION,
CHEMBL1440,MONDO_0021201,INDICATION,
CHEMBL1440,MONDO_0100192,CONTRAINDICATION,
CHEMBL1441,EFO_0000400,CONTRAINDICATION,
CHEMBL1441,EFO_0001054,OFF_LABEL_USE,
CHEMBL1441,EFO_0003102,INDICATION,
CHEMBL1441,EFO_0004705,CONTRAINDICATION,
CHEMBL1441,EFO_0007381,INDICATION,
CHEMBL1441,EFO_1000039,OFF_LABEL_USE,
CHEMBL1441,EFO_1000049,INDICATION,
CHEMBL1441,MONDO_0007079,CONTRAINDICATION,
CHEMBL1441,MONDO_0018076,INDICATION,
CHEMBL1441,MONDO_0100192,CONTRAINDICATION,
CHEMBL1441059,EFO_0000319,INDICATION,
CHEMBL1441059,EFO_0000341,INDICATION,
CHEMBL1441059,EFO_0003818,INDICATION,
CHEMBL1441059,EFO_0008590,INDICATION,
CHEMBL1441059,MONDO_0004979,INDICATION,
CHEMBL1441059,MONDO_0100130,INDICATION,
CHEMBL1441961,EFO_0009454,INDICATION,
CHEMBL1442422,MONDO_0002009,INDICATION,
CHEMBL1442934,EFO_0000616,INDICATION,
CHEMBL1443,EFO_0000544,INDICATION,
CHEMBL1443,EFO_0000771,INDICATION,
CHEMBL1443,EFO_0003033,INDICATION,
CHEMBL1443,EFO_0003086,CONTRAINDICATION,
CHEMBL1443,EFO_0003102,INDICATION,
CHEMBL1443,EFO_0005681,INDICATION,
CHEMBL1443,EFO_0007326,CONTRAINDICATION,
CHEMBL1443,EFO_0007496,INDICATION,
CHEMBL1443,EFO_1001849,INDICATION,
CHEMBL1443,MONDO_0021679,INDICATION,
CHEMBL1444,EFO_0000279,INDICATION,
CHEMBL1444,EFO_0000305,INDICATION,
CHEMBL1444,EFO_0000313,INDICATION,
CHEMBL1444,EFO_0000432,INDICATION,
CHEMBL1444,EFO_0000466,INDICATION,
CHEMBL1444,EFO_0000545,INDICATION,
CHEMBL1444,EFO_0000553,INDICATION,
CHEMBL1444,EFO_0000564,INDICATION,
CHEMBL1444,EFO_0000588,INDICATION,
CHEMBL1444,EFO_0000616,INDICATION,
CHEMBL1444,EFO_0000660,INDICATION,
CHEMBL1444,EFO_0000731,INDICATION,
CHEMBL1444,EFO_0001065,INDICATION,
CHEMBL1444,EFO_0001075,INDICATION,
CHEMBL1444,EFO_0001416,INDICATION,
CHEMBL1444,EFO_0001422,CONTRAINDICATION,
CHEMBL1444,EFO_0002950,INDICATION,
CHEMBL1444,EFO_0003060,INDICATION,
CHEMBL1444,EFO_0003763,CONTRAINDICATION,
CHEMBL1444,EFO_0003833,INDICATION,
CHEMBL1444,EFO_0003859,INDICATION,
CHEMBL1444,EFO_0003869,INDICATION,
CHEMBL1444,EFO_0003882,CONTRAINDICATION,
CHEMBL1444,EFO_0003968,INDICATION,
CHEMBL1444,EFO_0004230,INDICATION,
CHEMBL1444,EFO_0004248,INDICATION,
CHEMBL1444,EFO_0005537,INDICATION,
CHEMBL1444,EFO_0005952,INDICATION,
CHEMBL1444,EFO_0008509,INDICATION,
CHEMBL1444,EFO_0009708,INDICATION,
CHEMBL1444,EFO_1000251,INDICATION,
CHEMBL1444,EFO_1000984,INDICATION,
CHEMBL1444,EFO_1001346,INDICATION,
CHEMBL1444,EFO_1001512,INDICATION,
CHEMBL1444,EFO_1001757,INDICATION,
CHEMBL1444,MONDO_0002087,INDICATION,
CHEMBL1444,MONDO_0002158,INDICATION,
CHEMBL1444,MONDO_0002715,INDICATION,
CHEMBL1444,MONDO_0002775,INDICATION,
CHEMBL1444,MONDO_0007254,INDICATION,
CHEMBL1444,MONDO_0008170,OFF_LABEL_USE,
CHEMBL1444,MONDO_0011705,INDICATION,
CHEMBL1444,MONDO_0011962,INDICATION,
CHEMBL1444,MONDO_0011972,INDICATION,
CHEMBL1444,MONDO_0018555,INDICATION,
CHEMBL1444,MONDO_0100192,CONTRAINDICATION,
CHEMBL1444,Orphanet_145,INDICATION,
CHEMBL1445,EFO_0000400,CONTRAINDICATION,
CHEMBL1445,EFO_0000474,CONTRAINDICATION,
CHEMBL1445,EFO_0000537,CONTRAINDICATION,
CHEMBL1445,EFO_0000612,CONTRAINDICATION,
CHEMBL1445,EFO_0000616,INDICATION,
CHEMBL1445,EFO_0000712,CONTRAINDICATION,
CHEMBL1445,EFO_0001065,CONTRAINDICATION,
CHEMBL1445,EFO_0001073,CONTRAINDICATION,
CHEMBL1445,EFO_0001645,CONTRAINDICATION,
CHEMBL1445,EFO_0003086,CONTRAINDICATION,
CHEMBL1445,EFO_0003144,CONTRAINDICATION,
CHEMBL1445,EFO_0003832,CONTRAINDICATION,
CHEMBL1445,EFO_0004152,CONTRAINDICATION,
CHEMBL1445,EFO_0004562,INDICATION,
CHEMBL1445,EFO_0004705,CONTRAINDICATION,
CHEMBL1445,EFO_0009315,CONTRAINDICATION,
CHEMBL1445,EFO_1001006,INDICATION,
CHEMBL1445,EFO_1001078,INDICATION,
CHEMBL1445,EFO_1001512,CONTRAINDICATION,
CHEMBL1445,MONDO_0001566,CONTRAINDICATION,
CHEMBL1445,MONDO_0001627,CONTRAINDICATION,
CHEMBL1445,MONDO_0002146,INDICATION,
CHEMBL1445,MONDO_0002280,OFF_LABEL_USE,
CHEMBL1445,MONDO_0002520,CONTRAINDICATION,
CHEMBL1445,MONDO_0004979,CONTRAINDICATION,
CHEMBL1445,MONDO_0005277,CONTRAINDICATION,
CHEMBL1445,MONDO_0007254,INDICATION,
CHEMBL1445,MONDO_0007915,CONTRAINDICATION,
CHEMBL1445,MONDO_0008170,CONTRAINDICATION,
CHEMBL1445,MONDO_0018997,INDICATION,
CHEMBL1445,MONDO_0021259,CONTRAINDICATION,
CHEMBL1445,MONDO_0037748,CONTRAINDICATION,
CHEMBL1446,EFO_0003102,INDICATION,
CHEMBL1446,EFO_0004142,INDICATION,
CHEMBL144673,EFO_0000544,INDICATION,
CHEMBL1446813,EFO_0001073,INDICATION,
CHEMBL1446813,EFO_0003888,INDICATION,
CHEMBL1447,EFO_0000544,INDICATION,
CHEMBL1447,EFO_0000771,INDICATION,
CHEMBL1447,EFO_0000772,INDICATION,
CHEMBL1447,EFO_0003102,INDICATION,
CHEMBL1447,EFO_0003872,CONTRAINDICATION,
CHEMBL1447,EFO_1001314,INDICATION,
CHEMBL1447,EFO_1001476,INDICATION,
CHEMBL1447,EFO_1001849,INDICATION,
CHEMBL1447,MONDO_0005301,INDICATION,
CHEMBL1447,MONDO_0100192,CONTRAINDICATION,
CHEMBL1448,EFO_0000196,INDICATION,
CHEMBL1448,EFO_0000222,INDICATION,
CHEMBL1448,EFO_0000401,INDICATION,
CHEMBL1448,EFO_0000685,INDICATION,
CHEMBL1448,EFO_1001342,INDICATION,
CHEMBL1448,EFO_1001951,INDICATION,
CHEMBL1448,MONDO_0021063,INDICATION,
CHEMBL1448,MONDO_0100096,INDICATION,
CHEMBL1448,Orphanet_733,INDICATION,
CHEMBL1448187,EFO_0000677,INDICATION,
CHEMBL1448187,EFO_0001378,INDICATION,
CHEMBL1449,EFO_0000544,INDICATION,
CHEMBL1449,EFO_0000771,INDICATION,
CHEMBL1449,EFO_0003086,CONTRAINDICATION,
CHEMBL1449,EFO_0003102,INDICATION,
CHEMBL1449,EFO_0003103,INDICATION,
CHEMBL1449,EFO_0005681,INDICATION,
CHEMBL1449,EFO_0007326,CONTRAINDICATION,
CHEMBL1449,EFO_0007470,INDICATION,
CHEMBL1449,EFO_0007496,INDICATION,
CHEMBL1449,EFO_0009680,INDICATION,
CHEMBL1449,EFO_1000929,OFF_LABEL_USE,
CHEMBL1449,EFO_1001272,INDICATION,
CHEMBL1449,EFO_1001318,INDICATION,
CHEMBL1449,EFO_1001362,INDICATION,
CHEMBL1449,MONDO_0001920,OFF_LABEL_USE,
CHEMBL1449,MONDO_0003619,INDICATION,
CHEMBL1449,MONDO_0004789,OFF_LABEL_USE,
CHEMBL1449,MONDO_0005247,INDICATION,
CHEMBL1449676,EFO_0000771,INDICATION,
CHEMBL1449676,EFO_0007144,INDICATION,
CHEMBL1449676,EFO_1000657,INDICATION,
CHEMBL1449676,MONDO_0021063,INDICATION,
CHEMBL145,EFO_0007160,INDICATION,
CHEMBL145,MONDO_0007576,INDICATION,
CHEMBL1450,EFO_0000222,INDICATION,
CHEMBL1450,EFO_0001068,INDICATION,
CHEMBL1450,EFO_0003060,INDICATION,
CHEMBL1450,EFO_0003948,INDICATION,
CHEMBL1450,EFO_0007144,INDICATION,
CHEMBL1450,EFO_0007162,OFF_LABEL_USE,
CHEMBL1450,EFO_0007200,INDICATION,
CHEMBL1450,EFO_0007444,INDICATION,
CHEMBL1450,EFO_0007445,OFF_LABEL_USE,
CHEMBL1450,EFO_0007448,INDICATION,
CHEMBL1450,EFO_0007517,OFF_LABEL_USE,
CHEMBL1450,MONDO_0044751,CONTRAINDICATION,
CHEMBL1450,MONDO_0100096,INDICATION,
CHEMBL1450,MONDO_0100192,CONTRAINDICATION,
CHEMBL1451,EFO_0000217,CONTRAINDICATION,
CHEMBL1451,EFO_0000220,INDICATION,
CHEMBL1451,EFO_0000274,INDICATION,
CHEMBL1451,EFO_0000341,OFF_LABEL_USE,
CHEMBL1451,EFO_0000342,INDICATION,
CHEMBL1451,EFO_0000384,INDICATION,
CHEMBL1451,EFO_0000400,CONTRAINDICATION,
CHEMBL1451,EFO_0000474,CONTRAINDICATION,
CHEMBL1451,EFO_0000537,CONTRAINDICATION,
CHEMBL1451,EFO_0000676,INDICATION,
CHEMBL1451,EFO_0000685,INDICATION,
CHEMBL1451,EFO_0000701,INDICATION,
CHEMBL1451,EFO_0000756,INDICATION,
CHEMBL1451,EFO_0000771,CONTRAINDICATION,
CHEMBL1451,EFO_0001060,OFF_LABEL_USE,
CHEMBL1451,EFO_0001365,INDICATION,
CHEMBL1451,EFO_0001378,OFF_LABEL_USE,
CHEMBL1451,EFO_0001380,CONTRAINDICATION,
CHEMBL1451,EFO_0001422,CONTRAINDICATION,
CHEMBL1451,EFO_0003767,INDICATION,
CHEMBL1451,EFO_0003770,INDICATION,
CHEMBL1451,EFO_0003778,INDICATION,
CHEMBL1451,EFO_0003843,INDICATION,
CHEMBL1451,EFO_0003882,CONTRAINDICATION,
CHEMBL1451,EFO_0003898,INDICATION,
CHEMBL1451,EFO_0003963,INDICATION,
CHEMBL1451,EFO_0003966,INDICATION,
CHEMBL1451,EFO_0004145,CONTRAINDICATION,
CHEMBL1451,EFO_0004190,CONTRAINDICATION,
CHEMBL1451,EFO_0004192,INDICATION,
CHEMBL1451,EFO_0004208,INDICATION,
CHEMBL1451,EFO_0004212,INDICATION,
CHEMBL1451,EFO_0004255,INDICATION,
CHEMBL1451,EFO_0004264,INDICATION,
CHEMBL1451,EFO_0004616,INDICATION,
CHEMBL1451,EFO_0004683,INDICATION,
CHEMBL1451,EFO_0004705,CONTRAINDICATION,
CHEMBL1451,EFO_0005319,INDICATION,
CHEMBL1451,EFO_0005407,CONTRAINDICATION,
CHEMBL1451,EFO_0005532,INDICATION,
CHEMBL1451,EFO_0005741,CONTRAINDICATION,
CHEMBL1451,EFO_0005752,INDICATION,
CHEMBL1451,EFO_0005762,INDICATION,
CHEMBL1451,EFO_0005809,INDICATION,
CHEMBL1451,EFO_0005854,INDICATION,
CHEMBL1451,EFO_0005952,INDICATION,
CHEMBL1451,EFO_0006509,CONTRAINDICATION,
CHEMBL1451,EFO_0006803,OFF_LABEL_USE,
CHEMBL1451,EFO_0006857,CONTRAINDICATION,
CHEMBL1451,EFO_0007187,OFF_LABEL_USE,
CHEMBL1451,EFO_0007308,CONTRAINDICATION,
CHEMBL1451,EFO_0007368,INDICATION,
CHEMBL1451,EFO_0007406,CONTRAINDICATION,
CHEMBL1451,EFO_0007409,CONTRAINDICATION,
CHEMBL1451,EFO_0007427,OFF_LABEL_USE,
CHEMBL1451,EFO_0007486,INDICATION,
CHEMBL1451,EFO_0007501,CONTRAINDICATION,
CHEMBL1451,EFO_0008496,OFF_LABEL_USE,
CHEMBL1451,EFO_0008517,INDICATION,
CHEMBL1451,EFO_0008518,OFF_LABEL_USE,
CHEMBL1451,EFO_0008997,INDICATION,
CHEMBL1451,EFO_0009012,OFF_LABEL_USE,
CHEMBL1451,EFO_0009456,INDICATION,
CHEMBL1451,EFO_0009491,INDICATION,
CHEMBL1451,EFO_0009552,INDICATION,
CHEMBL1451,EFO_0009661,OFF_LABEL_USE,
CHEMBL1451,EFO_0009676,INDICATION,
CHEMBL1451,EFO_1000391,OFF_LABEL_USE,
CHEMBL1451,EFO_1000662,INDICATION,
CHEMBL1451,EFO_1000684,INDICATION,
CHEMBL1451,EFO_1000694,INDICATION,
CHEMBL1451,EFO_1000697,INDICATION,
CHEMBL1451,EFO_1000704,INDICATION,
CHEMBL1451,EFO_1000726,INDICATION,
CHEMBL1451,EFO_1000749,INDICATION,
CHEMBL1451,EFO_1000764,INDICATION,
CHEMBL1451,EFO_1000766,CONTRAINDICATION,
CHEMBL1451,EFO_1000786,INDICATION,
CHEMBL1451,EFO_1000809,INDICATION,
CHEMBL1451,EFO_1000845,INDICATION,
CHEMBL1451,EFO_1000879,INDICATION,
CHEMBL1451,EFO_1001051,INDICATION,
CHEMBL1451,EFO_1001069,CONTRAINDICATION,
CHEMBL1451,EFO_1001070,CONTRAINDICATION,
CHEMBL1451,EFO_1001077,INDICATION,
CHEMBL1451,EFO_1001157,INDICATION,
CHEMBL1451,EFO_1001160,OFF_LABEL_USE,
CHEMBL1451,EFO_1001161,INDICATION,
CHEMBL1451,EFO_1001205,INDICATION,
CHEMBL1451,EFO_1001231,INDICATION,
CHEMBL1451,EFO_1001250,INDICATION,
CHEMBL1451,EFO_1001264,INDICATION,
CHEMBL1451,EFO_1001399,INDICATION,
CHEMBL1451,EFO_1001417,INDICATION,
CHEMBL1451,EFO_1001435,INDICATION,
CHEMBL1451,EFO_1001492,INDICATION,
CHEMBL1451,EFO_1001887,INDICATION,
CHEMBL1451,EFO_1002022,CONTRAINDICATION,
CHEMBL1451,EFO_1002025,CONTRAINDICATION,
CHEMBL1451,MONDO_0000879,INDICATION,
CHEMBL1451,MONDO_0001198,INDICATION,
CHEMBL1451,MONDO_0001576,CONTRAINDICATION,
CHEMBL1451,MONDO_0002041,CONTRAINDICATION,
CHEMBL1451,MONDO_0002471,INDICATION,
CHEMBL1451,MONDO_0002959,INDICATION,
CHEMBL1451,MONDO_0003005,INDICATION,
CHEMBL1451,MONDO_0004126,INDICATION,
CHEMBL1451,MONDO_0004247,CONTRAINDICATION,
CHEMBL1451,MONDO_0004857,INDICATION,
CHEMBL1451,MONDO_0004979,INDICATION,
CHEMBL1451,MONDO_0005041,CONTRAINDICATION,
CHEMBL1451,MONDO_0005178,INDICATION,
CHEMBL1451,MONDO_0005301,INDICATION,
CHEMBL1451,MONDO_0007915,INDICATION,
CHEMBL1451,MONDO_0008814,CONTRAINDICATION,
CHEMBL1451,MONDO_0009348,INDICATION,
CHEMBL1451,MONDO_0015129,INDICATION,
CHEMBL1451,MONDO_0015253,INDICATION,
CHEMBL1451,MONDO_0015758,INDICATION,
CHEMBL1451,MONDO_0015991,CONTRAINDICATION,
CHEMBL1451,MONDO_0018076,CONTRAINDICATION,
CHEMBL1451,MONDO_0018097,OFF_LABEL_USE,
CHEMBL1451,MONDO_0018373,CONTRAINDICATION,
CHEMBL1451,MONDO_0018479,INDICATION,
CHEMBL1451,MONDO_0018906,INDICATION,
CHEMBL1451,MONDO_0019170,OFF_LABEL_USE,
CHEMBL1451,MONDO_0019338,INDICATION,
CHEMBL1451,MONDO_0019801,INDICATION,
CHEMBL1451,MONDO_0020944,CONTRAINDICATION,
CHEMBL1451,MONDO_0020950,CONTRAINDICATION,
CHEMBL1451,MONDO_0024636,OFF_LABEL_USE,
CHEMBL1451,Orphanet_124,INDICATION,
CHEMBL1451,Orphanet_90,CONTRAINDICATION,
CHEMBL1451173,EFO_0003843,INDICATION,
CHEMBL1451179,EFO_0001067,INDICATION,
CHEMBL1451633,MONDO_0005178,INDICATION,
CHEMBL1452696,EFO_0005755,INDICATION,
CHEMBL1453317,EFO_0001067,INDICATION,
CHEMBL1454,EFO_0000182,INDICATION,
CHEMBL1454,EFO_0003894,INDICATION,
CHEMBL1454,EFO_0004255,INDICATION,
CHEMBL1454,EFO_0007145,INDICATION,
CHEMBL1454,EFO_0007154,INDICATION,
CHEMBL1454,EFO_1001342,INDICATION,
CHEMBL1454,EFO_1001951,INDICATION,
CHEMBL1454,MONDO_0100096,INDICATION,
CHEMBL1454910,EFO_0000771,INDICATION,
CHEMBL1454946,EFO_1001342,INDICATION,
CHEMBL1455,EFO_0000574,INDICATION,
CHEMBL1455,EFO_0000616,INDICATION,
CHEMBL1455,EFO_0000691,INDICATION,
CHEMBL1455,EFO_0003100,CONTRAINDICATION,
CHEMBL1455,MONDO_0002280,CONTRAINDICATION,
CHEMBL1455,MONDO_0008170,INDICATION,
CHEMBL1456,DOID_13406,INDICATION,
CHEMBL1456,EFO_0000095,INDICATION,
CHEMBL1456,EFO_0000096,INDICATION,
CHEMBL1456,EFO_0000182,INDICATION,
CHEMBL1456,EFO_0000183,INDICATION,
CHEMBL1456,EFO_0000191,INDICATION,
CHEMBL1456,EFO_0000198,INDICATION,
CHEMBL1456,EFO_0000211,INDICATION,
CHEMBL1456,EFO_0000220,INDICATION,
CHEMBL1456,EFO_0000222,INDICATION,
CHEMBL1456,EFO_0000255,INDICATION,
CHEMBL1456,EFO_0000309,INDICATION,
CHEMBL1456,EFO_0000318,INDICATION,
CHEMBL1456,EFO_0000319,INDICATION,
CHEMBL1456,EFO_0000339,INDICATION,
CHEMBL1456,EFO_0000384,INDICATION,
CHEMBL1456,EFO_0000389,INDICATION,
CHEMBL1456,EFO_0000401,INDICATION,
CHEMBL1456,EFO_0000403,INDICATION,
CHEMBL1456,EFO_0000404,INDICATION,
CHEMBL1456,EFO_0000519,INDICATION,
CHEMBL1456,EFO_0000537,INDICATION,
CHEMBL1456,EFO_0000565,INDICATION,
CHEMBL1456,EFO_0000574,CONTRAINDICATION,
CHEMBL1456,EFO_0000616,INDICATION,
CHEMBL1456,EFO_0000621,INDICATION,
CHEMBL1456,EFO_0000676,INDICATION,
CHEMBL1456,EFO_0000681,INDICATION,
CHEMBL1456,EFO_0000685,INDICATION,
CHEMBL1456,EFO_0000699,INDICATION,
CHEMBL1456,EFO_0000702,INDICATION,
CHEMBL1456,EFO_0000717,INDICATION,
CHEMBL1456,EFO_0000764,INDICATION,
CHEMBL1456,EFO_0001062,CONTRAINDICATION,
CHEMBL1456,EFO_0001365,INDICATION,
CHEMBL1456,EFO_0001378,INDICATION,
CHEMBL1456,EFO_0001421,INDICATION,
CHEMBL1456,EFO_0001642,INDICATION,
CHEMBL1456,EFO_0002428,INDICATION,
CHEMBL1456,EFO_0002429,INDICATION,
CHEMBL1456,EFO_0002430,INDICATION,
CHEMBL1456,EFO_0002618,INDICATION,
CHEMBL1456,EFO_0003032,INDICATION,
CHEMBL1456,EFO_0003047,INDICATION,
CHEMBL1456,EFO_0003086,INDICATION,
CHEMBL1456,EFO_0003777,INDICATION,
CHEMBL1456,EFO_0003884,INDICATION,
CHEMBL1456,EFO_0004194,INDICATION,
CHEMBL1456,EFO_0004228,INDICATION,
CHEMBL1456,EFO_0004236,INDICATION,
CHEMBL1456,EFO_0004244,INDICATION,
CHEMBL1456,EFO_0004251,INDICATION,
CHEMBL1456,EFO_0004254,INDICATION,
CHEMBL1456,EFO_0004255,INDICATION,
CHEMBL1456,EFO_0004256,INDICATION,
CHEMBL1456,EFO_0004274,INDICATION,
CHEMBL1456,EFO_0004599,INDICATION,
CHEMBL1456,EFO_0004719,INDICATION,
CHEMBL1456,EFO_0004826,INDICATION,
CHEMBL1456,EFO_0004991,INDICATION,
CHEMBL1456,EFO_0005140,INDICATION,
CHEMBL1456,EFO_0005297,INDICATION,
CHEMBL1456,EFO_0005761,INDICATION,
CHEMBL1456,EFO_0005952,INDICATION,
CHEMBL1456,EFO_0006510,CONTRAINDICATION,
CHEMBL1456,EFO_0006803,INDICATION,
CHEMBL1456,EFO_0006927,INDICATION,
CHEMBL1456,EFO_0007160,INDICATION,
CHEMBL1456,EFO_0007187,INDICATION,
CHEMBL1456,EFO_0007196,INDICATION,
CHEMBL1456,EFO_0007359,INDICATION,
CHEMBL1456,EFO_0007455,CONTRAINDICATION,
CHEMBL1456,EFO_0008507,INDICATION,
CHEMBL1456,EFO_0009441,INDICATION,
CHEMBL1456,EFO_1000102,INDICATION,
CHEMBL1456,EFO_1000309,INDICATION,
CHEMBL1456,EFO_1000318,INDICATION,
CHEMBL1456,EFO_1000560,INDICATION,
CHEMBL1456,EFO_1000680,INDICATION,
CHEMBL1456,EFO_1000690,INDICATION,
CHEMBL1456,EFO_1000784,INDICATION,
CHEMBL1456,EFO_1000785,INDICATION,
CHEMBL1456,EFO_1000956,INDICATION,
CHEMBL1456,EFO_1000965,INDICATION,
CHEMBL1456,EFO_1001017,INDICATION,
CHEMBL1456,EFO_1001051,INDICATION,
CHEMBL1456,EFO_1001231,INDICATION,
CHEMBL1456,EFO_1001345,INDICATION,
CHEMBL1456,EFO_1001465,INDICATION,
CHEMBL1456,EFO_1001469,INDICATION,
CHEMBL1456,EFO_1001779,INDICATION,
CHEMBL1456,EFO_1001857,INDICATION,
CHEMBL1456,EFO_1002022,CONTRAINDICATION,
CHEMBL1456,EFO_1002048,INDICATION,
CHEMBL1456,MONDO_0000870,INDICATION,
CHEMBL1456,MONDO_0000873,INDICATION,
CHEMBL1456,MONDO_0001705,INDICATION,
CHEMBL1456,MONDO_0002334,INDICATION,
CHEMBL1456,MONDO_0002367,INDICATION,
CHEMBL1456,MONDO_0002898,CONTRAINDICATION,
CHEMBL1456,MONDO_0004976,INDICATION,
CHEMBL1456,MONDO_0004992,INDICATION,
CHEMBL1456,MONDO_0005147,INDICATION,
CHEMBL1456,MONDO_0005301,INDICATION,
CHEMBL1456,MONDO_0007915,INDICATION,
CHEMBL1456,MONDO_0009387,INDICATION,
CHEMBL1456,MONDO_0009833,INDICATION,
CHEMBL1456,MONDO_0010298,CONTRAINDICATION,
CHEMBL1456,MONDO_0010518,INDICATION,
CHEMBL1456,MONDO_0011382,INDICATION,
CHEMBL1456,MONDO_0013730,INDICATION,
CHEMBL1456,MONDO_0015253,INDICATION,
CHEMBL1456,MONDO_0015760,INDICATION,
CHEMBL1456,MONDO_0015974,INDICATION,
CHEMBL1456,MONDO_0018906,INDICATION,
CHEMBL1456,MONDO_0018923,INDICATION,
CHEMBL1456,MONDO_0019262,INDICATION,
CHEMBL1456,MONDO_0019391,INDICATION,
CHEMBL1456,MONDO_0019469,INDICATION,
CHEMBL1456,MONDO_0019471,INDICATION,
CHEMBL1456,MONDO_0019472,INDICATION,
CHEMBL1456,MONDO_0020547,INDICATION,
CHEMBL1456,MONDO_0021193,INDICATION,
CHEMBL1456,MONDO_0044881,INDICATION,
CHEMBL1456,MONDO_0044903,INDICATION,
CHEMBL1456,MONDO_0100244,INDICATION,
CHEMBL1456,Orphanet_79292,INDICATION,
CHEMBL1456,Orphanet_848,INDICATION,
CHEMBL1457,EFO_0000341,CONTRAINDICATION,
CHEMBL1457,EFO_0000400,CONTRAINDICATION,
CHEMBL1457,EFO_0000464,CONTRAINDICATION,
CHEMBL1457,EFO_0000474,CONTRAINDICATION,
CHEMBL1457,EFO_0000537,CONTRAINDICATION,
CHEMBL1457,EFO_0000546,INDICATION,
CHEMBL1457,EFO_0000612,CONTRAINDICATION,
CHEMBL1457,EFO_0000729,CONTRAINDICATION,
CHEMBL1457,EFO_0001064,CONTRAINDICATION,
CHEMBL1457,EFO_0001074,CONTRAINDICATION,
CHEMBL1457,EFO_0001421,INDICATION,
CHEMBL1457,EFO_0001645,CONTRAINDICATION,
CHEMBL1457,EFO_0003086,CONTRAINDICATION,
CHEMBL1457,EFO_0003767,CONTRAINDICATION,
CHEMBL1457,EFO_0003832,CONTRAINDICATION,
CHEMBL1457,EFO_0003833,CONTRAINDICATION,
CHEMBL1457,EFO_0003843,INDICATION,
CHEMBL1457,EFO_0003890,CONTRAINDICATION,
CHEMBL1457,EFO_0003966,INDICATION,
CHEMBL1457,EFO_0004274,CONTRAINDICATION,
CHEMBL1457,EFO_0004705,CONTRAINDICATION,
CHEMBL1457,EFO_0004991,CONTRAINDICATION,
CHEMBL1457,EFO_0005251,CONTRAINDICATION,
CHEMBL1457,EFO_0005306,CONTRAINDICATION,
CHEMBL1457,EFO_0005762,INDICATION,
CHEMBL1457,EFO_0005854,INDICATION,
CHEMBL1457,EFO_0007214,INDICATION,
CHEMBL1457,EFO_0007467,CONTRAINDICATION,
CHEMBL1457,EFO_0008521,INDICATION,
CHEMBL1457,EFO_0009086,CONTRAINDICATION,
CHEMBL1457,EFO_0009189,CONTRAINDICATION,
CHEMBL1457,EFO_0009314,CONTRAINDICATION,
CHEMBL1457,EFO_0009454,CONTRAINDICATION,
CHEMBL1457,EFO_0009571,CONTRAINDICATION,
CHEMBL1457,EFO_0009615,INDICATION,
CHEMBL1457,EFO_0009910,CONTRAINDICATION,
CHEMBL1457,EFO_1000014,CONTRAINDICATION,
CHEMBL1457,EFO_1000391,CONTRAINDICATION,
CHEMBL1457,EFO_1000652,CONTRAINDICATION,
CHEMBL1457,EFO_1000800,CONTRAINDICATION,
CHEMBL1457,EFO_1000902,CONTRAINDICATION,
CHEMBL1457,EFO_1001069,CONTRAINDICATION,
CHEMBL1457,EFO_1001095,CONTRAINDICATION,
CHEMBL1457,EFO_1001132,CONTRAINDICATION,
CHEMBL1457,EFO_1001250,INDICATION,
CHEMBL1457,MONDO_0000440,CONTRAINDICATION,
CHEMBL1457,MONDO_0001744,CONTRAINDICATION,
CHEMBL1457,MONDO_0002203,CONTRAINDICATION,
CHEMBL1457,MONDO_0002277,CONTRAINDICATION,
CHEMBL1457,MONDO_0002280,CONTRAINDICATION,
CHEMBL1457,MONDO_0002491,CONTRAINDICATION,
CHEMBL1457,MONDO_0004247,CONTRAINDICATION,
CHEMBL1457,MONDO_0004596,CONTRAINDICATION,
CHEMBL1457,MONDO_0005178,INDICATION,
CHEMBL1457,MONDO_0007079,CONTRAINDICATION,
CHEMBL1457,MONDO_0015129,CONTRAINDICATION,
CHEMBL1457,MONDO_0018660,CONTRAINDICATION,
CHEMBL1457,MONDO_0018896,CONTRAINDICATION,
CHEMBL1457,MONDO_0021661,CONTRAINDICATION,
CHEMBL1457,MONDO_0024574,CONTRAINDICATION,
CHEMBL1457,MONDO_0100192,CONTRAINDICATION,
CHEMBL1457,Orphanet_903,CONTRAINDICATION,
CHEMBL146,EFO_0003929,INDICATION,
CHEMBL146,MONDO_0004979,INDICATION,
CHEMBL146,MONDO_0005301,INDICATION,
CHEMBL1460,EFO_0000278,CONTRAINDICATION,
CHEMBL1460,EFO_0000400,CONTRAINDICATION,
CHEMBL1460,EFO_0000537,CONTRAINDICATION,
CHEMBL1460,EFO_0000574,INDICATION,
CHEMBL1460,EFO_0000666,CONTRAINDICATION,
CHEMBL1460,EFO_0000763,INDICATION,
CHEMBL1460,EFO_0000764,INDICATION,
CHEMBL1460,EFO_0000765,INDICATION,
CHEMBL1460,EFO_0001073,CONTRAINDICATION,
CHEMBL1460,EFO_0001645,CONTRAINDICATION,
CHEMBL1460,EFO_0002608,INDICATION,
CHEMBL1460,EFO_0003086,CONTRAINDICATION,
CHEMBL1460,EFO_0003100,CONTRAINDICATION,
CHEMBL1460,EFO_0003839,CONTRAINDICATION,
CHEMBL1460,EFO_0007137,INDICATION,
CHEMBL1460,EFO_0007405,CONTRAINDICATION,
CHEMBL1460,EFO_0008506,CONTRAINDICATION,
CHEMBL1460,EFO_0009491,CONTRAINDICATION,
CHEMBL1460,EFO_0009530,CONTRAINDICATION,
CHEMBL1460,EFO_0009552,CONTRAINDICATION,
CHEMBL1460,EFO_1000036,CONTRAINDICATION,
CHEMBL1460,EFO_1001134,CONTRAINDICATION,
CHEMBL1460,MONDO_0000313,CONTRAINDICATION,
CHEMBL1460,MONDO_0001343,CONTRAINDICATION,
CHEMBL1460,MONDO_0001566,CONTRAINDICATION,
CHEMBL1460,MONDO_0002203,CONTRAINDICATION,
CHEMBL1460,MONDO_0004790,CONTRAINDICATION,
CHEMBL1460,MONDO_0007079,CONTRAINDICATION,
CHEMBL1460,MONDO_0008224,CONTRAINDICATION,
CHEMBL1460,MONDO_0018076,INDICATION,
CHEMBL1460,MONDO_0019338,CONTRAINDICATION,
CHEMBL1460,MONDO_0044751,CONTRAINDICATION,
CHEMBL146032,MONDO_0007254,INDICATION,
CHEMBL146095,EFO_0003843,INDICATION,
CHEMBL1463,EFO_0000182,INDICATION,
CHEMBL1463,EFO_0000544,INDICATION,
CHEMBL1463,EFO_0000584,INDICATION,
CHEMBL1463,EFO_0002499,INDICATION,
CHEMBL1463,EFO_0002501,INDICATION,
CHEMBL1463,EFO_0003086,CONTRAINDICATION,
CHEMBL1463,EFO_0004142,INDICATION,
CHEMBL1463,EFO_0007207,OFF_LABEL_USE,
CHEMBL1463,EFO_0007228,INDICATION,
CHEMBL1463,EFO_1000992,INDICATION,
CHEMBL1463,EFO_1001465,INDICATION,
CHEMBL1463,MONDO_0002026,INDICATION,
CHEMBL1463,MONDO_0004992,INDICATION,
CHEMBL1463345,EFO_0000319,INDICATION,
CHEMBL1464,EFO_0000266,INDICATION,
CHEMBL1464,EFO_0000274,INDICATION,
CHEMBL1464,EFO_0000275,INDICATION,
CHEMBL1464,EFO_0000319,INDICATION,
CHEMBL1464,EFO_0000384,INDICATION,
CHEMBL1464,EFO_0000400,INDICATION,
CHEMBL1464,EFO_0000474,INDICATION,
CHEMBL1464,EFO_0000537,CONTRAINDICATION,
CHEMBL1464,EFO_0000574,INDICATION,
CHEMBL1464,EFO_0000612,INDICATION,
CHEMBL1464,EFO_0000616,INDICATION,
CHEMBL1464,EFO_0000673,INDICATION,
CHEMBL1464,EFO_0000676,INDICATION,
CHEMBL1464,EFO_0000685,INDICATION,
CHEMBL1464,EFO_0000712,INDICATION,
CHEMBL1464,EFO_0000729,INDICATION,
CHEMBL1464,EFO_0000756,INDICATION,
CHEMBL1464,EFO_0000768,INDICATION,
CHEMBL1464,EFO_0001073,INDICATION,
CHEMBL1464,EFO_0001361,INDICATION,
CHEMBL1464,EFO_0001422,INDICATION,
CHEMBL1464,EFO_0001642,INDICATION,
CHEMBL1464,EFO_0002429,CONTRAINDICATION,
CHEMBL1464,EFO_0002618,INDICATION,
CHEMBL1464,EFO_0002689,INDICATION,
CHEMBL1464,EFO_0002950,INDICATION,
CHEMBL1464,EFO_0003144,INDICATION,
CHEMBL1464,EFO_0003763,CONTRAINDICATION,
CHEMBL1464,EFO_0003764,INDICATION,
CHEMBL1464,EFO_0003777,INDICATION,
CHEMBL1464,EFO_0003827,INDICATION,
CHEMBL1464,EFO_0003875,INDICATION,
CHEMBL1464,EFO_0003907,INDICATION,
CHEMBL1464,EFO_0003911,INDICATION,
CHEMBL1464,EFO_0003914,INDICATION,
CHEMBL1464,EFO_0003929,INDICATION,
CHEMBL1464,EFO_0004211,INDICATION,
CHEMBL1464,EFO_0004239,INDICATION,
CHEMBL1464,EFO_0004255,CONTRAINDICATION,
CHEMBL1464,EFO_0004277,INDICATION,
CHEMBL1464,EFO_0004286,INDICATION,
CHEMBL1464,EFO_0004616,INDICATION,
CHEMBL1464,EFO_0004705,CONTRAINDICATION,
CHEMBL1464,EFO_0005407,CONTRAINDICATION,
CHEMBL1464,EFO_0005669,CONTRAINDICATION,
CHEMBL1464,EFO_0006803,CONTRAINDICATION,
CHEMBL1464,EFO_0006911,INDICATION,
CHEMBL1464,EFO_0007427,CONTRAINDICATION,
CHEMBL1464,EFO_0008574,CONTRAINDICATION,
CHEMBL1464,EFO_0009189,CONTRAINDICATION,
CHEMBL1464,EFO_0009314,CONTRAINDICATION,
CHEMBL1464,EFO_0009315,OFF_LABEL_USE,
CHEMBL1464,EFO_0009316,CONTRAINDICATION,
CHEMBL1464,EFO_0009708,INDICATION,
CHEMBL1464,EFO_1000781,INDICATION,
CHEMBL1464,EFO_1000830,CONTRAINDICATION,
CHEMBL1464,EFO_1001161,INDICATION,
CHEMBL1464,EFO_1001249,INDICATION,
CHEMBL1464,EFO_1001375,INDICATION,
CHEMBL1464,EFO_1001986,CONTRAINDICATION,
CHEMBL1464,MONDO_0000831,INDICATION,
CHEMBL1464,MONDO_0001078,CONTRAINDICATION,
CHEMBL1464,MONDO_0001134,INDICATION,
CHEMBL1464,MONDO_0001343,CONTRAINDICATION,
CHEMBL1464,MONDO_0001370,CONTRAINDICATION,
CHEMBL1464,MONDO_0001751,CONTRAINDICATION,
CHEMBL1464,MONDO_0002009,INDICATION,
CHEMBL1464,MONDO_0002280,CONTRAINDICATION,
CHEMBL1464,MONDO_0002679,INDICATION,
CHEMBL1464,MONDO_0004975,INDICATION,
CHEMBL1464,MONDO_0004992,INDICATION,
CHEMBL1464,MONDO_0005148,INDICATION,
CHEMBL1464,MONDO_0005149,INDICATION,
CHEMBL1464,MONDO_0005180,INDICATION,
CHEMBL1464,MONDO_0007079,CONTRAINDICATION,
CHEMBL1464,MONDO_0008315,INDICATION,
CHEMBL1464,MONDO_0021187,CONTRAINDICATION,
CHEMBL1464,MONDO_0044751,CONTRAINDICATION,
CHEMBL1464,MONDO_0100192,CONTRAINDICATION,
CHEMBL1464,MP_0001914,INDICATION,
CHEMBL1464,Orphanet_98702,CONTRAINDICATION,
CHEMBL146428,EFO_0000095,INDICATION,
CHEMBL146428,EFO_0000309,INDICATION,
CHEMBL146428,EFO_0000403,INDICATION,
CHEMBL146428,EFO_0000756,INDICATION,
CHEMBL146428,EFO_0001378,INDICATION,
CHEMBL146428,EFO_0003060,INDICATION,
CHEMBL146428,EFO_0003860,INDICATION,
CHEMBL146428,EFO_0009708,INDICATION,
CHEMBL146428,EFO_1001469,INDICATION,
CHEMBL146428,MONDO_0000432,INDICATION,
CHEMBL146428,MONDO_0018906,INDICATION,
CHEMBL1465,EFO_0000612,INDICATION,
CHEMBL1465,EFO_0000756,INDICATION,
CHEMBL1465,EFO_0003907,INDICATION,
CHEMBL1465,MONDO_0000831,INDICATION,
CHEMBL1466,EFO_0000537,CONTRAINDICATION,
CHEMBL1466,EFO_0000612,INDICATION,
CHEMBL1466,EFO_0002429,CONTRAINDICATION,
CHEMBL1466,EFO_0003763,CONTRAINDICATION,
CHEMBL1466,EFO_0004255,CONTRAINDICATION,
CHEMBL1466,EFO_0004705,CONTRAINDICATION,
CHEMBL1466,EFO_0005407,CONTRAINDICATION,
CHEMBL1466,EFO_0005669,CONTRAINDICATION,
CHEMBL1466,EFO_0006803,CONTRAINDICATION,
CHEMBL1466,EFO_0007427,CONTRAINDICATION,
CHEMBL1466,EFO_0008574,CONTRAINDICATION,
CHEMBL1466,EFO_0009189,CONTRAINDICATION,
CHEMBL1466,EFO_0009314,CONTRAINDICATION,
CHEMBL1466,EFO_0009316,CONTRAINDICATION,
CHEMBL1466,EFO_1000830,CONTRAINDICATION,
CHEMBL1466,EFO_1001986,CONTRAINDICATION,
CHEMBL1466,MONDO_0000831,INDICATION,
CHEMBL1466,MONDO_0001078,CONTRAINDICATION,
CHEMBL1466,MONDO_0001343,CONTRAINDICATION,
CHEMBL1466,MONDO_0001370,CONTRAINDICATION,
CHEMBL1466,MONDO_0001751,CONTRAINDICATION,
CHEMBL1466,MONDO_0002280,CONTRAINDICATION,
CHEMBL1466,MONDO_0007079,CONTRAINDICATION,
CHEMBL1466,MONDO_0021187,CONTRAINDICATION,
CHEMBL1466,MONDO_0044751,CONTRAINDICATION,
CHEMBL1466,MONDO_0100192,CONTRAINDICATION,
CHEMBL1466,Orphanet_98702,CONTRAINDICATION,
CHEMBL1466172,EFO_0000649,INDICATION,
CHEMBL1466172,EFO_0000771,INDICATION,
CHEMBL146624,MONDO_0004975,INDICATION,
CHEMBL146624,MONDO_0005148,INDICATION,
CHEMBL1467,EFO_0000094,INDICATION,
CHEMBL1467,EFO_0000095,INDICATION,
CHEMBL1467,EFO_0000195,INDICATION,
CHEMBL1467,EFO_0000198,INDICATION,
CHEMBL1467,EFO_0000220,INDICATION,
CHEMBL1467,EFO_0000222,INDICATION,
CHEMBL1467,EFO_0000319,INDICATION,
CHEMBL1467,EFO_0000373,INDICATION,
CHEMBL1467,EFO_0000400,INDICATION,
CHEMBL1467,EFO_0000537,INDICATION,
CHEMBL1467,EFO_0000565,INDICATION,
CHEMBL1467,EFO_0000574,INDICATION,
CHEMBL1467,EFO_0000702,INDICATION,
CHEMBL1467,EFO_0000729,INDICATION,
CHEMBL1467,EFO_0001073,INDICATION,
CHEMBL1467,EFO_0001378,INDICATION,
CHEMBL1467,EFO_0001422,INDICATION,
CHEMBL1467,EFO_0003144,INDICATION,
CHEMBL1467,EFO_0003767,INDICATION,
CHEMBL1467,EFO_0003777,INDICATION,
CHEMBL1467,EFO_0003884,INDICATION,
CHEMBL1467,EFO_0003913,INDICATION,
CHEMBL1467,EFO_0004251,INDICATION,
CHEMBL1467,EFO_0004253,INDICATION,
CHEMBL1467,EFO_0004274,INDICATION,
CHEMBL1467,EFO_0005044,INDICATION,
CHEMBL1467,EFO_0005207,INDICATION,
CHEMBL1467,EFO_0005952,INDICATION,
CHEMBL1467,EFO_0009104,INDICATION,
CHEMBL1467,EFO_0009582,INDICATION,
CHEMBL1467,EFO_1001479,INDICATION,
CHEMBL1467,EFO_1001793,INDICATION,
CHEMBL1467,EFO_1001893,INDICATION,
CHEMBL1467,MONDO_0001134,INDICATION,
CHEMBL1467,MONDO_0001290,CONTRAINDICATION,
CHEMBL1467,MONDO_0001343,CONTRAINDICATION,
CHEMBL1467,MONDO_0002087,INDICATION,
CHEMBL1467,MONDO_0002158,INDICATION,
CHEMBL1467,MONDO_0004985,OFF_LABEL_USE,
CHEMBL1467,MONDO_0004992,INDICATION,
CHEMBL1467,MONDO_0005148,INDICATION,
CHEMBL1467,MONDO_0005178,INDICATION,
CHEMBL1467,MONDO_0008170,INDICATION,
CHEMBL1467,MONDO_0013869,OFF_LABEL_USE,
CHEMBL1467,MONDO_0018076,INDICATION,
CHEMBL1469,EFO_0000198,INDICATION,
CHEMBL1469,EFO_0000565,INDICATION,
CHEMBL1469,EFO_0000574,INDICATION,
CHEMBL1469,EFO_0000621,INDICATION,
CHEMBL1469,EFO_0000764,INDICATION,
CHEMBL1469,EFO_0003086,CONTRAINDICATION,
CHEMBL1469,EFO_0003833,INDICATION,
CHEMBL1469,EFO_0007193,INDICATION,
CHEMBL1469,EFO_0007323,INDICATION,
CHEMBL1469,EFO_0007409,INDICATION,
CHEMBL1469,EFO_0008525,INDICATION,
CHEMBL1469,EFO_1000049,INDICATION,
CHEMBL1469,MONDO_0004739,INDICATION,
CHEMBL1469,MONDO_0004976,INDICATION,
CHEMBL1469,MONDO_0007739,INDICATION,
CHEMBL1469,MONDO_0008814,OFF_LABEL_USE,
CHEMBL1469,MONDO_0008815,OFF_LABEL_USE,
CHEMBL1469,MONDO_0009061,INDICATION,
CHEMBL1469,MONDO_0009475,OFF_LABEL_USE,
CHEMBL1469,MONDO_0009563,INDICATION,
CHEMBL1469,MONDO_0015991,INDICATION,
CHEMBL1469,MONDO_0016486,INDICATION,
CHEMBL1469,MONDO_0019169,INDICATION,
CHEMBL1469,MONDO_0020077,INDICATION,
CHEMBL1469,Orphanet_79167,INDICATION,
CHEMBL1469,Orphanet_90,OFF_LABEL_USE,
CHEMBL1469,Orphanet_98757,INDICATION,
CHEMBL146927,EFO_0002610,INDICATION,
CHEMBL146972,EFO_0000616,INDICATION,
CHEMBL1471,EFO_0000182,INDICATION,
CHEMBL1471,EFO_0000222,INDICATION,
CHEMBL1471,EFO_0000514,INDICATION,
CHEMBL1471,EFO_0000519,INDICATION,
CHEMBL1471,EFO_0000764,INDICATION,
CHEMBL1471,EFO_0001378,INDICATION,
CHEMBL1471,EFO_0002610,INDICATION,
CHEMBL1471,EFO_0003060,INDICATION,
CHEMBL1471,EFO_0003843,INDICATION,
CHEMBL1471,EFO_0004240,INDICATION,
CHEMBL1471,EFO_0004888,INDICATION,
CHEMBL1471,EFO_0005611,INDICATION,
CHEMBL1471,EFO_0006911,INDICATION,
CHEMBL1471,EFO_0007191,INDICATION,
CHEMBL1471,EFO_1000948,INDICATION,
CHEMBL1471,MONDO_0002009,INDICATION,
CHEMBL1471,MONDO_0004992,INDICATION,
CHEMBL1471,MONDO_0007079,INDICATION,
CHEMBL1471,MONDO_0100096,INDICATION,
CHEMBL1471,MONDO_0100192,CONTRAINDICATION,
CHEMBL1472,EFO_1000637,INDICATION,
CHEMBL1472,MONDO_0004992,INDICATION,
CHEMBL1472975,MONDO_0005090,INDICATION,
CHEMBL1472989,EFO_0000537,INDICATION,
CHEMBL1472989,EFO_0005672,INDICATION,
CHEMBL1472989,MONDO_0010679,INDICATION,
CHEMBL1472989,Orphanet_79292,INDICATION,
CHEMBL1473,EFO_0000274,INDICATION,
CHEMBL1473,EFO_0000341,INDICATION,
CHEMBL1473,EFO_0000400,CONTRAINDICATION,
CHEMBL1473,EFO_0000464,INDICATION,
CHEMBL1473,EFO_0000474,CONTRAINDICATION,
CHEMBL1473,EFO_0000537,CONTRAINDICATION,
CHEMBL1473,EFO_0000662,INDICATION,
CHEMBL1473,EFO_0000701,INDICATION,
CHEMBL1473,EFO_0000771,CONTRAINDICATION,
CHEMBL1473,EFO_0001380,CONTRAINDICATION,
CHEMBL1473,EFO_0003875,CONTRAINDICATION,
CHEMBL1473,EFO_0003882,CONTRAINDICATION,
CHEMBL1473,EFO_0003918,INDICATION,
CHEMBL1473,EFO_0003956,INDICATION,
CHEMBL1473,EFO_0004232,INDICATION,
CHEMBL1473,EFO_0005319,INDICATION,
CHEMBL1473,EFO_0005854,INDICATION,
CHEMBL1473,EFO_0006505,INDICATION,
CHEMBL1473,EFO_0006509,CONTRAINDICATION,
CHEMBL1473,EFO_0007183,INDICATION,
CHEMBL1473,EFO_0007227,INDICATION,
CHEMBL1473,EFO_0007308,CONTRAINDICATION,
CHEMBL1473,EFO_0007406,CONTRAINDICATION,
CHEMBL1473,EFO_0007486,INDICATION,
CHEMBL1473,EFO_0008521,INDICATION,
CHEMBL1473,EFO_0009190,CONTRAINDICATION,
CHEMBL1473,EFO_0009491,CONTRAINDICATION,
CHEMBL1473,EFO_0009536,INDICATION,
CHEMBL1473,EFO_1000024,INDICATION,
CHEMBL1473,EFO_1000049,CONTRAINDICATION,
CHEMBL1473,EFO_1000391,INDICATION,
CHEMBL1473,EFO_1000697,INDICATION,
CHEMBL1473,EFO_1000704,INDICATION,
CHEMBL1473,EFO_1000764,INDICATION,
CHEMBL1473,EFO_1000766,CONTRAINDICATION,
CHEMBL1473,EFO_1000797,CONTRAINDICATION,
CHEMBL1473,EFO_1001069,CONTRAINDICATION,
CHEMBL1473,EFO_1001417,INDICATION,
CHEMBL1473,EFO_1001942,INDICATION,
CHEMBL1473,EFO_1002025,CONTRAINDICATION,
CHEMBL1473,MONDO_0001576,CONTRAINDICATION,
CHEMBL1473,MONDO_0002041,CONTRAINDICATION,
CHEMBL1473,MONDO_0004784,INDICATION,
CHEMBL1473,MONDO_0004979,INDICATION,
CHEMBL1473,MONDO_0005041,CONTRAINDICATION,
CHEMBL1473,MONDO_0015758,INDICATION,
CHEMBL1473,MONDO_0019171,CONTRAINDICATION,
CHEMBL1473,MONDO_0100096,INDICATION,
CHEMBL1475,EFO_0000676,INDICATION,
CHEMBL1475,EFO_0004208,INDICATION,
CHEMBL1475,EFO_0004795,INDICATION,
CHEMBL1475252,EFO_1001095,INDICATION,
CHEMBL1476022,EFO_0000660,INDICATION,
CHEMBL1476022,MONDO_0005301,INDICATION,
CHEMBL14762,EFO_0000616,INDICATION,
CHEMBL14762,EFO_0003060,INDICATION,
CHEMBL14762,EFO_1001110,INDICATION,
CHEMBL14762,MONDO_0007254,INDICATION,
CHEMBL14762,MONDO_0009061,INDICATION,
CHEMBL1476605,EFO_0000771,INDICATION,
CHEMBL1477,EFO_0000319,INDICATION,
CHEMBL1477,EFO_0003086,CONTRAINDICATION,
CHEMBL1477036,EFO_0000729,CONTRAINDICATION,
CHEMBL1477036,EFO_0004272,INDICATION,
CHEMBL1477036,EFO_0007149,CONTRAINDICATION,
CHEMBL1477036,EFO_1000826,CONTRAINDICATION,
CHEMBL1477036,EFO_1000948,INDICATION,
CHEMBL1477036,EFO_1001463,CONTRAINDICATION,
CHEMBL1477036,MONDO_0001436,CONTRAINDICATION,
CHEMBL1477036,MONDO_0002203,INDICATION,
CHEMBL1477036,MONDO_0002474,CONTRAINDICATION,
CHEMBL1477036,MONDO_0004247,CONTRAINDICATION,
CHEMBL1477036,MONDO_0010788,CONTRAINDICATION,
CHEMBL1477036,MONDO_0011382,CONTRAINDICATION,
CHEMBL147806,EFO_0001068,INDICATION,
CHEMBL1479,EFO_0000198,INDICATION,
CHEMBL1479,EFO_0000474,CONTRAINDICATION,
CHEMBL1479,EFO_0000545,INDICATION,
CHEMBL1479,EFO_0001065,INDICATION,
CHEMBL1479,EFO_0003014,INDICATION,
CHEMBL1479,EFO_0003086,CONTRAINDICATION,
CHEMBL1479,EFO_0007160,INDICATION,
CHEMBL1479,EFO_1001366,INDICATION,
CHEMBL1479,MONDO_0000088,OFF_LABEL_USE,
CHEMBL1479,MONDO_0005277,CONTRAINDICATION,
CHEMBL1479,MONDO_0011962,INDICATION,
CHEMBL1479,MONDO_0015780,INDICATION,
CHEMBL1479,MONDO_0018896,INDICATION,
CHEMBL1479,MONDO_0019098,INDICATION,
CHEMBL1479,MONDO_0019391,INDICATION,
CHEMBL1479,MONDO_0037821,CONTRAINDICATION,
CHEMBL148,EFO_0000465,INDICATION,
CHEMBL148,EFO_0000474,CONTRAINDICATION,
CHEMBL148,EFO_0000544,INDICATION,
CHEMBL148,EFO_0000771,INDICATION,
CHEMBL148,EFO_0000778,OFF_LABEL_USE,
CHEMBL148,EFO_0001642,INDICATION,
CHEMBL148,EFO_0003086,CONTRAINDICATION,
CHEMBL148,EFO_0003102,INDICATION,
CHEMBL148,EFO_0003103,INDICATION,
CHEMBL148,EFO_0003106,INDICATION,
CHEMBL148,EFO_0007499,INDICATION,
CHEMBL148,EFO_0008588,INDICATION,
CHEMBL148,EFO_1000792,INDICATION,
CHEMBL148,EFO_1000830,INDICATION,
CHEMBL148,EFO_1001141,INDICATION,
CHEMBL148,EFO_1001272,INDICATION,
CHEMBL148,EFO_1001312,INDICATION,
CHEMBL148,EFO_1001313,INDICATION,
CHEMBL148,EFO_1001318,INDICATION,
CHEMBL148,EFO_1001865,INDICATION,
CHEMBL148,MONDO_0001701,OFF_LABEL_USE,
CHEMBL148,MONDO_0004215,OFF_LABEL_USE,
CHEMBL148,MONDO_0005247,INDICATION,
CHEMBL148,MONDO_0040732,INDICATION,
CHEMBL148,MONDO_0044881,INDICATION,
CHEMBL1480,EFO_0000319,INDICATION,
CHEMBL1480,EFO_0000400,INDICATION,
CHEMBL1480,EFO_0000537,INDICATION,
CHEMBL1480,EFO_0000538,CONTRAINDICATION,
CHEMBL1480,EFO_0000612,CONTRAINDICATION,
CHEMBL1480,EFO_0001645,INDICATION,
CHEMBL1480,EFO_0003086,CONTRAINDICATION,
CHEMBL1480,EFO_0003914,INDICATION,
CHEMBL1480,EFO_0005251,CONTRAINDICATION,
CHEMBL1480,EFO_0005532,CONTRAINDICATION,
CHEMBL1480,EFO_1000013,OFF_LABEL_USE,
CHEMBL1480,EFO_1001986,CONTRAINDICATION,
CHEMBL1480,MONDO_0005148,INDICATION,
CHEMBL1480,MONDO_0019623,CONTRAINDICATION,
CHEMBL1480,MONDO_0021661,CONTRAINDICATION,
CHEMBL1480,MONDO_0042981,CONTRAINDICATION,
CHEMBL1480,Orphanet_98702,CONTRAINDICATION,
CHEMBL1480987,EFO_0000319,INDICATION,
CHEMBL1481,EFO_0000400,INDICATION,
CHEMBL1481,EFO_0000537,INDICATION,
CHEMBL1481,EFO_0000612,CONTRAINDICATION,
CHEMBL1481,EFO_0000712,CONTRAINDICATION,
CHEMBL1481,EFO_0001380,CONTRAINDICATION,
CHEMBL1481,EFO_0001645,CONTRAINDICATION,
CHEMBL1481,EFO_0003086,CONTRAINDICATION,
CHEMBL1481,EFO_0003882,CONTRAINDICATION,
CHEMBL1481,EFO_0003914,INDICATION,
CHEMBL1481,EFO_0005741,CONTRAINDICATION,
CHEMBL1481,EFO_1000905,CONTRAINDICATION,
CHEMBL1481,EFO_1001134,CONTRAINDICATION,
CHEMBL1481,EFO_1001375,CONTRAINDICATION,
CHEMBL1481,MONDO_0001187,CONTRAINDICATION,
CHEMBL1481,MONDO_0002520,CONTRAINDICATION,
CHEMBL1481,MONDO_0003005,CONTRAINDICATION,
CHEMBL1481,MONDO_0005148,INDICATION,
CHEMBL1481,MONDO_0007079,CONTRAINDICATION,
CHEMBL1481,MONDO_0015129,CONTRAINDICATION,
CHEMBL1481,Orphanet_552,INDICATION,
CHEMBL1482,EFO_0000474,CONTRAINDICATION,
CHEMBL1482,EFO_0000537,CONTRAINDICATION,
CHEMBL1482,EFO_0000555,CONTRAINDICATION,
CHEMBL1482,EFO_0001645,CONTRAINDICATION,
CHEMBL1482,EFO_0002618,INDICATION,
CHEMBL1482,EFO_0003767,CONTRAINDICATION,
CHEMBL1482,EFO_0004232,INDICATION,
CHEMBL1482,EFO_0005251,CONTRAINDICATION,
CHEMBL1482,EFO_0005252,CONTRAINDICATION,
CHEMBL1482,EFO_0008588,CONTRAINDICATION,
CHEMBL1482,EFO_0009189,CONTRAINDICATION,
CHEMBL1482,EFO_0009571,CONTRAINDICATION,
CHEMBL1482,MONDO_0000465,CONTRAINDICATION,
CHEMBL1482,MONDO_0004247,CONTRAINDICATION,
CHEMBL1482,MONDO_0004979,CONTRAINDICATION,
CHEMBL1482,MONDO_0005148,INDICATION,
CHEMBL1482,MONDO_0005180,CONTRAINDICATION,
CHEMBL1482,MONDO_0021095,CONTRAINDICATION,
CHEMBL1483,EFO_0000544,INDICATION,
CHEMBL1483,EFO_0000764,INDICATION,
CHEMBL1483,EFO_0001067,INDICATION,
CHEMBL1483,EFO_0001068,INDICATION,
CHEMBL1483,EFO_0007231,INDICATION,
CHEMBL1483,EFO_0007272,INDICATION,
CHEMBL1483,EFO_0007314,INDICATION,
CHEMBL1483,EFO_0007402,INDICATION,
CHEMBL1483,EFO_0007501,INDICATION,
CHEMBL1483,EFO_0007516,INDICATION,
CHEMBL1483,EFO_0007524,INDICATION,
CHEMBL1483,EFO_0008572,INDICATION,
CHEMBL1483,EFO_1001342,INDICATION,
CHEMBL1483,MONDO_0002280,CONTRAINDICATION,
CHEMBL1483,MONDO_0015909,CONTRAINDICATION,
CHEMBL1483,MONDO_0016075,INDICATION,
CHEMBL1483,MONDO_0100096,INDICATION,
CHEMBL1483877,EFO_0003843,INDICATION,
CHEMBL1484,EFO_0000319,INDICATION,
CHEMBL1484,EFO_0000537,INDICATION,
CHEMBL1484,EFO_0000666,CONTRAINDICATION,
CHEMBL1484,EFO_0000668,INDICATION,
CHEMBL1484,EFO_0000712,INDICATION,
CHEMBL1484,EFO_0000713,INDICATION,
CHEMBL1484,EFO_0001645,INDICATION,
CHEMBL1484,EFO_0003833,INDICATION,
CHEMBL1484,EFO_0003843,INDICATION,
CHEMBL1484,EFO_0004282,INDICATION,
CHEMBL1484,EFO_0005251,CONTRAINDICATION,
CHEMBL1484,EFO_0005669,CONTRAINDICATION,
CHEMBL1484,EFO_0009846,INDICATION,
CHEMBL1484,EFO_1000013,OFF_LABEL_USE,
CHEMBL1484,EFO_1000994,INDICATION,
CHEMBL1484,MONDO_0001343,CONTRAINDICATION,
CHEMBL1484,MONDO_0002679,CONTRAINDICATION,
CHEMBL1485,EFO_0000182,INDICATION,
CHEMBL1485,EFO_0000319,INDICATION,
CHEMBL1485,EFO_0000373,INDICATION,
CHEMBL1485,EFO_0000519,INDICATION,
CHEMBL1485,EFO_0000537,INDICATION,
CHEMBL1485,EFO_0000574,INDICATION,
CHEMBL1485,EFO_0000616,INDICATION,
CHEMBL1485,EFO_0000649,INDICATION,
CHEMBL1485,EFO_0000668,INDICATION,
CHEMBL1485,EFO_0000685,INDICATION,
CHEMBL1485,EFO_0000702,INDICATION,
CHEMBL1485,EFO_0001422,INDICATION,
CHEMBL1485,EFO_0001645,INDICATION,
CHEMBL1485,EFO_0003086,CONTRAINDICATION,
CHEMBL1485,EFO_0003777,CONTRAINDICATION,
CHEMBL1485,EFO_0003819,INDICATION,
CHEMBL1485,EFO_0003843,INDICATION,
CHEMBL1485,EFO_0004265,INDICATION,
CHEMBL1485,EFO_0004278,INDICATION,
CHEMBL1485,EFO_0004287,CONTRAINDICATION,
CHEMBL1485,EFO_0005207,INDICATION,
CHEMBL1485,EFO_0007444,INDICATION,
CHEMBL1485,EFO_0008506,CONTRAINDICATION,
CHEMBL1485,EFO_1000049,INDICATION,
CHEMBL1485,EFO_1001345,INDICATION,
CHEMBL1485,EFO_1001901,INDICATION,
CHEMBL1485,MONDO_0000440,CONTRAINDICATION,
CHEMBL1485,MONDO_0001134,INDICATION,
CHEMBL1485,MONDO_0001566,CONTRAINDICATION,
CHEMBL1485,MONDO_0001909,CONTRAINDICATION,
CHEMBL1485,MONDO_0002203,CONTRAINDICATION,
CHEMBL1485,MONDO_0004975,INDICATION,
CHEMBL1485,MONDO_0004979,INDICATION,
CHEMBL1485,MONDO_0005090,INDICATION,
CHEMBL1485,MONDO_0005148,INDICATION,
CHEMBL1485,MONDO_0005271,INDICATION,
CHEMBL1485,MONDO_0008315,INDICATION,
CHEMBL1485,MONDO_0008815,INDICATION,
CHEMBL1485,MONDO_0009061,INDICATION,
CHEMBL1485,MONDO_0009258,INDICATION,
CHEMBL1485,MONDO_0010679,INDICATION,
CHEMBL1485,MONDO_0011382,CONTRAINDICATION,
CHEMBL1485,MONDO_0019259,CONTRAINDICATION,
CHEMBL1485,MONDO_0019338,CONTRAINDICATION,
CHEMBL1485,MONDO_0024327,CONTRAINDICATION,
CHEMBL1485,MONDO_0100096,INDICATION,
CHEMBL1485,Orphanet_550,INDICATION,
CHEMBL1485,Orphanet_79254,CONTRAINDICATION,
CHEMBL1485,Orphanet_848,INDICATION,
CHEMBL1486,EFO_0000180,INDICATION,
CHEMBL1486,EFO_0000544,INDICATION,
CHEMBL1486,EFO_0000574,INDICATION,
CHEMBL1486,EFO_0000764,INDICATION,
CHEMBL1486,EFO_0000765,INDICATION,
CHEMBL1486,EFO_0001421,INDICATION,
CHEMBL1486,EFO_0002614,INDICATION,
CHEMBL1486,EFO_0003047,INDICATION,
CHEMBL1486,EFO_0004197,INDICATION,
CHEMBL1486,EFO_0004239,INDICATION,
CHEMBL1486,EFO_0005741,INDICATION,
CHEMBL1486,EFO_0007304,INDICATION,
CHEMBL1486,EFO_0008496,INDICATION,
CHEMBL1486,EFO_1000727,INDICATION,
CHEMBL1486,EFO_1001486,INDICATION,
CHEMBL1486,MONDO_0018076,INDICATION,
CHEMBL1486,MONDO_0100096,INDICATION,
CHEMBL148674,EFO_0001645,INDICATION,
CHEMBL148674,MONDO_0011382,INDICATION,
CHEMBL148674,MONDO_0100096,INDICATION,
CHEMBL1487,EFO_0000180,INDICATION,
CHEMBL1487,EFO_0000195,INDICATION,
CHEMBL1487,EFO_0000196,INDICATION,
CHEMBL1487,EFO_0000198,INDICATION,
CHEMBL1487,EFO_0000222,INDICATION,
CHEMBL1487,EFO_0000275,INDICATION,
CHEMBL1487,EFO_0000318,INDICATION,
CHEMBL1487,EFO_0000319,INDICATION,
CHEMBL1487,EFO_0000365,INDICATION,
CHEMBL1487,EFO_0000373,INDICATION,
CHEMBL1487,EFO_0000384,INDICATION,
CHEMBL1487,EFO_0000400,INDICATION,
CHEMBL1487,EFO_0000474,INDICATION,
CHEMBL1487,EFO_0000519,INDICATION,
CHEMBL1487,EFO_0000537,INDICATION,
CHEMBL1487,EFO_0000538,INDICATION,
CHEMBL1487,EFO_0000565,INDICATION,
CHEMBL1487,EFO_0000574,INDICATION,
CHEMBL1487,EFO_0000612,INDICATION,
CHEMBL1487,EFO_0000616,INDICATION,
CHEMBL1487,EFO_0000649,INDICATION,
CHEMBL1487,EFO_0000660,INDICATION,
CHEMBL1487,EFO_0000668,INDICATION,
CHEMBL1487,EFO_0000673,INDICATION,
CHEMBL1487,EFO_0000676,INDICATION,
CHEMBL1487,EFO_0000681,INDICATION,
CHEMBL1487,EFO_0000685,INDICATION,
CHEMBL1487,EFO_0000712,INDICATION,
CHEMBL1487,EFO_0000764,INDICATION,
CHEMBL1487,EFO_0001073,INDICATION,
CHEMBL1487,EFO_0001361,INDICATION,
CHEMBL1487,EFO_0001365,INDICATION,
CHEMBL1487,EFO_0001378,INDICATION,
CHEMBL1487,EFO_0001422,INDICATION,
CHEMBL1487,EFO_0001645,INDICATION,
CHEMBL1487,EFO_0003047,INDICATION,
CHEMBL1487,EFO_0003086,CONTRAINDICATION,
CHEMBL1487,EFO_0003095,INDICATION,
CHEMBL1487,EFO_0003144,INDICATION,
CHEMBL1487,EFO_0003767,INDICATION,
CHEMBL1487,EFO_0003869,INDICATION,
CHEMBL1487,EFO_0003870,INDICATION,
CHEMBL1487,EFO_0003884,INDICATION,
CHEMBL1487,EFO_0003913,INDICATION,
CHEMBL1487,EFO_0003914,INDICATION,
CHEMBL1487,EFO_0003918,INDICATION,
CHEMBL1487,EFO_0003929,INDICATION,
CHEMBL1487,EFO_0004145,CONTRAINDICATION,
CHEMBL1487,EFO_0004194,INDICATION,
CHEMBL1487,EFO_0004208,INDICATION,
CHEMBL1487,EFO_0004211,INDICATION,
CHEMBL1487,EFO_0004236,INDICATION,
CHEMBL1487,EFO_0004246,INDICATION,
CHEMBL1487,EFO_0004252,INDICATION,
CHEMBL1487,EFO_0004255,INDICATION,
CHEMBL1487,EFO_0004264,INDICATION,
CHEMBL1487,EFO_0004286,INDICATION,
CHEMBL1487,EFO_0004616,INDICATION,
CHEMBL1487,EFO_0004705,CONTRAINDICATION,
CHEMBL1487,EFO_0004911,INDICATION,
CHEMBL1487,EFO_0005251,CONTRAINDICATION,
CHEMBL1487,EFO_0005672,INDICATION,
CHEMBL1487,EFO_0005952,INDICATION,
CHEMBL1487,EFO_0006818,INDICATION,
CHEMBL1487,EFO_0007129,INDICATION,
CHEMBL1487,EFO_0007160,INDICATION,
CHEMBL1487,EFO_0007243,INDICATION,
CHEMBL1487,EFO_0007328,INDICATION,
CHEMBL1487,EFO_0008568,INDICATION,
CHEMBL1487,EFO_0008583,INDICATION,
CHEMBL1487,EFO_0008585,INDICATION,
CHEMBL1487,EFO_0008586,INDICATION,
CHEMBL1487,EFO_0009086,INDICATION,
CHEMBL1487,EFO_0009426,INDICATION,
CHEMBL1487,EFO_0009783,INDICATION,
CHEMBL1487,EFO_1000013,INDICATION,
CHEMBL1487,EFO_1000984,INDICATION,
CHEMBL1487,EFO_1001249,INDICATION,
CHEMBL1487,EFO_1001466,INDICATION,
CHEMBL1487,EFO_1001771,INDICATION,
CHEMBL1487,EFO_1001801,INDICATION,
CHEMBL1487,EFO_1001993,INDICATION,
CHEMBL1487,MONDO_0001134,INDICATION,
CHEMBL1487,MONDO_0001444,INDICATION,
CHEMBL1487,MONDO_0002050,INDICATION,
CHEMBL1487,MONDO_0002277,INDICATION,
CHEMBL1487,MONDO_0002492,INDICATION,
CHEMBL1487,MONDO_0002679,INDICATION,
CHEMBL1487,MONDO_0004782,INDICATION,
CHEMBL1487,MONDO_0004975,INDICATION,
CHEMBL1487,MONDO_0004979,INDICATION,
CHEMBL1487,MONDO_0004992,INDICATION,
CHEMBL1487,MONDO_0005147,INDICATION,
CHEMBL1487,MONDO_0005148,INDICATION,
CHEMBL1487,MONDO_0005301,INDICATION,
CHEMBL1487,MONDO_0005835,INDICATION,
CHEMBL1487,MONDO_0007079,CONTRAINDICATION,
CHEMBL1487,MONDO_0007254,INDICATION,
CHEMBL1487,MONDO_0007915,INDICATION,
CHEMBL1487,MONDO_0008315,INDICATION,
CHEMBL1487,MONDO_0011382,INDICATION,
CHEMBL1487,MONDO_0011962,INDICATION,
CHEMBL1487,MONDO_0013730,INDICATION,
CHEMBL1487,MONDO_0018076,INDICATION,
CHEMBL1487,MONDO_0018328,INDICATION,
CHEMBL1487,MONDO_0018373,INDICATION,
CHEMBL1487,MONDO_0018473,INDICATION,
CHEMBL1487,MONDO_0019338,INDICATION,
CHEMBL1487,MONDO_0021187,INDICATION,
CHEMBL1487,MONDO_0021661,INDICATION,
CHEMBL1487,MONDO_0043510,INDICATION,
CHEMBL1487,MONDO_0100096,INDICATION,
CHEMBL1487,MONDO_0100192,CONTRAINDICATION,
CHEMBL1487,Orphanet_309005,INDICATION,
CHEMBL1487,Orphanet_413,INDICATION,
CHEMBL1487,Orphanet_79211,INDICATION,
CHEMBL1488,EFO_0000339,INDICATION,
CHEMBL1488,EFO_0000616,INDICATION,
CHEMBL1488,EFO_0002429,INDICATION,
CHEMBL1488,EFO_0005952,INDICATION,
CHEMBL1488165,EFO_0000616,INDICATION,
CHEMBL1489,EFO_0000095,INDICATION,
CHEMBL1489,EFO_0000181,INDICATION,
CHEMBL1489,EFO_0000183,INDICATION,
CHEMBL1489,EFO_0000198,INDICATION,
CHEMBL1489,EFO_0000209,INDICATION,
CHEMBL1489,EFO_0000211,INDICATION,
CHEMBL1489,EFO_0000220,INDICATION,
CHEMBL1489,EFO_0000221,INDICATION,
CHEMBL1489,EFO_0000222,INDICATION,
CHEMBL1489,EFO_0000255,INDICATION,
CHEMBL1489,EFO_0000326,INDICATION,
CHEMBL1489,EFO_0000339,INDICATION,
CHEMBL1489,EFO_0000389,INDICATION,
CHEMBL1489,EFO_0000403,INDICATION,
CHEMBL1489,EFO_0000565,INDICATION,
CHEMBL1489,EFO_0000569,INDICATION,
CHEMBL1489,EFO_0000574,INDICATION,
CHEMBL1489,EFO_0000616,INDICATION,
CHEMBL1489,EFO_0000637,INDICATION,
CHEMBL1489,EFO_0000673,INDICATION,
CHEMBL1489,EFO_0000681,INDICATION,
CHEMBL1489,EFO_0000707,INDICATION,
CHEMBL1489,EFO_0001378,INDICATION,
CHEMBL1489,EFO_0001642,INDICATION,
CHEMBL1489,EFO_0002617,INDICATION,
CHEMBL1489,EFO_0002618,INDICATION,
CHEMBL1489,EFO_0003060,INDICATION,
CHEMBL1489,EFO_0003086,CONTRAINDICATION,
CHEMBL1489,EFO_0003811,INDICATION,
CHEMBL1489,EFO_0003833,INDICATION,
CHEMBL1489,EFO_0003869,INDICATION,
CHEMBL1489,EFO_0004251,INDICATION,
CHEMBL1489,EFO_0004252,INDICATION,
CHEMBL1489,EFO_0004289,INDICATION,
CHEMBL1489,EFO_0005952,INDICATION,
CHEMBL1489,EFO_0006859,INDICATION,
CHEMBL1489,EFO_0006861,INDICATION,
CHEMBL1489,EFO_1000028,INDICATION,
CHEMBL1489,EFO_1000657,INDICATION,
CHEMBL1489,EFO_1001257,INDICATION,
CHEMBL1489,EFO_1001779,INDICATION,
CHEMBL1489,EFO_1001951,INDICATION,
CHEMBL1489,MONDO_0000430,INDICATION,
CHEMBL1489,MONDO_0002280,INDICATION,
CHEMBL1489,MONDO_0002492,INDICATION,
CHEMBL1489,MONDO_0003478,INDICATION,
CHEMBL1489,MONDO_0004992,INDICATION,
CHEMBL1489,MONDO_0005184,INDICATION,
CHEMBL1489,MONDO_0007254,INDICATION,
CHEMBL1489,MONDO_0007576,INDICATION,
CHEMBL1489,MONDO_0008170,INDICATION,
CHEMBL1489,MONDO_0008315,INDICATION,
CHEMBL1489,MONDO_0009348,INDICATION,
CHEMBL1489,MONDO_0013730,INDICATION,
CHEMBL1489,MONDO_0016486,INDICATION,
CHEMBL1489,MONDO_0016586,INDICATION,
CHEMBL1489,MONDO_0018076,INDICATION,
CHEMBL1489,MONDO_0018906,INDICATION,
CHEMBL1489,MONDO_0019469,INDICATION,
CHEMBL1489,MONDO_0020077,INDICATION,
CHEMBL1489,MONDO_0021063,INDICATION,
CHEMBL1489,MONDO_0044881,INDICATION,
CHEMBL1489,MONDO_0044903,INDICATION,
CHEMBL1489,MONDO_0100192,CONTRAINDICATION,
CHEMBL1489,Orphanet_848,INDICATION,
CHEMBL1489254,MONDO_0010079,INDICATION,
CHEMBL1489254,MONDO_0017830,INDICATION,
CHEMBL1489662,EFO_0005755,INDICATION,
CHEMBL1490,EFO_0000341,CONTRAINDICATION,
CHEMBL1490,EFO_0000537,CONTRAINDICATION,
CHEMBL1490,EFO_0000729,CONTRAINDICATION,
CHEMBL1490,EFO_0001645,CONTRAINDICATION,
CHEMBL1490,EFO_0003086,CONTRAINDICATION,
CHEMBL1490,EFO_0003948,CONTRAINDICATION,
CHEMBL1490,EFO_0004190,CONTRAINDICATION,
CHEMBL1490,EFO_0004991,CONTRAINDICATION,
CHEMBL1490,EFO_0005251,CONTRAINDICATION,
CHEMBL1490,EFO_0005585,CONTRAINDICATION,
CHEMBL1490,EFO_0009190,CONTRAINDICATION,
CHEMBL1490,EFO_0009454,CONTRAINDICATION,
CHEMBL1490,EFO_0009532,CONTRAINDICATION,
CHEMBL1490,EFO_0009571,CONTRAINDICATION,
CHEMBL1490,EFO_1001402,INDICATION,
CHEMBL1490,EFO_1001869,CONTRAINDICATION,
CHEMBL1490,MONDO_0001744,CONTRAINDICATION,
CHEMBL1490,MONDO_0003441,INDICATION,
CHEMBL1490,MONDO_0005180,INDICATION,
CHEMBL1490,MONDO_0021095,INDICATION,
CHEMBL1490434,EFO_0000763,INDICATION,
CHEMBL1490434,EFO_0007328,INDICATION,
CHEMBL149082,MONDO_0004975,INDICATION,
CHEMBL1491,EFO_0000278,INDICATION,
CHEMBL1491,EFO_0000319,INDICATION,
CHEMBL1491,EFO_0000373,INDICATION,
CHEMBL1491,EFO_0000400,CONTRAINDICATION,
CHEMBL1491,EFO_0000537,INDICATION,
CHEMBL1491,EFO_0000538,INDICATION,
CHEMBL1491,EFO_0000612,INDICATION,
CHEMBL1491,EFO_0000712,INDICATION,
CHEMBL1491,EFO_0000764,INDICATION,
CHEMBL1491,EFO_0001421,INDICATION,
CHEMBL1491,EFO_0001645,INDICATION,
CHEMBL1491,EFO_0003086,CONTRAINDICATION,
CHEMBL1491,EFO_0003144,INDICATION,
CHEMBL1491,EFO_0003777,INDICATION,
CHEMBL1491,EFO_0003913,INDICATION,
CHEMBL1491,EFO_0003914,INDICATION,
CHEMBL1491,EFO_0004145,CONTRAINDICATION,
CHEMBL1491,EFO_0004214,INDICATION,
CHEMBL1491,EFO_0004234,INDICATION,
CHEMBL1491,EFO_0004274,CONTRAINDICATION,
CHEMBL1491,EFO_0004705,CONTRAINDICATION,
CHEMBL1491,EFO_0004911,INDICATION,
CHEMBL1491,EFO_0005251,CONTRAINDICATION,
CHEMBL1491,EFO_0005532,CONTRAINDICATION,
CHEMBL1491,EFO_0007148,INDICATION,
CHEMBL1491,EFO_0008506,CONTRAINDICATION,
CHEMBL1491,EFO_0009530,CONTRAINDICATION,
CHEMBL1491,EFO_1000013,INDICATION,
CHEMBL1491,EFO_1000652,CONTRAINDICATION,
CHEMBL1491,EFO_1001145,INDICATION,
CHEMBL1491,EFO_1001375,INDICATION,
CHEMBL1491,EFO_1001986,CONTRAINDICATION,
CHEMBL1491,EFO_1001996,INDICATION,
CHEMBL1491,MONDO_0000477,INDICATION,
CHEMBL1491,MONDO_0001134,INDICATION,
CHEMBL1491,MONDO_0001343,CONTRAINDICATION,
CHEMBL1491,MONDO_0001422,INDICATION,
CHEMBL1491,MONDO_0001566,CONTRAINDICATION,
CHEMBL1491,MONDO_0001751,CONTRAINDICATION,
CHEMBL1491,MONDO_0002050,INDICATION,
CHEMBL1491,MONDO_0005148,CONTRAINDICATION,
CHEMBL1491,MONDO_0005178,INDICATION,
CHEMBL1491,MONDO_0007079,CONTRAINDICATION,
CHEMBL1491,MONDO_0007254,INDICATION,
CHEMBL1491,MONDO_0007915,CONTRAINDICATION,
CHEMBL1491,MONDO_0016486,INDICATION,
CHEMBL1491,MONDO_0018100,CONTRAINDICATION,
CHEMBL1491,MONDO_0019623,CONTRAINDICATION,
CHEMBL1491,MONDO_0021187,INDICATION,
CHEMBL1491,MONDO_0100192,CONTRAINDICATION,
CHEMBL1491,Orphanet_79292,INDICATION,
CHEMBL1491,Orphanet_98702,CONTRAINDICATION,
CHEMBL1492,EFO_0000537,CONTRAINDICATION,
CHEMBL1492,EFO_0005531,INDICATION,
CHEMBL1492,EFO_0005854,INDICATION,
CHEMBL1492,EFO_0007141,INDICATION,
CHEMBL1492,EFO_0007533,INDICATION,
CHEMBL1492,EFO_0009189,CONTRAINDICATION,
CHEMBL1492,EFO_1001069,CONTRAINDICATION,
CHEMBL1492,MONDO_0001744,CONTRAINDICATION,
CHEMBL1492,MONDO_0004247,CONTRAINDICATION,
CHEMBL1492,MONDO_0005271,INDICATION,
CHEMBL1492500,MONDO_0002009,INDICATION,
CHEMBL1493,EFO_0003103,INDICATION,
CHEMBL1493,EFO_0003830,INDICATION,
CHEMBL1493,EFO_0003878,INDICATION,
CHEMBL1493,EFO_0003901,INDICATION,
CHEMBL1493,EFO_0009571,CONTRAINDICATION,
CHEMBL1493,MONDO_0001744,CONTRAINDICATION,
CHEMBL14935,MONDO_0005277,INDICATION,
CHEMBL1495,EFO_0003877,CONTRAINDICATION,
CHEMBL1495,EFO_0010282,INDICATION,
CHEMBL1495,MONDO_0002050,CONTRAINDICATION,
CHEMBL1495,MONDO_0002280,CONTRAINDICATION,
CHEMBL1495,MONDO_0002491,CONTRAINDICATION,
CHEMBL1495,MONDO_0004247,INDICATION,
CHEMBL1495,MONDO_0007079,CONTRAINDICATION,
CHEMBL1495,MONDO_0037821,CONTRAINDICATION,
CHEMBL1495,MONDO_0100192,CONTRAINDICATION,
CHEMBL1496,EFO_0000180,INDICATION,
CHEMBL1496,EFO_0000195,INDICATION,
CHEMBL1496,EFO_0000266,INDICATION,
CHEMBL1496,EFO_0000319,INDICATION,
CHEMBL1496,EFO_0000341,INDICATION,
CHEMBL1496,EFO_0000373,INDICATION,
CHEMBL1496,EFO_0000384,INDICATION,
CHEMBL1496,EFO_0000400,INDICATION,
CHEMBL1496,EFO_0000407,INDICATION,
CHEMBL1496,EFO_0000537,INDICATION,
CHEMBL1496,EFO_0000540,INDICATION,
CHEMBL1496,EFO_0000556,INDICATION,
CHEMBL1496,EFO_0000589,INDICATION,
CHEMBL1496,EFO_0000612,INDICATION,
CHEMBL1496,EFO_0000616,INDICATION,
CHEMBL1496,EFO_0000649,INDICATION,
CHEMBL1496,EFO_0000668,INDICATION,
CHEMBL1496,EFO_0000673,INDICATION,
CHEMBL1496,EFO_0000685,INDICATION,
CHEMBL1496,EFO_0000701,INDICATION,
CHEMBL1496,EFO_0000712,INDICATION,
CHEMBL1496,EFO_0000717,INDICATION,
CHEMBL1496,EFO_0000729,INDICATION,
CHEMBL1496,EFO_0000764,INDICATION,
CHEMBL1496,EFO_0001068,INDICATION,
CHEMBL1496,EFO_0001073,INDICATION,
CHEMBL1496,EFO_0001645,INDICATION,
CHEMBL1496,EFO_0002617,INDICATION,
CHEMBL1496,EFO_0003047,INDICATION,
CHEMBL1496,EFO_0003060,INDICATION,
CHEMBL1496,EFO_0003144,INDICATION,
CHEMBL1496,EFO_0003914,INDICATION,
CHEMBL1496,EFO_0003964,INDICATION,
CHEMBL1496,EFO_0004145,CONTRAINDICATION,
CHEMBL1496,EFO_0004211,INDICATION,
CHEMBL1496,EFO_0004239,INDICATION,
CHEMBL1496,EFO_0004272,INDICATION,
CHEMBL1496,EFO_0004286,INDICATION,
CHEMBL1496,EFO_0004705,CONTRAINDICATION,
CHEMBL1496,EFO_0004826,INDICATION,
CHEMBL1496,EFO_0004911,INDICATION,
CHEMBL1496,EFO_0005226,INDICATION,
CHEMBL1496,EFO_0005669,INDICATION,
CHEMBL1496,EFO_0005672,INDICATION,
CHEMBL1496,EFO_0008583,INDICATION,
CHEMBL1496,EFO_0009086,INDICATION,
CHEMBL1496,EFO_0009426,INDICATION,
CHEMBL1496,EFO_0009505,INDICATION,
CHEMBL1496,EFO_0009516,INDICATION,
CHEMBL1496,EFO_0600064,INDICATION,
CHEMBL1496,EFO_1000049,INDICATION,
CHEMBL1496,EFO_1000657,INDICATION,
CHEMBL1496,EFO_1001150,INDICATION,
CHEMBL1496,EFO_1001249,INDICATION,
CHEMBL1496,EFO_1001413,INDICATION,
CHEMBL1496,EFO_1001454,INDICATION,
CHEMBL1496,EFO_1001512,INDICATION,
CHEMBL1496,EFO_1001951,INDICATION,
CHEMBL1496,EFO_1002048,INDICATION,
CHEMBL1496,MONDO_0001583,INDICATION,
CHEMBL1496,MONDO_0002050,INDICATION,
CHEMBL1496,MONDO_0002277,INDICATION,
CHEMBL1496,MONDO_0004979,INDICATION,
CHEMBL1496,MONDO_0004992,INDICATION,
CHEMBL1496,MONDO_0005147,INDICATION,
CHEMBL1496,MONDO_0005148,INDICATION,
CHEMBL1496,MONDO_0005180,INDICATION,
CHEMBL1496,MONDO_0007079,CONTRAINDICATION,
CHEMBL1496,MONDO_0007254,INDICATION,
CHEMBL1496,MONDO_0007915,INDICATION,
CHEMBL1496,MONDO_0008170,INDICATION,
CHEMBL1496,MONDO_0008315,INDICATION,
CHEMBL1496,MONDO_0018328,INDICATION,
CHEMBL1496,MONDO_0018473,INDICATION,
CHEMBL1496,MONDO_0019623,INDICATION,
CHEMBL1496,MONDO_0021187,INDICATION,
CHEMBL1496,MONDO_0021661,INDICATION,
CHEMBL1496,MONDO_0100096,INDICATION,
CHEMBL1496,MONDO_0100339,INDICATION,
CHEMBL1496,Orphanet_309005,INDICATION,
CHEMBL1496,Orphanet_79211,INDICATION,
CHEMBL1497,EFO_0000274,INDICATION,
CHEMBL1497,EFO_0000676,INDICATION,
CHEMBL1497,EFO_0000701,INDICATION,
CHEMBL1497,EFO_1001494,INDICATION,
CHEMBL1497,EFO_1001818,INDICATION,
CHEMBL1499,EFO_0004616,INDICATION,
CHEMBL1499,MONDO_0005178,INDICATION,
CHEMBL1501,EFO_0000274,INDICATION,
CHEMBL1501,EFO_0000305,INDICATION,
CHEMBL1501,EFO_0000400,CONTRAINDICATION,
CHEMBL1501,EFO_0000676,INDICATION,
CHEMBL1501,EFO_0000701,INDICATION,
CHEMBL1501,EFO_0001380,CONTRAINDICATION,
CHEMBL1501,EFO_0005319,INDICATION,
CHEMBL1501,EFO_0009552,INDICATION,
CHEMBL1501,EFO_1000697,INDICATION,
CHEMBL1501,EFO_1000704,INDICATION,
CHEMBL1501,EFO_1000764,INDICATION,
CHEMBL1501,EFO_1000797,CONTRAINDICATION,
CHEMBL1501,MONDO_0002406,INDICATION,
CHEMBL1501,MONDO_0015758,INDICATION,
CHEMBL1502,EFO_0000280,INDICATION,
CHEMBL1502,EFO_0000373,INDICATION,
CHEMBL1502,EFO_0000400,INDICATION,
CHEMBL1502,EFO_0000616,INDICATION,
CHEMBL1502,EFO_0000771,INDICATION,
CHEMBL1502,EFO_0003882,CONTRAINDICATION,
CHEMBL1502,EFO_0003948,INDICATION,
CHEMBL1502,EFO_0004607,OFF_LABEL_USE,
CHEMBL1502,EFO_0005576,CONTRAINDICATION,
CHEMBL1502,EFO_0005672,INDICATION,
CHEMBL1502,EFO_0007157,INDICATION,
CHEMBL1502,EFO_0007549,INDICATION,
CHEMBL1502,EFO_0009454,OFF_LABEL_USE,
CHEMBL1502,EFO_0009544,INDICATION,
CHEMBL1502,EFO_1000961,INDICATION,
CHEMBL1502,EFO_1001355,INDICATION,
CHEMBL1502,MONDO_0003523,INDICATION,
CHEMBL1502,MONDO_0004247,INDICATION,
CHEMBL1502,MONDO_0005090,INDICATION,
CHEMBL1502,MONDO_0005147,INDICATION,
CHEMBL1502,MONDO_0005148,INDICATION,
CHEMBL1502,MONDO_0005301,INDICATION,
CHEMBL1502,MONDO_0008315,INDICATION,
CHEMBL1502,MONDO_0017169,INDICATION,
CHEMBL1502,MONDO_0018100,CONTRAINDICATION,
CHEMBL1502,MONDO_0043839,INDICATION,
CHEMBL1502,MP_0001914,INDICATION,
CHEMBL1502,Orphanet_79292,INDICATION,
CHEMBL15023,EFO_0005407,INDICATION,
CHEMBL1503,EFO_0000180,INDICATION,
CHEMBL1503,EFO_0000181,INDICATION,
CHEMBL1503,EFO_0000191,INDICATION,
CHEMBL1503,EFO_0000199,INDICATION,
CHEMBL1503,EFO_0000217,INDICATION,
CHEMBL1503,EFO_0000274,INDICATION,
CHEMBL1503,EFO_0000280,INDICATION,
CHEMBL1503,EFO_0000305,INDICATION,
CHEMBL1503,EFO_0000341,INDICATION,
CHEMBL1503,EFO_0000384,INDICATION,
CHEMBL1503,EFO_0000400,INDICATION,
CHEMBL1503,EFO_0000544,INDICATION,
CHEMBL1503,EFO_0000546,INDICATION,
CHEMBL1503,EFO_0000574,INDICATION,
CHEMBL1503,EFO_0000616,INDICATION,
CHEMBL1503,EFO_0000673,INDICATION,
CHEMBL1503,EFO_0000676,INDICATION,
CHEMBL1503,EFO_0000685,INDICATION,
CHEMBL1503,EFO_0000729,INDICATION,
CHEMBL1503,EFO_0000756,INDICATION,
CHEMBL1503,EFO_0000764,INDICATION,
CHEMBL1503,EFO_0000768,INDICATION,
CHEMBL1503,EFO_0002617,INDICATION,
CHEMBL1503,EFO_0002618,INDICATION,
CHEMBL1503,EFO_0003047,INDICATION,
CHEMBL1503,EFO_0003100,INDICATION,
CHEMBL1503,EFO_0003756,INDICATION,
CHEMBL1503,EFO_0003843,INDICATION,
CHEMBL1503,EFO_0003882,CONTRAINDICATION,
CHEMBL1503,EFO_0003898,INDICATION,
CHEMBL1503,EFO_0003929,INDICATION,
CHEMBL1503,EFO_0003948,INDICATION,
CHEMBL1503,EFO_0004220,INDICATION,
CHEMBL1503,EFO_0004234,INDICATION,
CHEMBL1503,EFO_0004239,INDICATION,
CHEMBL1503,EFO_0004272,INDICATION,
CHEMBL1503,EFO_0004607,INDICATION,
CHEMBL1503,EFO_0005741,INDICATION,
CHEMBL1503,EFO_0006859,INDICATION,
CHEMBL1503,EFO_0007231,INDICATION,
CHEMBL1503,EFO_0007549,INDICATION,
CHEMBL1503,EFO_0008525,INDICATION,
CHEMBL1503,EFO_0008533,INDICATION,
CHEMBL1503,EFO_0009130,INDICATION,
CHEMBL1503,EFO_0009454,INDICATION,
CHEMBL1503,EFO_0009784,INDICATION,
CHEMBL1503,EFO_1000826,CONTRAINDICATION,
CHEMBL1503,EFO_1000961,INDICATION,
CHEMBL1503,EFO_1001095,INDICATION,
CHEMBL1503,EFO_1001951,INDICATION,
CHEMBL1503,MONDO_0001056,INDICATION,
CHEMBL1503,MONDO_0001684,INDICATION,
CHEMBL1503,MONDO_0003523,INDICATION,
CHEMBL1503,MONDO_0004247,INDICATION,
CHEMBL1503,MONDO_0004975,INDICATION,
CHEMBL1503,MONDO_0004992,INDICATION,
CHEMBL1503,MONDO_0005041,INDICATION,
CHEMBL1503,MONDO_0005147,INDICATION,
CHEMBL1503,MONDO_0005148,INDICATION,
CHEMBL1503,MONDO_0005178,INDICATION,
CHEMBL1503,MONDO_0007254,INDICATION,
CHEMBL1503,MONDO_0008315,INDICATION,
CHEMBL1503,MONDO_0009061,INDICATION,
CHEMBL1503,MONDO_0015277,INDICATION,
CHEMBL1503,MONDO_0018100,CONTRAINDICATION,
CHEMBL1503,MONDO_0024475,INDICATION,
CHEMBL1503,MONDO_0043839,INDICATION,
CHEMBL1503,MONDO_0044970,INDICATION,
CHEMBL1503,MONDO_0100192,CONTRAINDICATION,
CHEMBL1503,MP_0001914,INDICATION,
CHEMBL1504,EFO_0000274,INDICATION,
CHEMBL1504,EFO_0000497,INDICATION,
CHEMBL1504,EFO_0000546,INDICATION,
CHEMBL1504,EFO_0000685,INDICATION,
CHEMBL1504,EFO_0000701,INDICATION,
CHEMBL1504,EFO_0001365,INDICATION,
CHEMBL1504,EFO_0003770,INDICATION,
CHEMBL1504,EFO_0003843,INDICATION,
CHEMBL1504,EFO_0003943,INDICATION,
CHEMBL1504,EFO_0003956,INDICATION,
CHEMBL1504,EFO_0004192,INDICATION,
CHEMBL1504,EFO_0004208,INDICATION,
CHEMBL1504,EFO_0004212,INDICATION,
CHEMBL1504,EFO_0004229,INDICATION,
CHEMBL1504,EFO_0004238,INDICATION,
CHEMBL1504,EFO_0004274,INDICATION,
CHEMBL1504,EFO_0004616,INDICATION,
CHEMBL1504,EFO_0004683,INDICATION,
CHEMBL1504,EFO_0004719,INDICATION,
CHEMBL1504,EFO_0005854,INDICATION,
CHEMBL1504,EFO_0007363,INDICATION,
CHEMBL1504,EFO_0007415,INDICATION,
CHEMBL1504,EFO_0008507,INDICATION,
CHEMBL1504,EFO_0008517,INDICATION,
CHEMBL1504,EFO_0008521,INDICATION,
CHEMBL1504,EFO_0009485,INDICATION,
CHEMBL1504,EFO_0009606,INDICATION,
CHEMBL1504,EFO_0010822,INDICATION,
CHEMBL1504,EFO_1000049,INDICATION,
CHEMBL1504,EFO_1000680,INDICATION,
CHEMBL1504,EFO_1000706,INDICATION,
CHEMBL1504,EFO_1000726,INDICATION,
CHEMBL1504,EFO_1000786,INDICATION,
CHEMBL1504,EFO_1000809,INDICATION,
CHEMBL1504,EFO_1000941,INDICATION,
CHEMBL1504,EFO_1001129,INDICATION,
CHEMBL1504,EFO_1001157,INDICATION,
CHEMBL1504,EFO_1001222,INDICATION,
CHEMBL1504,EFO_1001224,INDICATION,
CHEMBL1504,EFO_1001231,INDICATION,
CHEMBL1504,EFO_1001250,INDICATION,
CHEMBL1504,EFO_1001435,INDICATION,
CHEMBL1504,EFO_1001494,INDICATION,
CHEMBL1504,EFO_1001887,INDICATION,
CHEMBL1504,EFO_1001896,INDICATION,
CHEMBL1504,EFO_1001898,INDICATION,
CHEMBL1504,MONDO_0002041,INDICATION,
CHEMBL1504,MONDO_0002280,INDICATION,
CHEMBL1504,MONDO_0002406,INDICATION,
CHEMBL1504,MONDO_0002471,INDICATION,
CHEMBL1504,MONDO_0002959,INDICATION,
CHEMBL1504,MONDO_0003005,INDICATION,
CHEMBL1504,MONDO_0004037,INDICATION,
CHEMBL1504,MONDO_0004857,INDICATION,
CHEMBL1504,MONDO_0004979,INDICATION,
CHEMBL1504,MONDO_0005041,INDICATION,
CHEMBL1504,MONDO_0005129,INDICATION,
CHEMBL1504,MONDO_0005178,INDICATION,
CHEMBL1504,MONDO_0005301,INDICATION,
CHEMBL1504,MONDO_0007254,INDICATION,
CHEMBL1504,MONDO_0007935,INDICATION,
CHEMBL1504,MONDO_0018092,INDICATION,
CHEMBL1505,EFO_0000400,CONTRAINDICATION,
CHEMBL1505,EFO_0000537,CONTRAINDICATION,
CHEMBL1505,EFO_0000612,CONTRAINDICATION,
CHEMBL1505,EFO_0000712,CONTRAINDICATION,
CHEMBL1505,EFO_0001073,CONTRAINDICATION,
CHEMBL1505,EFO_0001645,CONTRAINDICATION,
CHEMBL1505,EFO_0003764,CONTRAINDICATION,
CHEMBL1505,EFO_0003875,CONTRAINDICATION,
CHEMBL1505,EFO_1000013,CONTRAINDICATION,
CHEMBL1505,EFO_1001375,CONTRAINDICATION,
CHEMBL1505,EFO_1001842,CONTRAINDICATION,
CHEMBL1505,MONDO_0005277,INDICATION,
CHEMBL1505,MONDO_0005299,CONTRAINDICATION,
CHEMBL1505,MONDO_0020675,CONTRAINDICATION,
CHEMBL1508,EFO_0000313,INDICATION,
CHEMBL1508,EFO_0000474,CONTRAINDICATION,
CHEMBL1508,EFO_0000555,INDICATION,
CHEMBL1508,EFO_0000685,INDICATION,
CHEMBL1508,EFO_0000712,INDICATION,
CHEMBL1508,EFO_0001358,OFF_LABEL_USE,
CHEMBL1508,EFO_0002610,INDICATION,
CHEMBL1508,EFO_0003047,INDICATION,
CHEMBL1508,EFO_0003777,CONTRAINDICATION,
CHEMBL1508,EFO_0003884,INDICATION,
CHEMBL1508,EFO_0003890,INDICATION,
CHEMBL1508,EFO_0004242,OFF_LABEL_USE,
CHEMBL1508,EFO_0004262,OFF_LABEL_USE,
CHEMBL1508,EFO_0005230,INDICATION,
CHEMBL1508,EFO_0005687,INDICATION,
CHEMBL1508,EFO_0006788,INDICATION,
CHEMBL1508,EFO_0009314,CONTRAINDICATION,
CHEMBL1508,EFO_0009963,INDICATION,
CHEMBL1508,EFO_0010282,INDICATION,
CHEMBL1508,EFO_0803321,INDICATION,
CHEMBL1508,EFO_1000982,CONTRAINDICATION,
CHEMBL1508,EFO_1001379,CONTRAINDICATION,
CHEMBL1508,EFO_1001842,CONTRAINDICATION,
CHEMBL1508,EFO_1001892,INDICATION,
CHEMBL1508,EFO_1001908,INDICATION,
CHEMBL1508,EFO_1001917,INDICATION,
CHEMBL1508,EFO_1001919,INDICATION,
CHEMBL1508,MONDO_0002009,INDICATION,
CHEMBL1508,MONDO_0002050,INDICATION,
CHEMBL1508,MONDO_0002491,INDICATION,
CHEMBL1508,MONDO_0004975,INDICATION,
CHEMBL1508,MONDO_0004985,CONTRAINDICATION,
CHEMBL1508,MONDO_0004992,INDICATION,
CHEMBL1508,MONDO_0005090,INDICATION,
CHEMBL1508,MONDO_0005149,INDICATION,
CHEMBL1508,MONDO_0005184,INDICATION,
CHEMBL1509,EFO_0000400,CONTRAINDICATION,
CHEMBL1509,EFO_0000474,CONTRAINDICATION,
CHEMBL1509,EFO_0000537,CONTRAINDICATION,
CHEMBL1509,EFO_0000612,CONTRAINDICATION,
CHEMBL1509,EFO_0000660,OFF_LABEL_USE,
CHEMBL1509,EFO_0000712,CONTRAINDICATION,
CHEMBL1509,EFO_0001065,CONTRAINDICATION,
CHEMBL1509,EFO_0001073,CONTRAINDICATION,
CHEMBL1509,EFO_0001645,CONTRAINDICATION,
CHEMBL1509,EFO_0003086,CONTRAINDICATION,
CHEMBL1509,EFO_0003832,CONTRAINDICATION,
CHEMBL1509,EFO_0003894,INDICATION,
CHEMBL1509,EFO_0004152,CONTRAINDICATION,
CHEMBL1509,EFO_0004705,CONTRAINDICATION,
CHEMBL1509,EFO_0005204,INDICATION,
CHEMBL1509,EFO_0005924,INDICATION,
CHEMBL1509,EFO_0009315,CONTRAINDICATION,
CHEMBL1509,EFO_0009491,CONTRAINDICATION,
CHEMBL1509,EFO_1000710,INDICATION,
CHEMBL1509,EFO_1001074,CONTRAINDICATION,
CHEMBL1509,EFO_1001512,CONTRAINDICATION,
CHEMBL1509,MONDO_0001627,CONTRAINDICATION,
CHEMBL1509,MONDO_0002050,CONTRAINDICATION,
CHEMBL1509,MONDO_0002520,CONTRAINDICATION,
CHEMBL1509,MONDO_0004169,INDICATION,
CHEMBL1509,MONDO_0004979,CONTRAINDICATION,
CHEMBL1509,MONDO_0005277,CONTRAINDICATION,
CHEMBL1509,MONDO_0007915,CONTRAINDICATION,
CHEMBL1509,MONDO_0008170,CONTRAINDICATION,
CHEMBL1509,MONDO_0021187,CONTRAINDICATION,
CHEMBL1509,MONDO_0037748,CONTRAINDICATION,
CHEMBL1509,MONDO_0037821,CONTRAINDICATION,
CHEMBL1510,EFO_0000400,CONTRAINDICATION,
CHEMBL1510,EFO_0000537,CONTRAINDICATION,
CHEMBL1510,EFO_0000612,CONTRAINDICATION,
CHEMBL1510,EFO_0000712,CONTRAINDICATION,
CHEMBL1510,EFO_0001073,CONTRAINDICATION,
CHEMBL1510,EFO_0001645,CONTRAINDICATION,
CHEMBL1510,EFO_0003764,CONTRAINDICATION,
CHEMBL1510,EFO_0003875,CONTRAINDICATION,
CHEMBL1510,EFO_0004225,CONTRAINDICATION,
CHEMBL1510,EFO_1000013,CONTRAINDICATION,
CHEMBL1510,EFO_1001375,CONTRAINDICATION,
CHEMBL1510,EFO_1001842,CONTRAINDICATION,
CHEMBL1510,MONDO_0005277,INDICATION,
CHEMBL1510,MONDO_0005299,CONTRAINDICATION,
CHEMBL1510,MONDO_0005475,INDICATION,
CHEMBL1510,MONDO_0020675,CONTRAINDICATION,
CHEMBL1510,MONDO_0100192,CONTRAINDICATION,
CHEMBL1510,MONDO_0100431,INDICATION,
CHEMBL1511,EFO_0000400,CONTRAINDICATION,
CHEMBL1511,EFO_0000474,CONTRAINDICATION,
CHEMBL1511,EFO_0000537,CONTRAINDICATION,
CHEMBL1511,EFO_0000545,INDICATION,
CHEMBL1511,EFO_0000612,CONTRAINDICATION,
CHEMBL1511,EFO_0000660,OFF_LABEL_USE,
CHEMBL1511,EFO_0000712,CONTRAINDICATION,
CHEMBL1511,EFO_0001065,CONTRAINDICATION,
CHEMBL1511,EFO_0001073,CONTRAINDICATION,
CHEMBL1511,EFO_0001645,CONTRAINDICATION,
CHEMBL1511,EFO_0003086,CONTRAINDICATION,
CHEMBL1511,EFO_0003777,CONTRAINDICATION,
CHEMBL1511,EFO_0003832,CONTRAINDICATION,
CHEMBL1511,EFO_0003877,CONTRAINDICATION,
CHEMBL1511,EFO_0004152,CONTRAINDICATION,
CHEMBL1511,EFO_0004266,INDICATION,
CHEMBL1511,EFO_0004705,CONTRAINDICATION,
CHEMBL1511,EFO_0009315,CONTRAINDICATION,
CHEMBL1511,EFO_0009910,CONTRAINDICATION,
CHEMBL1511,EFO_1000096,INDICATION,
CHEMBL1511,EFO_1001074,CONTRAINDICATION,
CHEMBL1511,EFO_1001271,INDICATION,
CHEMBL1511,EFO_1001512,CONTRAINDICATION,
CHEMBL1511,MONDO_0001627,CONTRAINDICATION,
CHEMBL1511,MONDO_0002050,CONTRAINDICATION,
CHEMBL1511,MONDO_0002146,INDICATION,
CHEMBL1511,MONDO_0002520,CONTRAINDICATION,
CHEMBL1511,MONDO_0004979,CONTRAINDICATION,
CHEMBL1511,MONDO_0005277,CONTRAINDICATION,
CHEMBL1511,MONDO_0007915,CONTRAINDICATION,
CHEMBL1511,MONDO_0008170,CONTRAINDICATION,
CHEMBL1511,MONDO_0021187,CONTRAINDICATION,
CHEMBL1511,MONDO_0021259,CONTRAINDICATION,
CHEMBL1511,MONDO_0037748,CONTRAINDICATION,
CHEMBL1511,MONDO_0037821,CONTRAINDICATION,
CHEMBL1512,EFO_0000771,CONTRAINDICATION,
CHEMBL1512,EFO_0005854,INDICATION,
CHEMBL1512,EFO_0006509,CONTRAINDICATION,
CHEMBL1512,EFO_0007308,CONTRAINDICATION,
CHEMBL1512,EFO_0008521,INDICATION,
CHEMBL1512,EFO_0009491,CONTRAINDICATION,
CHEMBL1512,EFO_1001417,INDICATION,
CHEMBL1512,EFO_1002025,CONTRAINDICATION,
CHEMBL1512,MONDO_0002041,CONTRAINDICATION,
CHEMBL1512,MONDO_0004979,INDICATION,
CHEMBL1512,MONDO_0005041,CONTRAINDICATION,
CHEMBL1512080,EFO_0000763,INDICATION,
CHEMBL1512580,EFO_0004142,INDICATION,
CHEMBL1512580,MONDO_0004975,INDICATION,
CHEMBL1512949,EFO_0010282,INDICATION,
CHEMBL1513,EFO_0000275,OFF_LABEL_USE,
CHEMBL1513,EFO_0000319,INDICATION,
CHEMBL1513,EFO_0000373,INDICATION,
CHEMBL1513,EFO_0000400,CONTRAINDICATION,
CHEMBL1513,EFO_0000401,INDICATION,
CHEMBL1513,EFO_0000537,INDICATION,
CHEMBL1513,EFO_0000694,INDICATION,
CHEMBL1513,EFO_0003884,INDICATION,
CHEMBL1513,EFO_0004145,CONTRAINDICATION,
CHEMBL1513,EFO_0004194,INDICATION,
CHEMBL1513,EFO_0004220,INDICATION,
CHEMBL1513,EFO_0004236,INDICATION,
CHEMBL1513,EFO_0004274,CONTRAINDICATION,
CHEMBL1513,EFO_0005251,CONTRAINDICATION,
CHEMBL1513,EFO_0005532,CONTRAINDICATION,
CHEMBL1513,EFO_0007243,INDICATION,
CHEMBL1513,EFO_0008506,CONTRAINDICATION,
CHEMBL1513,EFO_0009530,CONTRAINDICATION,
CHEMBL1513,EFO_1000652,CONTRAINDICATION,
CHEMBL1513,EFO_1000899,OFF_LABEL_USE,
CHEMBL1513,EFO_1001375,INDICATION,
CHEMBL1513,MONDO_0001134,INDICATION,
CHEMBL1513,MONDO_0001566,CONTRAINDICATION,
CHEMBL1513,MONDO_0005148,INDICATION,
CHEMBL1513,MONDO_0007915,CONTRAINDICATION,
CHEMBL1513,MONDO_0007947,INDICATION,
CHEMBL1513,MONDO_0017314,INDICATION,
CHEMBL1513,MONDO_0018100,CONTRAINDICATION,
CHEMBL1513,MONDO_0100096,INDICATION,
CHEMBL1514,EFO_0003890,INDICATION,
CHEMBL1514,EFO_0005611,INDICATION,
CHEMBL151445,EFO_0008521,INDICATION,
CHEMBL151445,MP_0001845,INDICATION,
CHEMBL1514715,EFO_0009579,INDICATION,
CHEMBL1514715,MP_0001914,INDICATION,
CHEMBL1515,EFO_0000398,INDICATION,
CHEMBL1515,EFO_0000519,INDICATION,
CHEMBL1515,EFO_0004705,CONTRAINDICATION,
CHEMBL1515,EFO_0009189,INDICATION,
CHEMBL1515,EFO_1000905,CONTRAINDICATION,
CHEMBL1515,EFO_1001212,OFF_LABEL_USE,
CHEMBL1515,EFO_1001465,INDICATION,
CHEMBL1515,EFO_1001466,INDICATION,
CHEMBL1516,EFO_0000275,INDICATION,
CHEMBL1516,EFO_0000537,INDICATION,
CHEMBL1516,EFO_0000694,INDICATION,
CHEMBL1516,EFO_0000712,INDICATION,
CHEMBL1516,MONDO_0001134,INDICATION,
CHEMBL1516,MONDO_0100096,INDICATION,
CHEMBL1516474,EFO_0000555,INDICATION,
CHEMBL1516474,MONDO_0002203,INDICATION,
CHEMBL1517,EFO_0000275,CONTRAINDICATION,
CHEMBL1517,EFO_0000544,INDICATION,
CHEMBL1517,EFO_0000771,INDICATION,
CHEMBL1517,EFO_0000778,INDICATION,
CHEMBL1517,EFO_0003086,CONTRAINDICATION,
CHEMBL1517,EFO_0003102,INDICATION,
CHEMBL1517,EFO_0003103,INDICATION,
CHEMBL1517,EFO_0003106,INDICATION,
CHEMBL1517,EFO_0003894,INDICATION,
CHEMBL1517,EFO_0005224,INDICATION,
CHEMBL1517,EFO_0007128,INDICATION,
CHEMBL1517,EFO_0007185,INDICATION,
CHEMBL1517,EFO_0007287,CONTRAINDICATION,
CHEMBL1517,EFO_0007291,INDICATION,
CHEMBL1517,EFO_0007324,INDICATION,
CHEMBL1517,EFO_0007353,INDICATION,
CHEMBL1517,EFO_0007387,OFF_LABEL_USE,
CHEMBL1517,EFO_0007410,INDICATION,
CHEMBL1517,EFO_0007486,INDICATION,
CHEMBL1517,EFO_0007504,INDICATION,
CHEMBL1517,EFO_0007548,INDICATION,
CHEMBL1517,EFO_0009425,OFF_LABEL_USE,
CHEMBL1517,EFO_0009661,INDICATION,
CHEMBL1517,EFO_1000829,INDICATION,
CHEMBL1517,EFO_1001226,CONTRAINDICATION,
CHEMBL1517,EFO_1001444,OFF_LABEL_USE,
CHEMBL1517,EFO_1001450,CONTRAINDICATION,
CHEMBL1517,EFO_1001481,OFF_LABEL_USE,
CHEMBL1517,EFO_1001888,INDICATION,
CHEMBL1517,MONDO_0000468,CONTRAINDICATION,
CHEMBL1517,MONDO_0001080,INDICATION,
CHEMBL1517,MONDO_0002258,INDICATION,
CHEMBL1517,MONDO_0002462,CONTRAINDICATION,
CHEMBL1517,MONDO_0004789,OFF_LABEL_USE,
CHEMBL1518,EFO_0004705,CONTRAINDICATION,
CHEMBL1518,EFO_0009189,INDICATION,
CHEMBL1518,EFO_0009190,INDICATION,
CHEMBL1518,EFO_1000905,CONTRAINDICATION,
CHEMBL1518,EFO_1001212,INDICATION,
CHEMBL1518,EFO_1001466,INDICATION,
CHEMBL1518,MONDO_0800113,CONTRAINDICATION,
CHEMBL151803,MONDO_0002040,INDICATION,
CHEMBL1519,EFO_0000275,OFF_LABEL_USE,
CHEMBL1519,EFO_0000319,INDICATION,
CHEMBL1519,EFO_0000401,OFF_LABEL_USE,
CHEMBL1519,EFO_0000537,INDICATION,
CHEMBL1519,EFO_0000538,CONTRAINDICATION,
CHEMBL1519,EFO_0000612,INDICATION,
CHEMBL1519,EFO_0003086,CONTRAINDICATION,
CHEMBL1519,EFO_0003144,INDICATION,
CHEMBL1519,EFO_0004991,CONTRAINDICATION,
CHEMBL1519,EFO_0005251,CONTRAINDICATION,
CHEMBL1519,EFO_0005306,CONTRAINDICATION,
CHEMBL1519,EFO_0005532,CONTRAINDICATION,
CHEMBL1519,EFO_1000899,OFF_LABEL_USE,
CHEMBL1519,EFO_1001450,CONTRAINDICATION,
CHEMBL1519,EFO_1001986,CONTRAINDICATION,
CHEMBL1519,MONDO_0000468,CONTRAINDICATION,
CHEMBL1519,MONDO_0001823,CONTRAINDICATION,
CHEMBL1519,MONDO_0010679,CONTRAINDICATION,
CHEMBL1519,MONDO_0019623,CONTRAINDICATION,
CHEMBL1519,MONDO_0042981,CONTRAINDICATION,
CHEMBL1519,Orphanet_844,CONTRAINDICATION,
CHEMBL1519,Orphanet_98702,CONTRAINDICATION,
CHEMBL15192,EFO_0000313,INDICATION,
CHEMBL15192,EFO_0000616,INDICATION,
CHEMBL15192,MONDO_0004992,INDICATION,
CHEMBL152,EFO_0000544,INDICATION,
CHEMBL152,EFO_0000691,INDICATION,
CHEMBL152,EFO_0000763,INDICATION,
CHEMBL152,EFO_0000764,INDICATION,
CHEMBL152,EFO_0001062,INDICATION,
CHEMBL152,EFO_0003086,CONTRAINDICATION,
CHEMBL152,EFO_0007147,INDICATION,
CHEMBL152,EFO_1000014,CONTRAINDICATION,
CHEMBL152,EFO_1000910,INDICATION,
CHEMBL152,EFO_1001302,INDICATION,
CHEMBL152,EFO_1002022,INDICATION,
CHEMBL152,MONDO_0001879,INDICATION,
CHEMBL152,MONDO_0002363,INDICATION,
CHEMBL152,MONDO_0002974,INDICATION,
CHEMBL152,MONDO_0003778,INDICATION,
CHEMBL1520,EFO_0000284,INDICATION,
CHEMBL1520,EFO_0000565,CONTRAINDICATION,
CHEMBL1520,EFO_0000612,CONTRAINDICATION,
CHEMBL1520,EFO_0000712,CONTRAINDICATION,
CHEMBL1520,EFO_0001378,CONTRAINDICATION,
CHEMBL1520,EFO_0002687,INDICATION,
CHEMBL1520,EFO_0004234,INDICATION,
CHEMBL1520,EFO_0004238,CONTRAINDICATION,
CHEMBL1520,EFO_0005251,CONTRAINDICATION,
CHEMBL1520,EFO_0005672,CONTRAINDICATION,
CHEMBL1520,EFO_0009314,CONTRAINDICATION,
CHEMBL1520,EFO_1000781,INDICATION,
CHEMBL1520,EFO_1000809,CONTRAINDICATION,
CHEMBL1520,EFO_1001145,INDICATION,
CHEMBL1520,MONDO_0005149,INDICATION,
CHEMBL1520,MONDO_0008231,CONTRAINDICATION,
CHEMBL1520,MONDO_0009061,INDICATION,
CHEMBL1520,MONDO_0011382,CONTRAINDICATION,
CHEMBL1520,MONDO_0019171,CONTRAINDICATION,
CHEMBL1520,MONDO_0042981,CONTRAINDICATION,
CHEMBL1520,MONDO_0100192,CONTRAINDICATION,
CHEMBL1520188,EFO_0003843,INDICATION,
CHEMBL1520188,MONDO_0007254,INDICATION,
CHEMBL152067,EFO_0000319,INDICATION,
CHEMBL152067,EFO_0000537,INDICATION,
CHEMBL152067,EFO_0001074,INDICATION,
CHEMBL1521,EFO_0003877,CONTRAINDICATION,
CHEMBL1521,EFO_0004698,INDICATION,
CHEMBL1521,EFO_0005230,INDICATION,
CHEMBL1521,MONDO_0002050,CONTRAINDICATION,
CHEMBL1521,MONDO_0005090,INDICATION,
CHEMBL1521,MONDO_0100192,CONTRAINDICATION,
CHEMBL1521495,EFO_0005230,INDICATION,
CHEMBL1522,EFO_0003918,INDICATION,
CHEMBL1522,EFO_0004698,INDICATION,
CHEMBL1522,EFO_0007191,INDICATION,
CHEMBL1522,EFO_1001892,INDICATION,
CHEMBL1522,MONDO_0002050,CONTRAINDICATION,
CHEMBL1522,MONDO_0100192,CONTRAINDICATION,
CHEMBL1523964,EFO_0005251,INDICATION,
CHEMBL1523964,MONDO_0004979,INDICATION,
CHEMBL152408,MONDO_0005271,INDICATION,
CHEMBL15245,EFO_0001358,INDICATION,
CHEMBL15245,EFO_0002610,INDICATION,
CHEMBL15245,EFO_0003086,CONTRAINDICATION,
CHEMBL15245,EFO_0003768,INDICATION,
CHEMBL15245,EFO_0003777,CONTRAINDICATION,
CHEMBL15245,EFO_0004234,OFF_LABEL_USE,
CHEMBL15245,EFO_0005251,CONTRAINDICATION,
CHEMBL15245,EFO_0005252,INDICATION,
CHEMBL15245,EFO_0007191,INDICATION,
CHEMBL15245,EFO_0010702,INDICATION,
CHEMBL15245,EFO_1000645,INDICATION,
CHEMBL15245,EFO_1001917,INDICATION,
CHEMBL15245,MONDO_0002050,CONTRAINDICATION,
CHEMBL15245,MONDO_0005148,INDICATION,
CHEMBL15245,MONDO_0005180,INDICATION,
CHEMBL15245,MONDO_0007079,INDICATION,
CHEMBL152452,EFO_0004145,INDICATION,
CHEMBL1525,EFO_0001067,INDICATION,
CHEMBL1525,EFO_0008510,INDICATION,
CHEMBL1525,MONDO_0003472,INDICATION,
CHEMBL1525,MONDO_0003482,INDICATION,
CHEMBL1525826,EFO_0000771,INDICATION,
CHEMBL1525826,EFO_0001068,INDICATION,
CHEMBL152632,EFO_1001342,INDICATION,
CHEMBL1527608,MONDO_0004979,INDICATION,
CHEMBL1528,EFO_0000266,INDICATION,
CHEMBL1528,EFO_0000649,INDICATION,
CHEMBL1528,EFO_0000673,INDICATION,
CHEMBL1528,EFO_0000771,INDICATION,
CHEMBL1528,EFO_0003086,CONTRAINDICATION,
CHEMBL1528,EFO_0003819,INDICATION,
CHEMBL1528,EFO_0008506,CONTRAINDICATION,
CHEMBL1528,EFO_1000892,CONTRAINDICATION,
CHEMBL1528,EFO_1001216,INDICATION,
CHEMBL1528,EFO_1001898,INDICATION,
CHEMBL1528,EFO_1002003,INDICATION,
CHEMBL1528,MONDO_0001566,CONTRAINDICATION,
CHEMBL1528,MONDO_0002203,CONTRAINDICATION,
CHEMBL1528,MONDO_0002508,OFF_LABEL_USE,
CHEMBL1528,MONDO_0002635,INDICATION,
CHEMBL1528,MONDO_0005271,INDICATION,
CHEMBL1528,MONDO_0008315,INDICATION,
CHEMBL1528,MONDO_0019338,CONTRAINDICATION,
CHEMBL1528,MONDO_0024298,INDICATION,
CHEMBL1528,Orphanet_89936,INDICATION,
CHEMBL1528134,EFO_0009688,INDICATION,
CHEMBL1528134,EFO_1001904,INDICATION,
CHEMBL1530428,EFO_0000565,INDICATION,
CHEMBL1530428,EFO_0000574,INDICATION,
CHEMBL1530428,EFO_0001378,INDICATION,
CHEMBL1530428,EFO_1000652,INDICATION,
CHEMBL1530428,EFO_1001216,INDICATION,
CHEMBL1531,EFO_0000284,INDICATION,
CHEMBL1531,EFO_0000400,CONTRAINDICATION,
CHEMBL1531,EFO_0000474,CONTRAINDICATION,
CHEMBL1531,EFO_0000537,CONTRAINDICATION,
CHEMBL1531,EFO_0000612,CONTRAINDICATION,
CHEMBL1531,EFO_0000712,CONTRAINDICATION,
CHEMBL1531,EFO_0000764,INDICATION,
CHEMBL1531,EFO_0000765,INDICATION,
CHEMBL1531,EFO_0001073,CONTRAINDICATION,
CHEMBL1531,EFO_0001645,CONTRAINDICATION,
CHEMBL1531,EFO_0002950,INDICATION,
CHEMBL1531,EFO_0003086,CONTRAINDICATION,
CHEMBL1531,EFO_0003763,CONTRAINDICATION,
CHEMBL1531,EFO_0003832,CONTRAINDICATION,
CHEMBL1531,EFO_0009551,CONTRAINDICATION,
CHEMBL1531,EFO_1001074,CONTRAINDICATION,
CHEMBL1531,EFO_1001512,CONTRAINDICATION,
CHEMBL1531,MONDO_0001627,CONTRAINDICATION,
CHEMBL1531,MONDO_0002050,CONTRAINDICATION,
CHEMBL1531,MONDO_0002691,CONTRAINDICATION,
CHEMBL1531,MONDO_0004979,CONTRAINDICATION,
CHEMBL1531,MONDO_0005277,CONTRAINDICATION,
CHEMBL1531,MONDO_0007915,CONTRAINDICATION,
CHEMBL1531,MONDO_0008170,CONTRAINDICATION,
CHEMBL1531,MONDO_0021187,CONTRAINDICATION,
CHEMBL1531,MONDO_0037821,CONTRAINDICATION,
CHEMBL1531134,EFO_0005230,INDICATION,
CHEMBL1531134,EFO_0005407,INDICATION,
CHEMBL1531134,MONDO_0002050,INDICATION,
CHEMBL1531134,MONDO_0005090,INDICATION,
CHEMBL1532,EFO_0000319,INDICATION,
CHEMBL1532,EFO_0000474,CONTRAINDICATION,
CHEMBL1532,EFO_0000729,CONTRAINDICATION,
CHEMBL1532,EFO_0003086,CONTRAINDICATION,
CHEMBL1532,EFO_0004799,CONTRAINDICATION,
CHEMBL1532,MONDO_0002050,CONTRAINDICATION,
CHEMBL1532,MONDO_0004247,CONTRAINDICATION,
CHEMBL1533,EFO_0000400,CONTRAINDICATION,
CHEMBL1533,EFO_0000474,CONTRAINDICATION,
CHEMBL1533,EFO_0000537,CONTRAINDICATION,
CHEMBL1533,EFO_0000612,CONTRAINDICATION,
CHEMBL1533,EFO_0000660,OFF_LABEL_USE,
CHEMBL1533,EFO_0000712,CONTRAINDICATION,
CHEMBL1533,EFO_0001065,CONTRAINDICATION,
CHEMBL1533,EFO_0001073,CONTRAINDICATION,
CHEMBL1533,EFO_0001645,CONTRAINDICATION,
CHEMBL1533,EFO_0003832,CONTRAINDICATION,
CHEMBL1533,EFO_0004152,CONTRAINDICATION,
CHEMBL1533,EFO_0004705,CONTRAINDICATION,
CHEMBL1533,EFO_0009315,CONTRAINDICATION,
CHEMBL1533,EFO_0009551,CONTRAINDICATION,
CHEMBL1533,EFO_0010269,INDICATION,
CHEMBL1533,EFO_1001068,CONTRAINDICATION,
CHEMBL1533,EFO_1001512,CONTRAINDICATION,
CHEMBL1533,MONDO_0001627,CONTRAINDICATION,
CHEMBL1533,MONDO_0001836,OFF_LABEL_USE,
CHEMBL1533,MONDO_0002050,CONTRAINDICATION,
CHEMBL1533,MONDO_0002520,CONTRAINDICATION,
CHEMBL1533,MONDO_0002691,CONTRAINDICATION,
CHEMBL1533,MONDO_0004979,CONTRAINDICATION,
CHEMBL1533,MONDO_0005277,CONTRAINDICATION,
CHEMBL1533,MONDO_0007915,CONTRAINDICATION,
CHEMBL1533,MONDO_0008170,CONTRAINDICATION,
CHEMBL1533,MONDO_0021187,CONTRAINDICATION,
CHEMBL1533,MONDO_0037748,CONTRAINDICATION,
CHEMBL1533,MONDO_0037821,CONTRAINDICATION,
CHEMBL1533,MP_0001914,INDICATION,
CHEMBL1533,Orphanet_661,INDICATION,
CHEMBL1533310,EFO_0000222,INDICATION,
CHEMBL1533310,EFO_0000389,INDICATION,
CHEMBL1533310,EFO_0000565,INDICATION,
CHEMBL1533310,EFO_0000616,INDICATION,
CHEMBL1533310,MONDO_0002367,INDICATION,
CHEMBL1534,EFO_0000474,CONTRAINDICATION,
CHEMBL1534,EFO_0000537,CONTRAINDICATION,
CHEMBL1534,EFO_0000612,CONTRAINDICATION,
CHEMBL1534,EFO_0000676,INDICATION,
CHEMBL1534,EFO_0001070,INDICATION,
CHEMBL1534,EFO_0002970,INDICATION,
CHEMBL1534,EFO_0003086,CONTRAINDICATION,
CHEMBL1534,EFO_0003144,INDICATION,
CHEMBL1534,EFO_0003884,INDICATION,
CHEMBL1534,EFO_0003928,CONTRAINDICATION,
CHEMBL1534,EFO_0003966,INDICATION,
CHEMBL1534,EFO_0004242,CONTRAINDICATION,
CHEMBL1534,EFO_0004262,CONTRAINDICATION,
CHEMBL1534,EFO_0004272,INDICATION,
CHEMBL1534,EFO_0004698,CONTRAINDICATION,
CHEMBL1534,EFO_0005251,CONTRAINDICATION,
CHEMBL1534,EFO_0009314,CONTRAINDICATION,
CHEMBL1534,EFO_0011023,INDICATION,
CHEMBL1534,EFO_1000036,INDICATION,
CHEMBL1534,EFO_1000783,INDICATION,
CHEMBL1534,EFO_1000826,CONTRAINDICATION,
CHEMBL1534,EFO_1001375,CONTRAINDICATION,
CHEMBL1534,EFO_1001872,CONTRAINDICATION,
CHEMBL1534,MONDO_0001343,CONTRAINDICATION,
CHEMBL1534,MONDO_0001751,CONTRAINDICATION,
CHEMBL1534,MONDO_0002974,INDICATION,
CHEMBL1534,MONDO_0004247,CONTRAINDICATION,
CHEMBL1534,MONDO_0004892,INDICATION,
CHEMBL1534,MONDO_0005301,INDICATION,
CHEMBL1534,MONDO_0007079,CONTRAINDICATION,
CHEMBL1534,MONDO_0009281,OFF_LABEL_USE,
CHEMBL1534,MONDO_0009282,OFF_LABEL_USE,
CHEMBL1534,MONDO_0010788,CONTRAINDICATION,
CHEMBL1534,MONDO_0015486,INDICATION,
CHEMBL1534,MONDO_0018660,CONTRAINDICATION,
CHEMBL1534,MONDO_0024298,INDICATION,
CHEMBL1534,MONDO_0100192,CONTRAINDICATION,
CHEMBL153479,EFO_0000684,INDICATION,
CHEMBL153479,EFO_0006792,INDICATION,
CHEMBL153479,MONDO_0002258,INDICATION,
CHEMBL153479,MONDO_0005180,INDICATION,
CHEMBL153479,MONDO_0018150,INDICATION,
CHEMBL1535,DOID_13406,INDICATION,
CHEMBL1535,EFO_0000095,INDICATION,
CHEMBL1535,EFO_0000182,INDICATION,
CHEMBL1535,EFO_0000198,INDICATION,
CHEMBL1535,EFO_0000222,INDICATION,
CHEMBL1535,EFO_0000228,INDICATION,
CHEMBL1535,EFO_0000349,INDICATION,
CHEMBL1535,EFO_0000384,INDICATION,
CHEMBL1535,EFO_0000389,INDICATION,
CHEMBL1535,EFO_0000519,INDICATION,
CHEMBL1535,EFO_0000544,INDICATION,
CHEMBL1535,EFO_0000565,INDICATION,
CHEMBL1535,EFO_0000616,INDICATION,
CHEMBL1535,EFO_0000637,INDICATION,
CHEMBL1535,EFO_0000668,INDICATION,
CHEMBL1535,EFO_0000676,CONTRAINDICATION,
CHEMBL1535,EFO_0000681,INDICATION,
CHEMBL1535,EFO_0000685,INDICATION,
CHEMBL1535,EFO_0000691,INDICATION,
CHEMBL1535,EFO_0000694,INDICATION,
CHEMBL1535,EFO_0000699,INDICATION,
CHEMBL1535,EFO_0000702,INDICATION,
CHEMBL1535,EFO_0000729,INDICATION,
CHEMBL1535,EFO_0000756,INDICATION,
CHEMBL1535,EFO_0000764,INDICATION,
CHEMBL1535,EFO_0001068,INDICATION,
CHEMBL1535,EFO_0001378,INDICATION,
CHEMBL1535,EFO_0001663,INDICATION,
CHEMBL1535,EFO_0002614,INDICATION,
CHEMBL1535,EFO_0002618,INDICATION,
CHEMBL1535,EFO_0002689,INDICATION,
CHEMBL1535,EFO_0002950,INDICATION,
CHEMBL1535,EFO_0003047,INDICATION,
CHEMBL1535,EFO_0003060,INDICATION,
CHEMBL1535,EFO_0003106,INDICATION,
CHEMBL1535,EFO_0003818,INDICATION,
CHEMBL1535,EFO_0003834,INDICATION,
CHEMBL1535,EFO_0003839,CONTRAINDICATION,
CHEMBL1535,EFO_0003840,INDICATION,
CHEMBL1535,EFO_0003966,CONTRAINDICATION,
CHEMBL1535,EFO_0004142,INDICATION,
CHEMBL1535,EFO_0004220,INDICATION,
CHEMBL1535,EFO_0004244,INDICATION,
CHEMBL1535,EFO_0004616,INDICATION,
CHEMBL1535,EFO_0005221,INDICATION,
CHEMBL1535,EFO_0005755,INDICATION,
CHEMBL1535,EFO_0007224,INDICATION,
CHEMBL1535,EFO_0007287,CONTRAINDICATION,
CHEMBL1535,EFO_0007328,INDICATION,
CHEMBL1535,EFO_0007427,INDICATION,
CHEMBL1535,EFO_0007444,INDICATION,
CHEMBL1535,EFO_0007445,INDICATION,
CHEMBL1535,EFO_0007448,INDICATION,
CHEMBL1535,EFO_0007541,INDICATION,
CHEMBL1535,EFO_0009001,INDICATION,
CHEMBL1535,EFO_0009686,INDICATION,
CHEMBL1535,EFO_1000158,INDICATION,
CHEMBL1535,EFO_1000637,INDICATION,
CHEMBL1535,EFO_1000710,INDICATION,
CHEMBL1535,EFO_1000726,INDICATION,
CHEMBL1535,EFO_1000954,INDICATION,
CHEMBL1535,EFO_1001209,INDICATION,
CHEMBL1535,EFO_1001951,INDICATION,
CHEMBL1535,MONDO_0002280,CONTRAINDICATION,
CHEMBL1535,MONDO_0004992,INDICATION,
CHEMBL1535,MONDO_0005147,INDICATION,
CHEMBL1535,MONDO_0005148,INDICATION,
CHEMBL1535,MONDO_0005178,INDICATION,
CHEMBL1535,MONDO_0007079,CONTRAINDICATION,
CHEMBL1535,MONDO_0007254,INDICATION,
CHEMBL1535,MONDO_0007915,INDICATION,
CHEMBL1535,MONDO_0008170,INDICATION,
CHEMBL1535,MONDO_0008315,INDICATION,
CHEMBL1535,MONDO_0008903,INDICATION,
CHEMBL1535,MONDO_0009061,INDICATION,
CHEMBL1535,MONDO_0010520,INDICATION,
CHEMBL1535,MONDO_0011705,INDICATION,
CHEMBL1535,MONDO_0013730,INDICATION,
CHEMBL1535,MONDO_0015104,OFF_LABEL_USE,
CHEMBL1535,MONDO_0019200,INDICATION,
CHEMBL1535,MONDO_0020576,OFF_LABEL_USE,
CHEMBL1535,MONDO_0021117,INDICATION,
CHEMBL1535,MONDO_0037821,CONTRAINDICATION,
CHEMBL1535,MONDO_0041182,OFF_LABEL_USE,
CHEMBL1535,MONDO_0100096,INDICATION,
CHEMBL1535,MONDO_0100130,INDICATION,
CHEMBL1535,MONDO_0100342,INDICATION,
CHEMBL1535,Orphanet_912,INDICATION,
CHEMBL1536,EFO_0000217,CONTRAINDICATION,
CHEMBL1536,EFO_0000275,CONTRAINDICATION,
CHEMBL1536,EFO_0000384,INDICATION,
CHEMBL1536,EFO_0000389,INDICATION,
CHEMBL1536,EFO_0000400,CONTRAINDICATION,
CHEMBL1536,EFO_0000537,CONTRAINDICATION,
CHEMBL1536,EFO_0000565,INDICATION,
CHEMBL1536,EFO_0000574,INDICATION,
CHEMBL1536,EFO_0000660,INDICATION,
CHEMBL1536,EFO_0000673,INDICATION,
CHEMBL1536,EFO_0000676,INDICATION,
CHEMBL1536,EFO_0000729,INDICATION,
CHEMBL1536,EFO_0000764,INDICATION,
CHEMBL1536,EFO_0001073,INDICATION,
CHEMBL1536,EFO_0001378,INDICATION,
CHEMBL1536,EFO_0002614,INDICATION,
CHEMBL1536,EFO_0002950,INDICATION,
CHEMBL1536,EFO_0003047,INDICATION,
CHEMBL1536,EFO_0003086,CONTRAINDICATION,
CHEMBL1536,EFO_0003095,INDICATION,
CHEMBL1536,EFO_0003144,INDICATION,
CHEMBL1536,EFO_0003762,INDICATION,
CHEMBL1536,EFO_0003767,INDICATION,
CHEMBL1536,EFO_0003834,INDICATION,
CHEMBL1536,EFO_0003843,INDICATION,
CHEMBL1536,EFO_0003854,INDICATION,
CHEMBL1536,EFO_0003869,INDICATION,
CHEMBL1536,EFO_0003882,INDICATION,
CHEMBL1536,EFO_0003884,INDICATION,
CHEMBL1536,EFO_0003917,INDICATION,
CHEMBL1536,EFO_0003931,INDICATION,
CHEMBL1536,EFO_0003964,INDICATION,
CHEMBL1536,EFO_0004192,INDICATION,
CHEMBL1536,EFO_0004220,INDICATION,
CHEMBL1536,EFO_0004247,INDICATION,
CHEMBL1536,EFO_0004261,INDICATION,
CHEMBL1536,EFO_0004270,INDICATION,
CHEMBL1536,EFO_0004278,INDICATION,
CHEMBL1536,EFO_0004288,INDICATION,
CHEMBL1536,EFO_0004593,INDICATION,
CHEMBL1536,EFO_0004616,INDICATION,
CHEMBL1536,EFO_0005583,INDICATION,
CHEMBL1536,EFO_0005762,INDICATION,
CHEMBL1536,EFO_0005952,INDICATION,
CHEMBL1536,EFO_0007176,INDICATION,
CHEMBL1536,EFO_0007319,INDICATION,
CHEMBL1536,EFO_0007405,INDICATION,
CHEMBL1536,EFO_0008506,CONTRAINDICATION,
CHEMBL1536,EFO_0008519,INDICATION,
CHEMBL1536,EFO_0008553,CONTRAINDICATION,
CHEMBL1536,EFO_0008572,INDICATION,
CHEMBL1536,EFO_0009314,CONTRAINDICATION,
CHEMBL1536,EFO_0009451,INDICATION,
CHEMBL1536,EFO_0009516,INDICATION,
CHEMBL1536,EFO_0009706,INDICATION,
CHEMBL1536,EFO_1000049,INDICATION,
CHEMBL1536,EFO_1000653,INDICATION,
CHEMBL1536,EFO_1000783,INDICATION,
CHEMBL1536,EFO_1000820,CONTRAINDICATION,
CHEMBL1536,EFO_1000892,CONTRAINDICATION,
CHEMBL1536,EFO_1000978,CONTRAINDICATION,
CHEMBL1536,EFO_1001152,OFF_LABEL_USE,
CHEMBL1536,EFO_1001375,INDICATION,
CHEMBL1536,EFO_1001494,INDICATION,
CHEMBL1536,EFO_1001792,INDICATION,
CHEMBL1536,EFO_1001919,INDICATION,
CHEMBL1536,EFO_1001951,INDICATION,
CHEMBL1536,MONDO_0000328,CONTRAINDICATION,
CHEMBL1536,MONDO_0001409,CONTRAINDICATION,
CHEMBL1536,MONDO_0001566,CONTRAINDICATION,
CHEMBL1536,MONDO_0002171,INDICATION,
CHEMBL1536,MONDO_0002203,CONTRAINDICATION,
CHEMBL1536,MONDO_0002474,CONTRAINDICATION,
CHEMBL1536,MONDO_0002974,INDICATION,
CHEMBL1536,MONDO_0004627,CONTRAINDICATION,
CHEMBL1536,MONDO_0004975,INDICATION,
CHEMBL1536,MONDO_0004979,INDICATION,
CHEMBL1536,MONDO_0004992,INDICATION,
CHEMBL1536,MONDO_0005147,INDICATION,
CHEMBL1536,MONDO_0005148,INDICATION,
CHEMBL1536,MONDO_0005277,INDICATION,
CHEMBL1536,MONDO_0005301,INDICATION,
CHEMBL1536,MONDO_0007254,INDICATION,
CHEMBL1536,MONDO_0008315,INDICATION,
CHEMBL1536,MONDO_0008903,INDICATION,
CHEMBL1536,MONDO_0011382,CONTRAINDICATION,
CHEMBL1536,MONDO_0011962,INDICATION,
CHEMBL1536,MONDO_0018076,INDICATION,
CHEMBL1536,MONDO_0019019,INDICATION,
CHEMBL1536,MONDO_0019338,CONTRAINDICATION,
CHEMBL1536,MONDO_0021063,INDICATION,
CHEMBL1536,MONDO_0021187,CONTRAINDICATION,
CHEMBL1536,MONDO_0021251,CONTRAINDICATION,
CHEMBL1536,MONDO_0021259,CONTRAINDICATION,
CHEMBL1536,MONDO_0024298,INDICATION,
CHEMBL1536,MONDO_0024300,INDICATION,
CHEMBL1536,MONDO_0044782,CONTRAINDICATION,
CHEMBL1536,MONDO_0100096,INDICATION,
CHEMBL1536,Orphanet_309005,INDICATION,
CHEMBL1536,Orphanet_89936,INDICATION,
CHEMBL1537,EFO_0000771,INDICATION,
CHEMBL1537,EFO_0003086,CONTRAINDICATION,
CHEMBL1537,EFO_0003103,INDICATION,
CHEMBL1537,EFO_0007326,CONTRAINDICATION,
CHEMBL1537,MONDO_0004789,OFF_LABEL_USE,
CHEMBL1538,EFO_0000180,INDICATION,
CHEMBL1538,EFO_0000474,CONTRAINDICATION,
CHEMBL1538,EFO_0000544,INDICATION,
CHEMBL1538,EFO_0000574,INDICATION,
CHEMBL1538,EFO_0000763,INDICATION,
CHEMBL1538,EFO_0000764,INDICATION,
CHEMBL1538,EFO_0000765,INDICATION,
CHEMBL1538,EFO_0001073,CONTRAINDICATION,
CHEMBL1538,EFO_0001421,INDICATION,
CHEMBL1538,EFO_0002614,INDICATION,
CHEMBL1538,EFO_0003047,INDICATION,
CHEMBL1538,EFO_0003086,CONTRAINDICATION,
CHEMBL1538,EFO_0004197,INDICATION,
CHEMBL1538,EFO_0004220,INDICATION,
CHEMBL1538,EFO_0004239,INDICATION,
CHEMBL1538,EFO_0005307,CONTRAINDICATION,
CHEMBL1538,EFO_0005741,INDICATION,
CHEMBL1538,EFO_0007304,INDICATION,
CHEMBL1538,EFO_0008496,INDICATION,
CHEMBL1538,EFO_1000036,CONTRAINDICATION,
CHEMBL1538,EFO_1000727,INDICATION,
CHEMBL1538,EFO_1001486,INDICATION,
CHEMBL1538,MONDO_0000313,CONTRAINDICATION,
CHEMBL1538,MONDO_0001083,CONTRAINDICATION,
CHEMBL1538,MONDO_0002050,CONTRAINDICATION,
CHEMBL1538,MONDO_0004790,CONTRAINDICATION,
CHEMBL1538,MONDO_0018076,INDICATION,
CHEMBL1538,MONDO_0019171,CONTRAINDICATION,
CHEMBL1538,MONDO_0100096,INDICATION,
CHEMBL1538,MONDO_0100192,CONTRAINDICATION,
CHEMBL1539,EFO_0000474,CONTRAINDICATION,
CHEMBL1539,EFO_0000764,INDICATION,
CHEMBL1539,EFO_0001068,INDICATION,
CHEMBL1539,EFO_0002950,INDICATION,
CHEMBL1539,EFO_0003086,CONTRAINDICATION,
CHEMBL1539,EFO_0003917,INDICATION,
CHEMBL1539,EFO_0004272,INDICATION,
CHEMBL1539,EFO_0007287,CONTRAINDICATION,
CHEMBL1539,EFO_0007444,INDICATION,
CHEMBL1539,EFO_0007445,INDICATION,
CHEMBL1539,EFO_0007448,INDICATION,
CHEMBL1539,MONDO_0002280,CONTRAINDICATION,
CHEMBL1539,MONDO_0037821,CONTRAINDICATION,
CHEMBL153983,EFO_0000319,INDICATION,
CHEMBL153984,EFO_0004190,INDICATION,
CHEMBL153984,EFO_1001069,INDICATION,
CHEMBL153984,MONDO_0005041,INDICATION,
CHEMBL154,EFO_0000319,CONTRAINDICATION,
CHEMBL154,EFO_0000400,CONTRAINDICATION,
CHEMBL154,EFO_0000474,CONTRAINDICATION,
CHEMBL154,EFO_0000537,CONTRAINDICATION,
CHEMBL154,EFO_0000546,INDICATION,
CHEMBL154,EFO_0000612,CONTRAINDICATION,
CHEMBL154,EFO_0000673,INDICATION,
CHEMBL154,EFO_0000685,INDICATION,
CHEMBL154,EFO_0000712,CONTRAINDICATION,
CHEMBL154,EFO_0001073,CONTRAINDICATION,
CHEMBL154,EFO_0001645,CONTRAINDICATION,
CHEMBL154,EFO_0002609,INDICATION,
CHEMBL154,EFO_0003086,CONTRAINDICATION,
CHEMBL154,EFO_0003764,CONTRAINDICATION,
CHEMBL154,EFO_0003843,INDICATION,
CHEMBL154,EFO_0003875,CONTRAINDICATION,
CHEMBL154,EFO_0003882,CONTRAINDICATION,
CHEMBL154,EFO_0003898,INDICATION,
CHEMBL154,EFO_0004274,INDICATION,
CHEMBL154,EFO_0004607,INDICATION,
CHEMBL154,EFO_0004616,INDICATION,
CHEMBL154,EFO_0005755,INDICATION,
CHEMBL154,EFO_0005757,INDICATION,
CHEMBL154,EFO_0005762,INDICATION,
CHEMBL154,EFO_0005856,INDICATION,
CHEMBL154,EFO_0007214,INDICATION,
CHEMBL154,EFO_0009189,CONTRAINDICATION,
CHEMBL154,EFO_0009314,CONTRAINDICATION,
CHEMBL154,EFO_0009454,INDICATION,
CHEMBL154,EFO_0009550,INDICATION,
CHEMBL154,EFO_0009637,INDICATION,
CHEMBL154,EFO_0009846,INDICATION,
CHEMBL154,EFO_0010072,INDICATION,
CHEMBL154,EFO_1000013,CONTRAINDICATION,
CHEMBL154,EFO_1000786,INDICATION,
CHEMBL154,EFO_1000826,CONTRAINDICATION,
CHEMBL154,EFO_1000941,INDICATION,
CHEMBL154,EFO_1001375,CONTRAINDICATION,
CHEMBL154,EFO_1001434,INDICATION,
CHEMBL154,EFO_1001842,CONTRAINDICATION,
CHEMBL154,MONDO_0001744,CONTRAINDICATION,
CHEMBL154,MONDO_0002258,INDICATION,
CHEMBL154,MONDO_0002280,CONTRAINDICATION,
CHEMBL154,MONDO_0002471,INDICATION,
CHEMBL154,MONDO_0003937,INDICATION,
CHEMBL154,MONDO_0004857,INDICATION,
CHEMBL154,MONDO_0004975,INDICATION,
CHEMBL154,MONDO_0005178,INDICATION,
CHEMBL154,MONDO_0005277,INDICATION,
CHEMBL154,MONDO_0005299,CONTRAINDICATION,
CHEMBL154,MONDO_0005301,INDICATION,
CHEMBL154,MONDO_0005835,INDICATION,
CHEMBL154,MONDO_0007079,CONTRAINDICATION,
CHEMBL154,MONDO_0007254,INDICATION,
CHEMBL154,MONDO_0010870,INDICATION,
CHEMBL154,MONDO_0018100,CONTRAINDICATION,
CHEMBL154,MONDO_0020675,CONTRAINDICATION,
CHEMBL154,MONDO_0021661,CONTRAINDICATION,
CHEMBL154,MONDO_0100096,INDICATION,
CHEMBL154,MONDO_0100192,CONTRAINDICATION,
CHEMBL154,MP_0001845,INDICATION,
CHEMBL1540,EFO_0000763,INDICATION,
CHEMBL1540,EFO_1001347,INDICATION,
CHEMBL1540,MONDO_0043653,INDICATION,
CHEMBL1541,DOID_7551,INDICATION,
CHEMBL1541,EFO_0000544,INDICATION,
CHEMBL1541,EFO_0000616,INDICATION,
CHEMBL1541,EFO_0000764,INDICATION,
CHEMBL1541,EFO_0000771,INDICATION,
CHEMBL1541,EFO_0003102,INDICATION,
CHEMBL1541,EFO_0003103,INDICATION,
CHEMBL1541,EFO_0004992,INDICATION,
CHEMBL1541,EFO_0006505,INDICATION,
CHEMBL1541,EFO_0007504,INDICATION,
CHEMBL1541,EFO_0009661,INDICATION,
CHEMBL1541,MONDO_0001080,INDICATION,
CHEMBL1541,MONDO_0001343,CONTRAINDICATION,
CHEMBL1541,MONDO_0002258,INDICATION,
CHEMBL154111,EFO_0000195,INDICATION,
CHEMBL154111,EFO_0000217,CONTRAINDICATION,
CHEMBL154111,EFO_0000319,CONTRAINDICATION,
CHEMBL154111,EFO_0000400,CONTRAINDICATION,
CHEMBL154111,EFO_0000660,INDICATION,
CHEMBL154111,EFO_0000668,INDICATION,
CHEMBL154111,EFO_0000685,INDICATION,
CHEMBL154111,EFO_0001065,INDICATION,
CHEMBL154111,EFO_0001073,INDICATION,
CHEMBL154111,EFO_0002614,INDICATION,
CHEMBL154111,EFO_0003086,CONTRAINDICATION,
CHEMBL154111,EFO_0003843,INDICATION,
CHEMBL154111,EFO_0003914,INDICATION,
CHEMBL154111,EFO_0003948,CONTRAINDICATION,
CHEMBL154111,EFO_0004272,INDICATION,
CHEMBL154111,EFO_0009190,CONTRAINDICATION,
CHEMBL154111,EFO_0009314,CONTRAINDICATION,
CHEMBL154111,EFO_1000391,CONTRAINDICATION,
CHEMBL154111,EFO_1000783,INDICATION,
CHEMBL154111,MONDO_0002280,CONTRAINDICATION,
CHEMBL154111,MONDO_0004975,INDICATION,
CHEMBL154111,MONDO_0005148,INDICATION,
CHEMBL154111,MONDO_0005178,INDICATION,
CHEMBL154111,MONDO_0018660,CONTRAINDICATION,
CHEMBL154111,MONDO_0018896,CONTRAINDICATION,
CHEMBL154111,MONDO_0019037,INDICATION,
CHEMBL154111,MONDO_0100192,CONTRAINDICATION,
CHEMBL15413,EFO_0000771,INDICATION,
CHEMBL15413,EFO_0003103,INDICATION,
CHEMBL1542,EFO_0000182,INDICATION,
CHEMBL1542,EFO_0000198,INDICATION,
CHEMBL1542,EFO_0000220,INDICATION,
CHEMBL1542,EFO_0000222,INDICATION,
CHEMBL1542,EFO_0000318,INDICATION,
CHEMBL1542,EFO_0000384,INDICATION,
CHEMBL1542,EFO_0000398,INDICATION,
CHEMBL1542,EFO_0000540,INDICATION,
CHEMBL1542,EFO_0000545,INDICATION,
CHEMBL1542,EFO_0000574,CONTRAINDICATION,
CHEMBL1542,EFO_0000685,INDICATION,
CHEMBL1542,EFO_0000729,INDICATION,
CHEMBL1542,EFO_0000768,INDICATION,
CHEMBL1542,EFO_0000771,CONTRAINDICATION,
CHEMBL1542,EFO_0001423,INDICATION,
CHEMBL1542,EFO_0003063,OFF_LABEL_USE,
CHEMBL1542,EFO_0003767,INDICATION,
CHEMBL1542,EFO_0003780,INDICATION,
CHEMBL1542,EFO_0003818,INDICATION,
CHEMBL1542,EFO_0003884,INDICATION,
CHEMBL1542,EFO_0004194,INDICATION,
CHEMBL1542,EFO_0004244,INDICATION,
CHEMBL1542,EFO_0004256,INDICATION,
CHEMBL1542,EFO_0004274,INDICATION,
CHEMBL1542,EFO_0004719,INDICATION,
CHEMBL1542,EFO_0004826,INDICATION,
CHEMBL1542,EFO_0004991,INDICATION,
CHEMBL1542,EFO_0005297,INDICATION,
CHEMBL1542,EFO_0005531,INDICATION,
CHEMBL1542,EFO_0005676,INDICATION,
CHEMBL1542,EFO_0005761,INDICATION,
CHEMBL1542,EFO_0006803,INDICATION,
CHEMBL1542,EFO_0007187,INDICATION,
CHEMBL1542,EFO_0007208,INDICATION,
CHEMBL1542,EFO_0009012,INDICATION,
CHEMBL1542,EFO_0009448,INDICATION,
CHEMBL1542,EFO_1000652,CONTRAINDICATION,
CHEMBL1542,EFO_1000749,INDICATION,
CHEMBL1542,EFO_1000784,INDICATION,
CHEMBL1542,EFO_1000966,CONTRAINDICATION,
CHEMBL1542,EFO_1001264,INDICATION,
CHEMBL1542,EFO_1001857,INDICATION,
CHEMBL1542,MONDO_0001343,CONTRAINDICATION,
CHEMBL1542,MONDO_0002041,CONTRAINDICATION,
CHEMBL1542,MONDO_0002280,CONTRAINDICATION,
CHEMBL1542,MONDO_0005301,INDICATION,
CHEMBL1542,MONDO_0007915,INDICATION,
CHEMBL1542,MONDO_0011382,INDICATION,
CHEMBL1542,MONDO_0019170,INDICATION,
CHEMBL1542,MONDO_0019249,INDICATION,
CHEMBL1542,MONDO_0019474,CONTRAINDICATION,
CHEMBL1543,EFO_0002618,INDICATION,
CHEMBL1543,EFO_0002687,INDICATION,
CHEMBL1543,EFO_0003100,INDICATION,
CHEMBL1543,EFO_0003843,INDICATION,
CHEMBL1543,EFO_0004149,INDICATION,
CHEMBL1543,EFO_0007430,INDICATION,
CHEMBL1543,MONDO_0005180,INDICATION,
CHEMBL1543,MONDO_0007254,INDICATION,
CHEMBL1543,MONDO_0009061,INDICATION,
CHEMBL1544,EFO_0000275,INDICATION,
CHEMBL1544,EFO_0000319,CONTRAINDICATION,
CHEMBL1544,EFO_0000400,CONTRAINDICATION,
CHEMBL1544,EFO_0000537,CONTRAINDICATION,
CHEMBL1544,EFO_0000612,CONTRAINDICATION,
CHEMBL1544,EFO_0001380,CONTRAINDICATION,
CHEMBL1544,EFO_0001645,CONTRAINDICATION,
CHEMBL1544,EFO_0003144,INDICATION,
CHEMBL1544,EFO_0003840,INDICATION,
CHEMBL1544,EFO_0003841,INDICATION,
CHEMBL1544,EFO_0003882,CONTRAINDICATION,
CHEMBL1544,EFO_0003929,INDICATION,
CHEMBL1544,EFO_0004283,INDICATION,
CHEMBL1544,EFO_0004705,INDICATION,
CHEMBL1544,EFO_0005207,INDICATION,
CHEMBL1544,EFO_0006834,INDICATION,
CHEMBL1544,EFO_0006859,INDICATION,
CHEMBL1544,EFO_0009189,CONTRAINDICATION,
CHEMBL1544,EFO_1000916,INDICATION,
CHEMBL1544,EFO_1000931,INDICATION,
CHEMBL1544,EFO_1001055,INDICATION,
CHEMBL1544,EFO_1001212,CONTRAINDICATION,
CHEMBL1544,EFO_1001465,INDICATION,
CHEMBL1544,EFO_1002017,INDICATION,
CHEMBL1544,MONDO_0002009,INDICATION,
CHEMBL1544,MONDO_0002050,INDICATION,
CHEMBL1544,MONDO_0002108,INDICATION,
CHEMBL1544,MONDO_0004985,INDICATION,
CHEMBL1544,MONDO_0005301,INDICATION,
CHEMBL1544,MONDO_0007254,INDICATION,
CHEMBL1544,MONDO_0008315,INDICATION,
CHEMBL1544,MONDO_0015129,CONTRAINDICATION,
CHEMBL1544,MONDO_0018612,INDICATION,
CHEMBL1546,EFO_0000400,CONTRAINDICATION,
CHEMBL1546,EFO_0000537,CONTRAINDICATION,
CHEMBL1546,EFO_0004190,CONTRAINDICATION,
CHEMBL1546,EFO_0009189,CONTRAINDICATION,
CHEMBL1546,EFO_1001069,CONTRAINDICATION,
CHEMBL1546,EFO_1001375,CONTRAINDICATION,
CHEMBL1546,MONDO_0001744,CONTRAINDICATION,
CHEMBL1547,EFO_0003144,INDICATION,
CHEMBL1547,EFO_0003777,INDICATION,
CHEMBL1547,EFO_0003884,INDICATION,
CHEMBL1547,EFO_0004272,INDICATION,
CHEMBL1547,EFO_0006834,INDICATION,
CHEMBL1547,EFO_0008569,INDICATION,
CHEMBL1547,EFO_0009492,INDICATION,
CHEMBL1547,EFO_0009686,INDICATION,
CHEMBL1547,EFO_1000036,INDICATION,
CHEMBL1547,EFO_1000837,INDICATION,
CHEMBL1547,EFO_1000971,INDICATION,
CHEMBL1547,MONDO_0005301,INDICATION,
CHEMBL1547,MONDO_0007739,INDICATION,
CHEMBL1549,MONDO_0015129,INDICATION,
CHEMBL1550,EFO_0000319,INDICATION,
CHEMBL1550,EFO_0000400,CONTRAINDICATION,
CHEMBL1550,EFO_0000519,INDICATION,
CHEMBL1550,EFO_0000685,INDICATION,
CHEMBL1550,EFO_0000729,INDICATION,
CHEMBL1550,EFO_0001060,INDICATION,
CHEMBL1550,EFO_0003086,CONTRAINDICATION,
CHEMBL1550,EFO_0003854,INDICATION,
CHEMBL1550,EFO_0003882,INDICATION,
CHEMBL1550,EFO_0003884,INDICATION,
CHEMBL1550,EFO_0004239,INDICATION,
CHEMBL1550,EFO_0005669,INDICATION,
CHEMBL1550,EFO_0006890,INDICATION,
CHEMBL1550,EFO_0008506,CONTRAINDICATION,
CHEMBL1550,EFO_1000820,CONTRAINDICATION,
CHEMBL1550,MONDO_0000328,CONTRAINDICATION,
CHEMBL1550,MONDO_0001566,CONTRAINDICATION,
CHEMBL1550,MONDO_0001751,OFF_LABEL_USE,
CHEMBL1550,MONDO_0002203,CONTRAINDICATION,
CHEMBL1550,MONDO_0008315,INDICATION,
CHEMBL1550,MONDO_0008692,OFF_LABEL_USE,
CHEMBL1550,MONDO_0009061,INDICATION,
CHEMBL1550,MONDO_0019338,CONTRAINDICATION,
CHEMBL1550,MONDO_0021251,CONTRAINDICATION,
CHEMBL1550,MONDO_0021259,CONTRAINDICATION,
CHEMBL1550,MONDO_0024298,INDICATION,
CHEMBL1550,MP_0001914,INDICATION,
CHEMBL1551,EFO_0000373,INDICATION,
CHEMBL1551,EFO_0000400,INDICATION,
CHEMBL1551,EFO_0000685,INDICATION,
CHEMBL1551,EFO_0001073,INDICATION,
CHEMBL1551,EFO_0001421,INDICATION,
CHEMBL1551,EFO_0001422,INDICATION,
CHEMBL1551,EFO_0002950,INDICATION,
CHEMBL1551,EFO_0003095,INDICATION,
CHEMBL1551,EFO_0004220,INDICATION,
CHEMBL1551,EFO_0004228,INDICATION,
CHEMBL1551,EFO_0004267,INDICATION,
CHEMBL1551,EFO_0004268,INDICATION,
CHEMBL1551,EFO_0004799,INDICATION,
CHEMBL1551,EFO_0007304,INDICATION,
CHEMBL1551,EFO_1001068,INDICATION,
CHEMBL1551,EFO_1001486,INDICATION,
CHEMBL1551,EFO_1001951,INDICATION,
CHEMBL1551,MONDO_0001751,INDICATION,
CHEMBL1551,MONDO_0005148,INDICATION,
CHEMBL1551,MONDO_0005180,INDICATION,
CHEMBL1551,MONDO_0007739,INDICATION,
CHEMBL1551,MONDO_0019072,INDICATION,
CHEMBL1551,MONDO_0100096,INDICATION,
CHEMBL1551,MP_0001845,INDICATION,
CHEMBL1551,Orphanet_733,INDICATION,
CHEMBL1551724,EFO_0000095,INDICATION,
CHEMBL1551724,EFO_0000319,INDICATION,
CHEMBL1554,EFO_0000174,INDICATION,
CHEMBL1554,EFO_0000248,INDICATION,
CHEMBL1554,EFO_0000437,INDICATION,
CHEMBL1554,EFO_0000558,OFF_LABEL_USE,
CHEMBL1554,EFO_0000565,INDICATION,
CHEMBL1554,EFO_0000574,INDICATION,
CHEMBL1554,EFO_0000616,INDICATION,
CHEMBL1554,EFO_0000691,INDICATION,
CHEMBL1554,EFO_0000756,INDICATION,
CHEMBL1554,EFO_0002893,INDICATION,
CHEMBL1554,EFO_0002918,INDICATION,
CHEMBL1554,EFO_0005088,INDICATION,
CHEMBL1554,EFO_0006509,CONTRAINDICATION,
CHEMBL1554,EFO_0006510,CONTRAINDICATION,
CHEMBL1554,EFO_1000158,INDICATION,
CHEMBL1554,EFO_1000298,INDICATION,
CHEMBL1554,EFO_1000966,CONTRAINDICATION,
CHEMBL1554,EFO_1001042,INDICATION,
CHEMBL1554,MONDO_0001657,INDICATION,
CHEMBL1554,MONDO_0002280,CONTRAINDICATION,
CHEMBL1554,MONDO_0002367,INDICATION,
CHEMBL1554,MONDO_0006058,INDICATION,
CHEMBL1554,MONDO_0015909,CONTRAINDICATION,
CHEMBL1554,MONDO_0016717,INDICATION,
CHEMBL1554,MONDO_0018944,INDICATION,
CHEMBL1554,MONDO_0019004,INDICATION,
CHEMBL1555,EFO_0000677,INDICATION,
CHEMBL1555,EFO_0004718,INDICATION,
CHEMBL1555,MONDO_0004975,INDICATION,
CHEMBL1555,MONDO_0005090,INDICATION,
CHEMBL1555,MONDO_0017276,INDICATION,
CHEMBL155572,EFO_0000685,INDICATION,
CHEMBL1556,EFO_0000616,INDICATION,
CHEMBL1556,EFO_0000756,INDICATION,
CHEMBL1556,EFO_0000763,INDICATION,
CHEMBL1556,EFO_0000764,INDICATION,
CHEMBL1556,EFO_0003929,INDICATION,
CHEMBL1556,EFO_0003966,INDICATION,
CHEMBL1556,EFO_0008583,INDICATION,
CHEMBL1556,EFO_1000783,INDICATION,
CHEMBL1556,EFO_1001050,INDICATION,
CHEMBL1556,EFO_1001068,INDICATION,
CHEMBL1556,MONDO_0004976,INDICATION,
CHEMBL1556,MONDO_0005180,INDICATION,
CHEMBL1556,MONDO_0100096,INDICATION,
CHEMBL15562,EFO_0003897,INDICATION,
CHEMBL15562,EFO_0004142,INDICATION,
CHEMBL15562,EFO_1000657,INDICATION,
CHEMBL15562,EFO_1001951,INDICATION,
CHEMBL155625,EFO_0000616,INDICATION,
CHEMBL155625,EFO_0001073,INDICATION,
CHEMBL155625,EFO_0003768,INDICATION,
CHEMBL155625,MONDO_0007254,INDICATION,
CHEMBL1557,EFO_0000373,INDICATION,
CHEMBL1557,EFO_0000612,INDICATION,
CHEMBL1557,EFO_1002048,INDICATION,
CHEMBL1557,MONDO_0005180,INDICATION,
CHEMBL1558,EFO_0000400,INDICATION,
CHEMBL1558,EFO_0000537,INDICATION,
CHEMBL155886,EFO_0000222,INDICATION,
CHEMBL155886,EFO_0000313,INDICATION,
CHEMBL155886,MONDO_0007254,INDICATION,
CHEMBL1559,EFO_0007512,INDICATION,
CHEMBL1559,EFO_0007543,INDICATION,
CHEMBL1560,EFO_0000275,OFF_LABEL_USE,
CHEMBL1560,EFO_0000319,INDICATION,
CHEMBL1560,EFO_0000373,INDICATION,
CHEMBL1560,EFO_0000400,CONTRAINDICATION,
CHEMBL1560,EFO_0000401,INDICATION,
CHEMBL1560,EFO_0000519,INDICATION,
CHEMBL1560,EFO_0000537,INDICATION,
CHEMBL1560,EFO_0000538,CONTRAINDICATION,
CHEMBL1560,EFO_0000612,INDICATION,
CHEMBL1560,EFO_0000616,INDICATION,
CHEMBL1560,EFO_0001361,INDICATION,
CHEMBL1560,EFO_0002430,INDICATION,
CHEMBL1560,EFO_0003086,CONTRAINDICATION,
CHEMBL1560,EFO_0003106,INDICATION,
CHEMBL1560,EFO_0003144,INDICATION,
CHEMBL1560,EFO_0003770,INDICATION,
CHEMBL1560,EFO_0003777,INDICATION,
CHEMBL1560,EFO_0004274,CONTRAINDICATION,
CHEMBL1560,EFO_0005251,CONTRAINDICATION,
CHEMBL1560,EFO_0005532,CONTRAINDICATION,
CHEMBL1560,EFO_0005755,INDICATION,
CHEMBL1560,EFO_0008506,CONTRAINDICATION,
CHEMBL1560,EFO_0009530,CONTRAINDICATION,
CHEMBL1560,EFO_1000652,CONTRAINDICATION,
CHEMBL1560,EFO_1000899,OFF_LABEL_USE,
CHEMBL1560,EFO_1001986,CONTRAINDICATION,
CHEMBL1560,EFO_1002048,INDICATION,
CHEMBL1560,MONDO_0001566,CONTRAINDICATION,
CHEMBL1560,MONDO_0005148,INDICATION,
CHEMBL1560,MONDO_0007915,CONTRAINDICATION,
CHEMBL1560,MONDO_0009067,OFF_LABEL_USE,
CHEMBL1560,MONDO_0018100,CONTRAINDICATION,
CHEMBL1560,MONDO_0019623,CONTRAINDICATION,
CHEMBL1560,MONDO_0042981,CONTRAINDICATION,
CHEMBL1560,MONDO_0100096,INDICATION,
CHEMBL1560,Orphanet_98702,CONTRAINDICATION,
CHEMBL1560089,EFO_0000319,INDICATION,
CHEMBL156025,EFO_0000182,INDICATION,
CHEMBL156025,EFO_0000616,INDICATION,
CHEMBL156025,EFO_0000764,INDICATION,
CHEMBL15605,EFO_0000401,INDICATION,
CHEMBL1561,EFO_0000400,INDICATION,
CHEMBL1561,EFO_0000729,CONTRAINDICATION,
CHEMBL1561,EFO_0003086,CONTRAINDICATION,
CHEMBL1561,EFO_0003767,CONTRAINDICATION,
CHEMBL1561,EFO_0005741,CONTRAINDICATION,
CHEMBL1561,MONDO_0005147,INDICATION,
CHEMBL1561,MONDO_0005148,INDICATION,
CHEMBL1562610,EFO_0000685,INDICATION,
CHEMBL1562610,EFO_0002609,INDICATION,
CHEMBL1562610,MONDO_0005178,INDICATION,
CHEMBL1562779,EFO_0003894,INDICATION,
CHEMBL1563,EFO_0000094,INDICATION,
CHEMBL1563,EFO_0000198,INDICATION,
CHEMBL1563,EFO_0000209,INDICATION,
CHEMBL1563,EFO_0000218,INDICATION,
CHEMBL1563,EFO_0000220,INDICATION,
CHEMBL1563,EFO_0000221,INDICATION,
CHEMBL1563,EFO_0000222,INDICATION,
CHEMBL1563,EFO_0000223,INDICATION,
CHEMBL1563,EFO_0000224,INDICATION,
CHEMBL1563,EFO_0000565,INDICATION,
CHEMBL1563,EFO_0000574,INDICATION,
CHEMBL1563,EFO_0000691,INDICATION,
CHEMBL1563,EFO_0003025,INDICATION,
CHEMBL1563,EFO_0003027,INDICATION,
CHEMBL1563,EFO_0003028,INDICATION,
CHEMBL1563,EFO_0003029,INDICATION,
CHEMBL1563,EFO_0003802,INDICATION,
CHEMBL1563,EFO_0003811,INDICATION,
CHEMBL1563,EFO_0004251,INDICATION,
CHEMBL1563,EFO_0004289,INDICATION,
CHEMBL1563,EFO_1001052,INDICATION,
CHEMBL1563,EFO_1001779,INDICATION,
CHEMBL1563,MONDO_0000870,INDICATION,
CHEMBL1563,MONDO_0044917,INDICATION,
CHEMBL1565476,EFO_0005755,INDICATION,
CHEMBL1566,EFO_0000195,INDICATION,
CHEMBL1566,EFO_0000400,INDICATION,
CHEMBL1566,EFO_0000537,INDICATION,
CHEMBL1566,EFO_0000589,INDICATION,
CHEMBL1566,EFO_0001073,INDICATION,
CHEMBL1566,EFO_0001645,INDICATION,
CHEMBL1566,EFO_0003095,INDICATION,
CHEMBL1566,EFO_0003914,INDICATION,
CHEMBL1566,EFO_0004593,INDICATION,
CHEMBL1566,EFO_0005252,INDICATION,
CHEMBL1566,EFO_0007318,INDICATION,
CHEMBL1566,MONDO_0002367,INDICATION,
CHEMBL1566,MONDO_0005148,INDICATION,
CHEMBL1566956,EFO_0003948,INDICATION,
CHEMBL1566956,EFO_0009454,INDICATION,
CHEMBL1567,EFO_0000095,INDICATION,
CHEMBL1567,EFO_0000182,INDICATION,
CHEMBL1567,EFO_0000220,INDICATION,
CHEMBL1567,EFO_0000222,INDICATION,
CHEMBL1567,EFO_0000349,INDICATION,
CHEMBL1567,EFO_0000403,INDICATION,
CHEMBL1567,EFO_0000501,INDICATION,
CHEMBL1567,EFO_0000514,INDICATION,
CHEMBL1567,EFO_0000519,INDICATION,
CHEMBL1567,EFO_0000558,INDICATION,
CHEMBL1567,EFO_0000588,INDICATION,
CHEMBL1567,EFO_0000616,INDICATION,
CHEMBL1567,EFO_0000632,INDICATION,
CHEMBL1567,EFO_0000640,INDICATION,
CHEMBL1567,EFO_0000641,INDICATION,
CHEMBL1567,EFO_0000673,INDICATION,
CHEMBL1567,EFO_0000681,INDICATION,
CHEMBL1567,EFO_0000702,INDICATION,
CHEMBL1567,EFO_0001378,INDICATION,
CHEMBL1567,EFO_0002499,INDICATION,
CHEMBL1567,EFO_0002617,INDICATION,
CHEMBL1567,EFO_0002618,INDICATION,
CHEMBL1567,EFO_0002938,INDICATION,
CHEMBL1567,EFO_0003060,INDICATION,
CHEMBL1567,EFO_0003865,INDICATION,
CHEMBL1567,EFO_0003869,INDICATION,
CHEMBL1567,EFO_0003897,INDICATION,
CHEMBL1567,EFO_0006352,INDICATION,
CHEMBL1567,EFO_0006861,INDICATION,
CHEMBL1567,EFO_0007331,INDICATION,
CHEMBL1567,EFO_0007416,INDICATION,
CHEMBL1567,EFO_1000045,INDICATION,
CHEMBL1567,EFO_1000576,INDICATION,
CHEMBL1567,EFO_1000984,INDICATION,
CHEMBL1567,EFO_1001465,INDICATION,
CHEMBL1567,EFO_1001901,INDICATION,
CHEMBL1567,EFO_1001951,INDICATION,
CHEMBL1567,EFO_1001968,INDICATION,
CHEMBL1567,MONDO_0001187,INDICATION,
CHEMBL1567,MONDO_0002087,INDICATION,
CHEMBL1567,MONDO_0002158,INDICATION,
CHEMBL1567,MONDO_0002367,INDICATION,
CHEMBL1567,MONDO_0002691,INDICATION,
CHEMBL1567,MONDO_0003268,INDICATION,
CHEMBL1567,MONDO_0004192,INDICATION,
CHEMBL1567,MONDO_0004986,INDICATION,
CHEMBL1567,MONDO_0004992,INDICATION,
CHEMBL1567,MONDO_0007254,INDICATION,
CHEMBL1567,MONDO_0007576,INDICATION,
CHEMBL1567,MONDO_0008315,INDICATION,
CHEMBL1567,MONDO_0008667,INDICATION,
CHEMBL1567,MONDO_0008903,INDICATION,
CHEMBL1567,MONDO_0011719,INDICATION,
CHEMBL1567,MONDO_0015277,INDICATION,
CHEMBL1567,MONDO_0018364,INDICATION,
CHEMBL1567,MONDO_0044926,INDICATION,
CHEMBL1567328,EFO_0003948,INDICATION,
CHEMBL1567463,MONDO_0005148,INDICATION,
CHEMBL156791,EFO_0000319,INDICATION,
CHEMBL1568057,EFO_0003890,INDICATION,
CHEMBL1568057,MONDO_0004979,INDICATION,
CHEMBL1568276,EFO_0000544,INDICATION,
CHEMBL1568276,EFO_0003102,INDICATION,
CHEMBL1568698,EFO_0000474,INDICATION,
CHEMBL1568698,EFO_0001358,INDICATION,
CHEMBL1568698,EFO_0004263,INDICATION,
CHEMBL1568698,EFO_0004319,INDICATION,
CHEMBL1568698,EFO_0008526,INDICATION,
CHEMBL1568698,EFO_1000877,INDICATION,
CHEMBL1568698,MONDO_0001734,INDICATION,
CHEMBL1568698,MONDO_0010383,INDICATION,
CHEMBL1568698,MONDO_0010396,INDICATION,
CHEMBL1568698,MONDO_0018097,INDICATION,
CHEMBL1569,EFO_0000544,INDICATION,
CHEMBL1569,EFO_0003047,INDICATION,
CHEMBL1569,EFO_0004247,INDICATION,
CHEMBL1569,EFO_0005411,INDICATION,
CHEMBL1569,EFO_0007328,INDICATION,
CHEMBL1569,EFO_1000860,INDICATION,
CHEMBL1569,EFO_1001175,INDICATION,
CHEMBL1569,EFO_1001402,INDICATION,
CHEMBL1569,MONDO_0004976,INDICATION,
CHEMBL1569,MONDO_0005090,INDICATION,
CHEMBL1569,MONDO_0005180,INDICATION,
CHEMBL1569,MONDO_0005301,INDICATION,
CHEMBL1569,MONDO_0043510,INDICATION,
CHEMBL1569,MONDO_0100096,INDICATION,
CHEMBL1569487,EFO_0003843,INDICATION,
CHEMBL1569487,EFO_0005755,INDICATION,
CHEMBL1569487,MONDO_0004975,INDICATION,
CHEMBL1569487,MONDO_0005277,INDICATION,
CHEMBL1569545,EFO_0000616,INDICATION,
CHEMBL1569545,EFO_1001512,INDICATION,
CHEMBL1569545,MONDO_0011962,INDICATION,
CHEMBL1570,EFO_0001054,INDICATION,
CHEMBL1571,MONDO_0000088,INDICATION,
CHEMBL157101,EFO_0000095,INDICATION,
CHEMBL157101,EFO_0000339,INDICATION,
CHEMBL157101,EFO_0000341,INDICATION,
CHEMBL157101,EFO_0000519,INDICATION,
CHEMBL157101,EFO_0000540,INDICATION,
CHEMBL157101,EFO_0000574,INDICATION,
CHEMBL157101,EFO_0000616,INDICATION,
CHEMBL157101,EFO_0000621,INDICATION,
CHEMBL157101,EFO_0000673,INDICATION,
CHEMBL157101,EFO_0000756,INDICATION,
CHEMBL157101,EFO_0001663,INDICATION,
CHEMBL157101,EFO_0002614,INDICATION,
CHEMBL157101,EFO_0003047,INDICATION,
CHEMBL157101,EFO_0003099,INDICATION,
CHEMBL157101,EFO_0003875,CONTRAINDICATION,
CHEMBL157101,EFO_0003882,INDICATION,
CHEMBL157101,EFO_0003894,INDICATION,
CHEMBL157101,EFO_0003917,INDICATION,
CHEMBL157101,EFO_0003932,INDICATION,
CHEMBL157101,EFO_0004234,INDICATION,
CHEMBL157101,EFO_0005307,CONTRAINDICATION,
CHEMBL157101,EFO_0005539,INDICATION,
CHEMBL157101,EFO_0005952,INDICATION,
CHEMBL157101,EFO_0006911,INDICATION,
CHEMBL157101,EFO_0007174,INDICATION,
CHEMBL157101,EFO_0007207,INDICATION,
CHEMBL157101,EFO_0007211,INDICATION,
CHEMBL157101,EFO_0007310,INDICATION,
CHEMBL157101,EFO_0007406,INDICATION,
CHEMBL157101,EFO_0007417,INDICATION,
CHEMBL157101,EFO_0007421,OFF_LABEL_USE,
CHEMBL157101,EFO_0007439,INDICATION,
CHEMBL157101,EFO_0007510,INDICATION,
CHEMBL157101,EFO_0007512,INDICATION,
CHEMBL157101,EFO_0007543,INDICATION,
CHEMBL157101,EFO_0009491,CONTRAINDICATION,
CHEMBL157101,EFO_0009516,INDICATION,
CHEMBL157101,EFO_1000764,INDICATION,
CHEMBL157101,EFO_1000766,CONTRAINDICATION,
CHEMBL157101,EFO_1000797,INDICATION,
CHEMBL157101,EFO_1000948,INDICATION,
CHEMBL157101,EFO_1001494,INDICATION,
CHEMBL157101,MONDO_0000879,INDICATION,
CHEMBL157101,MONDO_0001134,INDICATION,
CHEMBL157101,MONDO_0001576,CONTRAINDICATION,
CHEMBL157101,MONDO_0002146,INDICATION,
CHEMBL157101,MONDO_0002406,INDICATION,
CHEMBL157101,MONDO_0004975,INDICATION,
CHEMBL157101,MONDO_0004979,INDICATION,
CHEMBL157101,MONDO_0004992,INDICATION,
CHEMBL157101,MONDO_0005148,INDICATION,
CHEMBL157101,MONDO_0005301,INDICATION,
CHEMBL157101,MONDO_0007254,INDICATION,
CHEMBL157101,MONDO_0008315,INDICATION,
CHEMBL157101,MONDO_0019171,CONTRAINDICATION,
CHEMBL157101,MONDO_0042233,INDICATION,
CHEMBL157101,MONDO_0100130,INDICATION,
CHEMBL157138,EFO_0002610,INDICATION,
CHEMBL157138,EFO_0004270,INDICATION,
CHEMBL157138,EFO_1001485,INDICATION,
CHEMBL157138,MONDO_0001836,INDICATION,
CHEMBL157138,MONDO_0005180,INDICATION,
CHEMBL157138,MONDO_0005277,INDICATION,
CHEMBL1572,EFO_0000771,INDICATION,
CHEMBL1572,EFO_0003086,CONTRAINDICATION,
CHEMBL1572,EFO_0003102,INDICATION,
CHEMBL1572,EFO_0004991,CONTRAINDICATION,
CHEMBL1572,EFO_1001888,INDICATION,
CHEMBL1572,MONDO_0021095,CONTRAINDICATION,
CHEMBL157366,EFO_0000616,INDICATION,
CHEMBL157366,EFO_0009688,INDICATION,
CHEMBL157366,MONDO_0001475,INDICATION,
CHEMBL157366,MONDO_0100096,INDICATION,
CHEMBL157366,MP_0001845,INDICATION,
CHEMBL1574,EFO_0000319,CONTRAINDICATION,
CHEMBL1574,EFO_0000400,INDICATION,
CHEMBL1574,EFO_0000537,CONTRAINDICATION,
CHEMBL1574,EFO_0001073,INDICATION,
CHEMBL1574,EFO_0001074,INDICATION,
CHEMBL1574,EFO_0001421,INDICATION,
CHEMBL1574,EFO_0003086,INDICATION,
CHEMBL1574,EFO_0003890,INDICATION,
CHEMBL1574,EFO_0005204,INDICATION,
CHEMBL1574,EFO_0005251,INDICATION,
CHEMBL1574,EFO_0005407,CONTRAINDICATION,
CHEMBL1574,EFO_0009189,CONTRAINDICATION,
CHEMBL1574,EFO_0009551,CONTRAINDICATION,
CHEMBL1574,EFO_1000820,CONTRAINDICATION,
CHEMBL1574,MONDO_0002491,CONTRAINDICATION,
CHEMBL1574,MONDO_0005041,CONTRAINDICATION,
CHEMBL1574,MONDO_0005147,CONTRAINDICATION,
CHEMBL1574,MONDO_0005149,CONTRAINDICATION,
CHEMBL1574,MONDO_0007079,CONTRAINDICATION,
CHEMBL1575,EFO_0000196,INDICATION,
CHEMBL1575,EFO_0000400,CONTRAINDICATION,
CHEMBL1575,EFO_0000474,CONTRAINDICATION,
CHEMBL1575,EFO_0000537,CONTRAINDICATION,
CHEMBL1575,EFO_0000612,CONTRAINDICATION,
CHEMBL1575,EFO_0000616,INDICATION,
CHEMBL1575,EFO_0000673,INDICATION,
CHEMBL1575,EFO_0001645,CONTRAINDICATION,
CHEMBL1575,EFO_0003086,CONTRAINDICATION,
CHEMBL1575,EFO_0003763,CONTRAINDICATION,
CHEMBL1575,EFO_0004234,CONTRAINDICATION,
CHEMBL1575,MONDO_0005277,CONTRAINDICATION,
CHEMBL1575,MONDO_0007254,INDICATION,
CHEMBL1575,MONDO_0008315,INDICATION,
CHEMBL1575,MONDO_0021259,INDICATION,
CHEMBL1576,EFO_0004698,INDICATION,
CHEMBL15768,EFO_0000217,CONTRAINDICATION,
CHEMBL15768,EFO_0000319,CONTRAINDICATION,
CHEMBL15768,EFO_0000400,CONTRAINDICATION,
CHEMBL15768,EFO_0000701,CONTRAINDICATION,
CHEMBL15768,EFO_0003086,CONTRAINDICATION,
CHEMBL15768,EFO_0003875,CONTRAINDICATION,
CHEMBL15768,EFO_0003948,CONTRAINDICATION,
CHEMBL15768,EFO_0009190,CONTRAINDICATION,
CHEMBL15768,EFO_0009314,CONTRAINDICATION,
CHEMBL15768,EFO_1000391,CONTRAINDICATION,
CHEMBL15768,MONDO_0002280,CONTRAINDICATION,
CHEMBL15768,MONDO_0002406,CONTRAINDICATION,
CHEMBL15768,MONDO_0018660,CONTRAINDICATION,
CHEMBL15768,MONDO_0018896,CONTRAINDICATION,
CHEMBL15768,MONDO_0100192,CONTRAINDICATION,
CHEMBL1577,EFO_0000319,INDICATION,
CHEMBL1577,EFO_0000400,CONTRAINDICATION,
CHEMBL1577,EFO_0000474,CONTRAINDICATION,
CHEMBL1577,EFO_0000537,INDICATION,
CHEMBL1577,EFO_0000729,CONTRAINDICATION,
CHEMBL1577,EFO_0001422,CONTRAINDICATION,
CHEMBL1577,EFO_0003086,CONTRAINDICATION,
CHEMBL1577,EFO_0004274,CONTRAINDICATION,
CHEMBL1577,EFO_0004799,CONTRAINDICATION,
CHEMBL1577,EFO_0009530,CONTRAINDICATION,
CHEMBL1577,EFO_1000652,CONTRAINDICATION,
CHEMBL1577,MONDO_0001343,CONTRAINDICATION,
CHEMBL1577,MONDO_0001566,CONTRAINDICATION,
CHEMBL1577,MONDO_0002050,CONTRAINDICATION,
CHEMBL1577,MONDO_0004247,CONTRAINDICATION,
CHEMBL1577,MONDO_0004782,OFF_LABEL_USE,
CHEMBL1577,MONDO_0007915,CONTRAINDICATION,
CHEMBL15770,EFO_0000181,INDICATION,
CHEMBL15770,EFO_0000222,INDICATION,
CHEMBL15770,EFO_0000319,CONTRAINDICATION,
CHEMBL15770,EFO_0000389,INDICATION,
CHEMBL15770,EFO_0000537,CONTRAINDICATION,
CHEMBL15770,EFO_0000612,CONTRAINDICATION,
CHEMBL15770,EFO_0000685,INDICATION,
CHEMBL15770,EFO_0003086,CONTRAINDICATION,
CHEMBL15770,EFO_0003898,INDICATION,
CHEMBL15770,EFO_0004142,INDICATION,
CHEMBL15770,EFO_0005755,INDICATION,
CHEMBL15770,EFO_0009314,CONTRAINDICATION,
CHEMBL15770,EFO_0009907,INDICATION,
CHEMBL15770,EFO_1001951,INDICATION,
CHEMBL15770,EFO_1001986,CONTRAINDICATION,
CHEMBL15770,MONDO_0002280,CONTRAINDICATION,
CHEMBL15770,MONDO_0002471,INDICATION,
CHEMBL15770,MONDO_0003937,INDICATION,
CHEMBL15770,MONDO_0004247,CONTRAINDICATION,
CHEMBL15770,MONDO_0004857,INDICATION,
CHEMBL15770,MONDO_0005178,INDICATION,
CHEMBL15770,MONDO_0007079,CONTRAINDICATION,
CHEMBL15770,MONDO_0007254,INDICATION,
CHEMBL15770,MONDO_0007915,CONTRAINDICATION,
CHEMBL15770,MONDO_0010383,INDICATION,
CHEMBL15770,MONDO_0021074,INDICATION,
CHEMBL15770,Orphanet_733,INDICATION,
CHEMBL15770,Orphanet_98702,CONTRAINDICATION,
CHEMBL15797,EFO_1001475,INDICATION,
CHEMBL158,DOID_7551,INDICATION,
CHEMBL158,EFO_0000544,INDICATION,
CHEMBL158,EFO_0000701,INDICATION,
CHEMBL158,EFO_0000771,INDICATION,
CHEMBL158,EFO_0002623,INDICATION,
CHEMBL158,EFO_0003060,INDICATION,
CHEMBL158,EFO_0003086,CONTRAINDICATION,
CHEMBL158,EFO_0003102,INDICATION,
CHEMBL158,EFO_0003103,INDICATION,
CHEMBL158,EFO_0003106,INDICATION,
CHEMBL158,EFO_0007470,INDICATION,
CHEMBL158,EFO_0008588,INDICATION,
CHEMBL158,EFO_1001141,INDICATION,
CHEMBL158,EFO_1001312,INDICATION,
CHEMBL158,EFO_1001313,INDICATION,
CHEMBL158,EFO_1001318,INDICATION,
CHEMBL158,MONDO_0005247,INDICATION,
CHEMBL158,MONDO_0009061,INDICATION,
CHEMBL158,MONDO_0021678,INDICATION,
CHEMBL158,MONDO_0024355,INDICATION,
CHEMBL158,MONDO_0040732,INDICATION,
CHEMBL1580,EFO_0000095,INDICATION,
CHEMBL1580,EFO_0000565,INDICATION,
CHEMBL1580,EFO_0000574,INDICATION,
CHEMBL1580,EFO_0000616,INDICATION,
CHEMBL1580,EFO_0003086,CONTRAINDICATION,
CHEMBL1580,EFO_0004599,INDICATION,
CHEMBL1580,EFO_0005251,CONTRAINDICATION,
CHEMBL1580,EFO_0005741,CONTRAINDICATION,
CHEMBL1580,EFO_0006927,INDICATION,
CHEMBL1580,EFO_1000956,INDICATION,
CHEMBL1580,EFO_1001134,CONTRAINDICATION,
CHEMBL1580,MONDO_0002280,CONTRAINDICATION,
CHEMBL1580,MONDO_0002367,INDICATION,
CHEMBL1580,MONDO_0004992,INDICATION,
CHEMBL1580,MONDO_0011382,INDICATION,
CHEMBL1580,MONDO_0013730,INDICATION,
CHEMBL1580,MONDO_0020547,INDICATION,
CHEMBL1581,EFO_0000275,OFF_LABEL_USE,
CHEMBL1581,EFO_0000319,INDICATION,
CHEMBL1581,EFO_0000401,OFF_LABEL_USE,
CHEMBL1581,EFO_0000407,INDICATION,
CHEMBL1581,EFO_0000537,INDICATION,
CHEMBL1581,EFO_0000612,INDICATION,
CHEMBL1581,EFO_0001358,INDICATION,
CHEMBL1581,EFO_0001645,INDICATION,
CHEMBL1581,EFO_0003086,CONTRAINDICATION,
CHEMBL1581,EFO_0004214,INDICATION,
CHEMBL1581,EFO_0004701,INDICATION,
CHEMBL1581,EFO_0005251,CONTRAINDICATION,
CHEMBL1581,EFO_0005532,CONTRAINDICATION,
CHEMBL1581,EFO_1000654,INDICATION,
CHEMBL1581,EFO_1000899,OFF_LABEL_USE,
CHEMBL1581,EFO_1001986,CONTRAINDICATION,
CHEMBL1581,MONDO_0001134,INDICATION,
CHEMBL1581,MONDO_0002491,INDICATION,
CHEMBL1581,MONDO_0004975,INDICATION,
CHEMBL1581,MONDO_0005148,INDICATION,
CHEMBL1581,MONDO_0007254,INDICATION,
CHEMBL1581,MONDO_0007947,INDICATION,
CHEMBL1581,MONDO_0019623,CONTRAINDICATION,
CHEMBL1581,Orphanet_98702,CONTRAINDICATION,
CHEMBL1583,DOID_7551,INDICATION,
CHEMBL1583,EFO_0000771,INDICATION,
CHEMBL1583,EFO_0003086,CONTRAINDICATION,
CHEMBL1583,EFO_0003102,INDICATION,
CHEMBL1583,EFO_0003103,INDICATION,
CHEMBL1583,EFO_0007326,CONTRAINDICATION,
CHEMBL1583,EFO_0007486,INDICATION,
CHEMBL1583,MONDO_0002258,INDICATION,
CHEMBL1583,MONDO_0004789,OFF_LABEL_USE,
CHEMBL1585,EFO_0000616,INDICATION,
CHEMBL1585,EFO_0002429,INDICATION,
CHEMBL1587,EFO_0000319,INDICATION,
CHEMBL1587,EFO_0000474,CONTRAINDICATION,
CHEMBL1587,EFO_0000537,INDICATION,
CHEMBL1587,EFO_0000729,CONTRAINDICATION,
CHEMBL1587,EFO_0003086,CONTRAINDICATION,
CHEMBL1587,EFO_0004799,CONTRAINDICATION,
CHEMBL1587,MONDO_0002050,CONTRAINDICATION,
CHEMBL1587,MONDO_0004247,CONTRAINDICATION,
CHEMBL1587,MONDO_0021107,CONTRAINDICATION,
CHEMBL1587,MONDO_0024327,CONTRAINDICATION,
CHEMBL15870,EFO_0005755,INDICATION,
CHEMBL1588,EFO_0003144,INDICATION,
CHEMBL1588,EFO_0003884,INDICATION,
CHEMBL1588,EFO_0004272,INDICATION,
CHEMBL1588,EFO_0006834,INDICATION,
CHEMBL1588,EFO_0008569,INDICATION,
CHEMBL1588,EFO_0009492,INDICATION,
CHEMBL1588,EFO_0009686,INDICATION,
CHEMBL1588,EFO_1000036,INDICATION,
CHEMBL1588,EFO_1000971,INDICATION,
CHEMBL1588,MONDO_0005301,INDICATION,
CHEMBL1588,MONDO_0007739,INDICATION,
CHEMBL1589,EFO_0000400,INDICATION,
CHEMBL1589,MONDO_0005129,INDICATION,
CHEMBL1589,MONDO_0005148,INDICATION,
CHEMBL15891,EFO_0000274,CONTRAINDICATION,
CHEMBL15891,EFO_0000474,CONTRAINDICATION,
CHEMBL15891,EFO_0000676,CONTRAINDICATION,
CHEMBL15891,EFO_0000701,CONTRAINDICATION,
CHEMBL15891,EFO_0001067,INDICATION,
CHEMBL15891,EFO_0001422,CONTRAINDICATION,
CHEMBL15891,MONDO_0003472,INDICATION,
CHEMBL15891,MONDO_0007079,CONTRAINDICATION,
CHEMBL159,EFO_0000183,INDICATION,
CHEMBL159,EFO_0000211,INDICATION,
CHEMBL159,EFO_0000220,INDICATION,
CHEMBL159,EFO_0000222,INDICATION,
CHEMBL159,EFO_0000389,INDICATION,
CHEMBL159,EFO_0000403,INDICATION,
CHEMBL159,EFO_0000558,INDICATION,
CHEMBL159,EFO_0000565,INDICATION,
CHEMBL159,EFO_0000574,INDICATION,
CHEMBL159,EFO_0000588,INDICATION,
CHEMBL159,EFO_0000616,INDICATION,
CHEMBL159,EFO_0000621,OFF_LABEL_USE,
CHEMBL159,EFO_0000681,INDICATION,
CHEMBL159,EFO_0000691,INDICATION,
CHEMBL159,EFO_0000756,INDICATION,
CHEMBL159,EFO_0000771,CONTRAINDICATION,
CHEMBL159,EFO_0001642,INDICATION,
CHEMBL159,EFO_0002617,INDICATION,
CHEMBL159,EFO_0003060,OFF_LABEL_USE,
CHEMBL159,EFO_0003100,CONTRAINDICATION,
CHEMBL159,EFO_0003818,CONTRAINDICATION,
CHEMBL159,EFO_0003833,INDICATION,
CHEMBL159,EFO_0004281,INDICATION,
CHEMBL159,EFO_0005088,INDICATION,
CHEMBL159,EFO_0005543,INDICATION,
CHEMBL159,EFO_0005952,INDICATION,
CHEMBL159,EFO_0006818,INDICATION,
CHEMBL159,EFO_0006859,OFF_LABEL_USE,
CHEMBL159,EFO_0008528,INDICATION,
CHEMBL159,EFO_0009907,INDICATION,
CHEMBL159,EFO_1000158,INDICATION,
CHEMBL159,EFO_1000318,INDICATION,
CHEMBL159,EFO_1001051,INDICATION,
CHEMBL159,EFO_1001375,CONTRAINDICATION,
CHEMBL159,MONDO_0001187,OFF_LABEL_USE,
CHEMBL159,MONDO_0002041,CONTRAINDICATION,
CHEMBL159,MONDO_0002050,CONTRAINDICATION,
CHEMBL159,MONDO_0002367,INDICATION,
CHEMBL159,MONDO_0002898,INDICATION,
CHEMBL159,MONDO_0002974,INDICATION,
CHEMBL159,MONDO_0003751,INDICATION,
CHEMBL159,MONDO_0004192,INDICATION,
CHEMBL159,MONDO_0004986,INDICATION,
CHEMBL159,MONDO_0008170,INDICATION,
CHEMBL159,MONDO_0008315,INDICATION,
CHEMBL159,MONDO_0008903,INDICATION,
CHEMBL159,MONDO_0009348,INDICATION,
CHEMBL159,MONDO_0018944,INDICATION,
CHEMBL159,MONDO_0018975,INDICATION,
CHEMBL159,MONDO_0100192,CONTRAINDICATION,
CHEMBL1590,EFO_0000319,CONTRAINDICATION,
CHEMBL1590,EFO_0000341,CONTRAINDICATION,
CHEMBL1590,EFO_0000400,CONTRAINDICATION,
CHEMBL1590,EFO_0000464,CONTRAINDICATION,
CHEMBL1590,EFO_0000474,CONTRAINDICATION,
CHEMBL1590,EFO_0000537,CONTRAINDICATION,
CHEMBL1590,EFO_0000612,CONTRAINDICATION,
CHEMBL1590,EFO_0000712,CONTRAINDICATION,
CHEMBL1590,EFO_0000729,CONTRAINDICATION,
CHEMBL1590,EFO_0001064,CONTRAINDICATION,
CHEMBL1590,EFO_0001074,CONTRAINDICATION,
CHEMBL1590,EFO_0001645,CONTRAINDICATION,
CHEMBL1590,EFO_0003086,CONTRAINDICATION,
CHEMBL1590,EFO_0003767,CONTRAINDICATION,
CHEMBL1590,EFO_0003832,CONTRAINDICATION,
CHEMBL1590,EFO_0003833,CONTRAINDICATION,
CHEMBL1590,EFO_0003843,INDICATION,
CHEMBL1590,EFO_0003890,CONTRAINDICATION,
CHEMBL1590,EFO_0003948,CONTRAINDICATION,
CHEMBL1590,EFO_0003956,INDICATION,
CHEMBL1590,EFO_0004705,CONTRAINDICATION,
CHEMBL1590,EFO_0004991,CONTRAINDICATION,
CHEMBL1590,EFO_0005251,CONTRAINDICATION,
CHEMBL1590,EFO_0005252,INDICATION,
CHEMBL1590,EFO_0005306,CONTRAINDICATION,
CHEMBL1590,EFO_0005854,INDICATION,
CHEMBL1590,EFO_0007141,INDICATION,
CHEMBL1590,EFO_0007214,INDICATION,
CHEMBL1590,EFO_0007328,INDICATION,
CHEMBL1590,EFO_0007486,INDICATION,
CHEMBL1590,EFO_0007533,INDICATION,
CHEMBL1590,EFO_0008521,INDICATION,
CHEMBL1590,EFO_0009086,CONTRAINDICATION,
CHEMBL1590,EFO_0009189,CONTRAINDICATION,
CHEMBL1590,EFO_0009314,CONTRAINDICATION,
CHEMBL1590,EFO_0009454,CONTRAINDICATION,
CHEMBL1590,EFO_0009532,CONTRAINDICATION,
CHEMBL1590,EFO_0009550,INDICATION,
CHEMBL1590,EFO_0009571,CONTRAINDICATION,
CHEMBL1590,EFO_0009910,CONTRAINDICATION,
CHEMBL1590,EFO_1000014,CONTRAINDICATION,
CHEMBL1590,EFO_1000652,CONTRAINDICATION,
CHEMBL1590,EFO_1000800,CONTRAINDICATION,
CHEMBL1590,EFO_1000902,CONTRAINDICATION,
CHEMBL1590,EFO_1001050,INDICATION,
CHEMBL1590,EFO_1001069,CONTRAINDICATION,
CHEMBL1590,EFO_1001095,CONTRAINDICATION,
CHEMBL1590,EFO_1001132,CONTRAINDICATION,
CHEMBL1590,EFO_1001134,CONTRAINDICATION,
CHEMBL1590,EFO_1001417,INDICATION,
CHEMBL1590,MONDO_0000440,CONTRAINDICATION,
CHEMBL1590,MONDO_0001343,CONTRAINDICATION,
CHEMBL1590,MONDO_0001744,CONTRAINDICATION,
CHEMBL1590,MONDO_0002203,CONTRAINDICATION,
CHEMBL1590,MONDO_0002277,CONTRAINDICATION,
CHEMBL1590,MONDO_0002280,CONTRAINDICATION,
CHEMBL1590,MONDO_0002491,CONTRAINDICATION,
CHEMBL1590,MONDO_0004247,CONTRAINDICATION,
CHEMBL1590,MONDO_0004596,CONTRAINDICATION,
CHEMBL1590,MONDO_0005041,CONTRAINDICATION,
CHEMBL1590,MONDO_0005271,INDICATION,
CHEMBL1590,MONDO_0005277,INDICATION,
CHEMBL1590,MONDO_0007079,CONTRAINDICATION,
CHEMBL1590,MONDO_0009061,CONTRAINDICATION,
CHEMBL1590,MONDO_0015129,CONTRAINDICATION,
CHEMBL1590,MONDO_0021661,CONTRAINDICATION,
CHEMBL1590,MONDO_0024290,INDICATION,
CHEMBL1590,MONDO_0024355,INDICATION,
CHEMBL1590,MONDO_0100192,CONTRAINDICATION,
CHEMBL1590,MP_0001845,INDICATION,
CHEMBL1591,DOID_7551,INDICATION,
CHEMBL1591,EFO_0000544,INDICATION,
CHEMBL1591,EFO_0000771,INDICATION,
CHEMBL1591,EFO_0000778,INDICATION,
CHEMBL1591,EFO_0003086,CONTRAINDICATION,
CHEMBL1591,EFO_0003102,INDICATION,
CHEMBL1591,EFO_0003103,INDICATION,
CHEMBL1591,EFO_0003106,INDICATION,
CHEMBL1591,EFO_0005224,INDICATION,
CHEMBL1591,EFO_0005681,INDICATION,
CHEMBL1591,EFO_0007128,INDICATION,
CHEMBL1591,EFO_0007185,INDICATION,
CHEMBL1591,EFO_0007291,INDICATION,
CHEMBL1591,EFO_0007324,INDICATION,
CHEMBL1591,EFO_0007353,INDICATION,
CHEMBL1591,EFO_0007387,OFF_LABEL_USE,
CHEMBL1591,EFO_0007410,INDICATION,
CHEMBL1591,EFO_0007486,INDICATION,
CHEMBL1591,EFO_0007504,INDICATION,
CHEMBL1591,EFO_0007548,INDICATION,
CHEMBL1591,EFO_0009425,OFF_LABEL_USE,
CHEMBL1591,EFO_0009661,INDICATION,
CHEMBL1591,EFO_1000982,OFF_LABEL_USE,
CHEMBL1591,EFO_1001444,OFF_LABEL_USE,
CHEMBL1591,EFO_1001481,OFF_LABEL_USE,
CHEMBL1591,MONDO_0001080,INDICATION,
CHEMBL1591,MONDO_0002258,INDICATION,
CHEMBL1591,MONDO_0004782,CONTRAINDICATION,
CHEMBL1591,MONDO_0004789,OFF_LABEL_USE,
CHEMBL15913,EFO_0000220,INDICATION,
CHEMBL15913,EFO_0000222,INDICATION,
CHEMBL15913,EFO_0000339,INDICATION,
CHEMBL1592,EFO_0000275,OFF_LABEL_USE,
CHEMBL1592,EFO_0000319,INDICATION,
CHEMBL1592,EFO_0000400,CONTRAINDICATION,
CHEMBL1592,EFO_0000401,OFF_LABEL_USE,
CHEMBL1592,EFO_0000537,INDICATION,
CHEMBL1592,EFO_0000712,INDICATION,
CHEMBL1592,EFO_0003086,CONTRAINDICATION,
CHEMBL1592,EFO_0003144,INDICATION,
CHEMBL1592,EFO_0004274,CONTRAINDICATION,
CHEMBL1592,EFO_0005251,CONTRAINDICATION,
CHEMBL1592,EFO_0005532,CONTRAINDICATION,
CHEMBL1592,EFO_0008506,CONTRAINDICATION,
CHEMBL1592,EFO_0009530,CONTRAINDICATION,
CHEMBL1592,EFO_1000652,CONTRAINDICATION,
CHEMBL1592,EFO_1000899,OFF_LABEL_USE,
CHEMBL1592,EFO_1001375,CONTRAINDICATION,
CHEMBL1592,EFO_1001986,CONTRAINDICATION,
CHEMBL1592,EFO_1002048,INDICATION,
CHEMBL1592,MONDO_0001566,CONTRAINDICATION,
CHEMBL1592,MONDO_0005147,INDICATION,
CHEMBL1592,MONDO_0007915,CONTRAINDICATION,
CHEMBL1592,MONDO_0018100,CONTRAINDICATION,
CHEMBL1592,MONDO_0019623,CONTRAINDICATION,
CHEMBL1592,Orphanet_98702,CONTRAINDICATION,
CHEMBL1592101,EFO_0009669,INDICATION,
CHEMBL159226,EFO_0000319,INDICATION,
CHEMBL159226,EFO_0004234,INDICATION,
CHEMBL159226,EFO_1001145,INDICATION,
CHEMBL1593566,EFO_0001067,INDICATION,
CHEMBL1594,EFO_0003086,CONTRAINDICATION,
CHEMBL1594,EFO_0003144,INDICATION,
CHEMBL1594,EFO_0003884,INDICATION,
CHEMBL1594,MONDO_0001117,OFF_LABEL_USE,
CHEMBL1594,MONDO_0002474,CONTRAINDICATION,
CHEMBL1594,MONDO_0011382,CONTRAINDICATION,
CHEMBL1595,EFO_0000341,CONTRAINDICATION,
CHEMBL1595,EFO_0000400,CONTRAINDICATION,
CHEMBL1595,EFO_0000464,CONTRAINDICATION,
CHEMBL1595,EFO_0000474,CONTRAINDICATION,
CHEMBL1595,EFO_0000537,CONTRAINDICATION,
CHEMBL1595,EFO_0000612,CONTRAINDICATION,
CHEMBL1595,EFO_0000729,CONTRAINDICATION,
CHEMBL1595,EFO_0001074,CONTRAINDICATION,
CHEMBL1595,EFO_0001645,CONTRAINDICATION,
CHEMBL1595,EFO_0003086,CONTRAINDICATION,
CHEMBL1595,EFO_0003767,CONTRAINDICATION,
CHEMBL1595,EFO_0003832,CONTRAINDICATION,
CHEMBL1595,EFO_0003833,CONTRAINDICATION,
CHEMBL1595,EFO_0003843,INDICATION,
CHEMBL1595,EFO_0003890,CONTRAINDICATION,
CHEMBL1595,EFO_0003928,CONTRAINDICATION,
CHEMBL1595,EFO_0004242,CONTRAINDICATION,
CHEMBL1595,EFO_0004262,CONTRAINDICATION,
CHEMBL1595,EFO_0004274,CONTRAINDICATION,
CHEMBL1595,EFO_0004698,CONTRAINDICATION,
CHEMBL1595,EFO_0004705,CONTRAINDICATION,
CHEMBL1595,EFO_0005251,CONTRAINDICATION,
CHEMBL1595,EFO_0005306,CONTRAINDICATION,
CHEMBL1595,EFO_0005854,INDICATION,
CHEMBL1595,EFO_0007214,INDICATION,
CHEMBL1595,EFO_0007467,CONTRAINDICATION,
CHEMBL1595,EFO_0008521,INDICATION,
CHEMBL1595,EFO_0009086,CONTRAINDICATION,
CHEMBL1595,EFO_0009189,CONTRAINDICATION,
CHEMBL1595,EFO_1000014,CONTRAINDICATION,
CHEMBL1595,EFO_1000391,CONTRAINDICATION,
CHEMBL1595,EFO_1000652,CONTRAINDICATION,
CHEMBL1595,EFO_1000800,CONTRAINDICATION,
CHEMBL1595,EFO_1000902,CONTRAINDICATION,
CHEMBL1595,EFO_1001069,CONTRAINDICATION,
CHEMBL1595,EFO_1001132,CONTRAINDICATION,
CHEMBL1595,EFO_1001375,CONTRAINDICATION,
CHEMBL1595,EFO_1001872,CONTRAINDICATION,
CHEMBL1595,MONDO_0001343,CONTRAINDICATION,
CHEMBL1595,MONDO_0001744,CONTRAINDICATION,
CHEMBL1595,MONDO_0002203,CONTRAINDICATION,
CHEMBL1595,MONDO_0002277,CONTRAINDICATION,
CHEMBL1595,MONDO_0002280,CONTRAINDICATION,
CHEMBL1595,MONDO_0002491,CONTRAINDICATION,
CHEMBL1595,MONDO_0004247,CONTRAINDICATION,
CHEMBL1595,MONDO_0004596,CONTRAINDICATION,
CHEMBL1595,MONDO_0007079,CONTRAINDICATION,
CHEMBL1595,MONDO_0015129,CONTRAINDICATION,
CHEMBL1595,MONDO_0018660,CONTRAINDICATION,
CHEMBL1595,MONDO_0018896,CONTRAINDICATION,
CHEMBL1595,MONDO_0021661,CONTRAINDICATION,
CHEMBL1595,MONDO_0024574,CONTRAINDICATION,
CHEMBL1595,MONDO_0100192,CONTRAINDICATION,
CHEMBL1595,Orphanet_903,CONTRAINDICATION,
CHEMBL1596,EFO_0000771,INDICATION,
CHEMBL1596,EFO_0003102,INDICATION,
CHEMBL1596,MONDO_0005247,INDICATION,
CHEMBL159659,EFO_0003890,INDICATION,
CHEMBL159659,EFO_0005611,INDICATION,
CHEMBL159659,EFO_0010702,INDICATION,
CHEMBL1597,EFO_0000537,CONTRAINDICATION,
CHEMBL1597,EFO_0007287,CONTRAINDICATION,
CHEMBL159776,EFO_0003888,INDICATION,
CHEMBL1598608,EFO_0004238,INDICATION,
CHEMBL1599,EFO_0000771,INDICATION,
CHEMBL1599,EFO_0003103,INDICATION,
CHEMBL1599,EFO_0003106,INDICATION,
CHEMBL1599,EFO_0005681,INDICATION,
CHEMBL1599,EFO_0007470,INDICATION,
CHEMBL1599,EFO_0007496,INDICATION,
CHEMBL1599,EFO_0007499,INDICATION,
CHEMBL1599,EFO_1000830,INDICATION,
CHEMBL1599,EFO_1001318,INDICATION,
CHEMBL16,EFO_0000174,INDICATION,
CHEMBL16,EFO_0000400,CONTRAINDICATION,
CHEMBL16,EFO_0000474,INDICATION,
CHEMBL16,EFO_0000540,INDICATION,
CHEMBL16,EFO_0000546,INDICATION,
CHEMBL16,EFO_0000565,INDICATION,
CHEMBL16,EFO_0000574,INDICATION,
CHEMBL16,EFO_0000612,CONTRAINDICATION,
CHEMBL16,EFO_0000621,INDICATION,
CHEMBL16,EFO_0002610,INDICATION,
CHEMBL16,EFO_0002618,INDICATION,
CHEMBL16,EFO_0003086,CONTRAINDICATION,
CHEMBL16,EFO_0003877,CONTRAINDICATION,
CHEMBL16,EFO_0004263,INDICATION,
CHEMBL16,EFO_0004272,INDICATION,
CHEMBL16,EFO_0005230,INDICATION,
CHEMBL16,EFO_0005251,CONTRAINDICATION,
CHEMBL16,EFO_0005307,CONTRAINDICATION,
CHEMBL16,EFO_0007262,INDICATION,
CHEMBL16,EFO_0007405,INDICATION,
CHEMBL16,EFO_0008526,INDICATION,
CHEMBL16,EFO_0009430,OFF_LABEL_USE,
CHEMBL16,EFO_0009562,INDICATION,
CHEMBL16,EFO_1001996,INDICATION,
CHEMBL16,MONDO_0000328,CONTRAINDICATION,
CHEMBL16,MONDO_0000468,CONTRAINDICATION,
CHEMBL16,MONDO_0000469,CONTRAINDICATION,
CHEMBL16,MONDO_0001700,CONTRAINDICATION,
CHEMBL16,MONDO_0002050,CONTRAINDICATION,
CHEMBL16,MONDO_0002280,CONTRAINDICATION,
CHEMBL16,MONDO_0002491,CONTRAINDICATION,
CHEMBL16,MONDO_0005090,INDICATION,
CHEMBL16,MONDO_0007079,CONTRAINDICATION,
CHEMBL16,MONDO_0007915,CONTRAINDICATION,
CHEMBL16,MONDO_0011382,INDICATION,
CHEMBL16,MONDO_0015909,CONTRAINDICATION,
CHEMBL16,MONDO_0016532,INDICATION,
CHEMBL16,MONDO_0019171,CONTRAINDICATION,
CHEMBL16,MONDO_0037821,CONTRAINDICATION,
CHEMBL16,MONDO_0100192,CONTRAINDICATION,
CHEMBL160,EFO_0000095,INDICATION,
CHEMBL160,EFO_0000182,INDICATION,
CHEMBL160,EFO_0000183,INDICATION,
CHEMBL160,EFO_0000198,INDICATION,
CHEMBL160,EFO_0000220,INDICATION,
CHEMBL160,EFO_0000222,INDICATION,
CHEMBL160,EFO_0000274,INDICATION,
CHEMBL160,EFO_0000309,INDICATION,
CHEMBL160,EFO_0000339,INDICATION,
CHEMBL160,EFO_0000341,INDICATION,
CHEMBL160,EFO_0000365,INDICATION,
CHEMBL160,EFO_0000389,INDICATION,
CHEMBL160,EFO_0000400,INDICATION,
CHEMBL160,EFO_0000403,INDICATION,
CHEMBL160,EFO_0000474,CONTRAINDICATION,
CHEMBL160,EFO_0000537,CONTRAINDICATION,
CHEMBL160,EFO_0000540,INDICATION,
CHEMBL160,EFO_0000544,INDICATION,
CHEMBL160,EFO_0000557,INDICATION,
CHEMBL160,EFO_0000565,INDICATION,
CHEMBL160,EFO_0000574,CONTRAINDICATION,
CHEMBL160,EFO_0000612,INDICATION,
CHEMBL160,EFO_0000616,INDICATION,
CHEMBL160,EFO_0000621,INDICATION,
CHEMBL160,EFO_0000649,INDICATION,
CHEMBL160,EFO_0000676,INDICATION,
CHEMBL160,EFO_0000678,INDICATION,
CHEMBL160,EFO_0000681,INDICATION,
CHEMBL160,EFO_0000685,INDICATION,
CHEMBL160,EFO_0000691,INDICATION,
CHEMBL160,EFO_0000694,INDICATION,
CHEMBL160,EFO_0000764,INDICATION,
CHEMBL160,EFO_0000783,INDICATION,
CHEMBL160,EFO_0001054,INDICATION,
CHEMBL160,EFO_0001378,INDICATION,
CHEMBL160,EFO_0001421,INDICATION,
CHEMBL160,EFO_0001642,INDICATION,
CHEMBL160,EFO_0002428,INDICATION,
CHEMBL160,EFO_0002687,INDICATION,
CHEMBL160,EFO_0003047,INDICATION,
CHEMBL160,EFO_0003086,CONTRAINDICATION,
CHEMBL160,EFO_0003777,INDICATION,
CHEMBL160,EFO_0003780,INDICATION,
CHEMBL160,EFO_0003818,INDICATION,
CHEMBL160,EFO_0003833,INDICATION,
CHEMBL160,EFO_0003884,INDICATION,
CHEMBL160,EFO_0003966,INDICATION,
CHEMBL160,EFO_0004214,INDICATION,
CHEMBL160,EFO_0004220,INDICATION,
CHEMBL160,EFO_0004236,INDICATION,
CHEMBL160,EFO_0004254,INDICATION,
CHEMBL160,EFO_0004276,INDICATION,
CHEMBL160,EFO_0004286,INDICATION,
CHEMBL160,EFO_0004599,INDICATION,
CHEMBL160,EFO_0005531,INDICATION,
CHEMBL160,EFO_0005676,INDICATION,
CHEMBL160,EFO_0005741,CONTRAINDICATION,
CHEMBL160,EFO_0005761,INDICATION,
CHEMBL160,EFO_0005774,CONTRAINDICATION,
CHEMBL160,EFO_0005952,INDICATION,
CHEMBL160,EFO_0006927,INDICATION,
CHEMBL160,EFO_0007141,INDICATION,
CHEMBL160,EFO_0007157,INDICATION,
CHEMBL160,EFO_0007160,INDICATION,
CHEMBL160,EFO_0007183,INDICATION,
CHEMBL160,EFO_0007359,INDICATION,
CHEMBL160,EFO_0007527,INDICATION,
CHEMBL160,EFO_0008507,INDICATION,
CHEMBL160,EFO_0008583,INDICATION,
CHEMBL160,EFO_0009441,INDICATION,
CHEMBL160,EFO_0009464,INDICATION,
CHEMBL160,EFO_0009492,INDICATION,
CHEMBL160,EFO_0009609,INDICATION,
CHEMBL160,EFO_0009708,INDICATION,
CHEMBL160,EFO_1000102,INDICATION,
CHEMBL160,EFO_1000560,INDICATION,
CHEMBL160,EFO_1000690,INDICATION,
CHEMBL160,EFO_1000785,INDICATION,
CHEMBL160,EFO_1000906,INDICATION,
CHEMBL160,EFO_1001051,INDICATION,
CHEMBL160,EFO_1001132,CONTRAINDICATION,
CHEMBL160,EFO_1001156,INDICATION,
CHEMBL160,EFO_1001231,INDICATION,
CHEMBL160,EFO_1001264,INDICATION,
CHEMBL160,EFO_1001365,INDICATION,
CHEMBL160,EFO_1001413,INDICATION,
CHEMBL160,EFO_1001469,INDICATION,
CHEMBL160,EFO_1001478,INDICATION,
CHEMBL160,EFO_1001888,CONTRAINDICATION,
CHEMBL160,EFO_1001951,INDICATION,
CHEMBL160,EFO_1002048,INDICATION,
CHEMBL160,MONDO_0000870,INDICATION,
CHEMBL160,MONDO_0000873,INDICATION,
CHEMBL160,MONDO_0001475,INDICATION,
CHEMBL160,MONDO_0001705,INDICATION,
CHEMBL160,MONDO_0002158,INDICATION,
CHEMBL160,MONDO_0002367,INDICATION,
CHEMBL160,MONDO_0002898,INDICATION,
CHEMBL160,MONDO_0004768,INDICATION,
CHEMBL160,MONDO_0004992,INDICATION,
CHEMBL160,MONDO_0005041,INDICATION,
CHEMBL160,MONDO_0005147,INDICATION,
CHEMBL160,MONDO_0005148,INDICATION,
CHEMBL160,MONDO_0007254,INDICATION,
CHEMBL160,MONDO_0008170,INDICATION,
CHEMBL160,MONDO_0008315,INDICATION,
CHEMBL160,MONDO_0008380,INDICATION,
CHEMBL160,MONDO_0009387,INDICATION,
CHEMBL160,MONDO_0010788,INDICATION,
CHEMBL160,MONDO_0011382,INDICATION,
CHEMBL160,MONDO_0013730,OFF_LABEL_USE,
CHEMBL160,MONDO_0015540,INDICATION,
CHEMBL160,MONDO_0018100,CONTRAINDICATION,
CHEMBL160,MONDO_0018305,INDICATION,
CHEMBL160,MONDO_0018896,CONTRAINDICATION,
CHEMBL160,MONDO_0018904,INDICATION,
CHEMBL160,MONDO_0018906,INDICATION,
CHEMBL160,MONDO_0018923,INDICATION,
CHEMBL160,MONDO_0019019,INDICATION,
CHEMBL160,MONDO_0019249,INDICATION,
CHEMBL160,MONDO_0019391,INDICATION,
CHEMBL160,MONDO_0019469,INDICATION,
CHEMBL160,MONDO_0019623,INDICATION,
CHEMBL160,MONDO_0020077,INDICATION,
CHEMBL160,MONDO_0020290,INDICATION,
CHEMBL160,MONDO_0020547,INDICATION,
CHEMBL160,MONDO_0021193,INDICATION,
CHEMBL160,MONDO_0043510,INDICATION,
CHEMBL160,MONDO_0043885,CONTRAINDICATION,
CHEMBL160,MONDO_0044881,INDICATION,
CHEMBL160,MONDO_0100096,INDICATION,
CHEMBL160,MP_0001845,INDICATION,
CHEMBL160,Orphanet_848,INDICATION,
CHEMBL160038,MONDO_0005180,INDICATION,
CHEMBL1601,EFO_0000771,INDICATION,
CHEMBL1601,EFO_0003102,INDICATION,
CHEMBL1601,EFO_0003103,INDICATION,
CHEMBL1601,EFO_0003106,INDICATION,
CHEMBL1601,EFO_0005681,INDICATION,
CHEMBL1601,EFO_0007499,INDICATION,
CHEMBL1601669,EFO_0000660,INDICATION,
CHEMBL1601669,EFO_0002970,INDICATION,
CHEMBL1601669,EFO_0003837,INDICATION,
CHEMBL1601669,EFO_0003854,INDICATION,
CHEMBL1601669,EFO_0003882,INDICATION,
CHEMBL1601669,EFO_0004273,INDICATION,
CHEMBL1601669,EFO_0004278,INDICATION,
CHEMBL1601669,EFO_0004710,INDICATION,
CHEMBL1601669,EFO_0008506,INDICATION,
CHEMBL1601669,EFO_0009451,INDICATION,
CHEMBL1601669,EFO_1001152,INDICATION,
CHEMBL1601669,EFO_1002048,INDICATION,
CHEMBL1603,EFO_0000400,CONTRAINDICATION,
CHEMBL1603,EFO_0000771,CONTRAINDICATION,
CHEMBL1603,EFO_0003086,CONTRAINDICATION,
CHEMBL1603,EFO_0005741,CONTRAINDICATION,
CHEMBL1603,EFO_0009314,CONTRAINDICATION,
CHEMBL1603,EFO_1000852,OFF_LABEL_USE,
CHEMBL1603,MONDO_0002041,CONTRAINDICATION,
CHEMBL1603,MONDO_0002280,CONTRAINDICATION,
CHEMBL1604,EFO_0000771,INDICATION,
CHEMBL1604,EFO_0003103,INDICATION,
CHEMBL1604,EFO_0003106,INDICATION,
CHEMBL1604,EFO_0003830,INDICATION,
CHEMBL1604,EFO_0005681,INDICATION,
CHEMBL1604,EFO_0007496,INDICATION,
CHEMBL1604,EFO_0007499,INDICATION,
CHEMBL1604,MONDO_0002258,INDICATION,
CHEMBL1605,EFO_0000771,INDICATION,
CHEMBL1605,EFO_0003102,INDICATION,
CHEMBL1605,EFO_0003872,CONTRAINDICATION,
CHEMBL1605,EFO_0004992,INDICATION,
CHEMBL1605,EFO_0006505,INDICATION,
CHEMBL1605,EFO_1001141,INDICATION,
CHEMBL1605,MONDO_0001343,CONTRAINDICATION,
CHEMBL160519,MONDO_0004979,INDICATION,
CHEMBL1607,EFO_0000174,INDICATION,
CHEMBL1607,EFO_0000198,INDICATION,
CHEMBL1607,EFO_0000220,INDICATION,
CHEMBL1607,EFO_0000222,INDICATION,
CHEMBL1607,EFO_0000313,INDICATION,
CHEMBL1607,EFO_0000326,INDICATION,
CHEMBL1607,EFO_0000389,INDICATION,
CHEMBL1607,EFO_0000466,INDICATION,
CHEMBL1607,EFO_0000502,INDICATION,
CHEMBL1607,EFO_0000519,INDICATION,
CHEMBL1607,EFO_0000565,INDICATION,
CHEMBL1607,EFO_0000574,INDICATION,
CHEMBL1607,EFO_0000613,INDICATION,
CHEMBL1607,EFO_0000616,INDICATION,
CHEMBL1607,EFO_0000621,INDICATION,
CHEMBL1607,EFO_0000630,INDICATION,
CHEMBL1607,EFO_0000681,INDICATION,
CHEMBL1607,EFO_0000691,INDICATION,
CHEMBL1607,EFO_0000702,INDICATION,
CHEMBL1607,EFO_0001061,INDICATION,
CHEMBL1607,EFO_0001075,INDICATION,
CHEMBL1607,EFO_0001378,INDICATION,
CHEMBL1607,EFO_0001416,INDICATION,
CHEMBL1607,EFO_0002087,INDICATION,
CHEMBL1607,EFO_0002428,INDICATION,
CHEMBL1607,EFO_0002499,INDICATION,
CHEMBL1607,EFO_0002501,INDICATION,
CHEMBL1607,EFO_0002617,INDICATION,
CHEMBL1607,EFO_0002918,INDICATION,
CHEMBL1607,EFO_0002939,INDICATION,
CHEMBL1607,EFO_0003060,INDICATION,
CHEMBL1607,EFO_0003833,INDICATION,
CHEMBL1607,EFO_0003851,INDICATION,
CHEMBL1607,EFO_0003869,INDICATION,
CHEMBL1607,EFO_0003893,INDICATION,
CHEMBL1607,EFO_0005537,INDICATION,
CHEMBL1607,EFO_0005543,INDICATION,
CHEMBL1607,EFO_0005561,INDICATION,
CHEMBL1607,EFO_0005952,INDICATION,
CHEMBL1607,EFO_0007362,INDICATION,
CHEMBL1607,EFO_0008498,INDICATION,
CHEMBL1607,EFO_0008524,INDICATION,
CHEMBL1607,EFO_1000043,INDICATION,
CHEMBL1607,EFO_1000158,INDICATION,
CHEMBL1607,EFO_1000251,INDICATION,
CHEMBL1607,EFO_1000657,INDICATION,
CHEMBL1607,EFO_1000823,INDICATION,
CHEMBL1607,EFO_1000895,INDICATION,
CHEMBL1607,EFO_1001042,INDICATION,
CHEMBL1607,EFO_1001100,INDICATION,
CHEMBL1607,EFO_1001331,INDICATION,
CHEMBL1607,EFO_1001465,INDICATION,
CHEMBL1607,MONDO_0002087,INDICATION,
CHEMBL1607,MONDO_0002158,INDICATION,
CHEMBL1607,MONDO_0002380,INDICATION,
CHEMBL1607,MONDO_0002974,INDICATION,
CHEMBL1607,MONDO_0004992,INDICATION,
CHEMBL1607,MONDO_0006058,INDICATION,
CHEMBL1607,MONDO_0007254,INDICATION,
CHEMBL1607,MONDO_0007576,INDICATION,
CHEMBL1607,MONDO_0008170,INDICATION,
CHEMBL1607,MONDO_0008315,INDICATION,
CHEMBL1607,MONDO_0008380,INDICATION,
CHEMBL1607,MONDO_0008903,INDICATION,
CHEMBL1607,MONDO_0011962,INDICATION,
CHEMBL1607,MONDO_0018271,INDICATION,
CHEMBL1607,MONDO_0018364,INDICATION,
CHEMBL1607,MONDO_0019004,INDICATION,
CHEMBL1607,MONDO_0021063,INDICATION,
CHEMBL1607,MONDO_0037745,INDICATION,
CHEMBL1607,MONDO_0100096,INDICATION,
CHEMBL1607,MONDO_0100342,INDICATION,
CHEMBL1607273,EFO_0003830,INDICATION,
CHEMBL1607273,EFO_0003956,INDICATION,
CHEMBL1607273,EFO_0005531,INDICATION,
CHEMBL1607273,EFO_0005854,INDICATION,
CHEMBL1607273,EFO_0007141,INDICATION,
CHEMBL1607273,EFO_1001417,INDICATION,
CHEMBL1607273,MONDO_0005271,INDICATION,
CHEMBL16073,EFO_0000341,CONTRAINDICATION,
CHEMBL16073,EFO_0000474,CONTRAINDICATION,
CHEMBL16073,EFO_0000537,CONTRAINDICATION,
CHEMBL16073,EFO_0003086,CONTRAINDICATION,
CHEMBL16073,EFO_0003843,INDICATION,
CHEMBL16073,EFO_0003877,CONTRAINDICATION,
CHEMBL16073,EFO_0003928,CONTRAINDICATION,
CHEMBL16073,EFO_0004242,CONTRAINDICATION,
CHEMBL16073,EFO_0004262,CONTRAINDICATION,
CHEMBL16073,EFO_0004274,CONTRAINDICATION,
CHEMBL16073,EFO_0004698,CONTRAINDICATION,
CHEMBL16073,EFO_0007467,CONTRAINDICATION,
CHEMBL16073,EFO_1000391,CONTRAINDICATION,
CHEMBL16073,EFO_1001375,CONTRAINDICATION,
CHEMBL16073,EFO_1001872,CONTRAINDICATION,
CHEMBL16073,MONDO_0001343,CONTRAINDICATION,
CHEMBL16073,MONDO_0002050,CONTRAINDICATION,
CHEMBL16073,MONDO_0002280,CONTRAINDICATION,
CHEMBL16073,MONDO_0002491,CONTRAINDICATION,
CHEMBL16073,MONDO_0004247,CONTRAINDICATION,
CHEMBL16073,MONDO_0007079,CONTRAINDICATION,
CHEMBL16073,MONDO_0018660,CONTRAINDICATION,
CHEMBL16073,MONDO_0018896,CONTRAINDICATION,
CHEMBL16073,MONDO_0024574,CONTRAINDICATION,
CHEMBL16073,MONDO_0037821,CONTRAINDICATION,
CHEMBL16073,MONDO_0100192,CONTRAINDICATION,
CHEMBL16073,Orphanet_903,CONTRAINDICATION,
CHEMBL1607480,EFO_0003102,INDICATION,
CHEMBL1608183,EFO_0005854,INDICATION,
CHEMBL1609,EFO_0000771,INDICATION,
CHEMBL1609,EFO_0003103,INDICATION,
CHEMBL1609891,EFO_0000389,INDICATION,
CHEMBL1609891,EFO_0000621,INDICATION,
CHEMBL161,DOID_7551,INDICATION,
CHEMBL161,EFO_0000544,INDICATION,
CHEMBL161,EFO_0000584,INDICATION,
CHEMBL161,EFO_0000616,INDICATION,
CHEMBL161,EFO_0000729,INDICATION,
CHEMBL161,EFO_0000771,INDICATION,
CHEMBL161,EFO_0003033,INDICATION,
CHEMBL161,EFO_0003102,INDICATION,
CHEMBL161,EFO_0003103,INDICATION,
CHEMBL161,EFO_0003106,INDICATION,
CHEMBL161,EFO_0003832,CONTRAINDICATION,
CHEMBL161,EFO_0004992,INDICATION,
CHEMBL161,EFO_0005411,INDICATION,
CHEMBL161,EFO_0005585,INDICATION,
CHEMBL161,EFO_0007149,INDICATION,
CHEMBL161,EFO_0007328,INDICATION,
CHEMBL161,EFO_0007470,INDICATION,
CHEMBL161,EFO_0007496,INDICATION,
CHEMBL161,EFO_0007499,INDICATION,
CHEMBL161,EFO_0008510,OFF_LABEL_USE,
CHEMBL161,EFO_0008572,INDICATION,
CHEMBL161,EFO_0008588,INDICATION,
CHEMBL161,EFO_1000710,INDICATION,
CHEMBL161,EFO_1000831,INDICATION,
CHEMBL161,EFO_1000929,INDICATION,
CHEMBL161,EFO_1001040,INDICATION,
CHEMBL161,EFO_1001114,INDICATION,
CHEMBL161,EFO_1001141,INDICATION,
CHEMBL161,EFO_1001246,OFF_LABEL_USE,
CHEMBL161,EFO_1001272,INDICATION,
CHEMBL161,EFO_1001312,INDICATION,
CHEMBL161,EFO_1001318,INDICATION,
CHEMBL161,EFO_1001351,INDICATION,
CHEMBL161,EFO_1001388,INDICATION,
CHEMBL161,MONDO_0001080,INDICATION,
CHEMBL161,MONDO_0001316,INDICATION,
CHEMBL161,MONDO_0004976,INDICATION,
CHEMBL161,MONDO_0004985,INDICATION,
CHEMBL161,MONDO_0005090,INDICATION,
CHEMBL161,MONDO_0005180,INDICATION,
CHEMBL161,MONDO_0005247,INDICATION,
CHEMBL161,MONDO_0024355,INDICATION,
CHEMBL161,MONDO_0041903,INDICATION,
CHEMBL161,MONDO_0100096,INDICATION,
CHEMBL1611,EFO_0000474,INDICATION,
CHEMBL161381,EFO_0000764,INDICATION,
CHEMBL1614,EFO_0000319,INDICATION,
CHEMBL1614637,EFO_0000771,INDICATION,
CHEMBL1614641,EFO_0000685,INDICATION,
CHEMBL1614641,EFO_0005755,INDICATION,
CHEMBL1614641,EFO_0005757,INDICATION,
CHEMBL1614644,MONDO_0002009,INDICATION,
CHEMBL1614650,EFO_0000198,INDICATION,
CHEMBL1614650,EFO_0000565,INDICATION,
CHEMBL1614650,EFO_0000574,INDICATION,
CHEMBL1614650,EFO_0000616,INDICATION,
CHEMBL1614650,EFO_0000691,INDICATION,
CHEMBL1614650,EFO_0002618,INDICATION,
CHEMBL1614650,EFO_1000158,INDICATION,
CHEMBL1614650,MONDO_0002087,INDICATION,
CHEMBL1614650,MONDO_0002158,INDICATION,
CHEMBL1614650,MONDO_0002691,INDICATION,
CHEMBL1614650,MONDO_0002974,INDICATION,
CHEMBL1614650,MONDO_0007254,INDICATION,
CHEMBL1614650,MONDO_0008170,INDICATION,
CHEMBL1614650,MONDO_0008315,INDICATION,
CHEMBL1614650,MONDO_0008903,INDICATION,
CHEMBL1614658,EFO_0000771,INDICATION,
CHEMBL1614701,EFO_0000182,INDICATION,
CHEMBL1614701,EFO_0000220,INDICATION,
CHEMBL1614701,EFO_0000228,INDICATION,
CHEMBL1614701,EFO_0000272,INDICATION,
CHEMBL1614701,EFO_0000339,INDICATION,
CHEMBL1614701,EFO_0000365,INDICATION,
CHEMBL1614701,EFO_0000389,INDICATION,
CHEMBL1614701,EFO_0000403,INDICATION,
CHEMBL1614701,EFO_0000501,INDICATION,
CHEMBL1614701,EFO_0000503,INDICATION,
CHEMBL1614701,EFO_0000558,INDICATION,
CHEMBL1614701,EFO_0000616,INDICATION,
CHEMBL1614701,EFO_0000641,INDICATION,
CHEMBL1614701,EFO_0000658,INDICATION,
CHEMBL1614701,EFO_0000707,INDICATION,
CHEMBL1614701,EFO_0000708,INDICATION,
CHEMBL1614701,EFO_0000756,INDICATION,
CHEMBL1614701,EFO_0000760,INDICATION,
CHEMBL1614701,EFO_0001075,INDICATION,
CHEMBL1614701,EFO_0001378,INDICATION,
CHEMBL1614701,EFO_0002617,INDICATION,
CHEMBL1614701,EFO_0002618,INDICATION,
CHEMBL1614701,EFO_0003060,INDICATION,
CHEMBL1614701,EFO_0003144,INDICATION,
CHEMBL1614701,EFO_0004142,INDICATION,
CHEMBL1614701,EFO_0004606,INDICATION,
CHEMBL1614701,EFO_0005221,INDICATION,
CHEMBL1614701,EFO_0005537,INDICATION,
CHEMBL1614701,EFO_0008514,INDICATION,
CHEMBL1614701,EFO_0009254,INDICATION,
CHEMBL1614701,EFO_1000251,INDICATION,
CHEMBL1614701,EFO_1000657,INDICATION,
CHEMBL1614701,EFO_1001512,INDICATION,
CHEMBL1614701,EFO_1001950,INDICATION,
CHEMBL1614701,EFO_1001951,INDICATION,
CHEMBL1614701,EFO_1001956,INDICATION,
CHEMBL1614701,EFO_1001968,INDICATION,
CHEMBL1614701,MONDO_0001187,INDICATION,
CHEMBL1614701,MONDO_0002108,INDICATION,
CHEMBL1614701,MONDO_0002367,INDICATION,
CHEMBL1614701,MONDO_0003060,INDICATION,
CHEMBL1614701,MONDO_0004992,INDICATION,
CHEMBL1614701,MONDO_0005411,INDICATION,
CHEMBL1614701,MONDO_0007254,INDICATION,
CHEMBL1614701,MONDO_0008903,INDICATION,
CHEMBL1614701,MONDO_0016691,INDICATION,
CHEMBL1614701,MONDO_0018531,INDICATION,
CHEMBL1614701,MONDO_0018975,INDICATION,
CHEMBL1614701,MONDO_0021063,INDICATION,
CHEMBL1614707,EFO_0003860,INDICATION,
CHEMBL1614707,EFO_0003865,INDICATION,
CHEMBL1614707,EFO_0003869,INDICATION,
CHEMBL1614707,EFO_0003893,INDICATION,
CHEMBL1614707,MONDO_0021117,INDICATION,
CHEMBL1614710,EFO_0000616,INDICATION,
CHEMBL1614713,MONDO_0004643,INDICATION,
CHEMBL1614725,MONDO_0004992,INDICATION,
CHEMBL1614766,EFO_0000616,INDICATION,
CHEMBL1615025,EFO_0002617,INDICATION,
CHEMBL1615025,MONDO_0004992,INDICATION,
CHEMBL1615209,EFO_0003882,CONTRAINDICATION,
CHEMBL1615209,EFO_0003948,INDICATION,
CHEMBL1615209,EFO_0004607,INDICATION,
CHEMBL1615209,EFO_0007549,INDICATION,
CHEMBL1615209,EFO_0009454,INDICATION,
CHEMBL1615209,EFO_1000826,CONTRAINDICATION,
CHEMBL1615209,EFO_1001095,INDICATION,
CHEMBL1615209,MONDO_0004247,INDICATION,
CHEMBL1615209,MONDO_0018100,CONTRAINDICATION,
CHEMBL1615209,MONDO_0100192,CONTRAINDICATION,
CHEMBL1615281,EFO_0000616,INDICATION,
CHEMBL1615281,MONDO_0005184,INDICATION,
CHEMBL1615369,EFO_0000275,INDICATION,
CHEMBL1615369,EFO_0000712,INDICATION,
CHEMBL1615369,EFO_0003827,INDICATION,
CHEMBL1615369,EFO_0003907,INDICATION,
CHEMBL1615369,EFO_0004286,INDICATION,
CHEMBL1615369,EFO_0010726,INDICATION,
CHEMBL1615369,EFO_1000652,INDICATION,
CHEMBL1615371,EFO_0003894,INDICATION,
CHEMBL1615372,EFO_0009963,INDICATION,
CHEMBL1615372,MONDO_0004985,INDICATION,
CHEMBL1615372,MONDO_0005090,INDICATION,
CHEMBL1615374,MONDO_0002009,INDICATION,
CHEMBL1615438,EFO_0003956,INDICATION,
CHEMBL1615438,EFO_0005751,INDICATION,
CHEMBL1615438,EFO_0007141,INDICATION,
CHEMBL1615438,EFO_1001417,INDICATION,
CHEMBL1615439,EFO_0000319,CONTRAINDICATION,
CHEMBL1615439,EFO_0000537,CONTRAINDICATION,
CHEMBL1615439,EFO_0001073,INDICATION,
CHEMBL1615439,EFO_0005407,CONTRAINDICATION,
CHEMBL1615439,EFO_0009086,CONTRAINDICATION,
CHEMBL1615439,EFO_0009189,CONTRAINDICATION,
CHEMBL1615439,EFO_0009551,CONTRAINDICATION,
CHEMBL1615439,MONDO_0002277,CONTRAINDICATION,
CHEMBL1615439,MONDO_0002491,CONTRAINDICATION,
CHEMBL1615439,MONDO_0005041,CONTRAINDICATION,
CHEMBL1615439,MONDO_0005147,CONTRAINDICATION,
CHEMBL1615439,MONDO_0005149,CONTRAINDICATION,
CHEMBL1615777,EFO_0000373,INDICATION,
CHEMBL1615779,EFO_0000239,INDICATION,
CHEMBL1615779,EFO_0000621,INDICATION,
CHEMBL1615779,EFO_1000453,INDICATION,
CHEMBL1615779,MONDO_0024503,INDICATION,
CHEMBL1615933,EFO_0000274,INDICATION,
CHEMBL1615933,EFO_0000544,INDICATION,
CHEMBL1615933,EFO_0002627,INDICATION,
CHEMBL1615933,EFO_0003894,INDICATION,
CHEMBL1615933,EFO_0007147,INDICATION,
CHEMBL1615933,EFO_1000760,INDICATION,
CHEMBL1615933,EFO_1000764,INDICATION,
CHEMBL1615993,EFO_0000182,INDICATION,
CHEMBL1615993,EFO_0000313,INDICATION,
CHEMBL1615993,EFO_0000616,INDICATION,
CHEMBL1615993,MONDO_0004992,INDICATION,
CHEMBL1616046,EFO_0000274,INDICATION,
CHEMBL1616046,EFO_0000544,INDICATION,
CHEMBL1616046,EFO_0003843,INDICATION,
CHEMBL1616046,EFO_1001139,INDICATION,
CHEMBL1616046,EFO_1001459,INDICATION,
CHEMBL1616951,EFO_0000319,INDICATION,
CHEMBL1616951,EFO_0008585,INDICATION,
CHEMBL1617,EFO_0000180,INDICATION,
CHEMBL1617,EFO_0000384,INDICATION,
CHEMBL1617,EFO_0000544,INDICATION,
CHEMBL1617,EFO_0000555,INDICATION,
CHEMBL1617,EFO_0000764,INDICATION,
CHEMBL1617,EFO_0001422,INDICATION,
CHEMBL1617,EFO_0003047,INDICATION,
CHEMBL1617,EFO_0003884,INDICATION,
CHEMBL1617,EFO_0003932,INDICATION,
CHEMBL1617,EFO_0004268,INDICATION,
CHEMBL1617,EFO_0007430,INDICATION,
CHEMBL1617,EFO_0008533,INDICATION,
CHEMBL1617,EFO_0008588,INDICATION,
CHEMBL1617,EFO_1000294,INDICATION,
CHEMBL1617,EFO_1000657,INDICATION,
CHEMBL1617,EFO_1000760,INDICATION,
CHEMBL1617,EFO_1000874,INDICATION,
CHEMBL1617,EFO_1000961,INDICATION,
CHEMBL1617,EFO_1000988,INDICATION,
CHEMBL1617,EFO_1001207,INDICATION,
CHEMBL1617,EFO_1001293,INDICATION,
CHEMBL1617,EFO_1001345,INDICATION,
CHEMBL1617,MONDO_0004235,INDICATION,
CHEMBL1617,MONDO_0004975,INDICATION,
CHEMBL1617,MONDO_0004992,INDICATION,
CHEMBL1617,MONDO_0005180,INDICATION,
CHEMBL1617,MONDO_0011382,INDICATION,
CHEMBL1618,EFO_0003102,INDICATION,
CHEMBL1618018,EFO_0000464,CONTRAINDICATION,
CHEMBL1618018,EFO_0000474,CONTRAINDICATION,
CHEMBL1618018,EFO_0000537,CONTRAINDICATION,
CHEMBL1618018,EFO_0000555,INDICATION,
CHEMBL1618018,EFO_0000729,CONTRAINDICATION,
CHEMBL1618018,EFO_0001064,CONTRAINDICATION,
CHEMBL1618018,EFO_0001074,CONTRAINDICATION,
CHEMBL1618018,EFO_0001645,CONTRAINDICATION,
CHEMBL1618018,EFO_0003086,CONTRAINDICATION,
CHEMBL1618018,EFO_0003767,CONTRAINDICATION,
CHEMBL1618018,EFO_0003832,CONTRAINDICATION,
CHEMBL1618018,EFO_0003833,CONTRAINDICATION,
CHEMBL1618018,EFO_0003877,CONTRAINDICATION,
CHEMBL1618018,EFO_0003890,CONTRAINDICATION,
CHEMBL1618018,EFO_0004705,CONTRAINDICATION,
CHEMBL1618018,EFO_0004991,CONTRAINDICATION,
CHEMBL1618018,EFO_0005251,CONTRAINDICATION,
CHEMBL1618018,EFO_0005758,INDICATION,
CHEMBL1618018,EFO_0007149,CONTRAINDICATION,
CHEMBL1618018,EFO_0009189,CONTRAINDICATION,
CHEMBL1618018,EFO_0009454,CONTRAINDICATION,
CHEMBL1618018,EFO_0009571,CONTRAINDICATION,
CHEMBL1618018,EFO_0009910,CONTRAINDICATION,
CHEMBL1618018,EFO_1000800,CONTRAINDICATION,
CHEMBL1618018,EFO_1000902,CONTRAINDICATION,
CHEMBL1618018,EFO_1001095,CONTRAINDICATION,
CHEMBL1618018,EFO_1001132,CONTRAINDICATION,
CHEMBL1618018,EFO_1001231,INDICATION,
CHEMBL1618018,MONDO_0001744,CONTRAINDICATION,
CHEMBL1618018,MONDO_0002050,CONTRAINDICATION,
CHEMBL1618018,MONDO_0002203,INDICATION,
CHEMBL1618018,MONDO_0002280,CONTRAINDICATION,
CHEMBL1618018,MONDO_0002491,CONTRAINDICATION,
CHEMBL1618018,MONDO_0004247,INDICATION,
CHEMBL1618018,MONDO_0004596,CONTRAINDICATION,
CHEMBL1618018,MONDO_0007079,CONTRAINDICATION,
CHEMBL1618018,MONDO_0015129,CONTRAINDICATION,
CHEMBL1618018,MONDO_0037821,CONTRAINDICATION,
CHEMBL1618018,MONDO_0100192,CONTRAINDICATION,
CHEMBL1618102,EFO_0010282,INDICATION,
CHEMBL1618102,MONDO_0002887,INDICATION,
CHEMBL1618279,EFO_0003948,INDICATION,
CHEMBL1619,EFO_0000095,INDICATION,
CHEMBL1619,EFO_0000191,INDICATION,
CHEMBL1619,EFO_0000198,INDICATION,
CHEMBL1619,EFO_0000211,INDICATION,
CHEMBL1619,EFO_0000220,INDICATION,
CHEMBL1619,EFO_0000221,INDICATION,
CHEMBL1619,EFO_0000222,INDICATION,
CHEMBL1619,EFO_0000403,INDICATION,
CHEMBL1619,EFO_0000540,INDICATION,
CHEMBL1619,EFO_0000565,INDICATION,
CHEMBL1619,EFO_0000574,INDICATION,
CHEMBL1619,EFO_0000616,INDICATION,
CHEMBL1619,EFO_0001378,INDICATION,
CHEMBL1619,EFO_0002428,INDICATION,
CHEMBL1619,EFO_0003086,CONTRAINDICATION,
CHEMBL1619,EFO_0003100,CONTRAINDICATION,
CHEMBL1619,EFO_0003929,INDICATION,
CHEMBL1619,EFO_0004268,INDICATION,
CHEMBL1619,EFO_0009441,OFF_LABEL_USE,
CHEMBL1619,EFO_1000131,INDICATION,
CHEMBL1619,EFO_1000158,INDICATION,
CHEMBL1619,EFO_1000318,INDICATION,
CHEMBL1619,EFO_1000956,INDICATION,
CHEMBL1619,EFO_1001469,INDICATION,
CHEMBL1619,MONDO_0002280,CONTRAINDICATION,
CHEMBL1619,MONDO_0004643,INDICATION,
CHEMBL1619,MONDO_0005301,INDICATION,
CHEMBL1619,MONDO_0013730,INDICATION,
CHEMBL1619,MONDO_0016586,INDICATION,
CHEMBL1619,MONDO_0019460,INDICATION,
CHEMBL1619528,EFO_0010282,INDICATION,
CHEMBL1619785,EFO_0000771,INDICATION,
CHEMBL1620,EFO_0000095,INDICATION,
CHEMBL1620,EFO_0000403,INDICATION,
CHEMBL1620,EFO_0000701,INDICATION,
CHEMBL1620,EFO_0003843,INDICATION,
CHEMBL1620,EFO_0003956,INDICATION,
CHEMBL1620,EFO_0003958,INDICATION,
CHEMBL1620,EFO_0004255,INDICATION,
CHEMBL1620,EFO_0004698,INDICATION,
CHEMBL1620,EFO_0005252,INDICATION,
CHEMBL1620,EFO_0005761,INDICATION,
CHEMBL1620,EFO_0005854,INDICATION,
CHEMBL1620,EFO_0006928,INDICATION,
CHEMBL1620,EFO_0007214,INDICATION,
CHEMBL1620,EFO_0009516,INDICATION,
CHEMBL1620,EFO_0009847,INDICATION,
CHEMBL1620,EFO_1000657,INDICATION,
CHEMBL1620,EFO_1000783,INDICATION,
CHEMBL1620,MONDO_0002258,INDICATION,
CHEMBL1620,MONDO_0002367,INDICATION,
CHEMBL1620,MONDO_0005271,INDICATION,
CHEMBL1620,MONDO_0007254,INDICATION,
CHEMBL1620,MONDO_0007915,INDICATION,
CHEMBL162036,EFO_0003843,INDICATION,
CHEMBL1620794,EFO_0000319,INDICATION,
CHEMBL1620794,EFO_0003763,INDICATION,
CHEMBL1621,EFO_0000384,CONTRAINDICATION,
CHEMBL1621,EFO_0000400,CONTRAINDICATION,
CHEMBL1621,EFO_0000474,CONTRAINDICATION,
CHEMBL1621,EFO_0000612,CONTRAINDICATION,
CHEMBL1621,EFO_0001073,CONTRAINDICATION,
CHEMBL1621,EFO_0003758,OFF_LABEL_USE,
CHEMBL1621,EFO_0003763,CONTRAINDICATION,
CHEMBL1621,EFO_0004242,INDICATION,
CHEMBL1621,EFO_0005230,INDICATION,
CHEMBL1621,EFO_0005251,CONTRAINDICATION,
CHEMBL1621,EFO_0005252,CONTRAINDICATION,
CHEMBL1621,EFO_0005307,CONTRAINDICATION,
CHEMBL1621,EFO_0005407,INDICATION,
CHEMBL1621,EFO_0005411,INDICATION,
CHEMBL1621,EFO_0006792,CONTRAINDICATION,
CHEMBL1621,EFO_0007319,CONTRAINDICATION,
CHEMBL1621,EFO_1001379,CONTRAINDICATION,
CHEMBL1621,MONDO_0001343,CONTRAINDICATION,
CHEMBL1621,MONDO_0002050,INDICATION,
CHEMBL1621,MONDO_0002491,CONTRAINDICATION,
CHEMBL1621,MONDO_0004985,INDICATION,
CHEMBL1621,MONDO_0005090,INDICATION,
CHEMBL1621,MONDO_0015183,CONTRAINDICATION,
CHEMBL1621,MONDO_0018100,CONTRAINDICATION,
CHEMBL1621,MONDO_0019171,CONTRAINDICATION,
CHEMBL1621,MONDO_0021095,CONTRAINDICATION,
CHEMBL1621,MONDO_0021187,CONTRAINDICATION,
CHEMBL1621597,EFO_0000274,INDICATION,
CHEMBL1621597,EFO_0000341,INDICATION,
CHEMBL1621597,EFO_0000400,CONTRAINDICATION,
CHEMBL1621597,EFO_0000464,INDICATION,
CHEMBL1621597,EFO_0000474,CONTRAINDICATION,
CHEMBL1621597,EFO_0000537,CONTRAINDICATION,
CHEMBL1621597,EFO_0001361,INDICATION,
CHEMBL1621597,EFO_0003956,INDICATION,
CHEMBL1621597,EFO_0005854,INDICATION,
CHEMBL1621597,EFO_0006505,INDICATION,
CHEMBL1621597,EFO_0007214,INDICATION,
CHEMBL1621597,EFO_0008590,INDICATION,
CHEMBL1621597,EFO_0009189,CONTRAINDICATION,
CHEMBL1621597,EFO_0009661,INDICATION,
CHEMBL1621597,EFO_1001069,CONTRAINDICATION,
CHEMBL1621597,EFO_1001375,CONTRAINDICATION,
CHEMBL1621597,MONDO_0000440,CONTRAINDICATION,
CHEMBL1621597,MONDO_0001744,CONTRAINDICATION,
CHEMBL1621597,MONDO_0004979,OFF_LABEL_USE,
CHEMBL1621597,MONDO_0005180,INDICATION,
CHEMBL1621597,MONDO_0019171,CONTRAINDICATION,
CHEMBL1621597,Orphanet_1764,INDICATION,
CHEMBL1622,EFO_0000211,INDICATION,
CHEMBL1622,EFO_0000305,INDICATION,
CHEMBL1622,EFO_0000400,CONTRAINDICATION,
CHEMBL1622,EFO_0000401,INDICATION,
CHEMBL1622,EFO_0000474,INDICATION,
CHEMBL1622,EFO_0000537,INDICATION,
CHEMBL1622,EFO_0000545,INDICATION,
CHEMBL1622,EFO_0000574,INDICATION,
CHEMBL1622,EFO_0000588,INDICATION,
CHEMBL1622,EFO_0000612,INDICATION,
CHEMBL1622,EFO_0000616,INDICATION,
CHEMBL1622,EFO_0000660,INDICATION,
CHEMBL1622,EFO_0000685,INDICATION,
CHEMBL1622,EFO_0000729,CONTRAINDICATION,
CHEMBL1622,EFO_0000764,INDICATION,
CHEMBL1622,EFO_0001068,INDICATION,
CHEMBL1622,EFO_0001070,INDICATION,
CHEMBL1622,EFO_0001645,INDICATION,
CHEMBL1622,EFO_0002913,INDICATION,
CHEMBL1622,EFO_0003032,INDICATION,
CHEMBL1622,EFO_0003060,INDICATION,
CHEMBL1622,EFO_0003086,CONTRAINDICATION,
CHEMBL1622,EFO_0003144,INDICATION,
CHEMBL1622,EFO_0003758,INDICATION,
CHEMBL1622,EFO_0003777,INDICATION,
CHEMBL1622,EFO_0003869,INDICATION,
CHEMBL1622,EFO_0003882,INDICATION,
CHEMBL1622,EFO_0003884,INDICATION,
CHEMBL1622,EFO_0003894,INDICATION,
CHEMBL1622,EFO_0003914,INDICATION,
CHEMBL1622,EFO_0003959,INDICATION,
CHEMBL1622,EFO_0004142,INDICATION,
CHEMBL1622,EFO_0004248,INDICATION,
CHEMBL1622,EFO_0004272,INDICATION,
CHEMBL1622,EFO_0004284,INDICATION,
CHEMBL1622,EFO_0005407,INDICATION,
CHEMBL1622,EFO_0006859,INDICATION,
CHEMBL1622,EFO_0008506,CONTRAINDICATION,
CHEMBL1622,EFO_0803321,INDICATION,
CHEMBL1622,EFO_1000657,INDICATION,
CHEMBL1622,EFO_1000785,INDICATION,
CHEMBL1622,EFO_1000826,CONTRAINDICATION,
CHEMBL1622,EFO_1000954,INDICATION,
CHEMBL1622,EFO_1001012,INDICATION,
CHEMBL1622,EFO_1001051,INDICATION,
CHEMBL1622,EFO_1001231,INDICATION,
CHEMBL1622,EFO_1001375,INDICATION,
CHEMBL1622,EFO_1001463,CONTRAINDICATION,
CHEMBL1622,EFO_1001518,INDICATION,
CHEMBL1622,EFO_1001898,INDICATION,
CHEMBL1622,EFO_1001951,INDICATION,
CHEMBL1622,MONDO_0001436,CONTRAINDICATION,
CHEMBL1622,MONDO_0001437,INDICATION,
CHEMBL1622,MONDO_0001566,CONTRAINDICATION,
CHEMBL1622,MONDO_0002009,INDICATION,
CHEMBL1622,MONDO_0002050,INDICATION,
CHEMBL1622,MONDO_0002087,INDICATION,
CHEMBL1622,MONDO_0002158,INDICATION,
CHEMBL1622,MONDO_0002203,CONTRAINDICATION,
CHEMBL1622,MONDO_0002280,INDICATION,
CHEMBL1622,MONDO_0002474,CONTRAINDICATION,
CHEMBL1622,MONDO_0002507,INDICATION,
CHEMBL1622,MONDO_0002974,INDICATION,
CHEMBL1622,MONDO_0004247,CONTRAINDICATION,
CHEMBL1622,MONDO_0004737,OFF_LABEL_USE,
CHEMBL1622,MONDO_0004975,INDICATION,
CHEMBL1622,MONDO_0004985,CONTRAINDICATION,
CHEMBL1622,MONDO_0004992,INDICATION,
CHEMBL1622,MONDO_0005147,INDICATION,
CHEMBL1622,MONDO_0005148,INDICATION,
CHEMBL1622,MONDO_0005575,INDICATION,
CHEMBL1622,MONDO_0007576,INDICATION,
CHEMBL1622,MONDO_0007915,INDICATION,
CHEMBL1622,MONDO_0008170,INDICATION,
CHEMBL1622,MONDO_0008315,INDICATION,
CHEMBL1622,MONDO_0008903,INDICATION,
CHEMBL1622,MONDO_0010788,CONTRAINDICATION,
CHEMBL1622,MONDO_0011382,CONTRAINDICATION,
CHEMBL1622,MONDO_0018075,INDICATION,
CHEMBL1622,MONDO_0018076,INDICATION,
CHEMBL1622,MONDO_0019338,CONTRAINDICATION,
CHEMBL1622,MONDO_0024298,INDICATION,
CHEMBL1622,MONDO_0100096,INDICATION,
CHEMBL1622,MP_0001914,INDICATION,
CHEMBL16225,EFO_0007157,INDICATION,
CHEMBL1622638,EFO_0003819,INDICATION,
CHEMBL1623,EFO_0000182,INDICATION,
CHEMBL1623,EFO_0004319,INDICATION,
CHEMBL1623,EFO_0006928,INDICATION,
CHEMBL1623,MONDO_0001744,CONTRAINDICATION,
CHEMBL1623,MONDO_0005271,INDICATION,
CHEMBL1623738,MONDO_0005271,INDICATION,
CHEMBL1623992,EFO_0010282,INDICATION,
CHEMBL1624,EFO_0000319,CONTRAINDICATION,
CHEMBL1624,EFO_0000400,CONTRAINDICATION,
CHEMBL1624,EFO_0000537,CONTRAINDICATION,
CHEMBL1624,EFO_0000612,CONTRAINDICATION,
CHEMBL1624,EFO_0001380,CONTRAINDICATION,
CHEMBL1624,EFO_0001645,CONTRAINDICATION,
CHEMBL1624,EFO_0002892,INDICATION,
CHEMBL1624,EFO_0002950,INDICATION,
CHEMBL1624,EFO_0003779,INDICATION,
CHEMBL1624,EFO_0003843,INDICATION,
CHEMBL1624,EFO_0003882,CONTRAINDICATION,
CHEMBL1624,EFO_0004237,INDICATION,
CHEMBL1624,EFO_0004283,INDICATION,
CHEMBL1624,EFO_0004705,INDICATION,
CHEMBL1624,EFO_0009189,CONTRAINDICATION,
CHEMBL1624,EFO_1001055,INDICATION,
CHEMBL1624,EFO_1001212,CONTRAINDICATION,
CHEMBL1624,EFO_1002017,INDICATION,
CHEMBL1624,MONDO_0002108,INDICATION,
CHEMBL1624,MONDO_0004985,INDICATION,
CHEMBL1624,MONDO_0015129,CONTRAINDICATION,
CHEMBL1624,MONDO_0018612,INDICATION,
CHEMBL1624,MONDO_0021187,INDICATION,
CHEMBL1624,Orphanet_309005,INDICATION,
CHEMBL1624126,EFO_0000319,INDICATION,
CHEMBL1624767,MONDO_0010200,INDICATION,
CHEMBL1625,EFO_0003963,INDICATION,
CHEMBL1625260,EFO_0000319,INDICATION,
CHEMBL1625607,EFO_0005854,INDICATION,
CHEMBL1625607,MONDO_0005271,INDICATION,
CHEMBL1626,EFO_0000537,CONTRAINDICATION,
CHEMBL1626,EFO_0003840,INDICATION,
CHEMBL1626,EFO_0003929,INDICATION,
CHEMBL1626,EFO_0003956,INDICATION,
CHEMBL1626,EFO_0005531,INDICATION,
CHEMBL1626,EFO_0005532,INDICATION,
CHEMBL1626,EFO_0005854,INDICATION,
CHEMBL1626,EFO_0007141,INDICATION,
CHEMBL1626,EFO_0007214,INDICATION,
CHEMBL1626,EFO_0007405,INDICATION,
CHEMBL1626,EFO_0007533,INDICATION,
CHEMBL1626,EFO_0009189,CONTRAINDICATION,
CHEMBL1626,EFO_1001069,CONTRAINDICATION,
CHEMBL1626,MONDO_0001744,CONTRAINDICATION,
CHEMBL1626,MONDO_0002406,INDICATION,
CHEMBL1626,MONDO_0004247,CONTRAINDICATION,
CHEMBL1626,MONDO_0005271,INDICATION,
CHEMBL1626,MONDO_0005301,INDICATION,
CHEMBL1626223,EFO_0007154,INDICATION,
CHEMBL1626223,EFO_0007254,INDICATION,
CHEMBL1626223,EFO_0007523,OFF_LABEL_USE,
CHEMBL1626223,EFO_1001342,INDICATION,
CHEMBL16264,EFO_0003928,INDICATION,
CHEMBL16264,EFO_1001289,INDICATION,
CHEMBL1627201,EFO_0000341,INDICATION,
CHEMBL1627367,MONDO_0007254,INDICATION,
CHEMBL1628227,EFO_0000274,INDICATION,
CHEMBL1628227,EFO_0000474,CONTRAINDICATION,
CHEMBL1628227,EFO_0000555,INDICATION,
CHEMBL1628227,EFO_0003843,INDICATION,
CHEMBL1628227,EFO_0003877,CONTRAINDICATION,
CHEMBL1628227,EFO_0004190,CONTRAINDICATION,
CHEMBL1628227,EFO_0004698,INDICATION,
CHEMBL1628227,EFO_0005230,INDICATION,
CHEMBL1628227,EFO_0005252,CONTRAINDICATION,
CHEMBL1628227,EFO_0005307,CONTRAINDICATION,
CHEMBL1628227,EFO_0005531,INDICATION,
CHEMBL1628227,EFO_0008568,INDICATION,
CHEMBL1628227,EFO_0009189,CONTRAINDICATION,
CHEMBL1628227,EFO_1001904,INDICATION,
CHEMBL1628227,MONDO_0001744,CONTRAINDICATION,
CHEMBL1628227,MONDO_0002009,INDICATION,
CHEMBL1628227,MONDO_0002050,INDICATION,
CHEMBL1628227,MONDO_0004985,INDICATION,
CHEMBL1628227,MONDO_0005090,INDICATION,
CHEMBL1628227,MONDO_0007079,CONTRAINDICATION,
CHEMBL1628227,MONDO_0007254,INDICATION,
CHEMBL1628227,MONDO_0019171,CONTRAINDICATION,
CHEMBL1628227,MONDO_0100192,CONTRAINDICATION,
CHEMBL1628233,EFO_0000701,INDICATION,
CHEMBL1628233,EFO_0003822,INDICATION,
CHEMBL1628233,MONDO_0002070,INDICATION,
CHEMBL1628233,MONDO_0007172,INDICATION,
CHEMBL1628234,EFO_0000274,INDICATION,
CHEMBL1628234,EFO_0003843,INDICATION,
CHEMBL1628234,EFO_0004698,INDICATION,
CHEMBL1628234,EFO_1001904,INDICATION,
CHEMBL1628234,MONDO_0002009,INDICATION,
CHEMBL1628234,MONDO_0004985,INDICATION,
CHEMBL1628234,MONDO_0007079,INDICATION,
CHEMBL1628385,EFO_0000544,INDICATION,
CHEMBL1628385,EFO_0000771,INDICATION,
CHEMBL1628385,EFO_0000778,INDICATION,
CHEMBL1628385,EFO_0003086,CONTRAINDICATION,
CHEMBL1628385,EFO_0003102,INDICATION,
CHEMBL1628385,EFO_0005549,INDICATION,
CHEMBL1628385,EFO_0005681,INDICATION,
CHEMBL1628385,EFO_0007219,INDICATION,
CHEMBL1628385,EFO_0007326,CONTRAINDICATION,
CHEMBL1628385,EFO_0007340,INDICATION,
CHEMBL1628385,EFO_0007477,INDICATION,
CHEMBL1628385,EFO_0007499,INDICATION,
CHEMBL1628385,EFO_0007504,INDICATION,
CHEMBL1628385,EFO_0007548,INDICATION,
CHEMBL1628385,EFO_1000830,INDICATION,
CHEMBL1628385,EFO_1000928,INDICATION,
CHEMBL1628385,EFO_1001144,INDICATION,
CHEMBL1628385,EFO_1001462,INDICATION,
CHEMBL1628385,EFO_1001476,INDICATION,
CHEMBL1628385,MONDO_0002258,INDICATION,
CHEMBL1628385,MONDO_0004497,INDICATION,
CHEMBL1628385,MONDO_0004944,INDICATION,
CHEMBL1628502,EFO_0003086,CONTRAINDICATION,
CHEMBL1628502,EFO_0004270,INDICATION,
CHEMBL1628502,EFO_0009430,INDICATION,
CHEMBL1628502,EFO_1000783,INDICATION,
CHEMBL1628502,MONDO_0002050,CONTRAINDICATION,
CHEMBL1628502,MONDO_0005277,INDICATION,
CHEMBL1628502,MONDO_0007079,INDICATION,
CHEMBL1628502,MONDO_0041052,INDICATION,
CHEMBL1628504,EFO_0000180,INDICATION,
CHEMBL1628504,EFO_0000764,INDICATION,
CHEMBL1628688,EFO_0000673,INDICATION,
CHEMBL1628688,EFO_0001421,INDICATION,
CHEMBL1628688,EFO_0001422,INDICATION,
CHEMBL1628688,EFO_0003060,INDICATION,
CHEMBL1628688,EFO_0003876,INDICATION,
CHEMBL1628688,EFO_0003884,INDICATION,
CHEMBL1628688,EFO_0004265,INDICATION,
CHEMBL1628688,EFO_0009708,INDICATION,
CHEMBL1628688,EFO_1001951,INDICATION,
CHEMBL1628688,MONDO_0004992,INDICATION,
CHEMBL1628688,MONDO_0007254,INDICATION,
CHEMBL1628688,MONDO_0008170,INDICATION,
CHEMBL1628688,MONDO_0008315,INDICATION,
CHEMBL1628698,MONDO_0005277,INDICATION,
CHEMBL16293,EFO_0000764,INDICATION,
CHEMBL163,EFO_0000180,INDICATION,
CHEMBL163,EFO_0000278,CONTRAINDICATION,
CHEMBL163,EFO_0000318,CONTRAINDICATION,
CHEMBL163,EFO_0000400,CONTRAINDICATION,
CHEMBL163,EFO_0000519,INDICATION,
CHEMBL163,EFO_0000537,INDICATION,
CHEMBL163,EFO_0000544,INDICATION,
CHEMBL163,EFO_0000558,INDICATION,
CHEMBL163,EFO_0000673,INDICATION,
CHEMBL163,EFO_0000691,INDICATION,
CHEMBL163,EFO_0000694,INDICATION,
CHEMBL163,EFO_0000763,INDICATION,
CHEMBL163,EFO_0000764,INDICATION,
CHEMBL163,EFO_0000765,INDICATION,
CHEMBL163,EFO_0001068,INDICATION,
CHEMBL163,EFO_0001361,INDICATION,
CHEMBL163,EFO_0001421,INDICATION,
CHEMBL163,EFO_0001422,CONTRAINDICATION,
CHEMBL163,EFO_0002614,INDICATION,
CHEMBL163,EFO_0002950,INDICATION,
CHEMBL163,EFO_0003047,INDICATION,
CHEMBL163,EFO_0003086,INDICATION,
CHEMBL163,EFO_0003106,INDICATION,
CHEMBL163,EFO_0003835,INDICATION,
CHEMBL163,EFO_0004197,INDICATION,
CHEMBL163,EFO_0004220,INDICATION,
CHEMBL163,EFO_0004234,INDICATION,
CHEMBL163,EFO_0004239,CONTRAINDICATION,
CHEMBL163,EFO_0004274,CONTRAINDICATION,
CHEMBL163,EFO_0005307,CONTRAINDICATION,
CHEMBL163,EFO_0007224,INDICATION,
CHEMBL163,EFO_0007304,INDICATION,
CHEMBL163,EFO_0007328,INDICATION,
CHEMBL163,EFO_0007386,INDICATION,
CHEMBL163,EFO_0009708,INDICATION,
CHEMBL163,EFO_1000637,INDICATION,
CHEMBL163,EFO_1000652,CONTRAINDICATION,
CHEMBL163,EFO_1001375,CONTRAINDICATION,
CHEMBL163,MONDO_0000468,CONTRAINDICATION,
CHEMBL163,MONDO_0004976,INDICATION,
CHEMBL163,MONDO_0004992,INDICATION,
CHEMBL163,MONDO_0010602,CONTRAINDICATION,
CHEMBL163,MONDO_0010604,CONTRAINDICATION,
CHEMBL163,MONDO_0018076,INDICATION,
CHEMBL163,MONDO_0018100,CONTRAINDICATION,
CHEMBL163,MONDO_0019171,CONTRAINDICATION,
CHEMBL163,MONDO_0100096,INDICATION,
CHEMBL163,MONDO_0100116,INDICATION,
CHEMBL1630563,MONDO_0018076,INDICATION,
CHEMBL1630575,EFO_0000544,INDICATION,
CHEMBL1630575,EFO_0000546,INDICATION,
CHEMBL1630575,EFO_0007157,INDICATION,
CHEMBL1630575,EFO_0007406,INDICATION,
CHEMBL1630575,EFO_1001282,INDICATION,
CHEMBL1630575,EFO_1001283,INDICATION,
CHEMBL1630575,MONDO_0002026,INDICATION,
CHEMBL1630575,MONDO_0002041,INDICATION,
CHEMBL1630575,MONDO_0004992,INDICATION,
CHEMBL1630578,EFO_1001919,INDICATION,
CHEMBL1630842,EFO_0000764,INDICATION,
CHEMBL1631221,EFO_0000565,INDICATION,
CHEMBL1631540,MONDO_0002009,INDICATION,
CHEMBL1631540,MONDO_0002050,INDICATION,
CHEMBL1631694,DOID_10113,INDICATION,
CHEMBL1631694,EFO_0000544,INDICATION,
CHEMBL1631694,EFO_0005044,INDICATION,
CHEMBL1631694,EFO_0005045,INDICATION,
CHEMBL1631694,EFO_0005225,INDICATION,
CHEMBL1631694,EFO_0008559,INDICATION,
CHEMBL1631694,MONDO_0001444,INDICATION,
CHEMBL1631694,MONDO_0100192,CONTRAINDICATION,
CHEMBL1631723,MONDO_0010196,INDICATION,
CHEMBL1633,EFO_0000274,INDICATION,
CHEMBL1633,EFO_0003931,INDICATION,
CHEMBL1633,EFO_0007141,INDICATION,
CHEMBL1633,EFO_1001417,INDICATION,
CHEMBL1633,MONDO_0002406,INDICATION,
CHEMBL163672,EFO_0000319,INDICATION,
CHEMBL1637,EFO_0000096,INDICATION,
CHEMBL1637,EFO_0000183,INDICATION,
CHEMBL1637,EFO_0000305,INDICATION,
CHEMBL1637,EFO_0000313,INDICATION,
CHEMBL1637,EFO_0000466,INDICATION,
CHEMBL1637,EFO_0000565,INDICATION,
CHEMBL1637,EFO_0000574,INDICATION,
CHEMBL1637,EFO_0000588,INDICATION,
CHEMBL1637,EFO_0000616,INDICATION,
CHEMBL1637,EFO_0000681,INDICATION,
CHEMBL1637,EFO_0000691,INDICATION,
CHEMBL1637,EFO_0001075,INDICATION,
CHEMBL1637,EFO_0001378,INDICATION,
CHEMBL1637,EFO_0001416,INDICATION,
CHEMBL1637,EFO_0002618,INDICATION,
CHEMBL1637,EFO_0003060,INDICATION,
CHEMBL1637,EFO_0004252,INDICATION,
CHEMBL1637,EFO_0005537,INDICATION,
CHEMBL1637,EFO_0006475,INDICATION,
CHEMBL1637,EFO_0006738,INDICATION,
CHEMBL1637,EFO_0006859,INDICATION,
CHEMBL1637,EFO_0006861,INDICATION,
CHEMBL1637,EFO_0007532,INDICATION,
CHEMBL1637,EFO_0008528,INDICATION,
CHEMBL1637,EFO_1000043,INDICATION,
CHEMBL1637,EFO_1000251,INDICATION,
CHEMBL1637,EFO_1000359,INDICATION,
CHEMBL1637,EFO_1000613,INDICATION,
CHEMBL1637,EFO_1001051,INDICATION,
CHEMBL1637,EFO_1001469,INDICATION,
CHEMBL1637,EFO_1001951,INDICATION,
CHEMBL1637,EFO_1001959,INDICATION,
CHEMBL1637,EFO_1001961,INDICATION,
CHEMBL1637,MONDO_0001056,INDICATION,
CHEMBL1637,MONDO_0001187,INDICATION,
CHEMBL1637,MONDO_0002087,INDICATION,
CHEMBL1637,MONDO_0002158,INDICATION,
CHEMBL1637,MONDO_0002367,INDICATION,
CHEMBL1637,MONDO_0002691,INDICATION,
CHEMBL1637,MONDO_0002974,INDICATION,
CHEMBL1637,MONDO_0004192,INDICATION,
CHEMBL1637,MONDO_0004986,INDICATION,
CHEMBL1637,MONDO_0004992,INDICATION,
CHEMBL1637,MONDO_0005184,INDICATION,
CHEMBL1637,MONDO_0005411,INDICATION,
CHEMBL1637,MONDO_0007254,INDICATION,
CHEMBL1637,MONDO_0008170,INDICATION,
CHEMBL1637,MONDO_0008315,INDICATION,
CHEMBL1637,MONDO_0008627,INDICATION,
CHEMBL1637,MONDO_0008903,INDICATION,
CHEMBL1637,MONDO_0011962,INDICATION,
CHEMBL1637,MONDO_0015760,INDICATION,
CHEMBL1637,MONDO_0016537,INDICATION,
CHEMBL1637,Orphanet_145,INDICATION,
CHEMBL1639,EFO_0000275,INDICATION,
CHEMBL1639,EFO_0000319,INDICATION,
CHEMBL1639,EFO_0000373,INDICATION,
CHEMBL1639,EFO_0000400,CONTRAINDICATION,
CHEMBL1639,EFO_0000401,INDICATION,
CHEMBL1639,EFO_0000537,INDICATION,
CHEMBL1639,EFO_0000612,INDICATION,
CHEMBL1639,EFO_0000712,INDICATION,
CHEMBL1639,EFO_0003086,INDICATION,
CHEMBL1639,EFO_0003144,INDICATION,
CHEMBL1639,EFO_0003884,INDICATION,
CHEMBL1639,EFO_0003896,INDICATION,
CHEMBL1639,EFO_0003914,INDICATION,
CHEMBL1639,EFO_0004194,INDICATION,
CHEMBL1639,EFO_0004274,CONTRAINDICATION,
CHEMBL1639,EFO_0005251,CONTRAINDICATION,
CHEMBL1639,EFO_0005532,CONTRAINDICATION,
CHEMBL1639,EFO_0005672,INDICATION,
CHEMBL1639,EFO_0008506,CONTRAINDICATION,
CHEMBL1639,EFO_0009530,CONTRAINDICATION,
CHEMBL1639,EFO_1000652,CONTRAINDICATION,
CHEMBL1639,MONDO_0001134,INDICATION,
CHEMBL1639,MONDO_0001343,CONTRAINDICATION,
CHEMBL1639,MONDO_0001566,CONTRAINDICATION,
CHEMBL1639,MONDO_0001751,CONTRAINDICATION,
CHEMBL1639,MONDO_0005148,INDICATION,
CHEMBL1639,MONDO_0007915,CONTRAINDICATION,
CHEMBL1639,MONDO_0007947,INDICATION,
CHEMBL1639,MONDO_0018100,CONTRAINDICATION,
CHEMBL1639,MONDO_0021661,INDICATION,
CHEMBL1639,MONDO_0100192,CONTRAINDICATION,
CHEMBL1642,EFO_0000094,INDICATION,
CHEMBL1642,EFO_0000209,INDICATION,
CHEMBL1642,EFO_0000220,INDICATION,
CHEMBL1642,EFO_0000222,INDICATION,
CHEMBL1642,EFO_0000313,INDICATION,
CHEMBL1642,EFO_0000333,INDICATION,
CHEMBL1642,EFO_0000339,INDICATION,
CHEMBL1642,EFO_0000389,INDICATION,
CHEMBL1642,EFO_0000503,INDICATION,
CHEMBL1642,EFO_0000519,INDICATION,
CHEMBL1642,EFO_0000565,INDICATION,
CHEMBL1642,EFO_0000574,INDICATION,
CHEMBL1642,EFO_0000588,INDICATION,
CHEMBL1642,EFO_0000616,INDICATION,
CHEMBL1642,EFO_0000658,INDICATION,
CHEMBL1642,EFO_0000673,INDICATION,
CHEMBL1642,EFO_0000691,INDICATION,
CHEMBL1642,EFO_0000702,INDICATION,
CHEMBL1642,EFO_0000717,INDICATION,
CHEMBL1642,EFO_0000756,INDICATION,
CHEMBL1642,EFO_0000760,INDICATION,
CHEMBL1642,EFO_0000768,INDICATION,
CHEMBL1642,EFO_0001361,INDICATION,
CHEMBL1642,EFO_0001376,INDICATION,
CHEMBL1642,EFO_0002428,INDICATION,
CHEMBL1642,EFO_0002429,INDICATION,
CHEMBL1642,EFO_0002430,INDICATION,
CHEMBL1642,EFO_0002618,INDICATION,
CHEMBL1642,EFO_0003060,INDICATION,
CHEMBL1642,EFO_0004198,INDICATION,
CHEMBL1642,EFO_0004289,INDICATION,
CHEMBL1642,EFO_0004683,INDICATION,
CHEMBL1642,EFO_0005952,INDICATION,
CHEMBL1642,EFO_0006859,INDICATION,
CHEMBL1642,EFO_0006861,INDICATION,
CHEMBL1642,EFO_0009907,INDICATION,
CHEMBL1642,EFO_1000158,INDICATION,
CHEMBL1642,EFO_1000613,INDICATION,
CHEMBL1642,EFO_1000657,INDICATION,
CHEMBL1642,EFO_1000729,INDICATION,
CHEMBL1642,EFO_1001361,INDICATION,
CHEMBL1642,EFO_1001465,INDICATION,
CHEMBL1642,EFO_1001467,INDICATION,
CHEMBL1642,EFO_1001471,INDICATION,
CHEMBL1642,EFO_1001814,INDICATION,
CHEMBL1642,EFO_1001951,INDICATION,
CHEMBL1642,EFO_1001993,INDICATION,
CHEMBL1642,MONDO_0000870,INDICATION,
CHEMBL1642,MONDO_0000873,INDICATION,
CHEMBL1642,MONDO_0001056,INDICATION,
CHEMBL1642,MONDO_0002087,INDICATION,
CHEMBL1642,MONDO_0002108,INDICATION,
CHEMBL1642,MONDO_0002158,INDICATION,
CHEMBL1642,MONDO_0002367,INDICATION,
CHEMBL1642,MONDO_0002715,INDICATION,
CHEMBL1642,MONDO_0004979,INDICATION,
CHEMBL1642,MONDO_0004992,INDICATION,
CHEMBL1642,MONDO_0005147,INDICATION,
CHEMBL1642,MONDO_0005149,INDICATION,
CHEMBL1642,MONDO_0005301,INDICATION,
CHEMBL1642,MONDO_0007254,INDICATION,
CHEMBL1642,MONDO_0008170,INDICATION,
CHEMBL1642,MONDO_0008315,INDICATION,
CHEMBL1642,MONDO_0008903,INDICATION,
CHEMBL1642,MONDO_0009937,INDICATION,
CHEMBL1642,MONDO_0011382,INDICATION,
CHEMBL1642,MONDO_0011705,INDICATION,
CHEMBL1642,MONDO_0011719,INDICATION,
CHEMBL1642,MONDO_0011934,INDICATION,
CHEMBL1642,MONDO_0011962,INDICATION,
CHEMBL1642,MONDO_0013730,INDICATION,
CHEMBL1642,MONDO_0018364,INDICATION,
CHEMBL1642,MONDO_0018975,INDICATION,
CHEMBL1642,MONDO_0020547,INDICATION,
CHEMBL1642,MONDO_0021063,INDICATION,
CHEMBL1642,MONDO_0044917,INDICATION,
CHEMBL1642,MONDO_0100096,INDICATION,
CHEMBL1643,EFO_0000222,INDICATION,
CHEMBL1643,EFO_0000278,CONTRAINDICATION,
CHEMBL1643,EFO_0000341,CONTRAINDICATION,
CHEMBL1643,EFO_0000544,INDICATION,
CHEMBL1643,EFO_0000612,CONTRAINDICATION,
CHEMBL1643,EFO_0000616,INDICATION,
CHEMBL1643,EFO_0000649,CONTRAINDICATION,
CHEMBL1643,EFO_0000694,INDICATION,
CHEMBL1643,EFO_0000763,INDICATION,
CHEMBL1643,EFO_0000764,INDICATION,
CHEMBL1643,EFO_0001422,CONTRAINDICATION,
CHEMBL1643,EFO_0003047,INDICATION,
CHEMBL1643,EFO_0004197,INDICATION,
CHEMBL1643,EFO_0004220,INDICATION,
CHEMBL1643,EFO_0004239,INDICATION,
CHEMBL1643,EFO_0006890,INDICATION,
CHEMBL1643,EFO_0007299,INDICATION,
CHEMBL1643,EFO_0007304,INDICATION,
CHEMBL1643,EFO_0007328,INDICATION,
CHEMBL1643,EFO_0007332,INDICATION,
CHEMBL1643,EFO_0007338,OFF_LABEL_USE,
CHEMBL1643,EFO_1001375,CONTRAINDICATION,
CHEMBL1643,EFO_1001413,INDICATION,
CHEMBL1643,EFO_1001996,CONTRAINDICATION,
CHEMBL1643,MONDO_0001343,CONTRAINDICATION,
CHEMBL1643,MONDO_0002050,INDICATION,
CHEMBL1643,MONDO_0002280,CONTRAINDICATION,
CHEMBL1643,MONDO_0004979,CONTRAINDICATION,
CHEMBL1643,MONDO_0005147,INDICATION,
CHEMBL1643,MONDO_0007254,INDICATION,
CHEMBL1643,MONDO_0011382,CONTRAINDICATION,
CHEMBL1643,MONDO_0019338,CONTRAINDICATION,
CHEMBL1643,MONDO_0021661,CONTRAINDICATION,
CHEMBL1643,MONDO_0100096,INDICATION,
CHEMBL1643880,EFO_0000555,INDICATION,
CHEMBL1643880,EFO_0003948,INDICATION,
CHEMBL1643895,EFO_0000555,INDICATION,
CHEMBL1643895,EFO_0004888,INDICATION,
CHEMBL1643895,EFO_0006912,INDICATION,
CHEMBL1643895,MONDO_0001056,INDICATION,
CHEMBL1643895,MONDO_0004992,INDICATION,
CHEMBL1644,EFO_0000544,INDICATION,
CHEMBL1644,EFO_0000771,INDICATION,
CHEMBL1644,EFO_0003103,INDICATION,
CHEMBL1644,EFO_0005681,INDICATION,
CHEMBL1644,EFO_1000049,INDICATION,
CHEMBL1644,MONDO_0001343,CONTRAINDICATION,
CHEMBL1644,MONDO_0002258,INDICATION,
CHEMBL1644029,EFO_0000266,INDICATION,
CHEMBL1644029,EFO_0003144,INDICATION,
CHEMBL1644029,EFO_1000892,CONTRAINDICATION,
CHEMBL1644029,EFO_1000899,INDICATION,
CHEMBL1644029,EFO_1001216,INDICATION,
CHEMBL1644029,MONDO_0002508,OFF_LABEL_USE,
CHEMBL1644695,EFO_0002892,INDICATION,
CHEMBL1644695,EFO_0008583,INDICATION,
CHEMBL1644695,EFO_0008585,INDICATION,
CHEMBL1644695,EFO_0009189,INDICATION,
CHEMBL1644695,MONDO_0002108,INDICATION,
CHEMBL1644698,EFO_0000538,INDICATION,
CHEMBL1644698,EFO_0000556,INDICATION,
CHEMBL1644698,EFO_0001645,INDICATION,
CHEMBL1644698,EFO_0003913,INDICATION,
CHEMBL1644698,MONDO_0004979,INDICATION,
CHEMBL1644698,MONDO_0010311,INDICATION,
CHEMBL1645462,EFO_0000616,INDICATION,
CHEMBL1645462,EFO_0005543,INDICATION,
CHEMBL1645462,MONDO_0004992,INDICATION,
CHEMBL1646,EFO_0000305,INDICATION,
CHEMBL1646,EFO_0000389,INDICATION,
CHEMBL1646,EFO_0000649,INDICATION,
CHEMBL1646,EFO_0000681,INDICATION,
CHEMBL1646,EFO_0000685,INDICATION,
CHEMBL1646,EFO_0001061,INDICATION,
CHEMBL1646,EFO_0003060,INDICATION,
CHEMBL1646,EFO_0003820,INDICATION,
CHEMBL1646,EFO_0003833,INDICATION,
CHEMBL1646,EFO_0003897,INDICATION,
CHEMBL1646,EFO_0007532,INDICATION,
CHEMBL1646,EFO_1000984,INDICATION,
CHEMBL1646,EFO_1001028,INDICATION,
CHEMBL1646,EFO_1001512,INDICATION,
CHEMBL1646,EFO_1001951,INDICATION,
CHEMBL1646,MONDO_0001056,INDICATION,
CHEMBL1646,MONDO_0002038,INDICATION,
CHEMBL1646,MONDO_0002635,INDICATION,
CHEMBL1646,MONDO_0007254,INDICATION,
CHEMBL1646,MONDO_0008903,INDICATION,
CHEMBL1646,MONDO_0018309,INDICATION,
CHEMBL1646,MONDO_0019297,INDICATION,
CHEMBL1646,MONDO_0021117,INDICATION,
CHEMBL1646,MONDO_0021248,INDICATION,
CHEMBL164660,EFO_0000198,INDICATION,
CHEMBL164660,EFO_0000565,INDICATION,
CHEMBL164660,EFO_0001378,INDICATION,
CHEMBL1648,EFO_0000319,INDICATION,
CHEMBL1648,EFO_0000537,INDICATION,
CHEMBL1648,EFO_0000612,CONTRAINDICATION,
CHEMBL1648,EFO_0003768,INDICATION,
CHEMBL1648,EFO_0003890,INDICATION,
CHEMBL1648,EFO_0004319,INDICATION,
CHEMBL1648,EFO_0005251,CONTRAINDICATION,
CHEMBL1648,EFO_0005611,INDICATION,
CHEMBL1648,MONDO_0004985,INDICATION,
CHEMBL1648,MONDO_0005180,INDICATION,
CHEMBL1648,MONDO_0021661,CONTRAINDICATION,
CHEMBL16498,EFO_0000095,INDICATION,
CHEMBL16498,EFO_0000222,INDICATION,
CHEMBL16498,EFO_0000616,INDICATION,
CHEMBL1649931,EFO_0000764,INDICATION,
CHEMBL165,EFO_0000195,INDICATION,
CHEMBL165,EFO_0000319,INDICATION,
CHEMBL165,EFO_0000341,INDICATION,
CHEMBL165,EFO_0000365,INDICATION,
CHEMBL165,EFO_0000401,INDICATION,
CHEMBL165,EFO_0000407,INDICATION,
CHEMBL165,EFO_0000537,INDICATION,
CHEMBL165,EFO_0000545,INDICATION,
CHEMBL165,EFO_0000616,INDICATION,
CHEMBL165,EFO_0000660,INDICATION,
CHEMBL165,EFO_0000694,INDICATION,
CHEMBL165,EFO_0001072,INDICATION,
CHEMBL165,EFO_0001365,INDICATION,
CHEMBL165,EFO_0002614,INDICATION,
CHEMBL165,EFO_0003095,INDICATION,
CHEMBL165,EFO_0003884,INDICATION,
CHEMBL165,EFO_0003956,INDICATION,
CHEMBL165,EFO_0004265,INDICATION,
CHEMBL165,EFO_0004616,INDICATION,
CHEMBL165,EFO_0011023,INDICATION,
CHEMBL165,EFO_1000657,INDICATION,
CHEMBL165,MONDO_0002691,INDICATION,
CHEMBL165,MONDO_0004975,INDICATION,
CHEMBL165,MONDO_0005090,INDICATION,
CHEMBL165,MONDO_0005147,INDICATION,
CHEMBL165,MONDO_0005148,INDICATION,
CHEMBL165,MONDO_0005180,INDICATION,
CHEMBL165,MONDO_0007739,INDICATION,
CHEMBL165,MONDO_0011705,INDICATION,
CHEMBL165,MONDO_0018906,INDICATION,
CHEMBL165,MONDO_0021063,INDICATION,
CHEMBL165,MONDO_0100096,INDICATION,
CHEMBL165,MONDO_0100339,INDICATION,
CHEMBL165,MP_0001845,INDICATION,
CHEMBL1650,EFO_0000220,INDICATION,
CHEMBL1650,EFO_0000274,INDICATION,
CHEMBL1650,EFO_0000341,OFF_LABEL_USE,
CHEMBL1650,EFO_0000384,INDICATION,
CHEMBL1650,EFO_0000398,INDICATION,
CHEMBL1650,EFO_0000400,CONTRAINDICATION,
CHEMBL1650,EFO_0000474,CONTRAINDICATION,
CHEMBL1650,EFO_0000537,CONTRAINDICATION,
CHEMBL1650,EFO_0000565,INDICATION,
CHEMBL1650,EFO_0000574,INDICATION,
CHEMBL1650,EFO_0000676,INDICATION,
CHEMBL1650,EFO_0000685,INDICATION,
CHEMBL1650,EFO_0000701,INDICATION,
CHEMBL1650,EFO_0000729,INDICATION,
CHEMBL1650,EFO_0000771,CONTRAINDICATION,
CHEMBL1650,EFO_0001060,OFF_LABEL_USE,
CHEMBL1650,EFO_0001378,OFF_LABEL_USE,
CHEMBL1650,EFO_0001380,CONTRAINDICATION,
CHEMBL1650,EFO_0001422,CONTRAINDICATION,
CHEMBL1650,EFO_0002609,INDICATION,
CHEMBL1650,EFO_0003063,INDICATION,
CHEMBL1650,EFO_0003086,CONTRAINDICATION,
CHEMBL1650,EFO_0003106,INDICATION,
CHEMBL1650,EFO_0003767,INDICATION,
CHEMBL1650,EFO_0003778,INDICATION,
CHEMBL1650,EFO_0003875,CONTRAINDICATION,
CHEMBL1650,EFO_0003882,CONTRAINDICATION,
CHEMBL1650,EFO_0003898,INDICATION,
CHEMBL1650,EFO_0003966,INDICATION,
CHEMBL1650,EFO_0004145,CONTRAINDICATION,
CHEMBL1650,EFO_0004190,CONTRAINDICATION,
CHEMBL1650,EFO_0004255,INDICATION,
CHEMBL1650,EFO_0004274,INDICATION,
CHEMBL1650,EFO_0004276,INDICATION,
CHEMBL1650,EFO_0004607,CONTRAINDICATION,
CHEMBL1650,EFO_0004705,CONTRAINDICATION,
CHEMBL1650,EFO_0004991,CONTRAINDICATION,
CHEMBL1650,EFO_0005252,OFF_LABEL_USE,
CHEMBL1650,EFO_0005319,INDICATION,
CHEMBL1650,EFO_0005407,CONTRAINDICATION,
CHEMBL1650,EFO_0005532,INDICATION,
CHEMBL1650,EFO_0005558,INDICATION,
CHEMBL1650,EFO_0005628,INDICATION,
CHEMBL1650,EFO_0005741,CONTRAINDICATION,
CHEMBL1650,EFO_0005752,INDICATION,
CHEMBL1650,EFO_0005809,INDICATION,
CHEMBL1650,EFO_0005854,INDICATION,
CHEMBL1650,EFO_0005952,INDICATION,
CHEMBL1650,EFO_0006509,CONTRAINDICATION,
CHEMBL1650,EFO_0006803,OFF_LABEL_USE,
CHEMBL1650,EFO_0007141,INDICATION,
CHEMBL1650,EFO_0007160,INDICATION,
CHEMBL1650,EFO_0007187,OFF_LABEL_USE,
CHEMBL1650,EFO_0007281,CONTRAINDICATION,
CHEMBL1650,EFO_0007308,CONTRAINDICATION,
CHEMBL1650,EFO_0007368,INDICATION,
CHEMBL1650,EFO_0007403,INDICATION,
CHEMBL1650,EFO_0007427,OFF_LABEL_USE,
CHEMBL1650,EFO_0007512,INDICATION,
CHEMBL1650,EFO_0008496,OFF_LABEL_USE,
CHEMBL1650,EFO_0008518,OFF_LABEL_USE,
CHEMBL1650,EFO_0008997,INDICATION,
CHEMBL1650,EFO_0009012,OFF_LABEL_USE,
CHEMBL1650,EFO_0009189,CONTRAINDICATION,
CHEMBL1650,EFO_0009449,INDICATION,
CHEMBL1650,EFO_0009454,CONTRAINDICATION,
CHEMBL1650,EFO_0009456,INDICATION,
CHEMBL1650,EFO_0009491,INDICATION,
CHEMBL1650,EFO_0009552,INDICATION,
CHEMBL1650,EFO_0009560,INDICATION,
CHEMBL1650,EFO_0009661,OFF_LABEL_USE,
CHEMBL1650,EFO_0009676,INDICATION,
CHEMBL1650,EFO_1000039,INDICATION,
CHEMBL1650,EFO_1000049,INDICATION,
CHEMBL1650,EFO_1000391,OFF_LABEL_USE,
CHEMBL1650,EFO_1000684,INDICATION,
CHEMBL1650,EFO_1000694,INDICATION,
CHEMBL1650,EFO_1000697,INDICATION,
CHEMBL1650,EFO_1000704,INDICATION,
CHEMBL1650,EFO_1000749,INDICATION,
CHEMBL1650,EFO_1000760,INDICATION,
CHEMBL1650,EFO_1000764,INDICATION,
CHEMBL1650,EFO_1000766,CONTRAINDICATION,
CHEMBL1650,EFO_1000797,CONTRAINDICATION,
CHEMBL1650,EFO_1000845,INDICATION,
CHEMBL1650,EFO_1000941,INDICATION,
CHEMBL1650,EFO_1000997,INDICATION,
CHEMBL1650,EFO_1001051,INDICATION,
CHEMBL1650,EFO_1001069,CONTRAINDICATION,
CHEMBL1650,EFO_1001070,CONTRAINDICATION,
CHEMBL1650,EFO_1001119,INDICATION,
CHEMBL1650,EFO_1001160,OFF_LABEL_USE,
CHEMBL1650,EFO_1001161,INDICATION,
CHEMBL1650,EFO_1001194,INDICATION,
CHEMBL1650,EFO_1001205,INDICATION,
CHEMBL1650,EFO_1001231,INDICATION,
CHEMBL1650,EFO_1001250,INDICATION,
CHEMBL1650,EFO_1001264,INDICATION,
CHEMBL1650,EFO_1001399,INDICATION,
CHEMBL1650,EFO_1001435,INDICATION,
CHEMBL1650,EFO_1001887,INDICATION,
CHEMBL1650,EFO_1001888,CONTRAINDICATION,
CHEMBL1650,EFO_1001896,INDICATION,
CHEMBL1650,EFO_1002022,CONTRAINDICATION,
CHEMBL1650,EFO_1002025,CONTRAINDICATION,
CHEMBL1650,MONDO_0001198,INDICATION,
CHEMBL1650,MONDO_0001409,CONTRAINDICATION,
CHEMBL1650,MONDO_0001576,CONTRAINDICATION,
CHEMBL1650,MONDO_0001920,OFF_LABEL_USE,
CHEMBL1650,MONDO_0002041,CONTRAINDICATION,
CHEMBL1650,MONDO_0002307,INDICATION,
CHEMBL1650,MONDO_0002406,INDICATION,
CHEMBL1650,MONDO_0002471,INDICATION,
CHEMBL1650,MONDO_0004126,INDICATION,
CHEMBL1650,MONDO_0004247,CONTRAINDICATION,
CHEMBL1650,MONDO_0004577,INDICATION,
CHEMBL1650,MONDO_0004773,INDICATION,
CHEMBL1650,MONDO_0004857,INDICATION,
CHEMBL1650,MONDO_0004979,INDICATION,
CHEMBL1650,MONDO_0005041,CONTRAINDICATION,
CHEMBL1650,MONDO_0005178,INDICATION,
CHEMBL1650,MONDO_0005271,INDICATION,
CHEMBL1650,MONDO_0005301,INDICATION,
CHEMBL1650,MONDO_0007915,INDICATION,
CHEMBL1650,MONDO_0008728,INDICATION,
CHEMBL1650,MONDO_0009348,INDICATION,
CHEMBL1650,MONDO_0015128,INDICATION,
CHEMBL1650,MONDO_0015129,INDICATION,
CHEMBL1650,MONDO_0015253,INDICATION,
CHEMBL1650,MONDO_0015758,INDICATION,
CHEMBL1650,MONDO_0018097,OFF_LABEL_USE,
CHEMBL1650,MONDO_0018479,INDICATION,
CHEMBL1650,MONDO_0018544,OFF_LABEL_USE,
CHEMBL1650,MONDO_0018906,INDICATION,
CHEMBL1650,MONDO_0019170,OFF_LABEL_USE,
CHEMBL1650,MONDO_0019338,INDICATION,
CHEMBL1650,MONDO_0019801,INDICATION,
CHEMBL1650,MONDO_0020944,CONTRAINDICATION,
CHEMBL1650,MONDO_0020950,CONTRAINDICATION,
CHEMBL1650,MONDO_0024636,OFF_LABEL_USE,
CHEMBL1650,MONDO_0043579,INDICATION,
CHEMBL1650,MONDO_0043885,CONTRAINDICATION,
CHEMBL1650,Orphanet_124,INDICATION,
CHEMBL1650,Orphanet_43,OFF_LABEL_USE,
CHEMBL16503,EFO_0000400,INDICATION,
CHEMBL16503,MONDO_0005148,INDICATION,
CHEMBL1650317,MONDO_0011382,INDICATION,
CHEMBL1650317,MONDO_0016487,INDICATION,
CHEMBL1650317,Orphanet_848,INDICATION,
CHEMBL1650443,EFO_0000400,INDICATION,
CHEMBL1650443,MONDO_0005148,INDICATION,
CHEMBL1650559,EFO_0000771,INDICATION,
CHEMBL1650559,EFO_0003103,INDICATION,
CHEMBL1650559,EFO_0003884,INDICATION,
CHEMBL1650559,EFO_1001141,INDICATION,
CHEMBL1650595,EFO_0000574,INDICATION,
CHEMBL1650818,EFO_0000771,INDICATION,
CHEMBL1650818,EFO_0003103,INDICATION,
CHEMBL1651534,EFO_0001358,INDICATION,
CHEMBL1651534,EFO_0004616,INDICATION,
CHEMBL1651534,EFO_0004895,INDICATION,
CHEMBL1651534,EFO_0007191,INDICATION,
CHEMBL1651906,EFO_0000313,INDICATION,
CHEMBL1651906,EFO_0000519,INDICATION,
CHEMBL1651906,EFO_0000616,INDICATION,
CHEMBL1651906,EFO_0002499,INDICATION,
CHEMBL1651906,EFO_0002501,INDICATION,
CHEMBL1651906,EFO_0002618,INDICATION,
CHEMBL1651906,EFO_0003833,INDICATION,
CHEMBL1651906,EFO_1001901,INDICATION,
CHEMBL1651906,EFO_1001951,INDICATION,
CHEMBL1651906,MONDO_0003268,INDICATION,
CHEMBL1651908,EFO_0000319,INDICATION,
CHEMBL1651913,EFO_0000319,INDICATION,
CHEMBL1651956,EFO_0001421,INDICATION,
CHEMBL1651956,EFO_0003047,INDICATION,
CHEMBL1651956,EFO_0003884,INDICATION,
CHEMBL1651956,EFO_0004220,INDICATION,
CHEMBL1651956,MONDO_0100096,INDICATION,
CHEMBL1651990,EFO_0007543,INDICATION,
CHEMBL1651998,EFO_0009536,INDICATION,
CHEMBL1652,EFO_0004991,INDICATION,
CHEMBL1652,EFO_0009571,CONTRAINDICATION,
CHEMBL1652,MONDO_0004979,CONTRAINDICATION,
CHEMBL1652,MONDO_0021095,CONTRAINDICATION,
CHEMBL1652128,EFO_0003086,INDICATION,
CHEMBL1652128,EFO_0004197,INDICATION,
CHEMBL1652128,EFO_0004239,INDICATION,
CHEMBL1652442,EFO_0007445,INDICATION,
CHEMBL1652465,EFO_0007147,INDICATION,
CHEMBL1652606,EFO_0000544,INDICATION,
CHEMBL1652606,EFO_0000701,INDICATION,
CHEMBL1652606,EFO_0000771,INDICATION,
CHEMBL1652606,EFO_0003033,INDICATION,
CHEMBL1652606,EFO_0003106,INDICATION,
CHEMBL1652606,EFO_0005681,INDICATION,
CHEMBL1652606,EFO_1001849,INDICATION,
CHEMBL1652606,MONDO_0021108,INDICATION,
CHEMBL1653,EFO_0007214,INDICATION,
CHEMBL1653,EFO_0007328,INDICATION,
CHEMBL1653,MONDO_0024355,INDICATION,
CHEMBL1654,EFO_0000565,INDICATION,
CHEMBL1654,EFO_0000574,INDICATION,
CHEMBL1654,EFO_0003854,INDICATION,
CHEMBL1654,EFO_0003882,INDICATION,
CHEMBL1654,MONDO_0005351,INDICATION,
CHEMBL1654,MONDO_0019019,INDICATION,
CHEMBL1654,MONDO_0021165,INDICATION,
CHEMBL1655,EFO_0000305,INDICATION,
CHEMBL1655,EFO_0000616,INDICATION,
CHEMBL1655,EFO_0002621,INDICATION,
CHEMBL1655,EFO_0003869,INDICATION,
CHEMBL1655,EFO_0003882,INDICATION,
CHEMBL1655,EFO_0003931,INDICATION,
CHEMBL1655,EFO_0005307,CONTRAINDICATION,
CHEMBL1655,EFO_0009907,INDICATION,
CHEMBL1655,EFO_1001366,INDICATION,
CHEMBL1655,MONDO_0001566,CONTRAINDICATION,
CHEMBL1655,MONDO_0007254,INDICATION,
CHEMBL1655,MONDO_0008170,INDICATION,
CHEMBL1655,MONDO_0008315,INDICATION,
CHEMBL1655,MONDO_0018100,CONTRAINDICATION,
CHEMBL1655,MONDO_0019171,CONTRAINDICATION,
CHEMBL1655,MONDO_0100096,INDICATION,
CHEMBL1657,EFO_0000676,INDICATION,
CHEMBL1657,EFO_0000701,INDICATION,
CHEMBL1657,EFO_0002913,INDICATION,
CHEMBL1657,EFO_0003894,INDICATION,
CHEMBL1657,EFO_0004795,CONTRAINDICATION,
CHEMBL1657,EFO_0009259,INDICATION,
CHEMBL1657,EFO_1001494,INDICATION,
CHEMBL1657,Orphanet_183469,INDICATION,
CHEMBL165790,EFO_0003854,INDICATION,
CHEMBL165790,EFO_0004260,INDICATION,
CHEMBL1658,EFO_0000544,INDICATION,
CHEMBL1658,EFO_0005681,INDICATION,
CHEMBL1658,EFO_1000714,INDICATION,
CHEMBL1658,EFO_1001849,INDICATION,
CHEMBL1659,EFO_0003843,INDICATION,
CHEMBL1659,EFO_0003956,INDICATION,
CHEMBL1659,EFO_0003958,INDICATION,
CHEMBL1659,EFO_0005854,INDICATION,
CHEMBL1659,EFO_0007214,INDICATION,
CHEMBL1659,EFO_0007486,INDICATION,
CHEMBL1659,MONDO_0002258,INDICATION,
CHEMBL1659,MONDO_0005271,INDICATION,
CHEMBL166,DOID_10113,INDICATION,
CHEMBL166,EFO_0005044,INDICATION,
CHEMBL166,EFO_0005225,INDICATION,
CHEMBL1660,EFO_0000764,INDICATION,
CHEMBL1660,EFO_0003102,INDICATION,
CHEMBL1660,EFO_1000049,INDICATION,
CHEMBL1660,MONDO_0007079,CONTRAINDICATION,
CHEMBL1660,MONDO_0018076,INDICATION,
CHEMBL1660,MONDO_0037821,CONTRAINDICATION,
CHEMBL1661,MONDO_0002203,INDICATION,
CHEMBL1661,MONDO_0018116,CONTRAINDICATION,
CHEMBL1663,EFO_0000612,INDICATION,
CHEMBL1663,EFO_0000756,INDICATION,
CHEMBL1663,EFO_0006859,INDICATION,
CHEMBL1663,MONDO_0007254,INDICATION,
CHEMBL1664,EFO_0000180,INDICATION,
CHEMBL1664,EFO_0000400,CONTRAINDICATION,
CHEMBL1664,EFO_0000537,CONTRAINDICATION,
CHEMBL1664,EFO_0000612,CONTRAINDICATION,
CHEMBL1664,EFO_0000763,INDICATION,
CHEMBL1664,EFO_0000764,INDICATION,
CHEMBL1664,EFO_0000765,INDICATION,
CHEMBL1664,EFO_0001073,CONTRAINDICATION,
CHEMBL1664,EFO_0001645,CONTRAINDICATION,
CHEMBL1664,EFO_0004239,CONTRAINDICATION,
CHEMBL1664,EFO_1000727,CONTRAINDICATION,
CHEMBL1664,EFO_1000897,CONTRAINDICATION,
CHEMBL1664,EFO_1001355,INDICATION,
CHEMBL1664,MONDO_0010602,CONTRAINDICATION,
CHEMBL1664,MONDO_0010604,CONTRAINDICATION,
CHEMBL1664,MONDO_0021094,INDICATION,
CHEMBL1667969,EFO_0001645,INDICATION,
CHEMBL1667969,EFO_0003884,INDICATION,
CHEMBL1667969,EFO_0004234,INDICATION,
CHEMBL1668,EFO_0000537,INDICATION,
CHEMBL1668019,EFO_0000764,INDICATION,
CHEMBL166863,EFO_0004616,INDICATION,
CHEMBL166863,EFO_0005755,INDICATION,
CHEMBL166863,EFO_1000786,INDICATION,
CHEMBL166863,MONDO_0005178,INDICATION,
CHEMBL166937,EFO_0000616,INDICATION,
CHEMBL166937,EFO_1000158,INDICATION,
CHEMBL166937,EFO_1001951,INDICATION,
CHEMBL1670,EFO_0000313,INDICATION,
CHEMBL1670,EFO_0000616,INDICATION,
CHEMBL1670,EFO_0009491,CONTRAINDICATION,
CHEMBL1670,EFO_1000796,INDICATION,
CHEMBL1670,EFO_1000797,OFF_LABEL_USE,
CHEMBL1670,MONDO_0008315,INDICATION,
CHEMBL1670,MONDO_0036591,INDICATION,
CHEMBL1671,EFO_0000389,INDICATION,
CHEMBL1671,EFO_0000537,INDICATION,
CHEMBL1671,EFO_0000712,INDICATION,
CHEMBL1671,EFO_0001073,INDICATION,
CHEMBL1671,EFO_0001358,INDICATION,
CHEMBL1671,EFO_0001422,INDICATION,
CHEMBL1671,EFO_0001663,INDICATION,
CHEMBL1671,EFO_0002610,INDICATION,
CHEMBL1671,EFO_0003860,INDICATION,
CHEMBL1671,EFO_0003913,INDICATION,
CHEMBL1671,EFO_0004142,INDICATION,
CHEMBL1671,EFO_0004269,INDICATION,
CHEMBL1671,EFO_0004280,INDICATION,
CHEMBL1671,EFO_0009444,INDICATION,
CHEMBL1671,EFO_0009545,INDICATION,
CHEMBL1671,EFO_1000635,INDICATION,
CHEMBL1671,EFO_1001450,INDICATION,
CHEMBL1671,EFO_1001968,INDICATION,
CHEMBL1671,MONDO_0001187,INDICATION,
CHEMBL1671,MONDO_0005148,INDICATION,
CHEMBL1671,MONDO_0005277,INDICATION,
CHEMBL1671,MONDO_0018089,INDICATION,
CHEMBL1671,MONDO_0021661,INDICATION,
CHEMBL167150,EFO_1001342,INDICATION,
CHEMBL1672,EFO_0000771,INDICATION,
CHEMBL1672002,MONDO_0100096,INDICATION,
CHEMBL1672054,EFO_0004698,INDICATION,
CHEMBL1672054,EFO_0004888,INDICATION,
CHEMBL1672054,EFO_0006911,INDICATION,
CHEMBL1672054,EFO_0008533,INDICATION,
CHEMBL1672054,EFO_1000781,INDICATION,
CHEMBL1672054,MONDO_0002009,INDICATION,
CHEMBL1672635,MONDO_0007254,INDICATION,
CHEMBL1672973,EFO_0003854,INDICATION,
CHEMBL1672973,EFO_0003882,INDICATION,
CHEMBL1672973,EFO_0009451,INDICATION,
CHEMBL1672973,MONDO_0018543,INDICATION,
CHEMBL1673159,EFO_0004220,INDICATION,
CHEMBL1673408,EFO_1000049,INDICATION,
CHEMBL1675,EFO_0001365,INDICATION,
CHEMBL1676,EFO_0000341,INDICATION,
CHEMBL1676,EFO_0000464,INDICATION,
CHEMBL1676,EFO_0000771,CONTRAINDICATION,
CHEMBL1676,EFO_0003956,INDICATION,
CHEMBL1676,EFO_0005854,INDICATION,
CHEMBL1676,EFO_0006505,INDICATION,
CHEMBL1676,EFO_0006509,CONTRAINDICATION,
CHEMBL1676,EFO_0007308,CONTRAINDICATION,
CHEMBL1676,EFO_0007533,INDICATION,
CHEMBL1676,EFO_0008521,INDICATION,
CHEMBL1676,EFO_0009491,CONTRAINDICATION,
CHEMBL1676,EFO_1000049,CONTRAINDICATION,
CHEMBL1676,EFO_1000797,CONTRAINDICATION,
CHEMBL1676,EFO_1001069,CONTRAINDICATION,
CHEMBL1676,EFO_1001417,INDICATION,
CHEMBL1676,EFO_1002025,CONTRAINDICATION,
CHEMBL1676,MONDO_0002041,CONTRAINDICATION,
CHEMBL1676,MONDO_0004979,INDICATION,
CHEMBL1676,MONDO_0005041,CONTRAINDICATION,
CHEMBL167691,EFO_0000198,INDICATION,
CHEMBL167691,EFO_0000222,INDICATION,
CHEMBL167691,EFO_0000565,INDICATION,
CHEMBL167691,EFO_0000574,INDICATION,
CHEMBL167691,EFO_1000158,INDICATION,
CHEMBL167691,MONDO_0004992,INDICATION,
CHEMBL167691,MONDO_0008903,INDICATION,
CHEMBL167731,EFO_0000095,INDICATION,
CHEMBL167731,EFO_0000222,INDICATION,
CHEMBL167731,EFO_0000403,INDICATION,
CHEMBL167731,EFO_0000565,INDICATION,
CHEMBL167731,EFO_0000574,INDICATION,
CHEMBL167731,EFO_0000616,INDICATION,
CHEMBL167731,EFO_0005952,INDICATION,
CHEMBL167731,MONDO_0007254,INDICATION,
CHEMBL167731,MONDO_0018906,INDICATION,
CHEMBL1678,EFO_0001064,INDICATION,
CHEMBL1678,EFO_0003758,INDICATION,
CHEMBL1678,EFO_0004718,INDICATION,
CHEMBL1678,EFO_0005762,INDICATION,
CHEMBL1678,EFO_0009267,INDICATION,
CHEMBL1678,EFO_1000158,INDICATION,
CHEMBL1678,MONDO_0002050,INDICATION,
CHEMBL1678,MONDO_0004975,INDICATION,
CHEMBL1678,MONDO_0005277,INDICATION,
CHEMBL1678,MONDO_0010726,INDICATION,
CHEMBL1679,EFO_0000094,INDICATION,
CHEMBL1679,EFO_0000178,INDICATION,
CHEMBL1679,EFO_0000181,INDICATION,
CHEMBL1679,EFO_0000182,INDICATION,
CHEMBL1679,EFO_0000183,INDICATION,
CHEMBL1679,EFO_0000197,INDICATION,
CHEMBL1679,EFO_0000198,INDICATION,
CHEMBL1679,EFO_0000209,INDICATION,
CHEMBL1679,EFO_0000211,INDICATION,
CHEMBL1679,EFO_0000220,INDICATION,
CHEMBL1679,EFO_0000222,INDICATION,
CHEMBL1679,EFO_0000228,INDICATION,
CHEMBL1679,EFO_0000309,INDICATION,
CHEMBL1679,EFO_0000313,INDICATION,
CHEMBL1679,EFO_0000365,INDICATION,
CHEMBL1679,EFO_0000389,INDICATION,
CHEMBL1679,EFO_0000403,INDICATION,
CHEMBL1679,EFO_0000503,INDICATION,
CHEMBL1679,EFO_0000519,INDICATION,
CHEMBL1679,EFO_0000565,INDICATION,
CHEMBL1679,EFO_0000574,INDICATION,
CHEMBL1679,EFO_0000616,INDICATION,
CHEMBL1679,EFO_0000637,INDICATION,
CHEMBL1679,EFO_0000681,INDICATION,
CHEMBL1679,EFO_0000685,INDICATION,
CHEMBL1679,EFO_0000691,INDICATION,
CHEMBL1679,EFO_0000698,INDICATION,
CHEMBL1679,EFO_0000707,INDICATION,
CHEMBL1679,EFO_0000734,CONTRAINDICATION,
CHEMBL1679,EFO_0000756,INDICATION,
CHEMBL1679,EFO_0001064,INDICATION,
CHEMBL1679,EFO_0001075,INDICATION,
CHEMBL1679,EFO_0001378,INDICATION,
CHEMBL1679,EFO_0002428,INDICATION,
CHEMBL1679,EFO_0002499,INDICATION,
CHEMBL1679,EFO_0002501,INDICATION,
CHEMBL1679,EFO_0002617,INDICATION,
CHEMBL1679,EFO_0002618,INDICATION,
CHEMBL1679,EFO_0002893,INDICATION,
CHEMBL1679,EFO_0002916,INDICATION,
CHEMBL1679,EFO_0002939,INDICATION,
CHEMBL1679,EFO_0003032,INDICATION,
CHEMBL1679,EFO_0003060,INDICATION,
CHEMBL1679,EFO_0003100,INDICATION,
CHEMBL1679,EFO_0003756,INDICATION,
CHEMBL1679,EFO_0003757,INDICATION,
CHEMBL1679,EFO_0003758,INDICATION,
CHEMBL1679,EFO_0003833,INDICATION,
CHEMBL1679,EFO_0003859,INDICATION,
CHEMBL1679,EFO_0003860,INDICATION,
CHEMBL1679,EFO_0003891,INDICATION,
CHEMBL1679,EFO_0003897,INDICATION,
CHEMBL1679,EFO_0004142,INDICATION,
CHEMBL1679,EFO_0004252,INDICATION,
CHEMBL1679,EFO_0004288,INDICATION,
CHEMBL1679,EFO_0004606,INDICATION,
CHEMBL1679,EFO_0005221,INDICATION,
CHEMBL1679,EFO_0005235,INDICATION,
CHEMBL1679,EFO_0005407,INDICATION,
CHEMBL1679,EFO_0005537,INDICATION,
CHEMBL1679,EFO_0005576,CONTRAINDICATION,
CHEMBL1679,EFO_0005922,INDICATION,
CHEMBL1679,EFO_0005952,INDICATION,
CHEMBL1679,EFO_0006859,INDICATION,
CHEMBL1679,EFO_0007200,INDICATION,
CHEMBL1679,EFO_0007416,INDICATION,
CHEMBL1679,EFO_0007448,INDICATION,
CHEMBL1679,EFO_0007517,INDICATION,
CHEMBL1679,EFO_0008528,INDICATION,
CHEMBL1679,EFO_0008549,INDICATION,
CHEMBL1679,EFO_0009534,INDICATION,
CHEMBL1679,EFO_0009708,INDICATION,
CHEMBL1679,EFO_1000158,INDICATION,
CHEMBL1679,EFO_1000251,INDICATION,
CHEMBL1679,EFO_1000298,INDICATION,
CHEMBL1679,EFO_1000318,INDICATION,
CHEMBL1679,EFO_1000359,INDICATION,
CHEMBL1679,EFO_1000657,INDICATION,
CHEMBL1679,EFO_1001100,INDICATION,
CHEMBL1679,EFO_1001231,INDICATION,
CHEMBL1679,EFO_1001365,INDICATION,
CHEMBL1679,EFO_1001465,INDICATION,
CHEMBL1679,EFO_1001469,INDICATION,
CHEMBL1679,EFO_1001471,INDICATION,
CHEMBL1679,EFO_1001512,INDICATION,
CHEMBL1679,EFO_1001901,INDICATION,
CHEMBL1679,EFO_1001949,INDICATION,
CHEMBL1679,EFO_1001951,INDICATION,
CHEMBL1679,EFO_1001959,INDICATION,
CHEMBL1679,EFO_1001961,INDICATION,
CHEMBL1679,MONDO_0000870,INDICATION,
CHEMBL1679,MONDO_0000873,INDICATION,
CHEMBL1679,MONDO_0001056,INDICATION,
CHEMBL1679,MONDO_0001235,INDICATION,
CHEMBL1679,MONDO_0001657,INDICATION,
CHEMBL1679,MONDO_0001700,INDICATION,
CHEMBL1679,MONDO_0002050,INDICATION,
CHEMBL1679,MONDO_0002087,INDICATION,
CHEMBL1679,MONDO_0002120,INDICATION,
CHEMBL1679,MONDO_0002516,INDICATION,
CHEMBL1679,MONDO_0002691,INDICATION,
CHEMBL1679,MONDO_0003059,INDICATION,
CHEMBL1679,MONDO_0003060,INDICATION,
CHEMBL1679,MONDO_0004992,INDICATION,
CHEMBL1679,MONDO_0005090,INDICATION,
CHEMBL1679,MONDO_0005184,INDICATION,
CHEMBL1679,MONDO_0005575,INDICATION,
CHEMBL1679,MONDO_0005835,INDICATION,
CHEMBL1679,MONDO_0007254,INDICATION,
CHEMBL1679,MONDO_0007576,INDICATION,
CHEMBL1679,MONDO_0008170,INDICATION,
CHEMBL1679,MONDO_0010006,INDICATION,
CHEMBL1679,MONDO_0010100,INDICATION,
CHEMBL1679,MONDO_0011719,INDICATION,
CHEMBL1679,MONDO_0016717,INDICATION,
CHEMBL1679,MONDO_0018944,INDICATION,
CHEMBL1679,MONDO_0021054,INDICATION,
CHEMBL1679,MONDO_0021063,INDICATION,
CHEMBL1679,MONDO_0044917,INDICATION,
CHEMBL1679,MONDO_0044937,INDICATION,
CHEMBL1680,EFO_0000182,INDICATION,
CHEMBL1680,EFO_0000400,CONTRAINDICATION,
CHEMBL1680,EFO_0000544,INDICATION,
CHEMBL1680,EFO_0000555,OFF_LABEL_USE,
CHEMBL1680,EFO_0000574,INDICATION,
CHEMBL1680,EFO_0000616,INDICATION,
CHEMBL1680,EFO_0000734,CONTRAINDICATION,
CHEMBL1680,EFO_0000768,INDICATION,
CHEMBL1680,EFO_0001073,INDICATION,
CHEMBL1680,EFO_0001422,CONTRAINDICATION,
CHEMBL1680,EFO_0002618,INDICATION,
CHEMBL1680,EFO_0002626,INDICATION,
CHEMBL1680,EFO_0003770,INDICATION,
CHEMBL1680,EFO_0003832,CONTRAINDICATION,
CHEMBL1680,EFO_0004243,INDICATION,
CHEMBL1680,EFO_0004705,CONTRAINDICATION,
CHEMBL1680,EFO_0004799,CONTRAINDICATION,
CHEMBL1680,EFO_0005252,INDICATION,
CHEMBL1680,EFO_0007331,INDICATION,
CHEMBL1680,EFO_0009708,INDICATION,
CHEMBL1680,EFO_1000045,INDICATION,
CHEMBL1680,EFO_1000581,INDICATION,
CHEMBL1680,EFO_1000852,INDICATION,
CHEMBL1680,EFO_1001307,OFF_LABEL_USE,
CHEMBL1680,EFO_1001485,INDICATION,
CHEMBL1680,EFO_1001496,INDICATION,
CHEMBL1680,EFO_1001780,INDICATION,
CHEMBL1680,EFO_1001901,INDICATION,
CHEMBL1680,EFO_1001951,INDICATION,
CHEMBL1680,EFO_1002048,CONTRAINDICATION,
CHEMBL1680,MONDO_0002120,INDICATION,
CHEMBL1680,MONDO_0002691,INDICATION,
CHEMBL1680,MONDO_0004565,INDICATION,
CHEMBL1680,MONDO_0004567,CONTRAINDICATION,
CHEMBL1680,MONDO_0004992,INDICATION,
CHEMBL1680,MONDO_0005277,INDICATION,
CHEMBL1680,MONDO_0007254,INDICATION,
CHEMBL1680,MONDO_0008300,INDICATION,
CHEMBL1680,MONDO_0008315,INDICATION,
CHEMBL1680,MONDO_0015183,OFF_LABEL_USE,
CHEMBL1680,MONDO_0016642,INDICATION,
CHEMBL1680,MONDO_0017182,INDICATION,
CHEMBL1680,MONDO_0017611,INDICATION,
CHEMBL1680,MONDO_0019180,INDICATION,
CHEMBL1680,MONDO_0024503,INDICATION,
CHEMBL1680,MONDO_0024677,OFF_LABEL_USE,
CHEMBL1680,MONDO_0043579,INDICATION,
CHEMBL1682,EFO_0000339,INDICATION,
CHEMBL1682,EFO_0000546,INDICATION,
CHEMBL1682,EFO_0000771,INDICATION,
CHEMBL1682,EFO_0003095,INDICATION,
CHEMBL1682,EFO_0003843,INDICATION,
CHEMBL1682,EFO_0004616,INDICATION,
CHEMBL1682,MONDO_0015626,INDICATION,
CHEMBL1682,MONDO_0100096,INDICATION,
CHEMBL1683,EFO_0000274,INDICATION,
CHEMBL1683,EFO_0000701,INDICATION,
CHEMBL1683,EFO_1000764,INDICATION,
CHEMBL1683,EFO_1001494,INDICATION,
CHEMBL1683544,EFO_0000305,INDICATION,
CHEMBL1683544,EFO_0000569,INDICATION,
CHEMBL1683544,EFO_0000574,INDICATION,
CHEMBL1683544,EFO_0000616,INDICATION,
CHEMBL1683544,EFO_0000637,INDICATION,
CHEMBL1683544,EFO_0000673,INDICATION,
CHEMBL1683544,EFO_0003060,INDICATION,
CHEMBL1683544,EFO_0003869,INDICATION,
CHEMBL1683544,EFO_0005537,INDICATION,
CHEMBL1683544,EFO_0006859,INDICATION,
CHEMBL1683544,EFO_0006861,INDICATION,
CHEMBL1683544,EFO_0008528,INDICATION,
CHEMBL1683544,EFO_1000613,INDICATION,
CHEMBL1683544,EFO_1001968,INDICATION,
CHEMBL1683544,MONDO_0001187,INDICATION,
CHEMBL1683544,MONDO_0002974,INDICATION,
CHEMBL1683544,MONDO_0004192,INDICATION,
CHEMBL1683544,MONDO_0004669,INDICATION,
CHEMBL1683544,MONDO_0004992,INDICATION,
CHEMBL1683544,MONDO_0007254,INDICATION,
CHEMBL1683544,MONDO_0008315,INDICATION,
CHEMBL1683544,MONDO_0021632,INDICATION,
CHEMBL1683590,EFO_0000305,INDICATION,
CHEMBL1683590,EFO_0000389,INDICATION,
CHEMBL1683590,EFO_0000569,INDICATION,
CHEMBL1683590,EFO_0000574,INDICATION,
CHEMBL1683590,EFO_0000616,INDICATION,
CHEMBL1683590,EFO_0000637,INDICATION,
CHEMBL1683590,EFO_0000673,INDICATION,
CHEMBL1683590,EFO_0000681,INDICATION,
CHEMBL1683590,EFO_0000691,INDICATION,
CHEMBL1683590,EFO_0001075,INDICATION,
CHEMBL1683590,EFO_0002617,INDICATION,
CHEMBL1683590,EFO_0003060,INDICATION,
CHEMBL1683590,EFO_0003100,CONTRAINDICATION,
CHEMBL1683590,EFO_0003869,INDICATION,
CHEMBL1683590,EFO_0003968,INDICATION,
CHEMBL1683590,EFO_0005537,INDICATION,
CHEMBL1683590,EFO_0006859,INDICATION,
CHEMBL1683590,EFO_0006861,INDICATION,
CHEMBL1683590,EFO_0008528,INDICATION,
CHEMBL1683590,EFO_1000251,INDICATION,
CHEMBL1683590,EFO_1000613,INDICATION,
CHEMBL1683590,EFO_1000984,INDICATION,
CHEMBL1683590,EFO_1001968,INDICATION,
CHEMBL1683590,MONDO_0001187,INDICATION,
CHEMBL1683590,MONDO_0002203,CONTRAINDICATION,
CHEMBL1683590,MONDO_0002974,INDICATION,
CHEMBL1683590,MONDO_0004192,INDICATION,
CHEMBL1683590,MONDO_0004669,INDICATION,
CHEMBL1683590,MONDO_0004992,INDICATION,
CHEMBL1683590,MONDO_0007254,INDICATION,
CHEMBL1683590,MONDO_0008315,INDICATION,
CHEMBL1683590,MONDO_0015523,INDICATION,
CHEMBL1683590,MONDO_0016238,INDICATION,
CHEMBL1683590,MONDO_0018100,CONTRAINDICATION,
CHEMBL1683590,MONDO_0019171,CONTRAINDICATION,
CHEMBL1683590,MONDO_0021632,INDICATION,
CHEMBL1683590,Orphanet_145,INDICATION,
CHEMBL1684,EFO_0000319,INDICATION,
CHEMBL1684,EFO_0000400,CONTRAINDICATION,
CHEMBL1684,EFO_0000464,CONTRAINDICATION,
CHEMBL1684,EFO_0000537,INDICATION,
CHEMBL1684,EFO_0003086,CONTRAINDICATION,
CHEMBL1684,EFO_0003144,INDICATION,
CHEMBL1684,EFO_0004274,CONTRAINDICATION,
CHEMBL1684,EFO_0004991,CONTRAINDICATION,
CHEMBL1684,EFO_0008506,CONTRAINDICATION,
CHEMBL1684,EFO_0009530,CONTRAINDICATION,
CHEMBL1684,EFO_1000652,CONTRAINDICATION,
CHEMBL1684,MONDO_0000468,CONTRAINDICATION,
CHEMBL1684,MONDO_0001566,CONTRAINDICATION,
CHEMBL1684,MONDO_0002050,CONTRAINDICATION,
CHEMBL1684,MONDO_0007915,CONTRAINDICATION,
CHEMBL1684,MONDO_0018100,CONTRAINDICATION,
CHEMBL1684950,EFO_0000474,INDICATION,
CHEMBL1684950,EFO_0003108,INDICATION,
CHEMBL1684950,MONDO_0005090,INDICATION,
CHEMBL1684984,EFO_0000616,INDICATION,
CHEMBL1685,EFO_0003843,INDICATION,
CHEMBL168640,EFO_0000764,INDICATION,
CHEMBL168815,EFO_0009869,INDICATION,
CHEMBL1688243,EFO_0000764,INDICATION,
CHEMBL1688529,EFO_0004220,INDICATION,
CHEMBL1688530,EFO_0000544,INDICATION,
CHEMBL1688530,EFO_0000701,INDICATION,
CHEMBL1688530,EFO_0000771,INDICATION,
CHEMBL1688530,EFO_0003030,INDICATION,
CHEMBL1688530,EFO_0003035,INDICATION,
CHEMBL1688530,MONDO_0024295,INDICATION,
CHEMBL1688530,MP_0001845,INDICATION,
CHEMBL1689063,EFO_0000544,INDICATION,
CHEMBL1689063,EFO_0000771,INDICATION,
CHEMBL1689063,EFO_0003103,INDICATION,
CHEMBL1689063,EFO_0003106,INDICATION,
CHEMBL1689063,EFO_1001141,INDICATION,
CHEMBL1689063,EFO_1001478,INDICATION,
CHEMBL1689063,MONDO_0005247,INDICATION,
CHEMBL1689063,MONDO_0021678,INDICATION,
CHEMBL1689772,EFO_0000544,INDICATION,
CHEMBL1689772,EFO_0000701,INDICATION,
CHEMBL1689772,EFO_0000771,INDICATION,
CHEMBL1689772,EFO_0003103,INDICATION,
CHEMBL1689772,EFO_0003106,INDICATION,
CHEMBL1689772,EFO_1000025,INDICATION,
CHEMBL1689772,EFO_1001141,INDICATION,
CHEMBL1689772,EFO_1001272,INDICATION,
CHEMBL169,EFO_0000195,INDICATION,
CHEMBL169,EFO_0004268,INDICATION,
CHEMBL169,MONDO_0008315,INDICATION,
CHEMBL1690,EFO_0000389,INDICATION,
CHEMBL1690,EFO_0000685,INDICATION,
CHEMBL1690,EFO_0001068,INDICATION,
CHEMBL1690,EFO_0002618,INDICATION,
CHEMBL1690,EFO_0002689,INDICATION,
CHEMBL1690,EFO_0003818,INDICATION,
CHEMBL1690,EFO_0003834,INDICATION,
CHEMBL1690,EFO_0004244,INDICATION,
CHEMBL1690,EFO_0005221,INDICATION,
CHEMBL1690,EFO_0005755,INDICATION,
CHEMBL1690,EFO_0007224,INDICATION,
CHEMBL1690,MONDO_0007915,INDICATION,
CHEMBL1690,MONDO_0010520,INDICATION,
CHEMBL1690,MONDO_0100096,INDICATION,
CHEMBL1691,EFO_0000537,INDICATION,
CHEMBL1691,EFO_0004190,INDICATION,
CHEMBL1691,EFO_1001069,INDICATION,
CHEMBL1692,EFO_0000519,INDICATION,
CHEMBL1692,MONDO_0002050,INDICATION,
CHEMBL1692,MONDO_0024290,INDICATION,
CHEMBL1693,EFO_0001073,INDICATION,
CHEMBL1694,EFO_0000400,INDICATION,
CHEMBL1694,EFO_0000537,INDICATION,
CHEMBL1694,EFO_0000712,INDICATION,
CHEMBL1694,EFO_0003086,INDICATION,
CHEMBL1694,EFO_1000965,INDICATION,
CHEMBL1694,EFO_1002048,INDICATION,
CHEMBL1694,MONDO_0010520,INDICATION,
CHEMBL1694,Orphanet_79292,INDICATION,
CHEMBL1695,EFO_0005230,INDICATION,
CHEMBL1695,EFO_1001892,INDICATION,
CHEMBL1696,EFO_0000702,INDICATION,
CHEMBL1696,MONDO_0002009,INDICATION,
CHEMBL1696,MONDO_0002050,INDICATION,
CHEMBL1697,EFO_0000275,INDICATION,
CHEMBL1697,EFO_0000537,INDICATION,
CHEMBL1697,EFO_0000701,INDICATION,
CHEMBL1697,EFO_0000764,INDICATION,
CHEMBL1697,EFO_0003144,INDICATION,
CHEMBL1697,EFO_0003913,INDICATION,
CHEMBL1697,EFO_0004225,INDICATION,
CHEMBL1697,EFO_1001951,INDICATION,
CHEMBL1697708,EFO_0003102,INDICATION,
CHEMBL1697733,EFO_0000474,CONTRAINDICATION,
CHEMBL1697733,EFO_0000545,INDICATION,
CHEMBL1697733,EFO_0000660,INDICATION,
CHEMBL1697733,EFO_0003060,INDICATION,
CHEMBL1697733,EFO_0003086,CONTRAINDICATION,
CHEMBL1697733,EFO_0003100,INDICATION,
CHEMBL1697733,EFO_0003888,INDICATION,
CHEMBL1697733,EFO_0004143,INDICATION,
CHEMBL1697733,EFO_0004149,INDICATION,
CHEMBL1697733,EFO_0006834,INDICATION,
CHEMBL1697733,EFO_0008568,INDICATION,
CHEMBL1697733,MONDO_0004975,INDICATION,
CHEMBL1697733,MONDO_0004985,INDICATION,
CHEMBL1697733,MONDO_0005148,INDICATION,
CHEMBL1697733,MONDO_0007079,INDICATION,
CHEMBL1697737,EFO_0005230,INDICATION,
CHEMBL1697741,EFO_0007144,INDICATION,
CHEMBL1697742,EFO_0000764,INDICATION,
CHEMBL1697742,MONDO_0015486,INDICATION,
CHEMBL1697742,MONDO_0043510,INDICATION,
CHEMBL1697744,EFO_0000341,INDICATION,
CHEMBL1697744,EFO_0006505,INDICATION,
CHEMBL1697753,EFO_0000266,INDICATION,
CHEMBL1697756,MONDO_0004169,INDICATION,
CHEMBL1697759,MONDO_0018076,INDICATION,
CHEMBL1697760,EFO_0000319,INDICATION,
CHEMBL1697762,EFO_0000319,INDICATION,
CHEMBL1697763,EFO_0000771,INDICATION,
CHEMBL1697763,EFO_0003103,INDICATION,
CHEMBL1697766,EFO_0000474,CONTRAINDICATION,
CHEMBL1697766,EFO_0000537,CONTRAINDICATION,
CHEMBL1697766,EFO_0000612,CONTRAINDICATION,
CHEMBL1697766,EFO_0000729,CONTRAINDICATION,
CHEMBL1697766,EFO_0001064,CONTRAINDICATION,
CHEMBL1697766,EFO_0001073,CONTRAINDICATION,
CHEMBL1697766,EFO_0001422,CONTRAINDICATION,
CHEMBL1697766,EFO_0001645,CONTRAINDICATION,
CHEMBL1697766,EFO_0003086,CONTRAINDICATION,
CHEMBL1697766,EFO_0003839,CONTRAINDICATION,
CHEMBL1697766,EFO_0004991,CONTRAINDICATION,
CHEMBL1697766,EFO_0005230,INDICATION,
CHEMBL1697766,EFO_0005251,CONTRAINDICATION,
CHEMBL1697766,EFO_0005252,CONTRAINDICATION,
CHEMBL1697766,EFO_0005307,CONTRAINDICATION,
CHEMBL1697766,EFO_0005407,INDICATION,
CHEMBL1697766,EFO_0007154,INDICATION,
CHEMBL1697766,EFO_0007254,INDICATION,
CHEMBL1697766,EFO_0007319,CONTRAINDICATION,
CHEMBL1697766,EFO_0008496,CONTRAINDICATION,
CHEMBL1697766,EFO_0009189,CONTRAINDICATION,
CHEMBL1697766,EFO_0009454,CONTRAINDICATION,
CHEMBL1697766,EFO_0009571,CONTRAINDICATION,
CHEMBL1697766,EFO_0009910,CONTRAINDICATION,
CHEMBL1697766,EFO_1001095,CONTRAINDICATION,
CHEMBL1697766,EFO_1001375,CONTRAINDICATION,
CHEMBL1697766,EFO_1001379,CONTRAINDICATION,
CHEMBL1697766,MONDO_0001744,CONTRAINDICATION,
CHEMBL1697766,MONDO_0002050,INDICATION,
CHEMBL1697766,MONDO_0002280,CONTRAINDICATION,
CHEMBL1697766,MONDO_0005041,CONTRAINDICATION,
CHEMBL1697766,MONDO_0005090,INDICATION,
CHEMBL1697766,MONDO_0007079,CONTRAINDICATION,
CHEMBL1697766,MONDO_0019171,CONTRAINDICATION,
CHEMBL1697766,MONDO_0021095,CONTRAINDICATION,
CHEMBL1697771,EFO_0000217,INDICATION,
CHEMBL1697771,EFO_0000337,INDICATION,
CHEMBL1697771,EFO_0000685,INDICATION,
CHEMBL1697771,EFO_0000729,INDICATION,
CHEMBL1697771,EFO_0003898,INDICATION,
CHEMBL1697771,EFO_0003948,INDICATION,
CHEMBL1697771,EFO_0006859,INDICATION,
CHEMBL1697771,EFO_0009454,INDICATION,
CHEMBL1697771,EFO_1000906,INDICATION,
CHEMBL1697771,MONDO_0004247,INDICATION,
CHEMBL1697771,MONDO_0005178,INDICATION,
CHEMBL1697775,EFO_0000319,INDICATION,
CHEMBL1697825,EFO_0000319,INDICATION,
CHEMBL1697826,EFO_0005407,INDICATION,
CHEMBL1697828,EFO_0004698,INDICATION,
CHEMBL1697829,EFO_0000771,INDICATION,
CHEMBL1697831,EFO_0000319,INDICATION,
CHEMBL1697833,MONDO_0005351,INDICATION,
CHEMBL1697838,EFO_0000400,INDICATION,
CHEMBL1697841,EFO_0000474,CONTRAINDICATION,
CHEMBL1697841,EFO_0000537,CONTRAINDICATION,
CHEMBL1697841,EFO_0003875,CONTRAINDICATION,
CHEMBL1697841,EFO_0003928,CONTRAINDICATION,
CHEMBL1697841,EFO_0004242,CONTRAINDICATION,
CHEMBL1697841,EFO_0004262,CONTRAINDICATION,
CHEMBL1697841,EFO_0004698,CONTRAINDICATION,
CHEMBL1697841,EFO_0010282,INDICATION,
CHEMBL1697841,EFO_1001375,CONTRAINDICATION,
CHEMBL1697841,EFO_1001872,CONTRAINDICATION,
CHEMBL1697841,MONDO_0001343,CONTRAINDICATION,
CHEMBL1697841,MONDO_0004247,CONTRAINDICATION,
CHEMBL1697841,MONDO_0005041,CONTRAINDICATION,
CHEMBL1697841,MONDO_0005277,OFF_LABEL_USE,
CHEMBL1697841,MONDO_0007079,CONTRAINDICATION,
CHEMBL1697841,MONDO_0100192,CONTRAINDICATION,
CHEMBL1697843,EFO_0000319,INDICATION,
CHEMBL1697844,EFO_0000319,INDICATION,
CHEMBL1697845,EFO_0000222,INDICATION,
CHEMBL1697849,MONDO_0005271,INDICATION,
CHEMBL1697851,EFO_0005407,INDICATION,
CHEMBL1697854,EFO_0000616,INDICATION,
CHEMBL1697856,EFO_0003843,INDICATION,
CHEMBL1698,EFO_0001073,INDICATION,
CHEMBL1698,EFO_0003768,INDICATION,
CHEMBL1698,EFO_0004247,INDICATION,
CHEMBL1698,EFO_0004318,INDICATION,
CHEMBL1698,EFO_0004319,INDICATION,
CHEMBL1698,EFO_0005203,INDICATION,
CHEMBL1698,EFO_0009963,INDICATION,
CHEMBL1698,MONDO_0002009,INDICATION,
CHEMBL1698,MONDO_0002050,INDICATION,
CHEMBL1698,MONDO_0004985,INDICATION,
CHEMBL1698,MONDO_0007079,INDICATION,
CHEMBL1698,MONDO_0007254,INDICATION,
CHEMBL1698,MONDO_0008903,INDICATION,
CHEMBL1698,MONDO_0010200,INDICATION,
CHEMBL169896,EFO_0000616,INDICATION,
CHEMBL169896,EFO_0006859,INDICATION,
CHEMBL169896,EFO_1001951,INDICATION,
CHEMBL1699,EFO_0000326,INDICATION,
CHEMBL1699,EFO_0003757,INDICATION,
CHEMBL1699,EFO_0003758,INDICATION,
CHEMBL1699,EFO_0003833,INDICATION,
CHEMBL1699,EFO_0004699,INDICATION,
CHEMBL1699,EFO_0007328,INDICATION,
CHEMBL1699,EFO_1001465,INDICATION,
CHEMBL1699,EFO_1001801,INDICATION,
CHEMBL1699,MONDO_0004681,INDICATION,
CHEMBL1699,MONDO_0004975,INDICATION,
CHEMBL1699,MONDO_0004976,INDICATION,
CHEMBL1699,MONDO_0011382,INDICATION,
CHEMBL1699,MONDO_0017276,INDICATION,
CHEMBL169901,EFO_0000537,INDICATION,
CHEMBL17,EFO_0003086,CONTRAINDICATION,
CHEMBL17,EFO_0004190,INDICATION,
CHEMBL17,EFO_0004274,CONTRAINDICATION,
CHEMBL17,EFO_0005803,CONTRAINDICATION,
CHEMBL17,MONDO_0001744,INDICATION,
CHEMBL17,MONDO_0001909,CONTRAINDICATION,
CHEMBL17,MONDO_0005041,INDICATION,
CHEMBL17,MONDO_0005147,CONTRAINDICATION,
CHEMBL17,MONDO_0005148,CONTRAINDICATION,
CHEMBL17,MONDO_0008195,INDICATION,
CHEMBL17,MONDO_0008223,INDICATION,
CHEMBL17,MONDO_0008224,INDICATION,
CHEMBL17,MONDO_0015129,CONTRAINDICATION,
CHEMBL17,MONDO_0100192,CONTRAINDICATION,
CHEMBL170,EFO_0000275,CONTRAINDICATION,
CHEMBL170,EFO_0001068,INDICATION,
CHEMBL170,EFO_0001073,INDICATION,
CHEMBL170,EFO_0003086,INDICATION,
CHEMBL170,EFO_0003911,CONTRAINDICATION,
CHEMBL170,EFO_0004991,CONTRAINDICATION,
CHEMBL170,EFO_0005307,CONTRAINDICATION,
CHEMBL170,EFO_0007162,OFF_LABEL_USE,
CHEMBL170,EFO_0007172,CONTRAINDICATION,
CHEMBL170,EFO_0007405,CONTRAINDICATION,
CHEMBL170,EFO_0007444,INDICATION,
CHEMBL170,EFO_0009846,INDICATION,
CHEMBL170,MONDO_0001549,CONTRAINDICATION,
CHEMBL170,MONDO_0018896,CONTRAINDICATION,
CHEMBL170,MONDO_0019171,CONTRAINDICATION,
CHEMBL170,MONDO_0024327,CONTRAINDICATION,
CHEMBL170,MONDO_0100096,INDICATION,
CHEMBL1700,EFO_0000275,INDICATION,
CHEMBL1700,EFO_0003144,INDICATION,
CHEMBL1701,EFO_0003843,INDICATION,
CHEMBL1701,EFO_0003890,INDICATION,
CHEMBL1701,EFO_0005251,INDICATION,
CHEMBL170179,EFO_0003086,CONTRAINDICATION,
CHEMBL170179,EFO_0003832,CONTRAINDICATION,
CHEMBL170179,EFO_0004705,CONTRAINDICATION,
CHEMBL170179,EFO_0005611,INDICATION,
CHEMBL170179,EFO_1001132,CONTRAINDICATION,
CHEMBL170179,MONDO_0007079,CONTRAINDICATION,
CHEMBL1702,EFO_0003888,INDICATION,
CHEMBL1702,EFO_0003918,INDICATION,
CHEMBL1702,EFO_0004701,INDICATION,
CHEMBL1702,MONDO_0004975,INDICATION,
CHEMBL1703,EFO_0000195,INDICATION,
CHEMBL1703,EFO_0000199,INDICATION,
CHEMBL1703,EFO_0000348,INDICATION,
CHEMBL1703,EFO_0000400,INDICATION,
CHEMBL1703,EFO_0000432,INDICATION,
CHEMBL1703,EFO_0000466,INDICATION,
CHEMBL1703,EFO_0000571,INDICATION,
CHEMBL1703,EFO_0000616,INDICATION,
CHEMBL1703,EFO_0000660,INDICATION,
CHEMBL1703,EFO_0000673,INDICATION,
CHEMBL1703,EFO_0001071,INDICATION,
CHEMBL1703,EFO_0001073,INDICATION,
CHEMBL1703,EFO_0001378,INDICATION,
CHEMBL1703,EFO_0001663,INDICATION,
CHEMBL1703,EFO_0002618,INDICATION,
CHEMBL1703,EFO_0003060,INDICATION,
CHEMBL1703,EFO_0003144,INDICATION,
CHEMBL1703,EFO_0003868,INDICATION,
CHEMBL1703,EFO_0003884,INDICATION,
CHEMBL1703,EFO_0004208,INDICATION,
CHEMBL1703,EFO_0004593,INDICATION,
CHEMBL1703,EFO_0004616,INDICATION,
CHEMBL1703,EFO_0006859,INDICATION,
CHEMBL1703,EFO_0008520,INDICATION,
CHEMBL1703,EFO_0008522,INDICATION,
CHEMBL1703,EFO_0009637,INDICATION,
CHEMBL1703,EFO_1000043,INDICATION,
CHEMBL1703,EFO_1000783,INDICATION,
CHEMBL1703,EFO_1001459,INDICATION,
CHEMBL1703,EFO_1001465,INDICATION,
CHEMBL1703,EFO_1001512,INDICATION,
CHEMBL1703,MONDO_0002087,INDICATION,
CHEMBL1703,MONDO_0002158,INDICATION,
CHEMBL1703,MONDO_0005148,INDICATION,
CHEMBL1703,MONDO_0005184,INDICATION,
CHEMBL1703,MONDO_0005299,INDICATION,
CHEMBL1703,MONDO_0007254,INDICATION,
CHEMBL1703,MONDO_0008315,INDICATION,
CHEMBL1703,MONDO_0019353,INDICATION,
CHEMBL1703,MONDO_0019391,INDICATION,
CHEMBL1703,MONDO_0021063,INDICATION,
CHEMBL1703,MP_0001845,INDICATION,
CHEMBL1705,EFO_0000537,INDICATION,
CHEMBL1705,EFO_0003843,INDICATION,
CHEMBL1705,EFO_0003888,INDICATION,
CHEMBL1705709,EFO_0004272,INDICATION,
CHEMBL1706,EFO_0000678,INDICATION,
CHEMBL1706,EFO_0003956,INDICATION,
CHEMBL1706,EFO_0007214,INDICATION,
CHEMBL1706,EFO_0007328,INDICATION,
CHEMBL1706,EFO_0007486,INDICATION,
CHEMBL1706,MP_0001845,INDICATION,
CHEMBL170630,EFO_0000681,INDICATION,
CHEMBL170630,EFO_0005952,INDICATION,
CHEMBL170630,MONDO_0007254,INDICATION,
CHEMBL170630,MONDO_0008903,INDICATION,
CHEMBL170630,MONDO_0021063,INDICATION,
CHEMBL1707454,EFO_0009516,INDICATION,
CHEMBL170797,EFO_0000464,CONTRAINDICATION,
CHEMBL170797,EFO_0000474,CONTRAINDICATION,
CHEMBL170797,EFO_0000729,CONTRAINDICATION,
CHEMBL170797,EFO_0001074,CONTRAINDICATION,
CHEMBL170797,EFO_0003086,CONTRAINDICATION,
CHEMBL170797,EFO_0003767,CONTRAINDICATION,
CHEMBL170797,EFO_0003832,CONTRAINDICATION,
CHEMBL170797,EFO_0003833,CONTRAINDICATION,
CHEMBL170797,EFO_0003890,CONTRAINDICATION,
CHEMBL170797,EFO_0004705,CONTRAINDICATION,
CHEMBL170797,EFO_0005251,CONTRAINDICATION,
CHEMBL170797,EFO_1000800,CONTRAINDICATION,
CHEMBL170797,EFO_1000902,CONTRAINDICATION,
CHEMBL170797,EFO_1001132,CONTRAINDICATION,
CHEMBL170797,MONDO_0002203,CONTRAINDICATION,
CHEMBL170797,MONDO_0002491,CONTRAINDICATION,
CHEMBL170797,MONDO_0004596,CONTRAINDICATION,
CHEMBL170797,MONDO_0015129,CONTRAINDICATION,
CHEMBL1708,EFO_0001358,INDICATION,
CHEMBL1708,EFO_0004242,INDICATION,
CHEMBL1708,EFO_0004262,INDICATION,
CHEMBL1708,EFO_0005230,INDICATION,
CHEMBL1708,EFO_0006788,INDICATION,
CHEMBL1708,EFO_0803321,INDICATION,
CHEMBL1708,EFO_1001917,INDICATION,
CHEMBL1708,MONDO_0002009,INDICATION,
CHEMBL1708,MONDO_0002050,INDICATION,
CHEMBL1709,EFO_0001358,INDICATION,
CHEMBL1709,EFO_0004242,INDICATION,
CHEMBL1709,EFO_0004262,INDICATION,
CHEMBL1709,EFO_1001917,INDICATION,
CHEMBL1709,MONDO_0002009,INDICATION,
CHEMBL1709,MONDO_0002050,INDICATION,
CHEMBL1709,MONDO_0007739,INDICATION,
CHEMBL170988,EFO_0000400,INDICATION,
CHEMBL170988,EFO_0000756,INDICATION,
CHEMBL1711,EFO_0000373,INDICATION,
CHEMBL1712170,EFO_0003966,INDICATION,
CHEMBL1712923,EFO_0000217,INDICATION,
CHEMBL1712923,EFO_0009454,INDICATION,
CHEMBL1714,EFO_0000474,INDICATION,
CHEMBL1714,EFO_0000546,INDICATION,
CHEMBL1714,EFO_0000713,INDICATION,
CHEMBL1714,EFO_0002610,INDICATION,
CHEMBL1714,EFO_0003015,INDICATION,
CHEMBL1714,EFO_0003931,INDICATION,
CHEMBL1714,EFO_0004320,INDICATION,
CHEMBL1714,EFO_0004321,INDICATION,
CHEMBL1714,EFO_0005611,INDICATION,
CHEMBL1714,EFO_0007430,INDICATION,
CHEMBL1714,EFO_0009854,INDICATION,
CHEMBL1714,EFO_0009963,INDICATION,
CHEMBL1714,EFO_1000391,INDICATION,
CHEMBL1714,EFO_1001884,INDICATION,
CHEMBL1714,MONDO_0002009,INDICATION,
CHEMBL1714,MONDO_0002050,INDICATION,
CHEMBL1714,MONDO_0004985,INDICATION,
CHEMBL1714,MONDO_0004992,INDICATION,
CHEMBL1714,MONDO_0005351,INDICATION,
CHEMBL1714,MONDO_0007079,INDICATION,
CHEMBL1715,EFO_0001421,INDICATION,
CHEMBL1715,EFO_0002618,INDICATION,
CHEMBL1715,EFO_0003060,INDICATION,
CHEMBL1715,EFO_0003095,INDICATION,
CHEMBL1715,EFO_0003884,INDICATION,
CHEMBL1715,MONDO_0002009,INDICATION,
CHEMBL1715,MONDO_0004976,INDICATION,
CHEMBL1715,MONDO_0005148,INDICATION,
CHEMBL17157,EFO_0000400,CONTRAINDICATION,
CHEMBL17157,EFO_0000403,INDICATION,
CHEMBL17157,EFO_0000537,CONTRAINDICATION,
CHEMBL17157,EFO_0003840,INDICATION,
CHEMBL17157,EFO_0003869,INDICATION,
CHEMBL17157,EFO_0003956,INDICATION,
CHEMBL17157,EFO_0004197,INDICATION,
CHEMBL17157,EFO_0005531,OFF_LABEL_USE,
CHEMBL17157,EFO_0005854,INDICATION,
CHEMBL17157,EFO_0007141,INDICATION,
CHEMBL17157,EFO_0007214,INDICATION,
CHEMBL17157,EFO_0007304,INDICATION,
CHEMBL17157,EFO_0007425,INDICATION,
CHEMBL17157,EFO_0007533,INDICATION,
CHEMBL17157,EFO_0009189,CONTRAINDICATION,
CHEMBL17157,MONDO_0001744,CONTRAINDICATION,
CHEMBL17157,MONDO_0004979,INDICATION,
CHEMBL17157,MONDO_0005271,INDICATION,
CHEMBL17157,MONDO_0005301,INDICATION,
CHEMBL17157,MONDO_0021661,CONTRAINDICATION,
CHEMBL17157,MONDO_0044212,INDICATION,
CHEMBL1716,EFO_0003956,INDICATION,
CHEMBL1716,EFO_0005531,INDICATION,
CHEMBL1716,EFO_0007141,INDICATION,
CHEMBL1716,MONDO_0004992,INDICATION,
CHEMBL1716091,EFO_0000095,INDICATION,
CHEMBL1716091,EFO_0001378,INDICATION,
CHEMBL1716983,EFO_0000763,INDICATION,
CHEMBL1716983,EFO_0007328,INDICATION,
CHEMBL1716983,MONDO_0100096,INDICATION,
CHEMBL1717,EFO_0000712,INDICATION,
CHEMBL1717,MONDO_0000831,INDICATION,
CHEMBL1718,EFO_0003843,INDICATION,
CHEMBL1718,EFO_0004699,INDICATION,
CHEMBL1718,EFO_0005611,INDICATION,
CHEMBL1718,EFO_0006834,INDICATION,
CHEMBL1718,MONDO_0002009,INDICATION,
CHEMBL1718,MONDO_0004565,INDICATION,
CHEMBL1719,EFO_0003956,INDICATION,
CHEMBL1719,EFO_0005854,INDICATION,
CHEMBL1719,EFO_0007141,INDICATION,
CHEMBL1720,EFO_0004888,INDICATION,
CHEMBL1720,EFO_0006911,INDICATION,
CHEMBL1720,MONDO_0004992,INDICATION,
CHEMBL1721515,EFO_0000220,INDICATION,
CHEMBL1721515,EFO_0000313,INDICATION,
CHEMBL1721515,EFO_0000403,INDICATION,
CHEMBL1721515,EFO_0000574,INDICATION,
CHEMBL1721515,EFO_0000691,INDICATION,
CHEMBL1721515,EFO_1001901,INDICATION,
CHEMBL1721885,EFO_0000616,INDICATION,
CHEMBL1721885,EFO_0003869,INDICATION,
CHEMBL1722,EFO_0003768,INDICATION,
CHEMBL1722,EFO_0003840,INDICATION,
CHEMBL1722,EFO_0003888,INDICATION,
CHEMBL1722,EFO_0003929,INDICATION,
CHEMBL1722,EFO_0004216,INDICATION,
CHEMBL1722,EFO_0008568,INDICATION,
CHEMBL1722,MONDO_0002050,INDICATION,
CHEMBL1722,MONDO_0004992,INDICATION,
CHEMBL1722,MONDO_0005090,INDICATION,
CHEMBL1722,MONDO_0011184,INDICATION,
CHEMBL1722209,EFO_0006865,INDICATION,
CHEMBL1722209,EFO_1000781,INDICATION,
CHEMBL1723,EFO_0000284,INDICATION,
CHEMBL1723,EFO_0004253,INDICATION,
CHEMBL1723,EFO_1001228,INDICATION,
CHEMBL1723241,EFO_0003894,INDICATION,
CHEMBL1723241,MP_0001845,INDICATION,
CHEMBL172513,EFO_0000729,INDICATION,
CHEMBL172513,EFO_0003144,INDICATION,
CHEMBL172513,EFO_0003876,INDICATION,
CHEMBL172513,EFO_0003888,INDICATION,
CHEMBL172513,EFO_0006834,INDICATION,
CHEMBL172513,EFO_0007454,INDICATION,
CHEMBL172513,MONDO_0002070,INDICATION,
CHEMBL172513,MONDO_0019037,INDICATION,
CHEMBL172513,MONDO_0020290,INDICATION,
CHEMBL1725880,EFO_0000278,INDICATION,
CHEMBL1725880,EFO_0010282,INDICATION,
CHEMBL1726,EFO_0000319,INDICATION,
CHEMBL1726,EFO_0000537,INDICATION,
CHEMBL1726,EFO_0005251,CONTRAINDICATION,
CHEMBL1726,MONDO_0021661,CONTRAINDICATION,
CHEMBL1726,MONDO_0100192,CONTRAINDICATION,
CHEMBL1727,EFO_0000222,INDICATION,
CHEMBL1727,EFO_0000274,INDICATION,
CHEMBL1727,EFO_0000544,INDICATION,
CHEMBL1727,EFO_0000701,INDICATION,
CHEMBL1727,EFO_0000771,INDICATION,
CHEMBL1727,EFO_0003035,INDICATION,
CHEMBL1727,EFO_0003086,CONTRAINDICATION,
CHEMBL1727,EFO_0003103,INDICATION,
CHEMBL1727,EFO_0003830,INDICATION,
CHEMBL1727,EFO_0003872,CONTRAINDICATION,
CHEMBL1727,EFO_0004992,INDICATION,
CHEMBL1727,EFO_0005681,INDICATION,
CHEMBL1727,EFO_0007499,INDICATION,
CHEMBL1727,EFO_0009582,INDICATION,
CHEMBL1727,EFO_1000781,INDICATION,
CHEMBL1727,MONDO_0001187,INDICATION,
CHEMBL1727,MONDO_0005247,INDICATION,
CHEMBL1727,MONDO_0007254,INDICATION,
CHEMBL1727,MONDO_0009061,INDICATION,
CHEMBL1727,MONDO_0018076,INDICATION,
CHEMBL1727,MONDO_0024355,INDICATION,
CHEMBL1728,EFO_0003102,INDICATION,
CHEMBL17289,EFO_0000616,INDICATION,
CHEMBL1729,EFO_0010282,INDICATION,
CHEMBL1729803,EFO_0010282,INDICATION,
CHEMBL1730,DOID_7551,INDICATION,
CHEMBL1730,EFO_0000544,INDICATION,
CHEMBL1730,EFO_0000771,INDICATION,
CHEMBL1730,EFO_0003102,INDICATION,
CHEMBL1730,EFO_0003106,INDICATION,
CHEMBL1730,EFO_0007149,INDICATION,
CHEMBL1730,EFO_0007496,INDICATION,
CHEMBL1730,EFO_0007499,INDICATION,
CHEMBL1730,EFO_0008510,OFF_LABEL_USE,
CHEMBL1730,EFO_0008588,INDICATION,
CHEMBL1730,EFO_1000831,INDICATION,
CHEMBL1730,EFO_1000929,INDICATION,
CHEMBL1730,EFO_1001040,INDICATION,
CHEMBL1730,EFO_1001246,OFF_LABEL_USE,
CHEMBL1730,EFO_1001272,INDICATION,
CHEMBL1730,EFO_1001351,INDICATION,
CHEMBL1730,MONDO_0001080,OFF_LABEL_USE,
CHEMBL1730,MONDO_0001316,INDICATION,
CHEMBL1730,MONDO_0005247,INDICATION,
CHEMBL1730601,EFO_0000178,INDICATION,
CHEMBL1730601,EFO_0000181,INDICATION,
CHEMBL1730601,EFO_0000182,INDICATION,
CHEMBL1730601,EFO_0000228,INDICATION,
CHEMBL1730601,EFO_0000365,INDICATION,
CHEMBL1730601,EFO_0000503,INDICATION,
CHEMBL1730601,EFO_0000616,INDICATION,
CHEMBL1730601,EFO_0000702,INDICATION,
CHEMBL1730601,EFO_0001421,INDICATION,
CHEMBL1730601,EFO_0002618,INDICATION,
CHEMBL1730601,EFO_0002916,INDICATION,
CHEMBL1730601,EFO_0003060,INDICATION,
CHEMBL1730601,EFO_0003086,INDICATION,
CHEMBL1730601,EFO_0003860,INDICATION,
CHEMBL1730601,EFO_0003869,INDICATION,
CHEMBL1730601,EFO_0003897,INDICATION,
CHEMBL1730601,EFO_0004142,INDICATION,
CHEMBL1730601,EFO_0004252,INDICATION,
CHEMBL1730601,EFO_0005221,INDICATION,
CHEMBL1730601,EFO_0005922,INDICATION,
CHEMBL1730601,EFO_0006859,INDICATION,
CHEMBL1730601,EFO_1000359,INDICATION,
CHEMBL1730601,EFO_1000657,INDICATION,
CHEMBL1730601,EFO_1001951,INDICATION,
CHEMBL1730601,MONDO_0001056,INDICATION,
CHEMBL1730601,MONDO_0002120,INDICATION,
CHEMBL1730601,MONDO_0002974,INDICATION,
CHEMBL1730601,MONDO_0003060,INDICATION,
CHEMBL1730601,MONDO_0004992,INDICATION,
CHEMBL1730601,MONDO_0005184,INDICATION,
CHEMBL1730601,MONDO_0005575,INDICATION,
CHEMBL1730601,MONDO_0007254,INDICATION,
CHEMBL1730601,MONDO_0007576,INDICATION,
CHEMBL1730601,MONDO_0044937,INDICATION,
CHEMBL1731,DOID_7551,INDICATION,
CHEMBL1731,EFO_0000771,INDICATION,
CHEMBL1731,EFO_0003086,CONTRAINDICATION,
CHEMBL1731,EFO_0003102,INDICATION,
CHEMBL1731,EFO_0003103,INDICATION,
CHEMBL1731,EFO_0007326,CONTRAINDICATION,
CHEMBL1731,EFO_1000929,OFF_LABEL_USE,
CHEMBL1731,MONDO_0001080,INDICATION,
CHEMBL1731,MONDO_0004789,OFF_LABEL_USE,
CHEMBL1732,EFO_0000537,CONTRAINDICATION,
CHEMBL1732,EFO_0001645,CONTRAINDICATION,
CHEMBL1732,EFO_0003875,CONTRAINDICATION,
CHEMBL1732,EFO_1000013,CONTRAINDICATION,
CHEMBL1732,MONDO_0005277,INDICATION,
CHEMBL1732,MONDO_0005475,INDICATION,
CHEMBL1732,MONDO_0037821,CONTRAINDICATION,
CHEMBL1732,MONDO_0100192,CONTRAINDICATION,
CHEMBL1732,MONDO_0100431,INDICATION,
CHEMBL1733174,EFO_0008533,INDICATION,
CHEMBL173373,EFO_0001645,INDICATION,
CHEMBL1734,EFO_0000284,INDICATION,
CHEMBL1734,EFO_0005307,CONTRAINDICATION,
CHEMBL1734,EFO_0006865,INDICATION,
CHEMBL1734,EFO_1000781,INDICATION,
CHEMBL1734,MONDO_0001744,CONTRAINDICATION,
CHEMBL1734,MONDO_0019171,CONTRAINDICATION,
CHEMBL1734,MONDO_0100192,CONTRAINDICATION,
CHEMBL1735,EFO_0000174,INDICATION,
CHEMBL1735,EFO_0000537,INDICATION,
CHEMBL1735,EFO_0000691,INDICATION,
CHEMBL1735,EFO_0000764,INDICATION,
CHEMBL1735,EFO_0002918,INDICATION,
CHEMBL1735,EFO_0007386,INDICATION,
CHEMBL1735,MONDO_0004992,INDICATION,
CHEMBL17350,EFO_0000712,INDICATION,
CHEMBL17350,MONDO_0002009,INDICATION,
CHEMBL17350,MONDO_0005180,INDICATION,
CHEMBL1736151,EFO_0000319,INDICATION,
CHEMBL1737,EFO_0000341,INDICATION,
CHEMBL1737,EFO_0000404,INDICATION,
CHEMBL1737,EFO_0000464,INDICATION,
CHEMBL1737,EFO_0000495,INDICATION,
CHEMBL1737,EFO_0000519,INDICATION,
CHEMBL1737,EFO_0000537,INDICATION,
CHEMBL1737,EFO_0000545,INDICATION,
CHEMBL1737,EFO_0000616,INDICATION,
CHEMBL1737,EFO_0000668,INDICATION,
CHEMBL1737,EFO_0000712,INDICATION,
CHEMBL1737,EFO_0001361,INDICATION,
CHEMBL1737,EFO_0001365,INDICATION,
CHEMBL1737,EFO_0003047,INDICATION,
CHEMBL1737,EFO_0003144,INDICATION,
CHEMBL1737,EFO_0003833,INDICATION,
CHEMBL1737,EFO_0004234,INDICATION,
CHEMBL1737,EFO_0009441,INDICATION,
CHEMBL1737,EFO_0011023,INDICATION,
CHEMBL1737,EFO_1000824,INDICATION,
CHEMBL1737,EFO_1001017,INDICATION,
CHEMBL1737,EFO_1001103,INDICATION,
CHEMBL1737,EFO_1001134,INDICATION,
CHEMBL1737,EFO_1001145,INDICATION,
CHEMBL1737,EFO_1001827,INDICATION,
CHEMBL1737,EFO_1001893,INDICATION,
CHEMBL1737,EFO_1001986,INDICATION,
CHEMBL1737,MONDO_0005149,INDICATION,
CHEMBL1737,MONDO_0006058,INDICATION,
CHEMBL1737,MONDO_0008315,INDICATION,
CHEMBL1737,MONDO_0043510,INDICATION,
CHEMBL1737,MONDO_0100096,INDICATION,
CHEMBL1738,EFO_0000174,INDICATION,
CHEMBL1738,EFO_0000198,INDICATION,
CHEMBL1738,EFO_0000209,INDICATION,
CHEMBL1738,EFO_0000220,INDICATION,
CHEMBL1738,EFO_0000222,INDICATION,
CHEMBL1738,EFO_0000318,INDICATION,
CHEMBL1738,EFO_0000502,INDICATION,
CHEMBL1738,EFO_0000565,INDICATION,
CHEMBL1738,EFO_0000574,INDICATION,
CHEMBL1738,EFO_0000616,INDICATION,
CHEMBL1738,EFO_0000621,INDICATION,
CHEMBL1738,EFO_0000637,INDICATION,
CHEMBL1738,EFO_0000691,INDICATION,
CHEMBL1738,EFO_0002918,INDICATION,
CHEMBL1738,EFO_1000158,INDICATION,
CHEMBL1738,EFO_1000292,INDICATION,
CHEMBL1738,EFO_1000984,INDICATION,
CHEMBL1738,EFO_1001968,INDICATION,
CHEMBL1738,MONDO_0000870,INDICATION,
CHEMBL1738,MONDO_0001343,CONTRAINDICATION,
CHEMBL1738,MONDO_0004992,INDICATION,
CHEMBL1738,MONDO_0005301,INDICATION,
CHEMBL1738,MONDO_0007254,INDICATION,
CHEMBL1738697,EFO_0000616,INDICATION,
CHEMBL1738699,MONDO_0004979,INDICATION,
CHEMBL1738699,MONDO_0009061,INDICATION,
CHEMBL1738757,EFO_0000339,INDICATION,
CHEMBL1738757,EFO_0000616,INDICATION,
CHEMBL1738758,EFO_0000222,INDICATION,
CHEMBL1738758,EFO_0000616,INDICATION,
CHEMBL1738758,EFO_0000702,INDICATION,
CHEMBL1738758,EFO_1000984,INDICATION,
CHEMBL1738758,EFO_1001779,INDICATION,
CHEMBL1738758,MONDO_0005184,INDICATION,
CHEMBL1738758,MONDO_0008315,INDICATION,
CHEMBL1738797,EFO_0000326,INDICATION,
CHEMBL1738797,EFO_0000519,INDICATION,
CHEMBL1738797,EFO_0000616,INDICATION,
CHEMBL1738797,EFO_0000641,INDICATION,
CHEMBL1738797,EFO_0000691,INDICATION,
CHEMBL1738797,EFO_0000756,INDICATION,
CHEMBL1738797,EFO_0001421,INDICATION,
CHEMBL1738797,EFO_0001642,INDICATION,
CHEMBL1738797,EFO_0003032,INDICATION,
CHEMBL1738797,EFO_0003060,INDICATION,
CHEMBL1738797,EFO_0003826,INDICATION,
CHEMBL1738797,EFO_0003833,INDICATION,
CHEMBL1738797,EFO_0003860,INDICATION,
CHEMBL1738797,EFO_0003893,INDICATION,
CHEMBL1738797,EFO_0004142,INDICATION,
CHEMBL1738797,EFO_0004284,INDICATION,
CHEMBL1738797,EFO_0005221,INDICATION,
CHEMBL1738797,EFO_1000849,INDICATION,
CHEMBL1738797,EFO_1001901,INDICATION,
CHEMBL1738797,MONDO_0004992,INDICATION,
CHEMBL1738797,MONDO_0021117,INDICATION,
CHEMBL1738889,EFO_0003060,INDICATION,
CHEMBL1738889,EFO_0005537,INDICATION,
CHEMBL1738889,EFO_0009851,INDICATION,
CHEMBL1738889,MONDO_0007254,INDICATION,
CHEMBL1738972,EFO_0001073,INDICATION,
CHEMBL1738972,MONDO_0008300,INDICATION,
CHEMBL173929,EFO_0001365,INDICATION,
CHEMBL173929,EFO_0002950,INDICATION,
CHEMBL173929,EFO_0009606,INDICATION,
CHEMBL173929,EFO_1000906,INDICATION,
CHEMBL173929,MONDO_0005041,INDICATION,
CHEMBL173929,MONDO_0019200,INDICATION,
CHEMBL174,DOID_7551,INDICATION,
CHEMBL174,EFO_0000465,INDICATION,
CHEMBL174,EFO_0000544,INDICATION,
CHEMBL174,EFO_0000584,INDICATION,
CHEMBL174,EFO_0000764,INDICATION,
CHEMBL174,EFO_0000771,INDICATION,
CHEMBL174,EFO_0000778,OFF_LABEL_USE,
CHEMBL174,EFO_0002623,INDICATION,
CHEMBL174,EFO_0003086,CONTRAINDICATION,
CHEMBL174,EFO_0003102,INDICATION,
CHEMBL174,EFO_0003103,INDICATION,
CHEMBL174,EFO_0003106,INDICATION,
CHEMBL174,EFO_0003928,OFF_LABEL_USE,
CHEMBL174,EFO_0004253,INDICATION,
CHEMBL174,EFO_0005585,INDICATION,
CHEMBL174,EFO_0005681,INDICATION,
CHEMBL174,EFO_0005803,CONTRAINDICATION,
CHEMBL174,EFO_0006789,OFF_LABEL_USE,
CHEMBL174,EFO_0007326,CONTRAINDICATION,
CHEMBL174,EFO_0007347,OFF_LABEL_USE,
CHEMBL174,EFO_0007420,INDICATION,
CHEMBL174,EFO_0007470,INDICATION,
CHEMBL174,EFO_0007486,INDICATION,
CHEMBL174,EFO_0007496,INDICATION,
CHEMBL174,EFO_0007499,INDICATION,
CHEMBL174,EFO_0009948,INDICATION,
CHEMBL174,EFO_1000830,INDICATION,
CHEMBL174,EFO_1000831,INDICATION,
CHEMBL174,EFO_1000929,INDICATION,
CHEMBL174,EFO_1001021,OFF_LABEL_USE,
CHEMBL174,EFO_1001040,INDICATION,
CHEMBL174,EFO_1001114,INDICATION,
CHEMBL174,EFO_1001246,OFF_LABEL_USE,
CHEMBL174,EFO_1001272,INDICATION,
CHEMBL174,EFO_1001318,INDICATION,
CHEMBL174,EFO_1001481,OFF_LABEL_USE,
CHEMBL174,EFO_1001869,INDICATION,
CHEMBL174,EFO_1001888,INDICATION,
CHEMBL174,MONDO_0001080,INDICATION,
CHEMBL174,MONDO_0001316,OFF_LABEL_USE,
CHEMBL174,MONDO_0001343,CONTRAINDICATION,
CHEMBL174,MONDO_0001701,OFF_LABEL_USE,
CHEMBL174,MONDO_0002258,INDICATION,
CHEMBL174,MONDO_0003441,INDICATION,
CHEMBL174,MONDO_0004247,CONTRAINDICATION,
CHEMBL174,MONDO_0004789,INDICATION,
CHEMBL174,MONDO_0005247,INDICATION,
CHEMBL174,MONDO_0041366,INDICATION,
CHEMBL1740,EFO_0006346,INDICATION,
CHEMBL1740071,EFO_0000763,INDICATION,
CHEMBL1740071,EFO_0007328,INDICATION,
CHEMBL1740071,MONDO_0100096,INDICATION,
CHEMBL1741,EFO_0000095,INDICATION,
CHEMBL1741,EFO_0000180,INDICATION,
CHEMBL1741,EFO_0000191,INDICATION,
CHEMBL1741,EFO_0000217,INDICATION,
CHEMBL1741,EFO_0000384,INDICATION,
CHEMBL1741,EFO_0000544,INDICATION,
CHEMBL1741,EFO_0000574,INDICATION,
CHEMBL1741,EFO_0000616,INDICATION,
CHEMBL1741,EFO_0000649,INDICATION,
CHEMBL1741,EFO_0000650,OFF_LABEL_USE,
CHEMBL1741,EFO_0000708,INDICATION,
CHEMBL1741,EFO_0000764,INDICATION,
CHEMBL1741,EFO_0000771,INDICATION,
CHEMBL1741,EFO_0001378,INDICATION,
CHEMBL1741,EFO_0003060,INDICATION,
CHEMBL1741,EFO_0003086,CONTRAINDICATION,
CHEMBL1741,EFO_0003102,INDICATION,
CHEMBL1741,EFO_0003106,INDICATION,
CHEMBL1741,EFO_0003777,INDICATION,
CHEMBL1741,EFO_0003882,CONTRAINDICATION,
CHEMBL1741,EFO_0004286,INDICATION,
CHEMBL1741,EFO_0004607,INDICATION,
CHEMBL1741,EFO_0004991,CONTRAINDICATION,
CHEMBL1741,EFO_0004992,INDICATION,
CHEMBL1741,EFO_0005306,CONTRAINDICATION,
CHEMBL1741,EFO_0005307,CONTRAINDICATION,
CHEMBL1741,EFO_0005681,INDICATION,
CHEMBL1741,EFO_0005952,INDICATION,
CHEMBL1741,EFO_0006505,INDICATION,
CHEMBL1741,EFO_0006834,INDICATION,
CHEMBL1741,EFO_0007183,INDICATION,
CHEMBL1741,EFO_0007200,INDICATION,
CHEMBL1741,EFO_0007326,CONTRAINDICATION,
CHEMBL1741,EFO_0007361,INDICATION,
CHEMBL1741,EFO_0007386,INDICATION,
CHEMBL1741,EFO_0007387,INDICATION,
CHEMBL1741,EFO_0007456,INDICATION,
CHEMBL1741,EFO_0007486,INDICATION,
CHEMBL1741,EFO_0007499,INDICATION,
CHEMBL1741,EFO_0008510,OFF_LABEL_USE,
CHEMBL1741,EFO_0009454,INDICATION,
CHEMBL1741,EFO_0009708,INDICATION,
CHEMBL1741,EFO_1000961,INDICATION,
CHEMBL1741,EFO_1001272,INDICATION,
CHEMBL1741,MONDO_0000327,INDICATION,
CHEMBL1741,MONDO_0001056,INDICATION,
CHEMBL1741,MONDO_0001701,OFF_LABEL_USE,
CHEMBL1741,MONDO_0001751,CONTRAINDICATION,
CHEMBL1741,MONDO_0002009,INDICATION,
CHEMBL1741,MONDO_0002186,INDICATION,
CHEMBL1741,MONDO_0002258,INDICATION,
CHEMBL1741,MONDO_0002775,INDICATION,
CHEMBL1741,MONDO_0004979,INDICATION,
CHEMBL1741,MONDO_0004992,INDICATION,
CHEMBL1741,MONDO_0005180,INDICATION,
CHEMBL1741,MONDO_0008315,INDICATION,
CHEMBL1741,MONDO_0009061,INDICATION,
CHEMBL1741,MONDO_0018044,INDICATION,
CHEMBL1741,MONDO_0018076,INDICATION,
CHEMBL1741,MONDO_0018100,CONTRAINDICATION,
CHEMBL1741,MONDO_0019091,INDICATION,
CHEMBL1741,MONDO_0021107,INDICATION,
CHEMBL1741,MONDO_0025598,INDICATION,
CHEMBL1741,MONDO_0037821,CONTRAINDICATION,
CHEMBL1741,MONDO_0100096,INDICATION,
CHEMBL1741,MONDO_0100192,CONTRAINDICATION,
CHEMBL1741,MP_0001914,INDICATION,
CHEMBL1741037,EFO_0000616,INDICATION,
CHEMBL1741037,EFO_0000621,INDICATION,
CHEMBL1741040,EFO_0000319,INDICATION,
CHEMBL1741078,EFO_0004220,INDICATION,
CHEMBL17423,EFO_0000764,INDICATION,
CHEMBL1742420,EFO_0000341,INDICATION,
CHEMBL1742420,EFO_0000685,INDICATION,
CHEMBL1742420,MONDO_0004979,INDICATION,
CHEMBL1742420,MONDO_0009061,INDICATION,
CHEMBL1742423,EFO_0003956,INDICATION,
CHEMBL1742423,EFO_0005531,INDICATION,
CHEMBL1742423,EFO_0005751,INDICATION,
CHEMBL1742423,EFO_0005854,INDICATION,
CHEMBL1742423,EFO_0007141,INDICATION,
CHEMBL1742423,EFO_1001417,INDICATION,
CHEMBL1742423,EFO_1001881,INDICATION,
CHEMBL1742423,MONDO_0005271,INDICATION,
CHEMBL1742439,MONDO_0005271,INDICATION,
CHEMBL1742461,EFO_0000337,INDICATION,
CHEMBL1742461,EFO_0003948,INDICATION,
CHEMBL1742461,EFO_0009454,INDICATION,
CHEMBL1742466,EFO_0000275,INDICATION,
CHEMBL1742466,EFO_0000319,INDICATION,
CHEMBL1742466,EFO_0003911,INDICATION,
CHEMBL1742466,EFO_0004269,INDICATION,
CHEMBL1742466,EFO_0004287,INDICATION,
CHEMBL1742466,EFO_0006834,INDICATION,
CHEMBL1742466,EFO_0009492,INDICATION,
CHEMBL1742981,MONDO_0002087,INDICATION,
CHEMBL1742981,MONDO_0002158,INDICATION,
CHEMBL1742981,MONDO_0008170,INDICATION,
CHEMBL1742982,EFO_0000365,INDICATION,
CHEMBL1742982,EFO_0000389,INDICATION,
CHEMBL1742982,EFO_0000501,INDICATION,
CHEMBL1742982,EFO_0000565,INDICATION,
CHEMBL1742982,EFO_0000574,INDICATION,
CHEMBL1742982,EFO_0000616,INDICATION,
CHEMBL1742982,EFO_0000641,INDICATION,
CHEMBL1742982,EFO_0000681,INDICATION,
CHEMBL1742982,EFO_0000702,INDICATION,
CHEMBL1742982,EFO_0000756,INDICATION,
CHEMBL1742982,EFO_0001365,INDICATION,
CHEMBL1742982,EFO_0001378,INDICATION,
CHEMBL1742982,EFO_0002499,INDICATION,
CHEMBL1742982,EFO_0002501,INDICATION,
CHEMBL1742982,EFO_0002617,INDICATION,
CHEMBL1742982,EFO_0003060,INDICATION,
CHEMBL1742982,EFO_0003770,INDICATION,
CHEMBL1742982,EFO_0003839,INDICATION,
CHEMBL1742982,EFO_0004142,INDICATION,
CHEMBL1742982,EFO_0004207,INDICATION,
CHEMBL1742982,EFO_0004243,INDICATION,
CHEMBL1742982,EFO_0004683,INDICATION,
CHEMBL1742982,EFO_0005753,INDICATION,
CHEMBL1742982,EFO_0005952,INDICATION,
CHEMBL1742982,EFO_0007310,INDICATION,
CHEMBL1742982,EFO_0008626,INDICATION,
CHEMBL1742982,EFO_0009606,INDICATION,
CHEMBL1742982,EFO_0009784,INDICATION,
CHEMBL1742982,EFO_0010977,INDICATION,
CHEMBL1742982,EFO_1000657,INDICATION,
CHEMBL1742982,EFO_1000880,INDICATION,
CHEMBL1742982,EFO_1001060,INDICATION,
CHEMBL1742982,EFO_1001157,INDICATION,
CHEMBL1742982,EFO_1001158,INDICATION,
CHEMBL1742982,EFO_1001465,INDICATION,
CHEMBL1742982,EFO_1001466,INDICATION,
CHEMBL1742982,EFO_1001512,INDICATION,
CHEMBL1742982,EFO_1001951,INDICATION,
CHEMBL1742982,MONDO_0001576,INDICATION,
CHEMBL1742982,MONDO_0003005,INDICATION,
CHEMBL1742982,MONDO_0003268,INDICATION,
CHEMBL1742982,MONDO_0004192,INDICATION,
CHEMBL1742982,MONDO_0004986,INDICATION,
CHEMBL1742982,MONDO_0004992,INDICATION,
CHEMBL1742982,MONDO_0005041,INDICATION,
CHEMBL1742982,MONDO_0005575,INDICATION,
CHEMBL1742982,MONDO_0007254,INDICATION,
CHEMBL1742982,MONDO_0021063,INDICATION,
CHEMBL1742982,Orphanet_758,INDICATION,
CHEMBL1742984,EFO_0000588,INDICATION,
CHEMBL1742984,EFO_0000770,INDICATION,
CHEMBL1742984,EFO_0002618,INDICATION,
CHEMBL1742984,MONDO_0004992,INDICATION,
CHEMBL1742985,EFO_0000729,INDICATION,
CHEMBL1742985,MONDO_0004979,INDICATION,
CHEMBL1742986,EFO_0000685,INDICATION,
CHEMBL1742986,EFO_0004194,INDICATION,
CHEMBL1742986,EFO_0005761,INDICATION,
CHEMBL1742986,EFO_0007405,INDICATION,
CHEMBL1742986,MONDO_0005301,INDICATION,
CHEMBL1742986,MONDO_0007915,INDICATION,
CHEMBL1742987,EFO_1001919,INDICATION,
CHEMBL1742988,EFO_0000685,INDICATION,
CHEMBL1742988,EFO_0000699,INDICATION,
CHEMBL1742988,EFO_0004220,INDICATION,
CHEMBL1742988,EFO_0008522,INDICATION,
CHEMBL1742989,EFO_0000182,INDICATION,
CHEMBL1742989,EFO_0000313,INDICATION,
CHEMBL1742989,EFO_0000519,INDICATION,
CHEMBL1742989,EFO_0000616,INDICATION,
CHEMBL1742989,EFO_0000673,INDICATION,
CHEMBL1742989,EFO_0000707,INDICATION,
CHEMBL1742989,EFO_0000756,INDICATION,
CHEMBL1742989,EFO_0002618,INDICATION,
CHEMBL1742989,EFO_0003047,INDICATION,
CHEMBL1742989,EFO_0003060,INDICATION,
CHEMBL1742989,EFO_0005537,INDICATION,
CHEMBL1742989,EFO_0006861,INDICATION,
CHEMBL1742989,EFO_1000657,INDICATION,
CHEMBL1742989,MONDO_0007254,INDICATION,
CHEMBL1742990,EFO_0000540,INDICATION,
CHEMBL1742990,EFO_0000685,INDICATION,
CHEMBL1742990,EFO_0003884,INDICATION,
CHEMBL1742990,EFO_0004599,INDICATION,
CHEMBL1742990,EFO_0010134,INDICATION,
CHEMBL1742990,MONDO_0005147,INDICATION,
CHEMBL1742991,EFO_0000274,INDICATION,
CHEMBL1742991,EFO_0000341,INDICATION,
CHEMBL1742991,EFO_0004232,INDICATION,
CHEMBL1742991,EFO_0005531,INDICATION,
CHEMBL1742991,EFO_0007187,INDICATION,
CHEMBL1742991,EFO_0007486,INDICATION,
CHEMBL1742991,EFO_1000391,INDICATION,
CHEMBL1742991,EFO_1001467,INDICATION,
CHEMBL1742991,MONDO_0004979,INDICATION,
CHEMBL1742991,MONDO_0021739,INDICATION,
CHEMBL1742992,EFO_0000094,INDICATION,
CHEMBL1742992,EFO_0000095,INDICATION,
CHEMBL1742992,EFO_0000209,INDICATION,
CHEMBL1742992,EFO_0000220,INDICATION,
CHEMBL1742992,EFO_0000309,INDICATION,
CHEMBL1742992,EFO_0000403,INDICATION,
CHEMBL1742992,EFO_0000565,INDICATION,
CHEMBL1742992,EFO_0000574,INDICATION,
CHEMBL1742992,EFO_0000616,INDICATION,
CHEMBL1742992,EFO_0001378,INDICATION,
CHEMBL1742992,EFO_0001642,INDICATION,
CHEMBL1742992,EFO_0004289,INDICATION,
CHEMBL1742992,EFO_0005952,INDICATION,
CHEMBL1742992,MONDO_0000873,INDICATION,
CHEMBL1742993,EFO_0003854,INDICATION,
CHEMBL1742993,EFO_0003882,INDICATION,
CHEMBL1742994,EFO_0000095,INDICATION,
CHEMBL1742994,EFO_0000096,INDICATION,
CHEMBL1742994,EFO_0000183,INDICATION,
CHEMBL1742994,EFO_0000211,INDICATION,
CHEMBL1742994,EFO_0000222,INDICATION,
CHEMBL1742994,EFO_0000403,INDICATION,
CHEMBL1742994,EFO_0000404,INDICATION,
CHEMBL1742994,EFO_0000514,INDICATION,
CHEMBL1742994,EFO_0000565,INDICATION,
CHEMBL1742994,EFO_0000574,INDICATION,
CHEMBL1742994,EFO_0000588,INDICATION,
CHEMBL1742994,EFO_0000616,INDICATION,
CHEMBL1742994,EFO_0000764,INDICATION,
CHEMBL1742994,EFO_0001642,INDICATION,
CHEMBL1742994,EFO_0002913,INDICATION,
CHEMBL1742994,EFO_0003032,INDICATION,
CHEMBL1742994,EFO_0005952,INDICATION,
CHEMBL1742994,EFO_0007359,INDICATION,
CHEMBL1742994,EFO_1000785,INDICATION,
CHEMBL1742994,EFO_1001051,INDICATION,
CHEMBL1742994,MONDO_0007915,INDICATION,
CHEMBL1742994,MONDO_0009348,INDICATION,
CHEMBL1742994,MONDO_0013730,INDICATION,
CHEMBL1742994,MONDO_0018906,INDICATION,
CHEMBL1742994,MONDO_0019471,INDICATION,
CHEMBL1742994,MONDO_0019473,INDICATION,
CHEMBL1742995,EFO_0000384,INDICATION,
CHEMBL1742995,EFO_0000540,INDICATION,
CHEMBL1742995,EFO_0000676,INDICATION,
CHEMBL1742995,MONDO_0005301,INDICATION,
CHEMBL1742996,EFO_0000384,INDICATION,
CHEMBL1742996,EFO_0000540,INDICATION,
CHEMBL1742996,EFO_0000676,INDICATION,
CHEMBL1742996,EFO_0000685,INDICATION,
CHEMBL1742996,EFO_0000717,INDICATION,
CHEMBL1742996,EFO_0003778,INDICATION,
CHEMBL1742996,EFO_0003898,INDICATION,
CHEMBL1742996,EFO_1000710,INDICATION,
CHEMBL1742996,EFO_1001494,INDICATION,
CHEMBL1742996,MONDO_0004979,INDICATION,
CHEMBL1742996,MONDO_0015597,INDICATION,
CHEMBL1742998,EFO_0000365,INDICATION,
CHEMBL1742998,EFO_0002618,INDICATION,
CHEMBL1742998,MONDO_0001056,INDICATION,
CHEMBL1742999,EFO_0009448,INDICATION,
CHEMBL1742999,MONDO_0004992,INDICATION,
CHEMBL1742999,MONDO_0008315,INDICATION,
CHEMBL1743,EFO_0000771,INDICATION,
CHEMBL1743000,EFO_0000616,INDICATION,
CHEMBL1743001,EFO_0000181,INDICATION,
CHEMBL1743001,EFO_0000182,INDICATION,
CHEMBL1743001,EFO_0000248,INDICATION,
CHEMBL1743001,EFO_0000437,INDICATION,
CHEMBL1743001,EFO_0000571,INDICATION,
CHEMBL1743001,EFO_0000588,INDICATION,
CHEMBL1743001,EFO_0000616,INDICATION,
CHEMBL1743001,EFO_0000637,INDICATION,
CHEMBL1743001,EFO_0000673,INDICATION,
CHEMBL1743001,EFO_0000702,INDICATION,
CHEMBL1743001,EFO_0000756,INDICATION,
CHEMBL1743001,EFO_0002618,INDICATION,
CHEMBL1743001,EFO_0003050,INDICATION,
CHEMBL1743001,EFO_0003060,INDICATION,
CHEMBL1743001,EFO_0006859,INDICATION,
CHEMBL1743001,EFO_0006861,INDICATION,
CHEMBL1743001,EFO_1000294,INDICATION,
CHEMBL1743001,EFO_1000657,INDICATION,
CHEMBL1743001,EFO_1000796,INDICATION,
CHEMBL1743001,EFO_1001951,INDICATION,
CHEMBL1743001,EFO_1001968,INDICATION,
CHEMBL1743001,MONDO_0004992,INDICATION,
CHEMBL1743001,MONDO_0007254,INDICATION,
CHEMBL1743001,MONDO_0008315,INDICATION,
CHEMBL1743001,MONDO_0008903,INDICATION,
CHEMBL1743001,MONDO_0021063,INDICATION,
CHEMBL1743003,EFO_0000183,INDICATION,
CHEMBL1743003,EFO_0000403,INDICATION,
CHEMBL1743003,EFO_0002618,INDICATION,
CHEMBL1743003,EFO_0003060,INDICATION,
CHEMBL1743003,EFO_1001469,INDICATION,
CHEMBL1743003,EFO_1001968,INDICATION,
CHEMBL1743003,MONDO_0002158,INDICATION,
CHEMBL1743003,MONDO_0008170,INDICATION,
CHEMBL1743004,MONDO_0004975,INDICATION,
CHEMBL1743005,EFO_0000095,INDICATION,
CHEMBL1743005,EFO_0000403,INDICATION,
CHEMBL1743005,EFO_0001378,INDICATION,
CHEMBL1743005,EFO_0005952,INDICATION,
CHEMBL1743006,EFO_0000616,INDICATION,
CHEMBL1743006,EFO_0001378,INDICATION,
CHEMBL1743006,EFO_0003060,INDICATION,
CHEMBL1743006,EFO_0003869,INDICATION,
CHEMBL1743006,EFO_1000657,INDICATION,
CHEMBL1743006,EFO_1001901,INDICATION,
CHEMBL1743006,EFO_1001951,INDICATION,
CHEMBL1743006,MONDO_0007254,INDICATION,
CHEMBL1743006,MONDO_0008903,INDICATION,
CHEMBL1743007,EFO_0000095,INDICATION,
CHEMBL1743007,EFO_0000183,INDICATION,
CHEMBL1743007,EFO_0000198,INDICATION,
CHEMBL1743007,EFO_0000203,INDICATION,
CHEMBL1743007,EFO_0000209,INDICATION,
CHEMBL1743007,EFO_0000220,INDICATION,
CHEMBL1743007,EFO_0000222,INDICATION,
CHEMBL1743007,EFO_0000349,INDICATION,
CHEMBL1743007,EFO_0000403,INDICATION,
CHEMBL1743007,EFO_0000519,INDICATION,
CHEMBL1743007,EFO_0000540,INDICATION,
CHEMBL1743007,EFO_0000574,INDICATION,
CHEMBL1743007,EFO_0000616,INDICATION,
CHEMBL1743007,EFO_0000673,INDICATION,
CHEMBL1743007,EFO_0001378,INDICATION,
CHEMBL1743007,EFO_0003060,INDICATION,
CHEMBL1743007,EFO_0003073,INDICATION,
CHEMBL1743007,EFO_0004255,INDICATION,
CHEMBL1743007,EFO_0004256,INDICATION,
CHEMBL1743007,EFO_0004599,INDICATION,
CHEMBL1743007,EFO_0005558,INDICATION,
CHEMBL1743007,EFO_0005761,INDICATION,
CHEMBL1743007,EFO_0005952,INDICATION,
CHEMBL1743007,EFO_0006475,INDICATION,
CHEMBL1743007,EFO_0006738,INDICATION,
CHEMBL1743007,EFO_0007160,INDICATION,
CHEMBL1743007,EFO_0009441,INDICATION,
CHEMBL1743007,EFO_1001051,INDICATION,
CHEMBL1743007,EFO_1001115,INDICATION,
CHEMBL1743007,EFO_1001469,INDICATION,
CHEMBL1743007,EFO_1001875,INDICATION,
CHEMBL1743007,EFO_1001951,INDICATION,
CHEMBL1743007,MONDO_0002462,INDICATION,
CHEMBL1743007,MONDO_0004975,INDICATION,
CHEMBL1743007,MONDO_0004992,INDICATION,
CHEMBL1743007,MONDO_0007915,INDICATION,
CHEMBL1743007,MONDO_0008315,INDICATION,
CHEMBL1743007,MONDO_0018904,INDICATION,
CHEMBL1743007,MONDO_0018906,INDICATION,
CHEMBL1743007,MONDO_0019438,INDICATION,
CHEMBL1743008,EFO_0000333,INDICATION,
CHEMBL1743008,EFO_0003060,INDICATION,
CHEMBL1743008,EFO_0005952,INDICATION,
CHEMBL1743008,EFO_1001951,INDICATION,
CHEMBL1743009,EFO_0000305,INDICATION,
CHEMBL1743009,EFO_0007228,INDICATION,
CHEMBL1743010,EFO_0000616,INDICATION,
CHEMBL1743010,EFO_0001378,INDICATION,
CHEMBL1743010,EFO_0003073,INDICATION,
CHEMBL1743010,EFO_0006475,INDICATION,
CHEMBL1743010,MONDO_0017287,INDICATION,
CHEMBL1743010,MONDO_0019438,INDICATION,
CHEMBL1743010,MONDO_0044881,INDICATION,
CHEMBL1743012,MONDO_0004979,INDICATION,
CHEMBL1743013,EFO_0002618,INDICATION,
CHEMBL1743015,EFO_0000384,INDICATION,
CHEMBL1743015,EFO_0000729,INDICATION,
CHEMBL1743016,EFO_0000571,INDICATION,
CHEMBL1743016,EFO_0000616,INDICATION,
CHEMBL1743016,EFO_1001100,INDICATION,
CHEMBL1743016,MONDO_0002158,INDICATION,
CHEMBL1743016,MONDO_0008170,INDICATION,
CHEMBL1743017,EFO_0000274,INDICATION,
CHEMBL1743017,EFO_0000676,INDICATION,
CHEMBL1743017,EFO_0000685,INDICATION,
CHEMBL1743018,EFO_0000181,INDICATION,
CHEMBL1743018,EFO_0000222,INDICATION,
CHEMBL1743018,EFO_0000519,INDICATION,
CHEMBL1743018,EFO_0000707,INDICATION,
CHEMBL1743018,EFO_0001378,INDICATION,
CHEMBL1743018,EFO_0002618,INDICATION,
CHEMBL1743018,EFO_0003060,INDICATION,
CHEMBL1743019,EFO_0000174,INDICATION,
CHEMBL1743019,EFO_0000673,INDICATION,
CHEMBL1743019,EFO_0000691,INDICATION,
CHEMBL1743019,EFO_0000702,INDICATION,
CHEMBL1743019,EFO_0000707,INDICATION,
CHEMBL1743019,EFO_0001378,INDICATION,
CHEMBL1743019,EFO_0003050,INDICATION,
CHEMBL1743019,EFO_0003060,INDICATION,
CHEMBL1743019,EFO_0003869,INDICATION,
CHEMBL1743019,EFO_0004142,INDICATION,
CHEMBL1743019,EFO_0006859,INDICATION,
CHEMBL1743019,MONDO_0004992,INDICATION,
CHEMBL1743019,MONDO_0007254,INDICATION,
CHEMBL1743019,MONDO_0021117,INDICATION,
CHEMBL1743020,EFO_0000384,INDICATION,
CHEMBL1743020,EFO_0004599,INDICATION,
CHEMBL1743020,EFO_0008520,INDICATION,
CHEMBL1743020,EFO_0008522,INDICATION,
CHEMBL1743020,MONDO_0100096,INDICATION,
CHEMBL1743022,EFO_0000404,INDICATION,
CHEMBL1743022,EFO_0000681,INDICATION,
CHEMBL1743022,EFO_0000768,INDICATION,
CHEMBL1743022,EFO_0000770,INDICATION,
CHEMBL1743022,EFO_0003060,INDICATION,
CHEMBL1743022,EFO_0003833,INDICATION,
CHEMBL1743022,EFO_0004236,INDICATION,
CHEMBL1743022,MONDO_0007254,INDICATION,
CHEMBL1743022,MONDO_0019019,INDICATION,
CHEMBL1743023,EFO_0003843,INDICATION,
CHEMBL1743023,EFO_1000783,INDICATION,
CHEMBL1743023,EFO_1000869,INDICATION,
CHEMBL1743023,MONDO_0005178,INDICATION,
CHEMBL1743024,EFO_0000174,INDICATION,
CHEMBL1743024,EFO_0000616,INDICATION,
CHEMBL1743024,EFO_0000691,INDICATION,
CHEMBL1743024,EFO_0000702,INDICATION,
CHEMBL1743024,EFO_0002618,INDICATION,
CHEMBL1743024,EFO_0002918,INDICATION,
CHEMBL1743024,EFO_0003060,INDICATION,
CHEMBL1743024,EFO_0003893,INDICATION,
CHEMBL1743024,EFO_0003968,INDICATION,
CHEMBL1743024,EFO_0005537,INDICATION,
CHEMBL1743024,MONDO_0004992,INDICATION,
CHEMBL1743024,MONDO_0007254,INDICATION,
CHEMBL1743025,MONDO_0004975,INDICATION,
CHEMBL1743026,EFO_0000685,INDICATION,
CHEMBL1743026,EFO_0003780,INDICATION,
CHEMBL1743026,EFO_0003894,INDICATION,
CHEMBL1743026,EFO_0009672,INDICATION,
CHEMBL1743026,EFO_1001231,INDICATION,
CHEMBL1743026,MONDO_0001718,INDICATION,
CHEMBL1743026,MONDO_0005147,INDICATION,
CHEMBL1743026,MONDO_0005148,INDICATION,
CHEMBL1743026,MONDO_0005178,INDICATION,
CHEMBL1743026,MONDO_0021063,INDICATION,
CHEMBL1743027,EFO_0000349,INDICATION,
CHEMBL1743027,EFO_0000681,INDICATION,
CHEMBL1743027,MONDO_0002367,INDICATION,
CHEMBL1743028,EFO_0000637,INDICATION,
CHEMBL1743028,EFO_0000708,INDICATION,
CHEMBL1743028,EFO_0000756,INDICATION,
CHEMBL1743028,MONDO_0007254,INDICATION,
CHEMBL1743029,EFO_0000180,INDICATION,
CHEMBL1743029,EFO_0000544,INDICATION,
CHEMBL1743029,EFO_0000763,INDICATION,
CHEMBL1743029,EFO_0000764,INDICATION,
CHEMBL1743030,EFO_0000616,INDICATION,
CHEMBL1743030,EFO_1000657,INDICATION,
CHEMBL1743030,MONDO_0007254,INDICATION,
CHEMBL1743030,MONDO_0021063,INDICATION,
CHEMBL1743031,EFO_0001378,INDICATION,
CHEMBL1743032,EFO_0000673,INDICATION,
CHEMBL1743032,EFO_0000756,INDICATION,
CHEMBL1743033,EFO_0004599,INDICATION,
CHEMBL1743033,EFO_0005809,INDICATION,
CHEMBL1743033,MONDO_0004979,INDICATION,
CHEMBL1743033,MONDO_0013730,INDICATION,
CHEMBL1743033,MONDO_0100096,INDICATION,
CHEMBL1743033,MP_0001845,INDICATION,
CHEMBL1743034,EFO_0000540,INDICATION,
CHEMBL1743034,EFO_0000676,INDICATION,
CHEMBL1743034,EFO_0000685,INDICATION,
CHEMBL1743034,EFO_0003778,INDICATION,
CHEMBL1743034,EFO_0003898,INDICATION,
CHEMBL1743034,EFO_0006818,INDICATION,
CHEMBL1743034,EFO_0007187,INDICATION,
CHEMBL1743034,EFO_0009856,INDICATION,
CHEMBL1743034,EFO_1001494,INDICATION,
CHEMBL1743034,MONDO_0002009,INDICATION,
CHEMBL1743034,MONDO_0005147,INDICATION,
CHEMBL1743034,MONDO_0100017,INDICATION,
CHEMBL1743034,MONDO_0100096,INDICATION,
CHEMBL1743035,EFO_0000274,INDICATION,
CHEMBL1743035,EFO_0000341,INDICATION,
CHEMBL1743035,EFO_0000768,INDICATION,
CHEMBL1743035,MONDO_0004979,INDICATION,
CHEMBL1743036,EFO_0000174,INDICATION,
CHEMBL1743036,EFO_0000621,INDICATION,
CHEMBL1743036,EFO_0000637,INDICATION,
CHEMBL1743036,EFO_0002918,INDICATION,
CHEMBL1743037,EFO_0000565,INDICATION,
CHEMBL1743037,EFO_0000621,INDICATION,
CHEMBL1743037,EFO_0000702,INDICATION,
CHEMBL1743037,EFO_0000760,INDICATION,
CHEMBL1743037,EFO_0001376,INDICATION,
CHEMBL1743037,EFO_0001378,INDICATION,
CHEMBL1743037,EFO_0002918,INDICATION,
CHEMBL1743037,MONDO_0006058,INDICATION,
CHEMBL1743038,EFO_0000095,INDICATION,
CHEMBL1743038,EFO_0000183,INDICATION,
CHEMBL1743038,EFO_0001378,INDICATION,
CHEMBL1743038,EFO_0005952,INDICATION,
CHEMBL1743038,MONDO_0018906,INDICATION,
CHEMBL1743039,EFO_0000685,INDICATION,
CHEMBL1743039,EFO_1001209,INDICATION,
CHEMBL1743039,MONDO_0100096,INDICATION,
CHEMBL1743040,EFO_0000095,INDICATION,
CHEMBL1743040,EFO_0000574,INDICATION,
CHEMBL1743040,EFO_0001378,INDICATION,
CHEMBL1743040,EFO_0006738,INDICATION,
CHEMBL1743041,EFO_0000182,INDICATION,
CHEMBL1743041,EFO_0000211,INDICATION,
CHEMBL1743041,EFO_0000313,INDICATION,
CHEMBL1743041,EFO_0000616,INDICATION,
CHEMBL1743041,EFO_0002913,INDICATION,
CHEMBL1743041,EFO_0003060,INDICATION,
CHEMBL1743041,EFO_0007527,INDICATION,
CHEMBL1743041,EFO_1000785,INDICATION,
CHEMBL1743041,EFO_1001051,INDICATION,
CHEMBL1743041,MONDO_0004979,INDICATION,
CHEMBL1743041,MONDO_0019471,INDICATION,
CHEMBL1743042,EFO_0005207,INDICATION,
CHEMBL1743042,EFO_0009715,INDICATION,
CHEMBL1743042,EFO_1001413,INDICATION,
CHEMBL1743043,EFO_0000095,INDICATION,
CHEMBL1743043,EFO_0000220,INDICATION,
CHEMBL1743043,EFO_0000565,INDICATION,
CHEMBL1743043,EFO_0000574,INDICATION,
CHEMBL1743043,EFO_0000616,INDICATION,
CHEMBL1743043,EFO_0005952,INDICATION,
CHEMBL1743043,EFO_1000956,INDICATION,
CHEMBL1743043,MONDO_0000870,INDICATION,
CHEMBL1743044,EFO_0000676,INDICATION,
CHEMBL1743044,EFO_0000685,INDICATION,
CHEMBL1743044,EFO_0003898,INDICATION,
CHEMBL1743044,MONDO_0019338,INDICATION,
CHEMBL1743045,EFO_0000681,INDICATION,
CHEMBL1743045,EFO_0003060,INDICATION,
CHEMBL1743045,EFO_0008528,INDICATION,
CHEMBL1743046,MONDO_0004992,INDICATION,
CHEMBL1743047,EFO_0000616,INDICATION,
CHEMBL1743047,EFO_0000707,INDICATION,
CHEMBL1743047,EFO_0000708,INDICATION,
CHEMBL1743047,EFO_0003060,INDICATION,
CHEMBL1743047,EFO_0009708,INDICATION,
CHEMBL1743048,EFO_0000095,INDICATION,
CHEMBL1743048,EFO_0000096,INDICATION,
CHEMBL1743048,EFO_0000183,INDICATION,
CHEMBL1743048,EFO_0000220,INDICATION,
CHEMBL1743048,EFO_0000309,INDICATION,
CHEMBL1743048,EFO_0000403,INDICATION,
CHEMBL1743048,EFO_0000565,INDICATION,
CHEMBL1743048,EFO_0000574,INDICATION,
CHEMBL1743048,EFO_0000616,INDICATION,
CHEMBL1743048,EFO_0003060,INDICATION,
CHEMBL1743048,EFO_0003086,INDICATION,
CHEMBL1743048,EFO_0003884,INDICATION,
CHEMBL1743048,EFO_0004236,INDICATION,
CHEMBL1743048,EFO_0004255,INDICATION,
CHEMBL1743048,EFO_0005761,INDICATION,
CHEMBL1743048,EFO_0005952,INDICATION,
CHEMBL1743048,EFO_0008528,INDICATION,
CHEMBL1743048,EFO_0009441,INDICATION,
CHEMBL1743048,EFO_1000956,INDICATION,
CHEMBL1743048,EFO_1001051,INDICATION,
CHEMBL1743048,EFO_1001469,INDICATION,
CHEMBL1743048,EFO_1001951,INDICATION,
CHEMBL1743048,MONDO_0001023,INDICATION,
CHEMBL1743048,MONDO_0004992,INDICATION,
CHEMBL1743048,MONDO_0007915,INDICATION,
CHEMBL1743048,MONDO_0013730,INDICATION,
CHEMBL1743048,MONDO_0018906,INDICATION,
CHEMBL1743049,EFO_0000519,INDICATION,
CHEMBL1743049,EFO_0000564,INDICATION,
CHEMBL1743049,EFO_0000616,INDICATION,
CHEMBL1743049,EFO_0000691,INDICATION,
CHEMBL1743049,EFO_0002618,INDICATION,
CHEMBL1743049,EFO_0003060,INDICATION,
CHEMBL1743049,EFO_0003893,INDICATION,
CHEMBL1743049,EFO_0009708,INDICATION,
CHEMBL1743049,EFO_1001968,INDICATION,
CHEMBL1743049,MONDO_0008315,INDICATION,
CHEMBL1743049,MONDO_0011719,INDICATION,
CHEMBL1743050,EFO_0000384,INDICATION,
CHEMBL1743050,EFO_0000540,INDICATION,
CHEMBL1743050,EFO_0000685,INDICATION,
CHEMBL1743050,MONDO_0005178,INDICATION,
CHEMBL1743050,MONDO_0100096,INDICATION,
CHEMBL1743051,EFO_0000182,INDICATION,
CHEMBL1743051,EFO_0000519,INDICATION,
CHEMBL1743051,EFO_0000616,INDICATION,
CHEMBL1743051,EFO_0003060,INDICATION,
CHEMBL1743051,EFO_1001951,INDICATION,
CHEMBL1743051,MONDO_0001056,INDICATION,
CHEMBL1743051,MONDO_0004992,INDICATION,
CHEMBL1743051,MONDO_0007254,INDICATION,
CHEMBL1743051,MONDO_0008903,INDICATION,
CHEMBL1743052,EFO_0000294,INDICATION,
CHEMBL1743052,EFO_0000616,INDICATION,
CHEMBL1743052,MONDO_0001187,INDICATION,
CHEMBL1743053,EFO_0000685,INDICATION,
CHEMBL1743053,EFO_1001466,INDICATION,
CHEMBL1743053,MONDO_0005147,INDICATION,
CHEMBL1743054,EFO_0000685,INDICATION,
CHEMBL1743056,EFO_0000685,INDICATION,
CHEMBL1743057,EFO_0000685,INDICATION,
CHEMBL1743058,EFO_0006790,INDICATION,
CHEMBL1743058,MONDO_0004975,INDICATION,
CHEMBL1743059,EFO_0000621,INDICATION,
CHEMBL1743059,EFO_0003060,INDICATION,
CHEMBL1743062,EFO_0000178,INDICATION,
CHEMBL1743062,EFO_0000181,INDICATION,
CHEMBL1743062,EFO_0000182,INDICATION,
CHEMBL1743062,EFO_0000228,INDICATION,
CHEMBL1743062,EFO_0000326,INDICATION,
CHEMBL1743062,EFO_0000389,INDICATION,
CHEMBL1743062,EFO_0000503,INDICATION,
CHEMBL1743062,EFO_0000519,INDICATION,
CHEMBL1743062,EFO_0000588,INDICATION,
CHEMBL1743062,EFO_0000616,INDICATION,
CHEMBL1743062,EFO_0000681,INDICATION,
CHEMBL1743062,EFO_0000708,INDICATION,
CHEMBL1743062,EFO_0000756,INDICATION,
CHEMBL1743062,EFO_0001376,INDICATION,
CHEMBL1743062,EFO_0002618,INDICATION,
CHEMBL1743062,EFO_0002916,INDICATION,
CHEMBL1743062,EFO_0003060,INDICATION,
CHEMBL1743062,EFO_0003897,INDICATION,
CHEMBL1743062,EFO_0004243,INDICATION,
CHEMBL1743062,EFO_0005922,INDICATION,
CHEMBL1743062,EFO_0005952,INDICATION,
CHEMBL1743062,EFO_0008528,INDICATION,
CHEMBL1743062,EFO_1000576,INDICATION,
CHEMBL1743062,EFO_1000581,INDICATION,
CHEMBL1743062,EFO_1000657,INDICATION,
CHEMBL1743062,EFO_1000895,INDICATION,
CHEMBL1743062,EFO_1001469,INDICATION,
CHEMBL1743062,EFO_1001951,INDICATION,
CHEMBL1743062,EFO_1001961,INDICATION,
CHEMBL1743062,MONDO_0001056,INDICATION,
CHEMBL1743062,MONDO_0003060,INDICATION,
CHEMBL1743062,MONDO_0004992,INDICATION,
CHEMBL1743062,MONDO_0005411,INDICATION,
CHEMBL1743062,MONDO_0007254,INDICATION,
CHEMBL1743062,MONDO_0007576,INDICATION,
CHEMBL1743062,MONDO_0008315,INDICATION,
CHEMBL1743062,MONDO_0021063,INDICATION,
CHEMBL1743063,EFO_0000588,INDICATION,
CHEMBL1743063,EFO_0000681,INDICATION,
CHEMBL1743063,EFO_0000702,INDICATION,
CHEMBL1743063,EFO_0000708,INDICATION,
CHEMBL1743063,EFO_1001465,INDICATION,
CHEMBL1743063,MONDO_0001056,INDICATION,
CHEMBL1743063,MONDO_0008315,INDICATION,
CHEMBL1743063,MONDO_0100342,INDICATION,
CHEMBL1743064,EFO_0000616,INDICATION,
CHEMBL1743064,EFO_1001951,INDICATION,
CHEMBL1743066,MONDO_0007915,INDICATION,
CHEMBL1743067,EFO_0000095,INDICATION,
CHEMBL1743067,EFO_0000222,INDICATION,
CHEMBL1743067,EFO_0000616,INDICATION,
CHEMBL1743067,EFO_0001378,INDICATION,
CHEMBL1743068,EFO_0000274,INDICATION,
CHEMBL1743068,EFO_0000384,INDICATION,
CHEMBL1743068,EFO_0000540,INDICATION,
CHEMBL1743068,EFO_0000676,INDICATION,
CHEMBL1743068,EFO_0000685,INDICATION,
CHEMBL1743068,EFO_0000706,INDICATION,
CHEMBL1743068,EFO_0003778,INDICATION,
CHEMBL1743068,EFO_0003780,INDICATION,
CHEMBL1743068,EFO_0003898,INDICATION,
CHEMBL1743068,EFO_0003929,INDICATION,
CHEMBL1743068,EFO_0004192,INDICATION,
CHEMBL1743068,EFO_0005761,INDICATION,
CHEMBL1743068,EFO_0008518,INDICATION,
CHEMBL1743068,EFO_0009856,INDICATION,
CHEMBL1743068,EFO_1000710,INDICATION,
CHEMBL1743068,EFO_1000738,INDICATION,
CHEMBL1743068,EFO_1000760,INDICATION,
CHEMBL1743068,EFO_1000906,INDICATION,
CHEMBL1743068,EFO_1001209,INDICATION,
CHEMBL1743068,EFO_1001231,INDICATION,
CHEMBL1743068,EFO_1001434,INDICATION,
CHEMBL1743068,EFO_1001466,INDICATION,
CHEMBL1743068,EFO_1001494,INDICATION,
CHEMBL1743068,MONDO_0004979,INDICATION,
CHEMBL1743068,MONDO_0005147,INDICATION,
CHEMBL1743068,MONDO_0005178,INDICATION,
CHEMBL1743068,MONDO_0005301,INDICATION,
CHEMBL1743068,MONDO_0019558,INDICATION,
CHEMBL1743068,MONDO_0100017,INDICATION,
CHEMBL1743068,MONDO_0100096,INDICATION,
CHEMBL1743069,EFO_0000398,INDICATION,
CHEMBL1743069,EFO_0000676,INDICATION,
CHEMBL1743069,MONDO_0007915,INDICATION,
CHEMBL1743070,EFO_0000198,INDICATION,
CHEMBL1743070,EFO_0000203,INDICATION,
CHEMBL1743070,EFO_0000222,INDICATION,
CHEMBL1743070,EFO_0000540,INDICATION,
CHEMBL1743070,EFO_0000565,INDICATION,
CHEMBL1743070,EFO_0000673,INDICATION,
CHEMBL1743070,EFO_0000681,INDICATION,
CHEMBL1743070,EFO_0001378,INDICATION,
CHEMBL1743070,EFO_0001663,INDICATION,
CHEMBL1743070,EFO_0005952,INDICATION,
CHEMBL1743070,EFO_1001332,INDICATION,
CHEMBL1743070,MONDO_0002367,INDICATION,
CHEMBL1743070,MONDO_0005090,INDICATION,
CHEMBL1743070,MONDO_0005147,INDICATION,
CHEMBL1743070,MONDO_0008315,INDICATION,
CHEMBL1743070,MONDO_0015564,INDICATION,
CHEMBL1743070,MONDO_0100096,INDICATION,
CHEMBL1743071,EFO_0000540,INDICATION,
CHEMBL1743071,EFO_0000685,INDICATION,
CHEMBL1743071,EFO_0003834,INDICATION,
CHEMBL1743071,EFO_0005761,INDICATION,
CHEMBL1743071,EFO_0008518,INDICATION,
CHEMBL1743071,EFO_1001209,INDICATION,
CHEMBL1743071,MONDO_0002009,INDICATION,
CHEMBL1743071,MONDO_0004979,INDICATION,
CHEMBL1743071,MONDO_0007915,INDICATION,
CHEMBL1743071,MONDO_0100096,INDICATION,
CHEMBL1743072,MONDO_0004975,INDICATION,
CHEMBL1743073,EFO_0001361,INDICATION,
CHEMBL1743073,EFO_0001378,INDICATION,
CHEMBL1743073,EFO_0004272,INDICATION,
CHEMBL1743073,MONDO_0016486,INDICATION,
CHEMBL1743073,MONDO_0016487,INDICATION,
CHEMBL1743073,MONDO_0044903,INDICATION,
CHEMBL1743075,EFO_0000685,INDICATION,
CHEMBL1743075,EFO_0001378,INDICATION,
CHEMBL1743075,EFO_0003884,INDICATION,
CHEMBL1743075,EFO_0003929,INDICATION,
CHEMBL1743075,MONDO_0007915,INDICATION,
CHEMBL1743078,EFO_0000676,INDICATION,
CHEMBL1743078,EFO_0002546,INDICATION,
CHEMBL1743078,MONDO_0005147,INDICATION,
CHEMBL1743079,EFO_0000404,INDICATION,
CHEMBL1743079,EFO_0000540,INDICATION,
CHEMBL1743079,EFO_0000616,INDICATION,
CHEMBL1743079,EFO_0000691,INDICATION,
CHEMBL1743079,EFO_0003060,INDICATION,
CHEMBL1743079,EFO_1001466,INDICATION,
CHEMBL1743079,MONDO_0007254,INDICATION,
CHEMBL1743080,EFO_0000182,INDICATION,
CHEMBL1743080,EFO_0000574,INDICATION,
CHEMBL1743080,EFO_0002618,INDICATION,
CHEMBL1743080,EFO_0003060,INDICATION,
CHEMBL1743080,EFO_0004142,INDICATION,
CHEMBL1743080,MONDO_0004992,INDICATION,
CHEMBL1743080,MONDO_0008170,INDICATION,
CHEMBL1743081,EFO_0000274,INDICATION,
CHEMBL1743081,EFO_0000729,INDICATION,
CHEMBL1743081,EFO_0000768,INDICATION,
CHEMBL1743081,EFO_0002618,INDICATION,
CHEMBL1743081,EFO_0004192,INDICATION,
CHEMBL1743081,MONDO_0004979,INDICATION,
CHEMBL1743082,EFO_0000305,INDICATION,
CHEMBL1743082,EFO_0000616,INDICATION,
CHEMBL1743082,EFO_0001378,INDICATION,
CHEMBL1743082,EFO_0003060,INDICATION,
CHEMBL1743082,EFO_0003869,INDICATION,
CHEMBL1743082,EFO_0009708,INDICATION,
CHEMBL1743082,EFO_1000294,INDICATION,
CHEMBL1743082,EFO_1000984,INDICATION,
CHEMBL1743082,MONDO_0000521,INDICATION,
CHEMBL1743082,MONDO_0001056,INDICATION,
CHEMBL1743082,MONDO_0004669,INDICATION,
CHEMBL1743082,MONDO_0004992,INDICATION,
CHEMBL1743082,MONDO_0007254,INDICATION,
CHEMBL1743082,MONDO_0008170,INDICATION,
CHEMBL1743082,MONDO_0011962,INDICATION,
CHEMBL1743083,EFO_0000685,INDICATION,
CHEMBL1743083,EFO_1001494,INDICATION,
CHEMBL1743085,EFO_0000096,INDICATION,
CHEMBL1743085,EFO_0000565,INDICATION,
CHEMBL1743085,EFO_0000616,INDICATION,
CHEMBL1743085,EFO_0000756,INDICATION,
CHEMBL1743085,EFO_0001378,INDICATION,
CHEMBL1743085,EFO_0002618,INDICATION,
CHEMBL1743085,EFO_0003060,INDICATION,
CHEMBL1743085,EFO_0005952,INDICATION,
CHEMBL1743085,EFO_1001465,INDICATION,
CHEMBL1743085,MONDO_0004992,INDICATION,
CHEMBL1743086,EFO_0000729,INDICATION,
CHEMBL1743086,EFO_0003929,INDICATION,
CHEMBL1743087,EFO_0000180,INDICATION,
CHEMBL1743087,EFO_0000384,INDICATION,
CHEMBL1743087,EFO_0000540,INDICATION,
CHEMBL1743087,EFO_0000544,INDICATION,
CHEMBL1743087,EFO_0000729,INDICATION,
CHEMBL1743087,EFO_0000756,INDICATION,
CHEMBL1743087,EFO_0000764,INDICATION,
CHEMBL1743087,EFO_0001060,INDICATION,
CHEMBL1743087,EFO_0003767,INDICATION,
CHEMBL1743087,EFO_0003872,INDICATION,
CHEMBL1743087,MONDO_0005147,INDICATION,
CHEMBL1743088,EFO_0000095,INDICATION,
CHEMBL1743088,EFO_0000220,INDICATION,
CHEMBL1743088,EFO_0000403,INDICATION,
CHEMBL1743088,EFO_0000574,INDICATION,
CHEMBL1743088,EFO_0000685,INDICATION,
CHEMBL1743088,EFO_0005952,INDICATION,
CHEMBL1743088,EFO_0007160,INDICATION,
CHEMBL1743088,MONDO_0000432,INDICATION,
CHEMBL1743088,MONDO_0018906,INDICATION,
CHEMBL1743089,MONDO_0004992,INDICATION,
CHEMBL1743259,MONDO_0002009,INDICATION,
CHEMBL1743260,EFO_0000756,INDICATION,
CHEMBL1743260,EFO_0003060,INDICATION,
CHEMBL1743260,EFO_0003833,INDICATION,
CHEMBL1743260,EFO_1000158,INDICATION,
CHEMBL1743260,MONDO_0008170,INDICATION,
CHEMBL1743260,MONDO_0008903,INDICATION,
CHEMBL1743261,EFO_0005230,INDICATION,
CHEMBL1743263,MONDO_0005180,INDICATION,
CHEMBL1743323,EFO_0000764,INDICATION,
CHEMBL1743757,EFO_0004220,INDICATION,
CHEMBL1744033,EFO_0000574,INDICATION,
CHEMBL1744447,EFO_0000400,INDICATION,
CHEMBL1744447,EFO_0000537,INDICATION,
CHEMBL1744447,EFO_0000616,INDICATION,
CHEMBL1744447,EFO_0001645,INDICATION,
CHEMBL1744447,EFO_0003144,INDICATION,
CHEMBL1744447,EFO_0003914,INDICATION,
CHEMBL1744447,EFO_0004211,INDICATION,
CHEMBL1744447,EFO_0004239,INDICATION,
CHEMBL1744447,EFO_0004911,INDICATION,
CHEMBL1744447,EFO_0005672,INDICATION,
CHEMBL1744447,MONDO_0005147,INDICATION,
CHEMBL1744447,MONDO_0005148,INDICATION,
CHEMBL1744447,MONDO_0018473,INDICATION,
CHEMBL1744447,MONDO_0021187,INDICATION,
CHEMBL1744447,Orphanet_309005,INDICATION,
CHEMBL1744447,Orphanet_79211,INDICATION,
CHEMBL1746,EFO_0000198,INDICATION,
CHEMBL1746,EFO_0000565,INDICATION,
CHEMBL1746,EFO_0000574,INDICATION,
CHEMBL1746,EFO_0000764,INDICATION,
CHEMBL1746,EFO_0007193,INDICATION,
CHEMBL1746,EFO_0007409,INDICATION,
CHEMBL1746,EFO_0008525,INDICATION,
CHEMBL1746,EFO_1000049,INDICATION,
CHEMBL1746,MONDO_0004739,INDICATION,
CHEMBL1746,MONDO_0004976,INDICATION,
CHEMBL1746,MONDO_0007739,INDICATION,
CHEMBL1746,MONDO_0008815,INDICATION,
CHEMBL1746,MONDO_0009061,INDICATION,
CHEMBL1746,MONDO_0015991,INDICATION,
CHEMBL1746,MONDO_0019169,INDICATION,
CHEMBL1746,MONDO_0020077,INDICATION,
CHEMBL1746,Orphanet_79167,INDICATION,
CHEMBL1746,Orphanet_98757,INDICATION,
CHEMBL1747,EFO_0000400,CONTRAINDICATION,
CHEMBL1747,EFO_0000544,INDICATION,
CHEMBL1747,EFO_0000771,INDICATION,
CHEMBL1747,EFO_0001076,INDICATION,
CHEMBL1747,EFO_0002623,INDICATION,
CHEMBL1747,EFO_0003086,CONTRAINDICATION,
CHEMBL1747,EFO_0003102,INDICATION,
CHEMBL1747,EFO_0003106,INDICATION,
CHEMBL1747,EFO_0003884,INDICATION,
CHEMBL1747,EFO_0003931,INDICATION,
CHEMBL1747,EFO_0004190,CONTRAINDICATION,
CHEMBL1747,EFO_0004991,CONTRAINDICATION,
CHEMBL1747,EFO_0005681,INDICATION,
CHEMBL1747,EFO_0007141,INDICATION,
CHEMBL1747,EFO_0007308,CONTRAINDICATION,
CHEMBL1747,EFO_0007403,CONTRAINDICATION,
CHEMBL1747,EFO_0007470,INDICATION,
CHEMBL1747,EFO_0007486,INDICATION,
CHEMBL1747,EFO_0007496,INDICATION,
CHEMBL1747,EFO_0009536,INDICATION,
CHEMBL1747,EFO_1000760,INDICATION,
CHEMBL1747,EFO_1000811,INDICATION,
CHEMBL1747,EFO_1000829,INDICATION,
CHEMBL1747,EFO_1000831,INDICATION,
CHEMBL1747,EFO_1000906,INDICATION,
CHEMBL1747,EFO_1001069,CONTRAINDICATION,
CHEMBL1747,EFO_1001070,CONTRAINDICATION,
CHEMBL1747,EFO_1001231,INDICATION,
CHEMBL1747,EFO_1001272,INDICATION,
CHEMBL1747,EFO_1001318,INDICATION,
CHEMBL1747,EFO_1001459,INDICATION,
CHEMBL1747,EFO_1001888,CONTRAINDICATION,
CHEMBL1747,MONDO_0002307,INDICATION,
CHEMBL1747,MONDO_0004768,INDICATION,
CHEMBL1747,MONDO_0005041,CONTRAINDICATION,
CHEMBL1747,MONDO_0005129,INDICATION,
CHEMBL1747,MONDO_0005247,INDICATION,
CHEMBL1747,MONDO_0009061,INDICATION,
CHEMBL1747,MONDO_0018100,CONTRAINDICATION,
CHEMBL1747,MONDO_0019091,INDICATION,
CHEMBL1747,MONDO_0020944,CONTRAINDICATION,
CHEMBL1747,MONDO_0020950,CONTRAINDICATION,
CHEMBL1747,MONDO_0021095,CONTRAINDICATION,
CHEMBL1747,MONDO_0024355,INDICATION,
CHEMBL1747,MONDO_0043885,CONTRAINDICATION,
CHEMBL1747,MP_0001845,INDICATION,
CHEMBL1749,EFO_0000400,INDICATION,
CHEMBL1749,EFO_0000556,INDICATION,
CHEMBL1749,EFO_0000612,INDICATION,
CHEMBL1749,EFO_0003966,INDICATION,
CHEMBL1749,EFO_0004265,INDICATION,
CHEMBL175,EFO_0000685,INDICATION,
CHEMBL175,EFO_0003843,INDICATION,
CHEMBL175,EFO_0005755,INDICATION,
CHEMBL175,EFO_0009550,INDICATION,
CHEMBL175,MONDO_0005178,INDICATION,
CHEMBL1750,EFO_0000095,INDICATION,
CHEMBL1750,EFO_0000096,INDICATION,
CHEMBL1750,EFO_0000183,INDICATION,
CHEMBL1750,EFO_0000198,INDICATION,
CHEMBL1750,EFO_0000220,INDICATION,
CHEMBL1750,EFO_0000222,INDICATION,
CHEMBL1750,EFO_0000224,INDICATION,
CHEMBL1750,EFO_0000339,INDICATION,
CHEMBL1750,EFO_0000565,INDICATION,
CHEMBL1750,EFO_0000574,INDICATION,
CHEMBL1750,EFO_0000616,INDICATION,
CHEMBL1750,EFO_0000771,CONTRAINDICATION,
CHEMBL1750,EFO_0001378,INDICATION,
CHEMBL1750,EFO_0004289,INDICATION,
CHEMBL1750,EFO_0005251,CONTRAINDICATION,
CHEMBL1750,EFO_0005803,INDICATION,
CHEMBL1750,EFO_0005952,INDICATION,
CHEMBL1750,EFO_1000318,INDICATION,
CHEMBL1750,EFO_1001284,CONTRAINDICATION,
CHEMBL1750,EFO_1001779,INDICATION,
CHEMBL1750,EFO_1002048,CONTRAINDICATION,
CHEMBL1750,MONDO_0000873,INDICATION,
CHEMBL1750,MONDO_0002041,CONTRAINDICATION,
CHEMBL1750,MONDO_0002280,CONTRAINDICATION,
CHEMBL1750,MONDO_0004992,INDICATION,
CHEMBL1750,MONDO_0013730,INDICATION,
CHEMBL1750,MONDO_0015760,INDICATION,
CHEMBL1750,MONDO_0017198,INDICATION,
CHEMBL1751,EFO_0000198,INDICATION,
CHEMBL1751,EFO_0000222,INDICATION,
CHEMBL1751,EFO_0000275,INDICATION,
CHEMBL1751,EFO_0000319,INDICATION,
CHEMBL1751,EFO_0000373,INDICATION,
CHEMBL1751,EFO_0000400,INDICATION,
CHEMBL1751,EFO_0000474,INDICATION,
CHEMBL1751,EFO_0000544,INDICATION,
CHEMBL1751,EFO_0000558,INDICATION,
CHEMBL1751,EFO_0000612,CONTRAINDICATION,
CHEMBL1751,EFO_0000616,INDICATION,
CHEMBL1751,EFO_0000685,INDICATION,
CHEMBL1751,EFO_0000756,INDICATION,
CHEMBL1751,EFO_0000764,INDICATION,
CHEMBL1751,EFO_0001062,INDICATION,
CHEMBL1751,EFO_0001073,INDICATION,
CHEMBL1751,EFO_0002496,INDICATION,
CHEMBL1751,EFO_0002630,CONTRAINDICATION,
CHEMBL1751,EFO_0003047,INDICATION,
CHEMBL1751,EFO_0003060,INDICATION,
CHEMBL1751,EFO_0003086,CONTRAINDICATION,
CHEMBL1751,EFO_0003144,INDICATION,
CHEMBL1751,EFO_0003843,INDICATION,
CHEMBL1751,EFO_0003869,INDICATION,
CHEMBL1751,EFO_0003890,INDICATION,
CHEMBL1751,EFO_0004239,INDICATION,
CHEMBL1751,EFO_0004287,CONTRAINDICATION,
CHEMBL1751,EFO_0006859,INDICATION,
CHEMBL1751,EFO_0006911,INDICATION,
CHEMBL1751,EFO_0007328,INDICATION,
CHEMBL1751,EFO_0009609,CONTRAINDICATION,
CHEMBL1751,EFO_1000359,INDICATION,
CHEMBL1751,EFO_1000878,CONTRAINDICATION,
CHEMBL1751,EFO_1001055,CONTRAINDICATION,
CHEMBL1751,EFO_1001249,INDICATION,
CHEMBL1751,EFO_1001450,CONTRAINDICATION,
CHEMBL1751,EFO_1001984,CONTRAINDICATION,
CHEMBL1751,MONDO_0000465,CONTRAINDICATION,
CHEMBL1751,MONDO_0001134,INDICATION,
CHEMBL1751,MONDO_0001566,CONTRAINDICATION,
CHEMBL1751,MONDO_0001823,CONTRAINDICATION,
CHEMBL1751,MONDO_0002009,INDICATION,
CHEMBL1751,MONDO_0002050,INDICATION,
CHEMBL1751,MONDO_0004596,CONTRAINDICATION,
CHEMBL1751,MONDO_0005148,INDICATION,
CHEMBL1751,MONDO_0007254,INDICATION,
CHEMBL1751,MONDO_0008315,INDICATION,
CHEMBL1751,MONDO_0008667,INDICATION,
CHEMBL1751,MONDO_0018100,CONTRAINDICATION,
CHEMBL1751,MONDO_0019623,INDICATION,
CHEMBL1751,MP_0001845,INDICATION,
CHEMBL1752,EFO_0000217,CONTRAINDICATION,
CHEMBL1752,EFO_0000319,CONTRAINDICATION,
CHEMBL1752,EFO_0000400,CONTRAINDICATION,
CHEMBL1752,EFO_0000464,INDICATION,
CHEMBL1752,EFO_0000537,CONTRAINDICATION,
CHEMBL1752,EFO_0000612,CONTRAINDICATION,
CHEMBL1752,EFO_0001645,CONTRAINDICATION,
CHEMBL1752,EFO_0003086,CONTRAINDICATION,
CHEMBL1752,EFO_0003777,CONTRAINDICATION,
CHEMBL1752,EFO_0003877,CONTRAINDICATION,
CHEMBL1752,EFO_0005407,CONTRAINDICATION,
CHEMBL1752,EFO_0006505,INDICATION,
CHEMBL1752,EFO_0009189,CONTRAINDICATION,
CHEMBL1752,EFO_1001375,CONTRAINDICATION,
CHEMBL1752,MONDO_0001744,CONTRAINDICATION,
CHEMBL1752,MONDO_0002050,CONTRAINDICATION,
CHEMBL1752,MONDO_0002280,CONTRAINDICATION,
CHEMBL1752,MONDO_0002491,CONTRAINDICATION,
CHEMBL1752,MONDO_0004247,CONTRAINDICATION,
CHEMBL1752,MONDO_0004596,CONTRAINDICATION,
CHEMBL1752,MONDO_0004979,INDICATION,
CHEMBL1752,MONDO_0005041,CONTRAINDICATION,
CHEMBL1752,MONDO_0007079,CONTRAINDICATION,
CHEMBL1752,MONDO_0037821,CONTRAINDICATION,
CHEMBL1752,MONDO_0100192,CONTRAINDICATION,
CHEMBL175247,EFO_0000195,INDICATION,
CHEMBL175247,EFO_0000545,INDICATION,
CHEMBL175247,EFO_0000660,INDICATION,
CHEMBL175247,EFO_0001073,INDICATION,
CHEMBL175247,EFO_0005204,CONTRAINDICATION,
CHEMBL175247,EFO_1000905,CONTRAINDICATION,
CHEMBL175247,MONDO_0001751,CONTRAINDICATION,
CHEMBL175247,MONDO_0002474,CONTRAINDICATION,
CHEMBL175247,MONDO_0005351,CONTRAINDICATION,
CHEMBL175247,MONDO_0024298,CONTRAINDICATION,
CHEMBL175247,MONDO_0100192,CONTRAINDICATION,
CHEMBL175247,Orphanet_411,INDICATION,
CHEMBL1753,EFO_0000544,INDICATION,
CHEMBL1753,EFO_0000701,INDICATION,
CHEMBL1753,EFO_0000771,INDICATION,
CHEMBL1753,EFO_0001068,INDICATION,
CHEMBL1753,EFO_0003102,INDICATION,
CHEMBL1753,EFO_0003106,INDICATION,
CHEMBL1753,EFO_0003843,INDICATION,
CHEMBL1753,EFO_0003894,INDICATION,
CHEMBL1753,EFO_0003932,INDICATION,
CHEMBL1753,EFO_0004253,INDICATION,
CHEMBL1753,EFO_0005681,INDICATION,
CHEMBL1753,EFO_0007448,INDICATION,
CHEMBL1753,EFO_0007543,INDICATION,
CHEMBL1753,EFO_1001121,INDICATION,
CHEMBL1753,EFO_1001312,INDICATION,
CHEMBL1753,EFO_1001391,INDICATION,
CHEMBL1753,MONDO_0002234,INDICATION,
CHEMBL1753,MONDO_0007254,INDICATION,
CHEMBL1753,MONDO_0100096,INDICATION,
CHEMBL1754,EFO_0000341,CONTRAINDICATION,
CHEMBL1754,EFO_0000474,CONTRAINDICATION,
CHEMBL1754,EFO_0000684,INDICATION,
CHEMBL1754,EFO_0000712,CONTRAINDICATION,
CHEMBL1754,EFO_0003086,CONTRAINDICATION,
CHEMBL1754,EFO_0003818,INDICATION,
CHEMBL1754,EFO_0004262,INDICATION,
CHEMBL1754,EFO_0005251,CONTRAINDICATION,
CHEMBL1754,EFO_0009189,CONTRAINDICATION,
CHEMBL1754,EFO_0009448,CONTRAINDICATION,
CHEMBL1754,EFO_1000845,CONTRAINDICATION,
CHEMBL1754,MONDO_0002076,CONTRAINDICATION,
CHEMBL1754,MONDO_0004979,CONTRAINDICATION,
CHEMBL1754,MONDO_0008233,CONTRAINDICATION,
CHEMBL1754,MONDO_0021661,CONTRAINDICATION,
CHEMBL1755,EFO_0000319,INDICATION,
CHEMBL1755,EFO_0001421,INDICATION,
CHEMBL1755,EFO_0001422,INDICATION,
CHEMBL1755,EFO_0003144,INDICATION,
CHEMBL1755,MONDO_0043510,INDICATION,
CHEMBL1756,EFO_0000313,INDICATION,
CHEMBL1756,EFO_0000574,INDICATION,
CHEMBL1756,EFO_0000673,INDICATION,
CHEMBL1756,MONDO_0002367,INDICATION,
CHEMBL1756,MONDO_0007254,INDICATION,
CHEMBL1756,MONDO_0008315,INDICATION,
CHEMBL175691,EFO_0000180,INDICATION,
CHEMBL175691,EFO_0000763,INDICATION,
CHEMBL175691,EFO_0000764,INDICATION,
CHEMBL175691,EFO_0000765,INDICATION,
CHEMBL175691,EFO_0001073,CONTRAINDICATION,
CHEMBL175691,EFO_0002614,INDICATION,
CHEMBL175691,EFO_0003047,INDICATION,
CHEMBL175691,EFO_0003086,CONTRAINDICATION,
CHEMBL175691,EFO_0004239,CONTRAINDICATION,
CHEMBL175691,EFO_0005307,CONTRAINDICATION,
CHEMBL175691,EFO_1000036,CONTRAINDICATION,
CHEMBL175691,MONDO_0000313,CONTRAINDICATION,
CHEMBL175691,MONDO_0001083,CONTRAINDICATION,
CHEMBL175691,MONDO_0004790,CONTRAINDICATION,
CHEMBL175691,MONDO_0019171,CONTRAINDICATION,
CHEMBL175691,MONDO_0100192,CONTRAINDICATION,
CHEMBL1757,DOID_7551,INDICATION,
CHEMBL1757,EFO_0000544,INDICATION,
CHEMBL1757,EFO_0000771,INDICATION,
CHEMBL1757,EFO_0001076,INDICATION,
CHEMBL1757,EFO_0003086,CONTRAINDICATION,
CHEMBL1757,EFO_0003102,INDICATION,
CHEMBL1757,EFO_0003103,INDICATION,
CHEMBL1757,EFO_0003921,INDICATION,
CHEMBL1757,EFO_0005681,INDICATION,
CHEMBL1757,EFO_0007149,INDICATION,
CHEMBL1757,EFO_1001141,INDICATION,
CHEMBL1757,EFO_1001272,INDICATION,
CHEMBL1757,MONDO_0000870,INDICATION,
CHEMBL1757,MONDO_0004992,INDICATION,
CHEMBL176,EFO_0000771,INDICATION,
CHEMBL176,EFO_0003102,INDICATION,
CHEMBL1760,EFO_0000341,INDICATION,
CHEMBL1760,EFO_0000400,CONTRAINDICATION,
CHEMBL1760,EFO_0000464,INDICATION,
CHEMBL1760,EFO_0000474,CONTRAINDICATION,
CHEMBL1760,EFO_0000537,CONTRAINDICATION,
CHEMBL1760,EFO_0005762,INDICATION,
CHEMBL1760,EFO_0007160,INDICATION,
CHEMBL1760,EFO_0009189,CONTRAINDICATION,
CHEMBL1760,EFO_0009661,INDICATION,
CHEMBL1760,EFO_1000906,INDICATION,
CHEMBL1760,EFO_1001134,CONTRAINDICATION,
CHEMBL1760,EFO_1001375,CONTRAINDICATION,
CHEMBL1760,EFO_1001754,CONTRAINDICATION,
CHEMBL1760,MONDO_0004822,OFF_LABEL_USE,
CHEMBL1760,MONDO_0004979,INDICATION,
CHEMBL1760,MONDO_0005147,INDICATION,
CHEMBL1761322,EFO_0000537,INDICATION,
CHEMBL1761322,EFO_0003875,INDICATION,
CHEMBL1762,EFO_0004269,INDICATION,
CHEMBL1762621,EFO_0000401,INDICATION,
CHEMBL1762621,EFO_0000756,INDICATION,
CHEMBL1762621,EFO_0001361,INDICATION,
CHEMBL1762621,EFO_0001421,INDICATION,
CHEMBL1762621,EFO_0001642,INDICATION,
CHEMBL1762621,EFO_0002618,INDICATION,
CHEMBL1762621,EFO_0003884,INDICATION,
CHEMBL1762621,EFO_1001496,INDICATION,
CHEMBL1762621,MONDO_0005149,INDICATION,
CHEMBL1762621,MONDO_0018965,INDICATION,
CHEMBL1762621,MONDO_0100096,INDICATION,
CHEMBL1763,EFO_0000319,INDICATION,
CHEMBL1763,EFO_0000474,CONTRAINDICATION,
CHEMBL1763,EFO_0000537,INDICATION,
CHEMBL1763,EFO_0000729,CONTRAINDICATION,
CHEMBL1763,EFO_0003086,CONTRAINDICATION,
CHEMBL1763,EFO_0004799,CONTRAINDICATION,
CHEMBL1763,MONDO_0002050,CONTRAINDICATION,
CHEMBL1763,MONDO_0004247,CONTRAINDICATION,
CHEMBL1764,EFO_0000474,CONTRAINDICATION,
CHEMBL1764,EFO_0000612,CONTRAINDICATION,
CHEMBL1764,EFO_0001073,CONTRAINDICATION,
CHEMBL1764,EFO_0005230,INDICATION,
CHEMBL1764,EFO_0005252,CONTRAINDICATION,
CHEMBL1764,EFO_0005307,CONTRAINDICATION,
CHEMBL1764,EFO_0005407,INDICATION,
CHEMBL1764,EFO_0007319,CONTRAINDICATION,
CHEMBL1764,EFO_1001375,CONTRAINDICATION,
CHEMBL1764,EFO_1001379,CONTRAINDICATION,
CHEMBL1764,MONDO_0002050,INDICATION,
CHEMBL1764,MONDO_0002280,CONTRAINDICATION,
CHEMBL1764,MONDO_0005041,CONTRAINDICATION,
CHEMBL1764,MONDO_0005090,INDICATION,
CHEMBL1764,MONDO_0007079,CONTRAINDICATION,
CHEMBL1764,MONDO_0019171,CONTRAINDICATION,
CHEMBL1764,MONDO_0021095,CONTRAINDICATION,
CHEMBL1765292,EFO_0000275,INDICATION,
CHEMBL1765293,EFO_0005755,INDICATION,
CHEMBL1765508,MONDO_0005147,INDICATION,
CHEMBL1766,EFO_0000274,INDICATION,
CHEMBL1766,EFO_0000676,INDICATION,
CHEMBL1766,EFO_0000701,INDICATION,
CHEMBL1766,EFO_0001380,CONTRAINDICATION,
CHEMBL1766,EFO_0003875,CONTRAINDICATION,
CHEMBL1766,EFO_0005319,INDICATION,
CHEMBL1766,EFO_1000697,INDICATION,
CHEMBL1766,EFO_1000704,INDICATION,
CHEMBL1766,EFO_1000764,INDICATION,
CHEMBL1766,EFO_1000766,CONTRAINDICATION,
CHEMBL1766,EFO_1001494,INDICATION,
CHEMBL1766,MONDO_0015758,INDICATION,
CHEMBL1767164,EFO_0003956,INDICATION,
CHEMBL1767164,EFO_0005854,INDICATION,
CHEMBL1767407,EFO_0005773,INDICATION,
CHEMBL1767407,EFO_1001417,INDICATION,
CHEMBL1767407,MONDO_0003005,INDICATION,
CHEMBL1767407,MONDO_0009061,INDICATION,
CHEMBL1767408,EFO_1000906,INDICATION,
CHEMBL177,EFO_0000341,INDICATION,
CHEMBL177,EFO_0000544,INDICATION,
CHEMBL177,EFO_0000584,INDICATION,
CHEMBL177,EFO_0000771,INDICATION,
CHEMBL177,EFO_0003086,CONTRAINDICATION,
CHEMBL177,EFO_0003102,INDICATION,
CHEMBL177,EFO_0003103,INDICATION,
CHEMBL177,EFO_0003106,INDICATION,
CHEMBL177,EFO_0003818,INDICATION,
CHEMBL177,EFO_0003928,OFF_LABEL_USE,
CHEMBL177,EFO_0004991,CONTRAINDICATION,
CHEMBL177,EFO_0005681,INDICATION,
CHEMBL177,EFO_0007470,INDICATION,
CHEMBL177,EFO_0007496,INDICATION,
CHEMBL177,EFO_0008588,INDICATION,
CHEMBL177,EFO_0009429,INDICATION,
CHEMBL177,EFO_1000049,OFF_LABEL_USE,
CHEMBL177,EFO_1000831,INDICATION,
CHEMBL177,EFO_1000929,INDICATION,
CHEMBL177,EFO_1001246,OFF_LABEL_USE,
CHEMBL177,EFO_1001272,INDICATION,
CHEMBL177,EFO_1001318,INDICATION,
CHEMBL177,EFO_1001865,INDICATION,
CHEMBL177,EFO_1001888,INDICATION,
CHEMBL177,MONDO_0004789,INDICATION,
CHEMBL177,MONDO_0005247,INDICATION,
CHEMBL177,MONDO_0009061,INDICATION,
CHEMBL177,MONDO_0018076,INDICATION,
CHEMBL177,MONDO_0021095,CONTRAINDICATION,
CHEMBL177,MONDO_0024355,INDICATION,
CHEMBL177,MONDO_0040732,INDICATION,
CHEMBL177,MONDO_0041825,INDICATION,
CHEMBL177,MONDO_0041850,INDICATION,
CHEMBL1770,EFO_0004255,INDICATION,
CHEMBL1770,EFO_1001951,INDICATION,
CHEMBL1770248,EFO_0000400,INDICATION,
CHEMBL1770248,EFO_0003144,INDICATION,
CHEMBL1770248,MONDO_0005148,INDICATION,
CHEMBL1770916,EFO_0000616,INDICATION,
CHEMBL1770916,EFO_0001378,INDICATION,
CHEMBL1770916,EFO_0002618,INDICATION,
CHEMBL1770916,EFO_0003869,INDICATION,
CHEMBL1770916,EFO_0009907,INDICATION,
CHEMBL1770916,MONDO_0007254,INDICATION,
CHEMBL1771,EFO_0000180,INDICATION,
CHEMBL1771,EFO_0000266,INDICATION,
CHEMBL1771,EFO_0000275,INDICATION,
CHEMBL1771,EFO_0000319,INDICATION,
CHEMBL1771,EFO_0000556,INDICATION,
CHEMBL1771,EFO_0000612,INDICATION,
CHEMBL1771,EFO_0000712,INDICATION,
CHEMBL1771,EFO_0000717,INDICATION,
CHEMBL1771,EFO_0000764,INDICATION,
CHEMBL1771,EFO_0001361,INDICATION,
CHEMBL1771,EFO_0001645,INDICATION,
CHEMBL1771,EFO_0002429,INDICATION,
CHEMBL1771,EFO_0002615,INDICATION,
CHEMBL1771,EFO_0002950,INDICATION,
CHEMBL1771,EFO_0003106,INDICATION,
CHEMBL1771,EFO_0003144,INDICATION,
CHEMBL1771,EFO_0003764,INDICATION,
CHEMBL1771,EFO_0003777,INDICATION,
CHEMBL1771,EFO_0003869,INDICATION,
CHEMBL1771,EFO_0003870,INDICATION,
CHEMBL1771,EFO_0003875,INDICATION,
CHEMBL1771,EFO_0003876,INDICATION,
CHEMBL1771,EFO_0003884,INDICATION,
CHEMBL1771,EFO_0003913,INDICATION,
CHEMBL1771,EFO_0003914,INDICATION,
CHEMBL1771,EFO_0004264,INDICATION,
CHEMBL1771,EFO_0004265,INDICATION,
CHEMBL1771,EFO_0004277,INDICATION,
CHEMBL1771,EFO_0004286,INDICATION,
CHEMBL1771,EFO_0005672,INDICATION,
CHEMBL1771,EFO_0006859,INDICATION,
CHEMBL1771,EFO_0007328,INDICATION,
CHEMBL1771,EFO_0007541,INDICATION,
CHEMBL1771,EFO_0008583,INDICATION,
CHEMBL1771,EFO_0008585,INDICATION,
CHEMBL1771,EFO_0009086,INDICATION,
CHEMBL1771,EFO_0009314,CONTRAINDICATION,
CHEMBL1771,EFO_0009315,INDICATION,
CHEMBL1771,EFO_0009686,INDICATION,
CHEMBL1771,EFO_1000860,INDICATION,
CHEMBL1771,EFO_1000985,INDICATION,
CHEMBL1771,EFO_1001375,INDICATION,
CHEMBL1771,MONDO_0000831,INDICATION,
CHEMBL1771,MONDO_0002009,INDICATION,
CHEMBL1771,MONDO_0004979,INDICATION,
CHEMBL1771,MONDO_0005148,INDICATION,
CHEMBL1771,MONDO_0007915,INDICATION,
CHEMBL1771,MONDO_0018896,CONTRAINDICATION,
CHEMBL1771,MONDO_0019542,CONTRAINDICATION,
CHEMBL1771,MONDO_0100096,INDICATION,
CHEMBL1771,MP_0001914,INDICATION,
CHEMBL1773,EFO_0000178,INDICATION,
CHEMBL1773,EFO_0000181,INDICATION,
CHEMBL1773,EFO_0000182,INDICATION,
CHEMBL1773,EFO_0000228,INDICATION,
CHEMBL1773,EFO_0000305,INDICATION,
CHEMBL1773,EFO_0000313,INDICATION,
CHEMBL1773,EFO_0000365,INDICATION,
CHEMBL1773,EFO_0000389,INDICATION,
CHEMBL1773,EFO_0000503,INDICATION,
CHEMBL1773,EFO_0000519,INDICATION,
CHEMBL1773,EFO_0000588,INDICATION,
CHEMBL1773,EFO_0000616,INDICATION,
CHEMBL1773,EFO_0000681,INDICATION,
CHEMBL1773,EFO_0000707,INDICATION,
CHEMBL1773,EFO_0000756,INDICATION,
CHEMBL1773,EFO_0001075,INDICATION,
CHEMBL1773,EFO_0001645,CONTRAINDICATION,
CHEMBL1773,EFO_0002617,INDICATION,
CHEMBL1773,EFO_0002618,INDICATION,
CHEMBL1773,EFO_0002916,INDICATION,
CHEMBL1773,EFO_0002938,INDICATION,
CHEMBL1773,EFO_0003060,INDICATION,
CHEMBL1773,EFO_0003860,INDICATION,
CHEMBL1773,EFO_0003865,INDICATION,
CHEMBL1773,EFO_0003869,INDICATION,
CHEMBL1773,EFO_0003891,INDICATION,
CHEMBL1773,EFO_0003897,INDICATION,
CHEMBL1773,EFO_0003928,CONTRAINDICATION,
CHEMBL1773,EFO_0004142,INDICATION,
CHEMBL1773,EFO_0004252,INDICATION,
CHEMBL1773,EFO_0004284,INDICATION,
CHEMBL1773,EFO_0004288,INDICATION,
CHEMBL1773,EFO_0005221,INDICATION,
CHEMBL1773,EFO_0005537,INDICATION,
CHEMBL1773,EFO_0005540,INDICATION,
CHEMBL1773,EFO_0005543,INDICATION,
CHEMBL1773,EFO_0005741,CONTRAINDICATION,
CHEMBL1773,EFO_0005774,INDICATION,
CHEMBL1773,EFO_0005922,INDICATION,
CHEMBL1773,EFO_0005952,INDICATION,
CHEMBL1773,EFO_0006352,INDICATION,
CHEMBL1773,EFO_0006859,INDICATION,
CHEMBL1773,EFO_0006861,INDICATION,
CHEMBL1773,EFO_0007416,INDICATION,
CHEMBL1773,EFO_0007456,INDICATION,
CHEMBL1773,EFO_0008528,INDICATION,
CHEMBL1773,EFO_0009259,INDICATION,
CHEMBL1773,EFO_0009688,CONTRAINDICATION,
CHEMBL1773,EFO_0009708,INDICATION,
CHEMBL1773,EFO_1000044,OFF_LABEL_USE,
CHEMBL1773,EFO_1000045,INDICATION,
CHEMBL1773,EFO_1000158,INDICATION,
CHEMBL1773,EFO_1000251,INDICATION,
CHEMBL1773,EFO_1000294,INDICATION,
CHEMBL1773,EFO_1000657,INDICATION,
CHEMBL1773,EFO_1000984,INDICATION,
CHEMBL1773,EFO_1001471,INDICATION,
CHEMBL1773,EFO_1001893,INDICATION,
CHEMBL1773,EFO_1001901,INDICATION,
CHEMBL1773,EFO_1001949,INDICATION,
CHEMBL1773,EFO_1001951,INDICATION,
CHEMBL1773,EFO_1001956,INDICATION,
CHEMBL1773,EFO_1001961,INDICATION,
CHEMBL1773,MONDO_0001056,INDICATION,
CHEMBL1773,MONDO_0001343,CONTRAINDICATION,
CHEMBL1773,MONDO_0001657,INDICATION,
CHEMBL1773,MONDO_0001879,INDICATION,
CHEMBL1773,MONDO_0002087,INDICATION,
CHEMBL1773,MONDO_0002108,INDICATION,
CHEMBL1773,MONDO_0002120,INDICATION,
CHEMBL1773,MONDO_0002158,INDICATION,
CHEMBL1773,MONDO_0002165,INDICATION,
CHEMBL1773,MONDO_0002280,CONTRAINDICATION,
CHEMBL1773,MONDO_0002367,INDICATION,
CHEMBL1773,MONDO_0002691,INDICATION,
CHEMBL1773,MONDO_0002898,INDICATION,
CHEMBL1773,MONDO_0002974,INDICATION,
CHEMBL1773,MONDO_0003060,INDICATION,
CHEMBL1773,MONDO_0004992,INDICATION,
CHEMBL1773,MONDO_0005184,INDICATION,
CHEMBL1773,MONDO_0005411,INDICATION,
CHEMBL1773,MONDO_0005575,INDICATION,
CHEMBL1773,MONDO_0007254,INDICATION,
CHEMBL1773,MONDO_0007576,INDICATION,
CHEMBL1773,MONDO_0008170,OFF_LABEL_USE,
CHEMBL1773,MONDO_0008315,INDICATION,
CHEMBL1773,MONDO_0008903,INDICATION,
CHEMBL1773,MONDO_0010130,CONTRAINDICATION,
CHEMBL1773,MONDO_0021063,INDICATION,
CHEMBL1773,MONDO_0041448,INDICATION,
CHEMBL1773,MONDO_0044926,INDICATION,
CHEMBL1773,MONDO_0044937,INDICATION,
CHEMBL1773,MONDO_0100342,INDICATION,
CHEMBL177367,EFO_0003819,INDICATION,
CHEMBL177367,EFO_0003884,INDICATION,
CHEMBL177367,EFO_0007205,INDICATION,
CHEMBL177367,EFO_0009516,INDICATION,
CHEMBL177367,EFO_0009637,INDICATION,
CHEMBL1773683,MONDO_0010679,INDICATION,
CHEMBL1773903,EFO_0000195,INDICATION,
CHEMBL1773943,EFO_0000274,INDICATION,
CHEMBL1774080,MONDO_0005090,INDICATION,
CHEMBL1774461,EFO_0006887,INDICATION,
CHEMBL1774461,MONDO_0004975,INDICATION,
CHEMBL177591,EFO_0001067,INDICATION,
CHEMBL1779046,EFO_1000781,INDICATION,
CHEMBL1779325,EFO_0000764,INDICATION,
CHEMBL1779710,EFO_0000400,INDICATION,
CHEMBL1779710,EFO_0003086,INDICATION,
CHEMBL1779710,EFO_0009531,INDICATION,
CHEMBL1779710,MONDO_0005148,INDICATION,
CHEMBL178,EFO_0000094,INDICATION,
CHEMBL178,EFO_0000198,INDICATION,
CHEMBL178,EFO_0000209,INDICATION,
CHEMBL178,EFO_0000218,INDICATION,
CHEMBL178,EFO_0000220,INDICATION,
CHEMBL178,EFO_0000221,INDICATION,
CHEMBL178,EFO_0000222,INDICATION,
CHEMBL178,EFO_0000223,INDICATION,
CHEMBL178,EFO_0000224,INDICATION,
CHEMBL178,EFO_0000318,CONTRAINDICATION,
CHEMBL178,EFO_0000339,INDICATION,
CHEMBL178,EFO_0000474,CONTRAINDICATION,
CHEMBL178,EFO_0000479,INDICATION,
CHEMBL178,EFO_0000558,INDICATION,
CHEMBL178,EFO_0000565,INDICATION,
CHEMBL178,EFO_0000574,INDICATION,
CHEMBL178,EFO_0000616,INDICATION,
CHEMBL178,EFO_0000621,OFF_LABEL_USE,
CHEMBL178,EFO_0000691,INDICATION,
CHEMBL178,EFO_0000771,CONTRAINDICATION,
CHEMBL178,EFO_0002429,INDICATION,
CHEMBL178,EFO_0003025,INDICATION,
CHEMBL178,EFO_0003027,INDICATION,
CHEMBL178,EFO_0003028,INDICATION,
CHEMBL178,EFO_0003029,INDICATION,
CHEMBL178,EFO_0003086,CONTRAINDICATION,
CHEMBL178,EFO_0003802,INDICATION,
CHEMBL178,EFO_0003811,INDICATION,
CHEMBL178,EFO_0003884,INDICATION,
CHEMBL178,EFO_0004239,INDICATION,
CHEMBL178,EFO_0004251,INDICATION,
CHEMBL178,EFO_0004289,INDICATION,
CHEMBL178,EFO_0005306,CONTRAINDICATION,
CHEMBL178,EFO_0005952,INDICATION,
CHEMBL178,EFO_0007427,CONTRAINDICATION,
CHEMBL178,EFO_0009609,CONTRAINDICATION,
CHEMBL178,EFO_1000131,INDICATION,
CHEMBL178,EFO_1001052,INDICATION,
CHEMBL178,EFO_1001779,INDICATION,
CHEMBL178,MONDO_0000870,INDICATION,
CHEMBL178,MONDO_0000873,INDICATION,
CHEMBL178,MONDO_0002041,CONTRAINDICATION,
CHEMBL178,MONDO_0004643,INDICATION,
CHEMBL178,MONDO_0006058,OFF_LABEL_USE,
CHEMBL178,MONDO_0007254,INDICATION,
CHEMBL178,MONDO_0044881,INDICATION,
CHEMBL178,MONDO_0044903,INDICATION,
CHEMBL178,MONDO_0044917,INDICATION,
CHEMBL1780010,MONDO_0005147,INDICATION,
CHEMBL1783256,EFO_0005230,INDICATION,
CHEMBL1783282,EFO_0003756,INDICATION,
CHEMBL1783282,EFO_0005230,INDICATION,
CHEMBL1783282,MONDO_0010383,INDICATION,
CHEMBL178459,EFO_0001422,INDICATION,
CHEMBL178459,EFO_0003095,INDICATION,
CHEMBL178459,MONDO_0008903,INDICATION,
CHEMBL17860,EFO_0002610,INDICATION,
CHEMBL17860,EFO_0003890,INDICATION,
CHEMBL17860,EFO_0004240,INDICATION,
CHEMBL17860,EFO_0005611,INDICATION,
CHEMBL17860,EFO_0005800,INDICATION,
CHEMBL17860,EFO_0007191,INDICATION,
CHEMBL17860,EFO_0010702,INDICATION,
CHEMBL17879,EFO_0004268,INDICATION,
CHEMBL17879,EFO_1001486,INDICATION,
CHEMBL17879,MONDO_0007318,INDICATION,
CHEMBL178803,MONDO_0005090,INDICATION,
CHEMBL1788132,EFO_0005611,INDICATION,
CHEMBL1788132,EFO_0005800,INDICATION,
CHEMBL1788384,EFO_0007144,INDICATION,
CHEMBL1788385,EFO_0007144,INDICATION,
CHEMBL1788386,EFO_0001067,INDICATION,
CHEMBL1788387,EFO_0007144,INDICATION,
CHEMBL1788388,EFO_0001067,INDICATION,
CHEMBL1788389,EFO_1001342,INDICATION,
CHEMBL1788390,EFO_0007144,INDICATION,
CHEMBL1788392,EFO_0007144,INDICATION,
CHEMBL1788393,EFO_0007144,INDICATION,
CHEMBL1788396,EFO_0007144,INDICATION,
CHEMBL1788399,EFO_0001067,INDICATION,
CHEMBL1788400,EFO_0007144,INDICATION,
CHEMBL1788401,EFO_1001342,INDICATION,
CHEMBL1788402,EFO_0007144,INDICATION,
CHEMBL1788403,EFO_0001067,INDICATION,
CHEMBL1788404,EFO_1001342,INDICATION,
CHEMBL1789842,EFO_0000341,INDICATION,
CHEMBL1789842,EFO_0000464,INDICATION,
CHEMBL1789842,EFO_0006505,INDICATION,
CHEMBL1789842,MONDO_0004979,INDICATION,
CHEMBL1789843,EFO_0000095,INDICATION,
CHEMBL1789843,EFO_0000464,INDICATION,
CHEMBL1789843,EFO_0000540,INDICATION,
CHEMBL1789843,EFO_0000685,INDICATION,
CHEMBL1789843,EFO_0000699,INDICATION,
CHEMBL1789843,EFO_0000717,INDICATION,
CHEMBL1789843,EFO_0000783,INDICATION,
CHEMBL1789843,EFO_0002689,INDICATION,
CHEMBL1789843,EFO_0004254,INDICATION,
CHEMBL1789843,EFO_0004255,INDICATION,
CHEMBL1789843,EFO_0004256,INDICATION,
CHEMBL1789843,EFO_0005761,INDICATION,
CHEMBL1789843,EFO_0006803,INDICATION,
CHEMBL1789843,EFO_0007160,INDICATION,
CHEMBL1789843,MONDO_0003783,INDICATION,
CHEMBL1789843,MONDO_0005301,INDICATION,
CHEMBL1789843,MONDO_0007915,INDICATION,
CHEMBL1789843,MONDO_0013730,INDICATION,
CHEMBL1789844,EFO_0000095,INDICATION,
CHEMBL1789844,EFO_0000096,INDICATION,
CHEMBL1789844,EFO_0000181,INDICATION,
CHEMBL1789844,EFO_0000182,INDICATION,
CHEMBL1789844,EFO_0000183,INDICATION,
CHEMBL1789844,EFO_0000196,INDICATION,
CHEMBL1789844,EFO_0000198,INDICATION,
CHEMBL1789844,EFO_0000220,INDICATION,
CHEMBL1789844,EFO_0000222,INDICATION,
CHEMBL1789844,EFO_0000228,INDICATION,
CHEMBL1789844,EFO_0000305,INDICATION,
CHEMBL1789844,EFO_0000313,INDICATION,
CHEMBL1789844,EFO_0000339,INDICATION,
CHEMBL1789844,EFO_0000349,INDICATION,
CHEMBL1789844,EFO_0000365,INDICATION,
CHEMBL1789844,EFO_0000389,INDICATION,
CHEMBL1789844,EFO_0000403,INDICATION,
CHEMBL1789844,EFO_0000503,INDICATION,
CHEMBL1789844,EFO_0000519,INDICATION,
CHEMBL1789844,EFO_0000558,INDICATION,
CHEMBL1789844,EFO_0000571,INDICATION,
CHEMBL1789844,EFO_0000574,INDICATION,
CHEMBL1789844,EFO_0000588,INDICATION,
CHEMBL1789844,EFO_0000616,INDICATION,
CHEMBL1789844,EFO_0000621,INDICATION,
CHEMBL1789844,EFO_0000673,INDICATION,
CHEMBL1789844,EFO_0000681,INDICATION,
CHEMBL1789844,EFO_0000691,INDICATION,
CHEMBL1789844,EFO_0000702,INDICATION,
CHEMBL1789844,EFO_0000707,INDICATION,
CHEMBL1789844,EFO_0000708,INDICATION,
CHEMBL1789844,EFO_0000756,INDICATION,
CHEMBL1789844,EFO_0000764,INDICATION,
CHEMBL1789844,EFO_0000770,INDICATION,
CHEMBL1789844,EFO_0001061,INDICATION,
CHEMBL1789844,EFO_0001075,INDICATION,
CHEMBL1789844,EFO_0001376,INDICATION,
CHEMBL1789844,EFO_0001378,INDICATION,
CHEMBL1789844,EFO_0001416,INDICATION,
CHEMBL1789844,EFO_0001663,INDICATION,
CHEMBL1789844,EFO_0002617,INDICATION,
CHEMBL1789844,EFO_0002618,INDICATION,
CHEMBL1789844,EFO_0002916,INDICATION,
CHEMBL1789844,EFO_0003060,INDICATION,
CHEMBL1789844,EFO_0003085,INDICATION,
CHEMBL1789844,EFO_0003863,INDICATION,
CHEMBL1789844,EFO_0003891,INDICATION,
CHEMBL1789844,EFO_0004142,INDICATION,
CHEMBL1789844,EFO_0004193,INDICATION,
CHEMBL1789844,EFO_0004243,INDICATION,
CHEMBL1789844,EFO_0004251,INDICATION,
CHEMBL1789844,EFO_0004252,INDICATION,
CHEMBL1789844,EFO_0004284,INDICATION,
CHEMBL1789844,EFO_0004288,INDICATION,
CHEMBL1789844,EFO_0005221,INDICATION,
CHEMBL1789844,EFO_0005537,INDICATION,
CHEMBL1789844,EFO_0005543,INDICATION,
CHEMBL1789844,EFO_0005952,INDICATION,
CHEMBL1789844,EFO_0006859,INDICATION,
CHEMBL1789844,EFO_0007466,INDICATION,
CHEMBL1789844,EFO_0008524,INDICATION,
CHEMBL1789844,EFO_0008528,INDICATION,
CHEMBL1789844,EFO_0009709,INDICATION,
CHEMBL1789844,EFO_1000251,INDICATION,
CHEMBL1789844,EFO_1000355,INDICATION,
CHEMBL1789844,EFO_1000359,INDICATION,
CHEMBL1789844,EFO_1000613,INDICATION,
CHEMBL1789844,EFO_1000657,INDICATION,
CHEMBL1789844,EFO_1000984,INDICATION,
CHEMBL1789844,EFO_1001465,INDICATION,
CHEMBL1789844,EFO_1001471,INDICATION,
CHEMBL1789844,EFO_1001512,INDICATION,
CHEMBL1789844,EFO_1001950,INDICATION,
CHEMBL1789844,EFO_1001951,INDICATION,
CHEMBL1789844,EFO_1001968,INDICATION,
CHEMBL1789844,EFO_1001972,INDICATION,
CHEMBL1789844,MONDO_0001056,INDICATION,
CHEMBL1789844,MONDO_0001187,INDICATION,
CHEMBL1789844,MONDO_0002087,INDICATION,
CHEMBL1789844,MONDO_0002108,INDICATION,
CHEMBL1789844,MONDO_0002120,INDICATION,
CHEMBL1789844,MONDO_0002367,INDICATION,
CHEMBL1789844,MONDO_0002547,INDICATION,
CHEMBL1789844,MONDO_0002898,INDICATION,
CHEMBL1789844,MONDO_0004669,INDICATION,
CHEMBL1789844,MONDO_0004992,INDICATION,
CHEMBL1789844,MONDO_0005184,INDICATION,
CHEMBL1789844,MONDO_0007187,INDICATION,
CHEMBL1789844,MONDO_0007254,INDICATION,
CHEMBL1789844,MONDO_0007576,INDICATION,
CHEMBL1789844,MONDO_0008170,INDICATION,
CHEMBL1789844,MONDO_0008315,INDICATION,
CHEMBL1789844,MONDO_0008903,INDICATION,
CHEMBL1789844,MONDO_0009348,INDICATION,
CHEMBL1789844,MONDO_0011719,INDICATION,
CHEMBL1789844,MONDO_0011962,INDICATION,
CHEMBL1789844,MONDO_0016642,INDICATION,
CHEMBL1789844,MONDO_0017582,INDICATION,
CHEMBL1789844,MONDO_0020634,INDICATION,
CHEMBL1789844,MONDO_0021063,INDICATION,
CHEMBL1789844,MONDO_0024503,INDICATION,
CHEMBL1789844,MONDO_0100342,INDICATION,
CHEMBL1789941,EFO_0000095,INDICATION,
CHEMBL1789941,EFO_0000181,INDICATION,
CHEMBL1789941,EFO_0000183,INDICATION,
CHEMBL1789941,EFO_0000209,INDICATION,
CHEMBL1789941,EFO_0000220,INDICATION,
CHEMBL1789941,EFO_0000222,INDICATION,
CHEMBL1789941,EFO_0000274,INDICATION,
CHEMBL1789941,EFO_0000305,INDICATION,
CHEMBL1789941,EFO_0000339,INDICATION,
CHEMBL1789941,EFO_0000466,INDICATION,
CHEMBL1789941,EFO_0000479,INDICATION,
CHEMBL1789941,EFO_0000519,INDICATION,
CHEMBL1789941,EFO_0000565,INDICATION,
CHEMBL1789941,EFO_0000574,INDICATION,
CHEMBL1789941,EFO_0000616,INDICATION,
CHEMBL1789941,EFO_0000676,INDICATION,
CHEMBL1789941,EFO_0000685,INDICATION,
CHEMBL1789941,EFO_0000694,INDICATION,
CHEMBL1789941,EFO_0000764,INDICATION,
CHEMBL1789941,EFO_0001068,INDICATION,
CHEMBL1789941,EFO_0001378,INDICATION,
CHEMBL1789941,EFO_0001421,INDICATION,
CHEMBL1789941,EFO_0001642,INDICATION,
CHEMBL1789941,EFO_0002429,INDICATION,
CHEMBL1789941,EFO_0002430,INDICATION,
CHEMBL1789941,EFO_0002618,INDICATION,
CHEMBL1789941,EFO_0003060,INDICATION,
CHEMBL1789941,EFO_0003086,INDICATION,
CHEMBL1789941,EFO_0003106,INDICATION,
CHEMBL1789941,EFO_0004192,INDICATION,
CHEMBL1789941,EFO_0004208,INDICATION,
CHEMBL1789941,EFO_0004251,INDICATION,
CHEMBL1789941,EFO_0004256,INDICATION,
CHEMBL1789941,EFO_0004272,INDICATION,
CHEMBL1789941,EFO_0004599,INDICATION,
CHEMBL1789941,EFO_0005537,INDICATION,
CHEMBL1789941,EFO_0005952,INDICATION,
CHEMBL1789941,EFO_0007183,INDICATION,
CHEMBL1789941,EFO_1000710,INDICATION,
CHEMBL1789941,EFO_1000724,INDICATION,
CHEMBL1789941,EFO_1000726,INDICATION,
CHEMBL1789941,EFO_1000738,INDICATION,
CHEMBL1789941,EFO_1000764,INDICATION,
CHEMBL1789941,EFO_1000984,INDICATION,
CHEMBL1789941,EFO_1001467,INDICATION,
CHEMBL1789941,EFO_1001779,INDICATION,
CHEMBL1789941,EFO_1001806,INDICATION,
CHEMBL1789941,EFO_1001951,INDICATION,
CHEMBL1789941,MONDO_0002158,INDICATION,
CHEMBL1789941,MONDO_0002406,INDICATION,
CHEMBL1789941,MONDO_0004992,INDICATION,
CHEMBL1789941,MONDO_0005184,INDICATION,
CHEMBL1789941,MONDO_0007254,INDICATION,
CHEMBL1789941,MONDO_0008315,INDICATION,
CHEMBL1789941,MONDO_0008903,INDICATION,
CHEMBL1789941,MONDO_0009348,INDICATION,
CHEMBL1789941,MONDO_0013730,INDICATION,
CHEMBL1789941,MONDO_0015540,INDICATION,
CHEMBL1789941,MONDO_0016486,INDICATION,
CHEMBL1789941,MONDO_0019469,INDICATION,
CHEMBL1789941,MONDO_0019558,INDICATION,
CHEMBL1789941,MONDO_0020546,INDICATION,
CHEMBL1789941,MONDO_0020547,INDICATION,
CHEMBL1789941,MONDO_0021739,INDICATION,
CHEMBL1789941,MONDO_0044903,INDICATION,
CHEMBL1789941,MONDO_0100096,INDICATION,
CHEMBL1790006,EFO_0003819,INDICATION,
CHEMBL1790041,EFO_0000280,INDICATION,
CHEMBL1790041,EFO_0000540,INDICATION,
CHEMBL1790041,EFO_0000681,INDICATION,
CHEMBL1790041,EFO_0000764,INDICATION,
CHEMBL1790041,EFO_0003086,CONTRAINDICATION,
CHEMBL1790041,EFO_0003948,INDICATION,
CHEMBL1790041,EFO_0004607,INDICATION,
CHEMBL1790041,EFO_0005252,INDICATION,
CHEMBL1790041,EFO_0005592,INDICATION,
CHEMBL1790041,EFO_0007549,INDICATION,
CHEMBL1790041,EFO_0008533,INDICATION,
CHEMBL1790041,EFO_0009454,INDICATION,
CHEMBL1790041,EFO_0009579,INDICATION,
CHEMBL1790041,EFO_1000961,INDICATION,
CHEMBL1790041,EFO_1001095,INDICATION,
CHEMBL1790041,MONDO_0001056,CONTRAINDICATION,
CHEMBL1790041,MONDO_0004658,INDICATION,
CHEMBL1790041,MONDO_0004992,INDICATION,
CHEMBL1790041,MONDO_0005301,INDICATION,
CHEMBL1790041,MONDO_0007254,INDICATION,
CHEMBL1790041,MONDO_0015277,INDICATION,
CHEMBL1790041,MONDO_0037821,CONTRAINDICATION,
CHEMBL1790041,MONDO_0043839,INDICATION,
CHEMBL1790041,MONDO_0044917,INDICATION,
CHEMBL1790041,Orphanet_2314,INDICATION,
CHEMBL1790180,EFO_0001361,INDICATION,
CHEMBL1794791,EFO_0000326,INDICATION,
CHEMBL1794791,EFO_0004991,INDICATION,
CHEMBL1794791,MONDO_0004658,INDICATION,
CHEMBL1794791,MONDO_0004975,INDICATION,
CHEMBL1794791,MONDO_0004976,INDICATION,
CHEMBL1794791,MONDO_0005180,INDICATION,
CHEMBL1795071,EFO_0000095,INDICATION,
CHEMBL1795071,EFO_0000220,INDICATION,
CHEMBL1795071,EFO_0000222,INDICATION,
CHEMBL1795071,EFO_0000274,INDICATION,
CHEMBL1795071,EFO_0000466,INDICATION,
CHEMBL1795071,EFO_0000676,INDICATION,
CHEMBL1795071,EFO_0001068,INDICATION,
CHEMBL1795071,EFO_0002429,INDICATION,
CHEMBL1795071,EFO_0002430,INDICATION,
CHEMBL1795071,EFO_0004192,INDICATION,
CHEMBL1795071,EFO_0004251,INDICATION,
CHEMBL1795071,EFO_0005537,INDICATION,
CHEMBL1795071,MONDO_0002158,INDICATION,
CHEMBL1795071,MONDO_0013730,INDICATION,
CHEMBL17962,EFO_0000555,INDICATION,
CHEMBL17962,EFO_0003086,CONTRAINDICATION,
CHEMBL17962,EFO_0003777,CONTRAINDICATION,
CHEMBL17962,EFO_0004287,CONTRAINDICATION,
CHEMBL17962,EFO_0005207,INDICATION,
CHEMBL17962,MONDO_0001566,CONTRAINDICATION,
CHEMBL17962,MONDO_0005301,INDICATION,
CHEMBL17962,MONDO_0019259,CONTRAINDICATION,
CHEMBL17962,MONDO_0019338,CONTRAINDICATION,
CHEMBL17962,MONDO_0024327,CONTRAINDICATION,
CHEMBL17962,Orphanet_79254,CONTRAINDICATION,
CHEMBL1796997,EFO_0000341,INDICATION,
CHEMBL1796997,EFO_0008590,INDICATION,
CHEMBL1796998,EFO_0001422,INDICATION,
CHEMBL1796998,MONDO_0005149,INDICATION,
CHEMBL1796998,MONDO_0005184,INDICATION,
CHEMBL1796998,MONDO_0007254,INDICATION,
CHEMBL1797128,EFO_0003948,INDICATION,
CHEMBL17976,EFO_0003843,INDICATION,
CHEMBL17976,EFO_0004616,INDICATION,
CHEMBL17976,EFO_0010582,INDICATION,
CHEMBL17976,EFO_0801084,INDICATION,
CHEMBL1800159,EFO_0000196,INDICATION,
CHEMBL1800159,EFO_0000616,INDICATION,
CHEMBL1800159,EFO_0000673,INDICATION,
CHEMBL1800159,EFO_0000731,INDICATION,
CHEMBL1800159,EFO_0001065,INDICATION,
CHEMBL1800159,EFO_0003843,INDICATION,
CHEMBL1800159,MONDO_0008315,INDICATION,
CHEMBL180022,EFO_0000182,INDICATION,
CHEMBL180022,EFO_0000305,INDICATION,
CHEMBL180022,EFO_0000313,INDICATION,
CHEMBL180022,EFO_0000339,INDICATION,
CHEMBL180022,EFO_0000519,INDICATION,
CHEMBL180022,EFO_0000553,INDICATION,
CHEMBL180022,EFO_0000616,INDICATION,
CHEMBL180022,EFO_0000673,INDICATION,
CHEMBL180022,EFO_0003060,INDICATION,
CHEMBL180022,EFO_0003869,INDICATION,
CHEMBL180022,EFO_0003891,INDICATION,
CHEMBL180022,EFO_0003968,INDICATION,
CHEMBL180022,EFO_0005537,INDICATION,
CHEMBL180022,EFO_1000294,INDICATION,
CHEMBL180022,EFO_1001951,INDICATION,
CHEMBL180022,MONDO_0001056,INDICATION,
CHEMBL180022,MONDO_0007254,INDICATION,
CHEMBL180022,MONDO_0008170,INDICATION,
CHEMBL1800807,EFO_0000319,INDICATION,
CHEMBL1800807,EFO_0001645,INDICATION,
CHEMBL1800807,EFO_0004911,INDICATION,
CHEMBL1800807,MONDO_0018328,INDICATION,
CHEMBL1800807,MONDO_0021187,INDICATION,
CHEMBL1800807,Orphanet_309005,INDICATION,
CHEMBL1800955,EFO_0003144,INDICATION,
CHEMBL180101,EFO_0003843,INDICATION,
CHEMBL180101,EFO_0005687,INDICATION,
CHEMBL180101,EFO_1000783,INDICATION,
CHEMBL1801204,EFO_0000182,INDICATION,
CHEMBL1801204,EFO_0000519,INDICATION,
CHEMBL1801204,EFO_0000574,INDICATION,
CHEMBL1801204,EFO_0000616,INDICATION,
CHEMBL1801204,EFO_0002499,INDICATION,
CHEMBL1801204,EFO_0002501,INDICATION,
CHEMBL1801204,MONDO_0004992,INDICATION,
CHEMBL1801250,EFO_0000616,INDICATION,
CHEMBL1801250,MP_0001845,INDICATION,
CHEMBL180570,EFO_0003854,INDICATION,
CHEMBL180570,EFO_0003884,INDICATION,
CHEMBL180570,MONDO_0019019,INDICATION,
CHEMBL1808388,EFO_0000400,INDICATION,
CHEMBL1808388,MONDO_0001134,INDICATION,
CHEMBL1808388,MONDO_0005148,INDICATION,
CHEMBL180971,EFO_0000764,INDICATION,
CHEMBL181,EFO_0000400,CONTRAINDICATION,
CHEMBL181,EFO_0000537,INDICATION,
CHEMBL181,EFO_0001073,INDICATION,
CHEMBL181,EFO_0003086,CONTRAINDICATION,
CHEMBL181,EFO_0003763,CONTRAINDICATION,
CHEMBL181,EFO_0004211,INDICATION,
CHEMBL181,EFO_0004274,CONTRAINDICATION,
CHEMBL181,EFO_0005252,CONTRAINDICATION,
CHEMBL181,EFO_1001226,CONTRAINDICATION,
CHEMBL181,MONDO_0002050,INDICATION,
CHEMBL181,MONDO_0002177,INDICATION,
CHEMBL181,MONDO_0005148,INDICATION,
CHEMBL181,MONDO_0008300,INDICATION,
CHEMBL181,MONDO_0024677,INDICATION,
CHEMBL18116,MONDO_0002009,INDICATION,
CHEMBL18116,MONDO_0002050,INDICATION,
CHEMBL1812161,EFO_0003756,INDICATION,
CHEMBL1812161,EFO_0004145,INDICATION,
CHEMBL1812161,EFO_0004895,INDICATION,
CHEMBL1812161,EFO_1001254,INDICATION,
CHEMBL1812161,MONDO_0005180,INDICATION,
CHEMBL1812161,MONDO_0009723,INDICATION,
CHEMBL1812161,MONDO_0010726,INDICATION,
CHEMBL1812161,MONDO_0044970,INDICATION,
CHEMBL1812161,MONDO_0100339,INDICATION,
CHEMBL1817709,EFO_0006834,INDICATION,
CHEMBL1817968,EFO_0005681,INDICATION,
CHEMBL1817968,EFO_1000710,INDICATION,
CHEMBL1817968,EFO_1000714,INDICATION,
CHEMBL1817968,MONDO_0100096,INDICATION,
CHEMBL1818341,MONDO_0002050,INDICATION,
CHEMBL1818341,MONDO_0004985,INDICATION,
CHEMBL1818442,MONDO_0002009,INDICATION,
CHEMBL181886,MONDO_0004979,INDICATION,
CHEMBL181886,MONDO_0009061,INDICATION,
CHEMBL181886,MONDO_0100096,INDICATION,
CHEMBL1819077,MONDO_0002009,INDICATION,
CHEMBL181932,EFO_0000178,INDICATION,
CHEMBL181932,EFO_0000181,INDICATION,
CHEMBL181932,EFO_0000182,INDICATION,
CHEMBL181932,EFO_0000228,INDICATION,
CHEMBL181932,EFO_0000365,INDICATION,
CHEMBL181932,EFO_0000503,INDICATION,
CHEMBL181932,EFO_0000616,INDICATION,
CHEMBL181932,EFO_0000702,INDICATION,
CHEMBL181932,EFO_0001421,INDICATION,
CHEMBL181932,EFO_0002618,INDICATION,
CHEMBL181932,EFO_0002916,INDICATION,
CHEMBL181932,EFO_0003060,INDICATION,
CHEMBL181932,EFO_0003086,INDICATION,
CHEMBL181932,EFO_0003860,INDICATION,
CHEMBL181932,EFO_0003869,INDICATION,
CHEMBL181932,EFO_0003897,INDICATION,
CHEMBL181932,EFO_0004142,INDICATION,
CHEMBL181932,EFO_0004252,INDICATION,
CHEMBL181932,EFO_0005221,INDICATION,
CHEMBL181932,EFO_0005922,INDICATION,
CHEMBL181932,EFO_0006859,INDICATION,
CHEMBL181932,EFO_1000359,INDICATION,
CHEMBL181932,EFO_1000657,INDICATION,
CHEMBL181932,EFO_1001951,INDICATION,
CHEMBL181932,MONDO_0001056,INDICATION,
CHEMBL181932,MONDO_0002120,INDICATION,
CHEMBL181932,MONDO_0002974,INDICATION,
CHEMBL181932,MONDO_0003060,INDICATION,
CHEMBL181932,MONDO_0004992,INDICATION,
CHEMBL181932,MONDO_0005184,INDICATION,
CHEMBL181932,MONDO_0005575,INDICATION,
CHEMBL181932,MONDO_0007254,INDICATION,
CHEMBL181932,MONDO_0007576,INDICATION,
CHEMBL181932,MONDO_0044937,INDICATION,
CHEMBL181954,MONDO_0005148,INDICATION,
CHEMBL182,EFO_0000182,INDICATION,
CHEMBL182,EFO_0000341,CONTRAINDICATION,
CHEMBL182,EFO_0000389,INDICATION,
CHEMBL182,EFO_0000464,CONTRAINDICATION,
CHEMBL182,EFO_0000519,INDICATION,
CHEMBL182,EFO_0000544,INDICATION,
CHEMBL182,EFO_0000574,INDICATION,
CHEMBL182,EFO_0000588,INDICATION,
CHEMBL182,EFO_0000621,INDICATION,
CHEMBL182,EFO_0000763,INDICATION,
CHEMBL182,EFO_0000764,INDICATION,
CHEMBL182,EFO_0000765,INDICATION,
CHEMBL182,EFO_0001062,OFF_LABEL_USE,
CHEMBL182,EFO_0003086,CONTRAINDICATION,
CHEMBL182,EFO_0003833,INDICATION,
CHEMBL182,EFO_0005251,CONTRAINDICATION,
CHEMBL182,EFO_0005672,CONTRAINDICATION,
CHEMBL182,EFO_0005773,CONTRAINDICATION,
CHEMBL182,EFO_0007372,CONTRAINDICATION,
CHEMBL182,EFO_0007427,CONTRAINDICATION,
CHEMBL182,EFO_0009450,INDICATION,
CHEMBL182,EFO_0009532,CONTRAINDICATION,
CHEMBL182,EFO_0009708,INDICATION,
CHEMBL182,EFO_1000158,INDICATION,
CHEMBL182,EFO_1000811,INDICATION,
CHEMBL182,EFO_1001231,CONTRAINDICATION,
CHEMBL182,EFO_1001302,INDICATION,
CHEMBL182,EFO_1001888,CONTRAINDICATION,
CHEMBL182,MONDO_0000468,CONTRAINDICATION,
CHEMBL182,MONDO_0001823,CONTRAINDICATION,
CHEMBL182,MONDO_0002087,INDICATION,
CHEMBL182,MONDO_0002158,INDICATION,
CHEMBL182,MONDO_0002280,CONTRAINDICATION,
CHEMBL182,MONDO_0002708,INDICATION,
CHEMBL182,MONDO_0003778,INDICATION,
CHEMBL182,MONDO_0004979,CONTRAINDICATION,
CHEMBL182,MONDO_0005147,INDICATION,
CHEMBL182,MONDO_0008170,INDICATION,
CHEMBL182,MONDO_0013730,INDICATION,
CHEMBL182,MONDO_0015909,CONTRAINDICATION,
CHEMBL182,MONDO_0016047,CONTRAINDICATION,
CHEMBL182,MONDO_0042981,CONTRAINDICATION,
CHEMBL182,MONDO_0043885,CONTRAINDICATION,
CHEMBL182066,EFO_0005762,INDICATION,
CHEMBL182066,MONDO_0018097,INDICATION,
CHEMBL1822792,EFO_0000616,INDICATION,
CHEMBL1822792,MONDO_0004992,INDICATION,
CHEMBL1822916,EFO_0004895,INDICATION,
CHEMBL1823241,EFO_0003843,INDICATION,
CHEMBL1823817,EFO_0000685,INDICATION,
CHEMBL1823817,MONDO_0005178,INDICATION,
CHEMBL1823872,EFO_0000182,INDICATION,
CHEMBL1823872,EFO_0000666,INDICATION,
CHEMBL1823872,EFO_0000673,INDICATION,
CHEMBL1823872,EFO_0004243,INDICATION,
CHEMBL1823872,EFO_0004606,INDICATION,
CHEMBL1823872,EFO_1000045,INDICATION,
CHEMBL1823872,EFO_1000652,INDICATION,
CHEMBL1823872,EFO_1001496,INDICATION,
CHEMBL1823872,MONDO_0005147,INDICATION,
CHEMBL1828820,EFO_0001068,INDICATION,
CHEMBL1828820,EFO_0007444,INDICATION,
CHEMBL1828820,EFO_0007445,INDICATION,
CHEMBL1828820,EFO_0007530,INDICATION,
CHEMBL1829174,EFO_0000400,INDICATION,
CHEMBL1829174,MONDO_0005148,INDICATION,
CHEMBL1829433,EFO_0000222,INDICATION,
CHEMBL1829433,EFO_0000313,INDICATION,
CHEMBL1829433,EFO_0000574,INDICATION,
CHEMBL1829433,EFO_0000616,INDICATION,
CHEMBL1829433,EFO_0005952,INDICATION,
CHEMBL1834657,EFO_0000616,INDICATION,
CHEMBL1834657,EFO_0005221,INDICATION,
CHEMBL1834657,EFO_1001961,INDICATION,
CHEMBL1835207,EFO_0001378,INDICATION,
CHEMBL1835207,EFO_0002618,INDICATION,
CHEMBL1835207,EFO_0003060,INDICATION,
CHEMBL1835207,MONDO_0007254,INDICATION,
CHEMBL1835919,EFO_0001073,INDICATION,
CHEMBL1835919,MONDO_0005148,INDICATION,
CHEMBL184,EFO_0000094,INDICATION,
CHEMBL184,EFO_0000400,CONTRAINDICATION,
CHEMBL184,EFO_0000403,INDICATION,
CHEMBL184,EFO_0000537,CONTRAINDICATION,
CHEMBL184,EFO_0000544,INDICATION,
CHEMBL184,EFO_0000612,CONTRAINDICATION,
CHEMBL184,EFO_0000712,CONTRAINDICATION,
CHEMBL184,EFO_0000763,INDICATION,
CHEMBL184,EFO_0000764,INDICATION,
CHEMBL184,EFO_0001062,INDICATION,
CHEMBL184,EFO_0001073,CONTRAINDICATION,
CHEMBL184,EFO_0003060,INDICATION,
CHEMBL184,EFO_0003086,CONTRAINDICATION,
CHEMBL184,EFO_0003875,CONTRAINDICATION,
CHEMBL184,EFO_0006510,INDICATION,
CHEMBL184,EFO_0006862,INDICATION,
CHEMBL184,EFO_0007204,INDICATION,
CHEMBL184,EFO_0007282,INDICATION,
CHEMBL184,EFO_0007308,INDICATION,
CHEMBL184,EFO_0007403,OFF_LABEL_USE,
CHEMBL184,EFO_0009491,CONTRAINDICATION,
CHEMBL184,EFO_0009571,CONTRAINDICATION,
CHEMBL184,EFO_1000766,CONTRAINDICATION,
CHEMBL184,EFO_1001347,INDICATION,
CHEMBL184,EFO_1001888,INDICATION,
CHEMBL184,EFO_1002022,INDICATION,
CHEMBL184,MONDO_0001343,CONTRAINDICATION,
CHEMBL184,MONDO_0001549,CONTRAINDICATION,
CHEMBL184,MONDO_0001576,CONTRAINDICATION,
CHEMBL184,MONDO_0004992,INDICATION,
CHEMBL184,MONDO_0005301,INDICATION,
CHEMBL184,MONDO_0008315,INDICATION,
CHEMBL184,MONDO_0012521,INDICATION,
CHEMBL184,MONDO_0018896,CONTRAINDICATION,
CHEMBL184,MONDO_0043653,INDICATION,
CHEMBL184238,MONDO_0005090,INDICATION,
CHEMBL184412,EFO_0000275,INDICATION,
CHEMBL184412,EFO_0000373,INDICATION,
CHEMBL184412,EFO_0003911,INDICATION,
CHEMBL184412,EFO_0004269,INDICATION,
CHEMBL184412,EFO_0005307,CONTRAINDICATION,
CHEMBL184412,MONDO_0000468,CONTRAINDICATION,
CHEMBL184412,MONDO_0001823,CONTRAINDICATION,
CHEMBL184412,MONDO_0018100,CONTRAINDICATION,
CHEMBL184412,MONDO_0019171,CONTRAINDICATION,
CHEMBL184412,MONDO_0100192,CONTRAINDICATION,
CHEMBL18442,EFO_0000095,INDICATION,
CHEMBL18442,EFO_0000183,INDICATION,
CHEMBL18442,EFO_0000198,INDICATION,
CHEMBL18442,EFO_0000220,INDICATION,
CHEMBL18442,EFO_0000222,INDICATION,
CHEMBL18442,EFO_0000403,INDICATION,
CHEMBL18442,EFO_0000565,CONTRAINDICATION,
CHEMBL18442,EFO_0000574,INDICATION,
CHEMBL18442,EFO_0000616,INDICATION,
CHEMBL18442,EFO_0000691,INDICATION,
CHEMBL18442,EFO_0000717,INDICATION,
CHEMBL18442,EFO_0001378,INDICATION,
CHEMBL18442,EFO_0002618,INDICATION,
CHEMBL18442,EFO_0003086,INDICATION,
CHEMBL18442,EFO_0004599,INDICATION,
CHEMBL18442,EFO_0005952,INDICATION,
CHEMBL18442,EFO_0006859,INDICATION,
CHEMBL18442,EFO_1000654,INDICATION,
CHEMBL18442,EFO_1001311,INDICATION,
CHEMBL18442,EFO_1001459,INDICATION,
CHEMBL18442,EFO_1001465,INDICATION,
CHEMBL18442,EFO_1001469,INDICATION,
CHEMBL18442,EFO_1001996,INDICATION,
CHEMBL18442,MONDO_0000870,INDICATION,
CHEMBL18442,MONDO_0001343,CONTRAINDICATION,
CHEMBL18442,MONDO_0001475,INDICATION,
CHEMBL18442,MONDO_0003783,INDICATION,
CHEMBL18442,MONDO_0005147,INDICATION,
CHEMBL18442,MONDO_0011382,INDICATION,
CHEMBL18442,MONDO_0015760,INDICATION,
CHEMBL18442,MONDO_0018305,INDICATION,
CHEMBL18442,MONDO_0018906,INDICATION,
CHEMBL18442,MONDO_0019391,INDICATION,
CHEMBL18442,MONDO_0019460,INDICATION,
CHEMBL18442,MONDO_0044881,INDICATION,
CHEMBL18442,Orphanet_848,INDICATION,
CHEMBL184618,EFO_0003102,INDICATION,
CHEMBL184618,EFO_1000657,INDICATION,
CHEMBL184618,EFO_1001888,INDICATION,
CHEMBL185,EFO_0000178,INDICATION,
CHEMBL185,EFO_0000181,INDICATION,
CHEMBL185,EFO_0000182,INDICATION,
CHEMBL185,EFO_0000197,INDICATION,
CHEMBL185,EFO_0000198,INDICATION,
CHEMBL185,EFO_0000199,INDICATION,
CHEMBL185,EFO_0000228,INDICATION,
CHEMBL185,EFO_0000294,INDICATION,
CHEMBL185,EFO_0000305,OFF_LABEL_USE,
CHEMBL185,EFO_0000313,INDICATION,
CHEMBL185,EFO_0000326,INDICATION,
CHEMBL185,EFO_0000365,INDICATION,
CHEMBL185,EFO_0000389,INDICATION,
CHEMBL185,EFO_0000503,INDICATION,
CHEMBL185,EFO_0000565,INDICATION,
CHEMBL185,EFO_0000574,INDICATION,
CHEMBL185,EFO_0000616,INDICATION,
CHEMBL185,EFO_0000681,INDICATION,
CHEMBL185,EFO_0000698,INDICATION,
CHEMBL185,EFO_0000707,INDICATION,
CHEMBL185,EFO_0000756,INDICATION,
CHEMBL185,EFO_0001075,INDICATION,
CHEMBL185,EFO_0001378,INDICATION,
CHEMBL185,EFO_0002428,INDICATION,
CHEMBL185,EFO_0002496,INDICATION,
CHEMBL185,EFO_0002617,INDICATION,
CHEMBL185,EFO_0002618,INDICATION,
CHEMBL185,EFO_0002916,INDICATION,
CHEMBL185,EFO_0002938,INDICATION,
CHEMBL185,EFO_0003060,INDICATION,
CHEMBL185,EFO_0003086,CONTRAINDICATION,
CHEMBL185,EFO_0003100,INDICATION,
CHEMBL185,EFO_0003817,INDICATION,
CHEMBL185,EFO_0003835,INDICATION,
CHEMBL185,EFO_0003859,INDICATION,
CHEMBL185,EFO_0003860,INDICATION,
CHEMBL185,EFO_0003866,INDICATION,
CHEMBL185,EFO_0003869,INDICATION,
CHEMBL185,EFO_0003891,INDICATION,
CHEMBL185,EFO_0003897,INDICATION,
CHEMBL185,EFO_0004142,INDICATION,
CHEMBL185,EFO_0004193,INDICATION,
CHEMBL185,EFO_0004208,INDICATION,
CHEMBL185,EFO_0004252,INDICATION,
CHEMBL185,EFO_0004284,INDICATION,
CHEMBL185,EFO_0004288,INDICATION,
CHEMBL185,EFO_0004606,INDICATION,
CHEMBL185,EFO_0005221,INDICATION,
CHEMBL185,EFO_0005537,INDICATION,
CHEMBL185,EFO_0005570,INDICATION,
CHEMBL185,EFO_0005577,INDICATION,
CHEMBL185,EFO_0005922,INDICATION,
CHEMBL185,EFO_0005950,INDICATION,
CHEMBL185,EFO_0005952,INDICATION,
CHEMBL185,EFO_0006859,OFF_LABEL_USE,
CHEMBL185,EFO_0007363,INDICATION,
CHEMBL185,EFO_0007416,INDICATION,
CHEMBL185,EFO_0008528,INDICATION,
CHEMBL185,EFO_0008549,INDICATION,
CHEMBL185,EFO_0009259,INDICATION,
CHEMBL185,EFO_0009688,CONTRAINDICATION,
CHEMBL185,EFO_0009708,INDICATION,
CHEMBL185,EFO_0010282,INDICATION,
CHEMBL185,EFO_1000028,INDICATION,
CHEMBL185,EFO_1000044,INDICATION,
CHEMBL185,EFO_1000251,INDICATION,
CHEMBL185,EFO_1000292,INDICATION,
CHEMBL185,EFO_1000359,INDICATION,
CHEMBL185,EFO_1000657,INDICATION,
CHEMBL185,EFO_1000720,INDICATION,
CHEMBL185,EFO_1000852,OFF_LABEL_USE,
CHEMBL185,EFO_1000910,INDICATION,
CHEMBL185,EFO_1000984,INDICATION,
CHEMBL185,EFO_1001100,INDICATION,
CHEMBL185,EFO_1001129,INDICATION,
CHEMBL185,EFO_1001365,INDICATION,
CHEMBL185,EFO_1001471,INDICATION,
CHEMBL185,EFO_1001512,INDICATION,
CHEMBL185,EFO_1001901,INDICATION,
CHEMBL185,EFO_1001949,INDICATION,
CHEMBL185,EFO_1001951,INDICATION,
CHEMBL185,EFO_1001956,INDICATION,
CHEMBL185,EFO_1001959,INDICATION,
CHEMBL185,EFO_1001961,INDICATION,
CHEMBL185,MONDO_0000831,INDICATION,
CHEMBL185,MONDO_0000956,INDICATION,
CHEMBL185,MONDO_0001056,INDICATION,
CHEMBL185,MONDO_0001187,OFF_LABEL_USE,
CHEMBL185,MONDO_0001879,OFF_LABEL_USE,
CHEMBL185,MONDO_0002038,INDICATION,
CHEMBL185,MONDO_0002087,INDICATION,
CHEMBL185,MONDO_0002120,INDICATION,
CHEMBL185,MONDO_0002258,CONTRAINDICATION,
CHEMBL185,MONDO_0002358,INDICATION,
CHEMBL185,MONDO_0002367,INDICATION,
CHEMBL185,MONDO_0002516,INDICATION,
CHEMBL185,MONDO_0002691,INDICATION,
CHEMBL185,MONDO_0002974,INDICATION,
CHEMBL185,MONDO_0003059,INDICATION,
CHEMBL185,MONDO_0003060,INDICATION,
CHEMBL185,MONDO_0003199,INDICATION,
CHEMBL185,MONDO_0004192,INDICATION,
CHEMBL185,MONDO_0004844,OFF_LABEL_USE,
CHEMBL185,MONDO_0004986,INDICATION,
CHEMBL185,MONDO_0004992,INDICATION,
CHEMBL185,MONDO_0005041,INDICATION,
CHEMBL185,MONDO_0005184,INDICATION,
CHEMBL185,MONDO_0005575,INDICATION,
CHEMBL185,MONDO_0005835,INDICATION,
CHEMBL185,MONDO_0007254,INDICATION,
CHEMBL185,MONDO_0007576,OFF_LABEL_USE,
CHEMBL185,MONDO_0008170,INDICATION,
CHEMBL185,MONDO_0010130,CONTRAINDICATION,
CHEMBL185,MONDO_0011719,INDICATION,
CHEMBL185,MONDO_0021063,INDICATION,
CHEMBL185,MONDO_0021355,INDICATION,
CHEMBL185,MONDO_0024475,INDICATION,
CHEMBL185,MONDO_0041448,INDICATION,
CHEMBL185,MONDO_0044704,INDICATION,
CHEMBL185,MONDO_0044937,INDICATION,
CHEMBL1851805,EFO_0003843,INDICATION,
CHEMBL1851943,EFO_0000198,INDICATION,
CHEMBL1851943,EFO_0000222,INDICATION,
CHEMBL1851943,EFO_0000565,INDICATION,
CHEMBL1851943,EFO_0000616,INDICATION,
CHEMBL1851943,EFO_0000691,INDICATION,
CHEMBL1851943,EFO_0004251,INDICATION,
CHEMBL1851943,MONDO_0004992,INDICATION,
CHEMBL1851943,MONDO_0008315,INDICATION,
CHEMBL1852164,EFO_0000685,INDICATION,
CHEMBL1852688,EFO_0000519,INDICATION,
CHEMBL1852688,EFO_0000616,INDICATION,
CHEMBL1852688,EFO_0000756,INDICATION,
CHEMBL1852688,EFO_0001061,INDICATION,
CHEMBL1852688,EFO_0001668,INDICATION,
CHEMBL1852688,EFO_0005221,INDICATION,
CHEMBL1852688,EFO_1001961,INDICATION,
CHEMBL1852688,EFO_1002027,INDICATION,
CHEMBL1852688,MONDO_0001187,INDICATION,
CHEMBL1852688,MONDO_0004992,INDICATION,
CHEMBL1852688,MONDO_0007037,INDICATION,
CHEMBL1852688,MONDO_0007254,INDICATION,
CHEMBL1852688,MONDO_0011719,INDICATION,
CHEMBL1852688,MONDO_0044704,INDICATION,
CHEMBL185885,EFO_0009444,INDICATION,
CHEMBL185885,MONDO_0011382,INDICATION,
CHEMBL186,EFO_0000474,CONTRAINDICATION,
CHEMBL186,EFO_0000544,INDICATION,
CHEMBL186,EFO_0000771,INDICATION,
CHEMBL186,EFO_0002623,INDICATION,
CHEMBL186,EFO_0003033,INDICATION,
CHEMBL186,EFO_0003086,INDICATION,
CHEMBL186,EFO_0003102,INDICATION,
CHEMBL186,EFO_0003103,INDICATION,
CHEMBL186,EFO_0003106,INDICATION,
CHEMBL186,EFO_0003872,CONTRAINDICATION,
CHEMBL186,EFO_0005681,INDICATION,
CHEMBL186,EFO_0005741,INDICATION,
CHEMBL186,EFO_0005774,CONTRAINDICATION,
CHEMBL186,EFO_0006834,INDICATION,
CHEMBL186,EFO_0007499,INDICATION,
CHEMBL186,EFO_0009314,CONTRAINDICATION,
CHEMBL186,EFO_0009582,INDICATION,
CHEMBL186,EFO_1001141,INDICATION,
CHEMBL186,EFO_1001272,INDICATION,
CHEMBL186,EFO_1001313,INDICATION,
CHEMBL186,MONDO_0001343,CONTRAINDICATION,
CHEMBL186,MONDO_0001475,INDICATION,
CHEMBL186,MONDO_0005247,INDICATION,
CHEMBL186,MONDO_0040732,INDICATION,
CHEMBL186,MONDO_0044881,INDICATION,
CHEMBL186113,EFO_0004610,INDICATION,
CHEMBL186141,EFO_0000384,INDICATION,
CHEMBL186141,EFO_0000729,INDICATION,
CHEMBL186141,EFO_0004142,INDICATION,
CHEMBL186141,EFO_0008520,INDICATION,
CHEMBL186179,EFO_0000400,INDICATION,
CHEMBL186179,MONDO_0005148,INDICATION,
CHEMBL186179,Orphanet_309005,INDICATION,
CHEMBL1863513,EFO_0000313,INDICATION,
CHEMBL1863513,EFO_0000701,INDICATION,
CHEMBL1863513,EFO_0000707,INDICATION,
CHEMBL1863513,EFO_0002496,INDICATION,
CHEMBL1863513,EFO_0004193,INDICATION,
CHEMBL1863513,EFO_0005584,INDICATION,
CHEMBL1863513,EFO_0007147,INDICATION,
CHEMBL1863513,EFO_0007375,INDICATION,
CHEMBL1863513,EFO_0009662,INDICATION,
CHEMBL1863513,EFO_1000720,INDICATION,
CHEMBL1863513,MONDO_0002102,INDICATION,
CHEMBL1863514,EFO_0000198,INDICATION,
CHEMBL1863514,EFO_0000220,INDICATION,
CHEMBL1863514,EFO_0000222,INDICATION,
CHEMBL1863514,EFO_0000565,INDICATION,
CHEMBL1863514,EFO_0004289,INDICATION,
CHEMBL1863514,MONDO_0000873,INDICATION,
CHEMBL1863514,MONDO_0004992,INDICATION,
CHEMBL1863515,EFO_0000220,INDICATION,
CHEMBL1863515,EFO_0000574,INDICATION,
CHEMBL1863515,EFO_0000616,INDICATION,
CHEMBL1863515,EFO_0000637,INDICATION,
CHEMBL1863515,MONDO_0021054,INDICATION,
CHEMBL1863515,MONDO_0044881,INDICATION,
CHEMBL1865135,EFO_0010282,INDICATION,
CHEMBL1865258,EFO_0000319,INDICATION,
CHEMBL186720,EFO_0000217,CONTRAINDICATION,
CHEMBL186720,EFO_0000319,CONTRAINDICATION,
CHEMBL186720,EFO_0000341,CONTRAINDICATION,
CHEMBL186720,EFO_0000400,CONTRAINDICATION,
CHEMBL186720,EFO_0000474,CONTRAINDICATION,
CHEMBL186720,EFO_0000537,CONTRAINDICATION,
CHEMBL186720,EFO_0000612,CONTRAINDICATION,
CHEMBL186720,EFO_0001645,CONTRAINDICATION,
CHEMBL186720,EFO_0003086,CONTRAINDICATION,
CHEMBL186720,EFO_0003928,CONTRAINDICATION,
CHEMBL186720,EFO_0003948,CONTRAINDICATION,
CHEMBL186720,EFO_0003956,INDICATION,
CHEMBL186720,EFO_0004242,CONTRAINDICATION,
CHEMBL186720,EFO_0004262,CONTRAINDICATION,
CHEMBL186720,EFO_0004274,CONTRAINDICATION,
CHEMBL186720,EFO_0004698,CONTRAINDICATION,
CHEMBL186720,EFO_0004991,CONTRAINDICATION,
CHEMBL186720,EFO_0005306,CONTRAINDICATION,
CHEMBL186720,EFO_0005531,INDICATION,
CHEMBL186720,EFO_0005854,INDICATION,
CHEMBL186720,EFO_0007141,INDICATION,
CHEMBL186720,EFO_0007467,CONTRAINDICATION,
CHEMBL186720,EFO_0007533,INDICATION,
CHEMBL186720,EFO_0009086,CONTRAINDICATION,
CHEMBL186720,EFO_0009189,CONTRAINDICATION,
CHEMBL186720,EFO_0009190,CONTRAINDICATION,
CHEMBL186720,EFO_0009314,CONTRAINDICATION,
CHEMBL186720,EFO_0009532,CONTRAINDICATION,
CHEMBL186720,EFO_1000014,CONTRAINDICATION,
CHEMBL186720,EFO_1000391,CONTRAINDICATION,
CHEMBL186720,EFO_1000652,CONTRAINDICATION,
CHEMBL186720,EFO_1001069,CONTRAINDICATION,
CHEMBL186720,EFO_1001375,CONTRAINDICATION,
CHEMBL186720,EFO_1001872,CONTRAINDICATION,
CHEMBL186720,MONDO_0001343,CONTRAINDICATION,
CHEMBL186720,MONDO_0001744,CONTRAINDICATION,
CHEMBL186720,MONDO_0002277,CONTRAINDICATION,
CHEMBL186720,MONDO_0002280,CONTRAINDICATION,
CHEMBL186720,MONDO_0004247,CONTRAINDICATION,
CHEMBL186720,MONDO_0005041,CONTRAINDICATION,
CHEMBL186720,MONDO_0007079,CONTRAINDICATION,
CHEMBL186720,MONDO_0018660,CONTRAINDICATION,
CHEMBL186720,MONDO_0018896,CONTRAINDICATION,
CHEMBL186720,MONDO_0021661,CONTRAINDICATION,
CHEMBL186720,MONDO_0024327,CONTRAINDICATION,
CHEMBL186720,MONDO_0024574,CONTRAINDICATION,
CHEMBL186720,MONDO_0100192,CONTRAINDICATION,
CHEMBL186720,Orphanet_903,CONTRAINDICATION,
CHEMBL1870768,EFO_0004269,INDICATION,
CHEMBL1870796,EFO_0005230,INDICATION,
CHEMBL1870796,MONDO_0002009,INDICATION,
CHEMBL1873475,EFO_0000095,INDICATION,
CHEMBL1873475,EFO_0000096,INDICATION,
CHEMBL1873475,EFO_0000181,INDICATION,
CHEMBL1873475,EFO_0000183,INDICATION,
CHEMBL1873475,EFO_0000198,INDICATION,
CHEMBL1873475,EFO_0000220,INDICATION,
CHEMBL1873475,EFO_0000222,INDICATION,
CHEMBL1873475,EFO_0000309,INDICATION,
CHEMBL1873475,EFO_0000389,INDICATION,
CHEMBL1873475,EFO_0000403,INDICATION,
CHEMBL1873475,EFO_0000519,INDICATION,
CHEMBL1873475,EFO_0000565,INDICATION,
CHEMBL1873475,EFO_0000574,INDICATION,
CHEMBL1873475,EFO_0000616,INDICATION,
CHEMBL1873475,EFO_0000681,INDICATION,
CHEMBL1873475,EFO_0001378,INDICATION,
CHEMBL1873475,EFO_0001421,INDICATION,
CHEMBL1873475,EFO_0001642,INDICATION,
CHEMBL1873475,EFO_0002616,INDICATION,
CHEMBL1873475,EFO_0002617,INDICATION,
CHEMBL1873475,EFO_0003060,INDICATION,
CHEMBL1873475,EFO_0004243,INDICATION,
CHEMBL1873475,EFO_0004289,INDICATION,
CHEMBL1873475,EFO_0005952,INDICATION,
CHEMBL1873475,EFO_0007359,INDICATION,
CHEMBL1873475,EFO_0009441,INDICATION,
CHEMBL1873475,EFO_1000560,INDICATION,
CHEMBL1873475,EFO_1000630,INDICATION,
CHEMBL1873475,EFO_1000956,INDICATION,
CHEMBL1873475,EFO_1001264,INDICATION,
CHEMBL1873475,EFO_1001469,INDICATION,
CHEMBL1873475,EFO_1001875,INDICATION,
CHEMBL1873475,EFO_1001890,INDICATION,
CHEMBL1873475,EFO_1001951,INDICATION,
CHEMBL1873475,MONDO_0000432,INDICATION,
CHEMBL1873475,MONDO_0001023,INDICATION,
CHEMBL1873475,MONDO_0004992,INDICATION,
CHEMBL1873475,MONDO_0007254,INDICATION,
CHEMBL1873475,MONDO_0007576,INDICATION,
CHEMBL1873475,MONDO_0008315,INDICATION,
CHEMBL1873475,MONDO_0008903,INDICATION,
CHEMBL1873475,MONDO_0009348,INDICATION,
CHEMBL1873475,MONDO_0013730,INDICATION,
CHEMBL1873475,MONDO_0018906,INDICATION,
CHEMBL1873475,MONDO_0020547,INDICATION,
CHEMBL1873475,MONDO_0021063,INDICATION,
CHEMBL1873475,MONDO_0044881,INDICATION,
CHEMBL1873475,MONDO_0100053,INDICATION,
CHEMBL1873475,MONDO_0100096,INDICATION,
CHEMBL1874750,EFO_0000319,INDICATION,
CHEMBL1875999,EFO_0001358,INDICATION,
CHEMBL187927,EFO_0003768,INDICATION,
CHEMBL1879463,EFO_0000544,INDICATION,
CHEMBL1879463,EFO_0000616,INDICATION,
CHEMBL1879463,EFO_1000045,INDICATION,
CHEMBL1879463,EFO_1000601,INDICATION,
CHEMBL1879463,MONDO_0002367,INDICATION,
CHEMBL1879463,MONDO_0004992,INDICATION,
CHEMBL1879463,MONDO_0007254,INDICATION,
CHEMBL1879463,MONDO_0008315,INDICATION,
CHEMBL1879463,MONDO_0011962,INDICATION,
CHEMBL1879463,MONDO_0100096,INDICATION,
CHEMBL1880349,EFO_0007214,INDICATION,
CHEMBL1880349,MONDO_0008315,INDICATION,
CHEMBL188185,MONDO_0001134,INDICATION,
CHEMBL1882461,EFO_0010282,INDICATION,
CHEMBL188462,EFO_0001072,INDICATION,
CHEMBL188462,EFO_0003888,INDICATION,
CHEMBL188462,MONDO_0004975,INDICATION,
CHEMBL188462,MONDO_0005090,INDICATION,
CHEMBL1884833,EFO_0010282,INDICATION,
CHEMBL1887147,EFO_1001347,INDICATION,
CHEMBL1888176,EFO_0000341,INDICATION,
CHEMBL1888176,EFO_0006865,INDICATION,
CHEMBL1888176,EFO_1000781,INDICATION,
CHEMBL1888176,MONDO_0005090,INDICATION,
CHEMBL1889091,EFO_0004220,INDICATION,
CHEMBL1889140,EFO_0003843,INDICATION,
CHEMBL1889140,EFO_0003931,INDICATION,
CHEMBL1889140,EFO_0006859,INDICATION,
CHEMBL1889140,EFO_0009676,INDICATION,
CHEMBL1889140,MONDO_0005178,INDICATION,
CHEMBL188921,EFO_0000319,INDICATION,
CHEMBL1889436,EFO_0000319,INDICATION,
CHEMBL188952,EFO_0005755,INDICATION,
CHEMBL189,EFO_0000319,INDICATION,
CHEMBL189,EFO_0000612,CONTRAINDICATION,
CHEMBL189,EFO_0000713,INDICATION,
CHEMBL189,EFO_0002687,INDICATION,
CHEMBL189,EFO_0003086,CONTRAINDICATION,
CHEMBL189,EFO_0003144,INDICATION,
CHEMBL189,EFO_0005207,INDICATION,
CHEMBL189,EFO_0005251,CONTRAINDICATION,
CHEMBL189,EFO_0006834,INDICATION,
CHEMBL189,EFO_0009846,INDICATION,
CHEMBL189,EFO_1000994,INDICATION,
CHEMBL189,EFO_1001138,CONTRAINDICATION,
CHEMBL189,MONDO_0005149,INDICATION,
CHEMBL18901,EFO_0000616,INDICATION,
CHEMBL18901,EFO_1000158,INDICATION,
CHEMBL18901,MONDO_0007254,INDICATION,
CHEMBL18901,MONDO_0008903,INDICATION,
CHEMBL189171,EFO_0003898,INDICATION,
CHEMBL189171,EFO_0005755,INDICATION,
CHEMBL1892145,EFO_0000319,INDICATION,
CHEMBL1892201,EFO_0005755,INDICATION,
CHEMBL1893913,EFO_0000341,INDICATION,
CHEMBL1893913,EFO_0004540,INDICATION,
CHEMBL189475,EFO_0003060,INDICATION,
CHEMBL189475,EFO_0007187,INDICATION,
CHEMBL189475,MONDO_0005147,INDICATION,
CHEMBL189676,EFO_0001073,INDICATION,
CHEMBL189676,EFO_0004319,INDICATION,
CHEMBL1899506,EFO_0003888,INDICATION,
CHEMBL1899506,MONDO_0002050,INDICATION,
CHEMBL189959,EFO_0001073,INDICATION,
CHEMBL189963,EFO_0000174,INDICATION,
CHEMBL189963,EFO_0000181,INDICATION,
CHEMBL189963,EFO_0000182,INDICATION,
CHEMBL189963,EFO_0000220,INDICATION,
CHEMBL189963,EFO_0000222,INDICATION,
CHEMBL189963,EFO_0000228,INDICATION,
CHEMBL189963,EFO_0000305,INDICATION,
CHEMBL189963,EFO_0000349,INDICATION,
CHEMBL189963,EFO_0000519,INDICATION,
CHEMBL189963,EFO_0000569,INDICATION,
CHEMBL189963,EFO_0000574,INDICATION,
CHEMBL189963,EFO_0000616,INDICATION,
CHEMBL189963,EFO_0000630,INDICATION,
CHEMBL189963,EFO_0000632,INDICATION,
CHEMBL189963,EFO_0000637,INDICATION,
CHEMBL189963,EFO_0000681,INDICATION,
CHEMBL189963,EFO_0000707,INDICATION,
CHEMBL189963,EFO_0000708,INDICATION,
CHEMBL189963,EFO_0000756,INDICATION,
CHEMBL189963,EFO_0001075,INDICATION,
CHEMBL189963,EFO_0001378,INDICATION,
CHEMBL189963,EFO_0002618,INDICATION,
CHEMBL189963,EFO_0002626,INDICATION,
CHEMBL189963,EFO_0003060,INDICATION,
CHEMBL189963,EFO_0003085,INDICATION,
CHEMBL189963,EFO_0003086,INDICATION,
CHEMBL189963,EFO_0003869,INDICATION,
CHEMBL189963,EFO_0004252,INDICATION,
CHEMBL189963,EFO_0005922,INDICATION,
CHEMBL189963,EFO_0005952,INDICATION,
CHEMBL189963,EFO_0006318,INDICATION,
CHEMBL189963,EFO_0006859,INDICATION,
CHEMBL189963,EFO_0008528,INDICATION,
CHEMBL189963,EFO_1000045,INDICATION,
CHEMBL189963,EFO_1000251,INDICATION,
CHEMBL189963,EFO_1000294,INDICATION,
CHEMBL189963,EFO_1001469,INDICATION,
CHEMBL189963,EFO_1001512,INDICATION,
CHEMBL189963,EFO_1001950,INDICATION,
CHEMBL189963,EFO_1001968,INDICATION,
CHEMBL189963,MONDO_0004992,INDICATION,
CHEMBL189963,MONDO_0005184,INDICATION,
CHEMBL189963,MONDO_0007254,INDICATION,
CHEMBL189963,MONDO_0008170,INDICATION,
CHEMBL189963,MONDO_0008315,INDICATION,
CHEMBL189963,MONDO_0008903,INDICATION,
CHEMBL189963,MONDO_0008978,INDICATION,
CHEMBL189963,MONDO_0011962,INDICATION,
CHEMBL189963,MONDO_0100096,INDICATION,
CHEMBL189963,Orphanet_145,INDICATION,
CHEMBL1899801,EFO_0000519,INDICATION,
CHEMBL19,EFO_0004190,INDICATION,
CHEMBL19,EFO_1000782,INDICATION,
CHEMBL19,MONDO_0002974,INDICATION,
CHEMBL19,MONDO_0005041,INDICATION,
CHEMBL190,EFO_0000222,INDICATION,
CHEMBL190,EFO_0000319,CONTRAINDICATION,
CHEMBL190,EFO_0000341,INDICATION,
CHEMBL190,EFO_0000400,CONTRAINDICATION,
CHEMBL190,EFO_0000464,INDICATION,
CHEMBL190,EFO_0000474,CONTRAINDICATION,
CHEMBL190,EFO_0000537,CONTRAINDICATION,
CHEMBL190,EFO_0000565,INDICATION,
CHEMBL190,EFO_0000612,CONTRAINDICATION,
CHEMBL190,EFO_0000763,INDICATION,
CHEMBL190,EFO_0001361,INDICATION,
CHEMBL190,EFO_0001645,CONTRAINDICATION,
CHEMBL190,EFO_0001663,INDICATION,
CHEMBL190,EFO_0003060,INDICATION,
CHEMBL190,EFO_0003086,CONTRAINDICATION,
CHEMBL190,EFO_0003779,CONTRAINDICATION,
CHEMBL190,EFO_0003818,INDICATION,
CHEMBL190,EFO_0003877,CONTRAINDICATION,
CHEMBL190,EFO_0003884,INDICATION,
CHEMBL190,EFO_0003917,INDICATION,
CHEMBL190,EFO_0004190,CONTRAINDICATION,
CHEMBL190,EFO_0004283,CONTRAINDICATION,
CHEMBL190,EFO_0004705,CONTRAINDICATION,
CHEMBL190,EFO_0005207,INDICATION,
CHEMBL190,EFO_0005407,CONTRAINDICATION,
CHEMBL190,EFO_0006505,INDICATION,
CHEMBL190,EFO_0009189,CONTRAINDICATION,
CHEMBL190,EFO_0009492,INDICATION,
CHEMBL190,EFO_0009661,INDICATION,
CHEMBL190,EFO_0009686,INDICATION,
CHEMBL190,EFO_1000684,CONTRAINDICATION,
CHEMBL190,EFO_1000782,INDICATION,
CHEMBL190,EFO_1001134,CONTRAINDICATION,
CHEMBL190,EFO_1001375,CONTRAINDICATION,
CHEMBL190,MONDO_0001187,INDICATION,
CHEMBL190,MONDO_0001744,CONTRAINDICATION,
CHEMBL190,MONDO_0002009,INDICATION,
CHEMBL190,MONDO_0002050,CONTRAINDICATION,
CHEMBL190,MONDO_0002280,CONTRAINDICATION,
CHEMBL190,MONDO_0002491,CONTRAINDICATION,
CHEMBL190,MONDO_0004247,CONTRAINDICATION,
CHEMBL190,MONDO_0004596,CONTRAINDICATION,
CHEMBL190,MONDO_0004979,INDICATION,
CHEMBL190,MONDO_0007078,INDICATION,
CHEMBL190,MONDO_0007079,CONTRAINDICATION,
CHEMBL190,MONDO_0009061,CONTRAINDICATION,
CHEMBL190,MONDO_0019992,INDICATION,
CHEMBL190,MONDO_0021661,CONTRAINDICATION,
CHEMBL190,MONDO_0037821,CONTRAINDICATION,
CHEMBL190,MONDO_0100192,CONTRAINDICATION,
CHEMBL190,Orphanet_665,INDICATION,
CHEMBL190044,EFO_0000555,INDICATION,
CHEMBL190044,EFO_0010282,INDICATION,
CHEMBL1900528,EFO_0000341,INDICATION,
CHEMBL1900528,EFO_0000464,INDICATION,
CHEMBL1900528,EFO_0000616,INDICATION,
CHEMBL1900528,EFO_0006505,INDICATION,
CHEMBL1900528,EFO_1001919,INDICATION,
CHEMBL1900528,MONDO_0001343,CONTRAINDICATION,
CHEMBL1900528,MONDO_0001744,CONTRAINDICATION,
CHEMBL1900528,MONDO_0004979,INDICATION,
CHEMBL1900528,MONDO_0009061,INDICATION,
CHEMBL190083,MONDO_0004975,INDICATION,
CHEMBL190083,MONDO_0008315,INDICATION,
CHEMBL19019,EFO_0000274,INDICATION,
CHEMBL19019,EFO_0000341,CONTRAINDICATION,
CHEMBL19019,EFO_0000384,INDICATION,
CHEMBL19019,EFO_0000474,CONTRAINDICATION,
CHEMBL19019,EFO_0000676,INDICATION,
CHEMBL19019,EFO_0000694,INDICATION,
CHEMBL19019,EFO_0000729,INDICATION,
CHEMBL19019,EFO_0000764,INDICATION,
CHEMBL19019,EFO_0001065,INDICATION,
CHEMBL19019,EFO_0001073,INDICATION,
CHEMBL19019,EFO_0001358,INDICATION,
CHEMBL19019,EFO_0002610,INDICATION,
CHEMBL19019,EFO_0003768,INDICATION,
CHEMBL19019,EFO_0003832,CONTRAINDICATION,
CHEMBL19019,EFO_0003843,INDICATION,
CHEMBL19019,EFO_0003890,INDICATION,
CHEMBL19019,EFO_0004240,INDICATION,
CHEMBL19019,EFO_0004242,INDICATION,
CHEMBL19019,EFO_0004329,INDICATION,
CHEMBL19019,EFO_0004699,INDICATION,
CHEMBL19019,EFO_0004701,INDICATION,
CHEMBL19019,EFO_0004705,CONTRAINDICATION,
CHEMBL19019,EFO_0005203,INDICATION,
CHEMBL19019,EFO_0005204,INDICATION,
CHEMBL19019,EFO_0005251,CONTRAINDICATION,
CHEMBL19019,EFO_0005611,CONTRAINDICATION,
CHEMBL19019,EFO_0005687,INDICATION,
CHEMBL19019,EFO_0005924,INDICATION,
CHEMBL19019,EFO_0007191,INDICATION,
CHEMBL19019,EFO_0007224,INDICATION,
CHEMBL19019,EFO_0007257,CONTRAINDICATION,
CHEMBL19019,EFO_0008507,INDICATION,
CHEMBL19019,EFO_0009430,OFF_LABEL_USE,
CHEMBL19019,EFO_0010702,INDICATION,
CHEMBL19019,EFO_1000637,INDICATION,
CHEMBL19019,EFO_1000652,CONTRAINDICATION,
CHEMBL19019,EFO_1000783,INDICATION,
CHEMBL19019,EFO_1000800,CONTRAINDICATION,
CHEMBL19019,EFO_1000902,CONTRAINDICATION,
CHEMBL19019,EFO_1000906,INDICATION,
CHEMBL19019,EFO_1001132,CONTRAINDICATION,
CHEMBL19019,MONDO_0000594,INDICATION,
CHEMBL19019,MONDO_0001343,CONTRAINDICATION,
CHEMBL19019,MONDO_0002009,INDICATION,
CHEMBL19019,MONDO_0002046,INDICATION,
CHEMBL19019,MONDO_0002050,CONTRAINDICATION,
CHEMBL19019,MONDO_0002491,CONTRAINDICATION,
CHEMBL19019,MONDO_0004596,CONTRAINDICATION,
CHEMBL19019,MONDO_0005090,INDICATION,
CHEMBL19019,MONDO_0005277,INDICATION,
CHEMBL19019,MONDO_0005301,INDICATION,
CHEMBL19019,MONDO_0005351,INDICATION,
CHEMBL19019,MONDO_0007079,INDICATION,
CHEMBL19019,MONDO_0007254,INDICATION,
CHEMBL19019,MONDO_0015129,CONTRAINDICATION,
CHEMBL19019,MONDO_0015626,INDICATION,
CHEMBL19019,MONDO_0018309,CONTRAINDICATION,
CHEMBL19019,MONDO_0019542,CONTRAINDICATION,
CHEMBL19019,MONDO_0021698,INDICATION,
CHEMBL19019,MONDO_0044751,CONTRAINDICATION,
CHEMBL19019,MONDO_0100096,INDICATION,
CHEMBL19019,MONDO_0100192,CONTRAINDICATION,
CHEMBL190412,EFO_0000574,INDICATION,
CHEMBL190461,EFO_0000180,INDICATION,
CHEMBL190461,EFO_0000384,INDICATION,
CHEMBL190461,EFO_0000474,INDICATION,
CHEMBL190461,EFO_0000519,INDICATION,
CHEMBL190461,EFO_0000537,INDICATION,
CHEMBL190461,EFO_0000546,INDICATION,
CHEMBL190461,EFO_0000616,INDICATION,
CHEMBL190461,EFO_0000673,INDICATION,
CHEMBL190461,EFO_0000729,INDICATION,
CHEMBL190461,EFO_0000764,INDICATION,
CHEMBL190461,EFO_0001358,INDICATION,
CHEMBL190461,EFO_0002610,INDICATION,
CHEMBL190461,EFO_0003086,INDICATION,
CHEMBL190461,EFO_0003100,INDICATION,
CHEMBL190461,EFO_0003108,INDICATION,
CHEMBL190461,EFO_0003144,INDICATION,
CHEMBL190461,EFO_0003756,INDICATION,
CHEMBL190461,EFO_0003758,INDICATION,
CHEMBL190461,EFO_0003768,INDICATION,
CHEMBL190461,EFO_0003778,INDICATION,
CHEMBL190461,EFO_0003843,INDICATION,
CHEMBL190461,EFO_0003890,INDICATION,
CHEMBL190461,EFO_0004242,INDICATION,
CHEMBL190461,EFO_0004599,INDICATION,
CHEMBL190461,EFO_0004616,INDICATION,
CHEMBL190461,EFO_0004698,INDICATION,
CHEMBL190461,EFO_0004895,INDICATION,
CHEMBL190461,EFO_0005230,INDICATION,
CHEMBL190461,EFO_0005407,INDICATION,
CHEMBL190461,EFO_0005411,INDICATION,
CHEMBL190461,EFO_0005611,INDICATION,
CHEMBL190461,EFO_0005676,INDICATION,
CHEMBL190461,EFO_0005687,INDICATION,
CHEMBL190461,EFO_0005762,INDICATION,
CHEMBL190461,EFO_0007191,INDICATION,
CHEMBL190461,EFO_0007427,INDICATION,
CHEMBL190461,EFO_0008507,INDICATION,
CHEMBL190461,EFO_0008526,INDICATION,
CHEMBL190461,EFO_0008568,INDICATION,
CHEMBL190461,EFO_0009609,INDICATION,
CHEMBL190461,EFO_0010072,INDICATION,
CHEMBL190461,EFO_0010702,INDICATION,
CHEMBL190461,EFO_1000634,INDICATION,
CHEMBL190461,EFO_1000783,INDICATION,
CHEMBL190461,EFO_1001917,INDICATION,
CHEMBL190461,MONDO_0002959,INDICATION,
CHEMBL190461,MONDO_0004976,INDICATION,
CHEMBL190461,MONDO_0004985,INDICATION,
CHEMBL190461,MONDO_0005090,INDICATION,
CHEMBL190461,MONDO_0005180,INDICATION,
CHEMBL190461,MONDO_0005277,INDICATION,
CHEMBL190461,MONDO_0005351,INDICATION,
CHEMBL190461,MONDO_0007079,INDICATION,
CHEMBL190461,MONDO_0007254,INDICATION,
CHEMBL190461,MONDO_0007739,INDICATION,
CHEMBL190461,MONDO_0008300,INDICATION,
CHEMBL190461,MONDO_0008501,INDICATION,
CHEMBL190461,MONDO_0008903,INDICATION,
CHEMBL190461,MONDO_0010383,INDICATION,
CHEMBL190461,MONDO_0010726,INDICATION,
CHEMBL190461,MONDO_0010826,INDICATION,
CHEMBL190461,MONDO_0011728,INDICATION,
CHEMBL190461,MONDO_0013730,INDICATION,
CHEMBL190461,MONDO_0016532,INDICATION,
CHEMBL190461,MONDO_0018097,INDICATION,
CHEMBL190461,MONDO_0100062,INDICATION,
CHEMBL190461,MONDO_0100096,INDICATION,
CHEMBL190461,MONDO_0100135,INDICATION,
CHEMBL190461,Orphanet_93955,INDICATION,
CHEMBL1905073,EFO_1001951,INDICATION,
CHEMBL1905073,MONDO_0008903,INDICATION,
CHEMBL1905872,EFO_0004272,INDICATION,
CHEMBL190677,MONDO_0045011,INDICATION,
CHEMBL1906890,EFO_0004269,INDICATION,
CHEMBL1906890,MONDO_0015263,INDICATION,
CHEMBL1908305,EFO_0000544,INDICATION,
CHEMBL1908305,EFO_0003103,INDICATION,
CHEMBL1908305,EFO_0003106,INDICATION,
CHEMBL1908305,EFO_1001272,INDICATION,
CHEMBL1908307,EFO_0000319,INDICATION,
CHEMBL1908315,EFO_1001799,INDICATION,
CHEMBL1908324,EFO_0000771,INDICATION,
CHEMBL1908336,EFO_0000771,INDICATION,
CHEMBL1908350,EFO_0000771,INDICATION,
CHEMBL1908351,EFO_0000616,INDICATION,
CHEMBL1908355,EFO_0000685,INDICATION,
CHEMBL1908355,EFO_0005755,INDICATION,
CHEMBL1908359,EFO_0000649,INDICATION,
CHEMBL1908359,EFO_0003086,CONTRAINDICATION,
CHEMBL1908359,EFO_0003819,INDICATION,
CHEMBL1908359,EFO_0008506,CONTRAINDICATION,
CHEMBL1908359,MONDO_0001566,CONTRAINDICATION,
CHEMBL1908359,MONDO_0002203,CONTRAINDICATION,
CHEMBL1908359,MONDO_0002508,INDICATION,
CHEMBL1908359,MONDO_0002635,INDICATION,
CHEMBL1908359,MONDO_0005271,INDICATION,
CHEMBL1908359,MONDO_0019338,CONTRAINDICATION,
CHEMBL1908360,EFO_0000181,INDICATION,
CHEMBL1908360,EFO_0000182,INDICATION,
CHEMBL1908360,EFO_0000183,INDICATION,
CHEMBL1908360,EFO_0000198,INDICATION,
CHEMBL1908360,EFO_0000220,INDICATION,
CHEMBL1908360,EFO_0000222,INDICATION,
CHEMBL1908360,EFO_0000228,INDICATION,
CHEMBL1908360,EFO_0000231,INDICATION,
CHEMBL1908360,EFO_0000272,INDICATION,
CHEMBL1908360,EFO_0000305,INDICATION,
CHEMBL1908360,EFO_0000313,INDICATION,
CHEMBL1908360,EFO_0000326,INDICATION,
CHEMBL1908360,EFO_0000333,INDICATION,
CHEMBL1908360,EFO_0000339,INDICATION,
CHEMBL1908360,EFO_0000349,INDICATION,
CHEMBL1908360,EFO_0000365,INDICATION,
CHEMBL1908360,EFO_0000389,INDICATION,
CHEMBL1908360,EFO_0000400,CONTRAINDICATION,
CHEMBL1908360,EFO_0000403,INDICATION,
CHEMBL1908360,EFO_0000474,INDICATION,
CHEMBL1908360,EFO_0000514,INDICATION,
CHEMBL1908360,EFO_0000519,INDICATION,
CHEMBL1908360,EFO_0000540,INDICATION,
CHEMBL1908360,EFO_0000544,INDICATION,
CHEMBL1908360,EFO_0000558,INDICATION,
CHEMBL1908360,EFO_0000565,INDICATION,
CHEMBL1908360,EFO_0000574,CONTRAINDICATION,
CHEMBL1908360,EFO_0000588,INDICATION,
CHEMBL1908360,EFO_0000616,INDICATION,
CHEMBL1908360,EFO_0000630,INDICATION,
CHEMBL1908360,EFO_0000632,INDICATION,
CHEMBL1908360,EFO_0000637,INDICATION,
CHEMBL1908360,EFO_0000681,INDICATION,
CHEMBL1908360,EFO_0000691,INDICATION,
CHEMBL1908360,EFO_0000702,INDICATION,
CHEMBL1908360,EFO_0000760,INDICATION,
CHEMBL1908360,EFO_0000770,INDICATION,
CHEMBL1908360,EFO_0001062,INDICATION,
CHEMBL1908360,EFO_0001071,INDICATION,
CHEMBL1908360,EFO_0001365,INDICATION,
CHEMBL1908360,EFO_0001376,INDICATION,
CHEMBL1908360,EFO_0001378,INDICATION,
CHEMBL1908360,EFO_0002499,INDICATION,
CHEMBL1908360,EFO_0002617,INDICATION,
CHEMBL1908360,EFO_0002618,INDICATION,
CHEMBL1908360,EFO_0002626,INDICATION,
CHEMBL1908360,EFO_0002913,INDICATION,
CHEMBL1908360,EFO_0002916,INDICATION,
CHEMBL1908360,EFO_0003047,INDICATION,
CHEMBL1908360,EFO_0003060,INDICATION,
CHEMBL1908360,EFO_0003086,CONTRAINDICATION,
CHEMBL1908360,EFO_0003833,INDICATION,
CHEMBL1908360,EFO_0003860,INDICATION,
CHEMBL1908360,EFO_0003869,INDICATION,
CHEMBL1908360,EFO_0003884,INDICATION,
CHEMBL1908360,EFO_0003897,INDICATION,
CHEMBL1908360,EFO_0004224,INDICATION,
CHEMBL1908360,EFO_0004243,INDICATION,
CHEMBL1908360,EFO_0004252,INDICATION,
CHEMBL1908360,EFO_0004289,INDICATION,
CHEMBL1908360,EFO_0004599,INDICATION,
CHEMBL1908360,EFO_0005220,INDICATION,
CHEMBL1908360,EFO_0005221,INDICATION,
CHEMBL1908360,EFO_0005537,INDICATION,
CHEMBL1908360,EFO_0005543,INDICATION,
CHEMBL1908360,EFO_0005672,INDICATION,
CHEMBL1908360,EFO_0005952,INDICATION,
CHEMBL1908360,EFO_0006859,INDICATION,
CHEMBL1908360,EFO_0006861,INDICATION,
CHEMBL1908360,EFO_0007331,INDICATION,
CHEMBL1908360,EFO_0008620,INDICATION,
CHEMBL1908360,EFO_0009441,INDICATION,
CHEMBL1908360,EFO_0009688,CONTRAINDICATION,
CHEMBL1908360,EFO_0009708,INDICATION,
CHEMBL1908360,EFO_1000026,INDICATION,
CHEMBL1908360,EFO_1000045,INDICATION,
CHEMBL1908360,EFO_1000158,INDICATION,
CHEMBL1908360,EFO_1000312,INDICATION,
CHEMBL1908360,EFO_1000601,INDICATION,
CHEMBL1908360,EFO_1000630,INDICATION,
CHEMBL1908360,EFO_1000634,INDICATION,
CHEMBL1908360,EFO_1000852,INDICATION,
CHEMBL1908360,EFO_1001231,INDICATION,
CHEMBL1908360,EFO_1001469,INDICATION,
CHEMBL1908360,EFO_1001496,INDICATION,
CHEMBL1908360,EFO_1001901,INDICATION,
CHEMBL1908360,EFO_1001951,INDICATION,
CHEMBL1908360,EFO_1001968,INDICATION,
CHEMBL1908360,EFO_1002048,INDICATION,
CHEMBL1908360,MONDO_0000873,INDICATION,
CHEMBL1908360,MONDO_0001056,INDICATION,
CHEMBL1908360,MONDO_0001187,INDICATION,
CHEMBL1908360,MONDO_0001370,CONTRAINDICATION,
CHEMBL1908360,MONDO_0001422,INDICATION,
CHEMBL1908360,MONDO_0001549,CONTRAINDICATION,
CHEMBL1908360,MONDO_0001734,INDICATION,
CHEMBL1908360,MONDO_0002087,INDICATION,
CHEMBL1908360,MONDO_0002108,INDICATION,
CHEMBL1908360,MONDO_0002120,INDICATION,
CHEMBL1908360,MONDO_0002158,INDICATION,
CHEMBL1908360,MONDO_0002280,CONTRAINDICATION,
CHEMBL1908360,MONDO_0002367,INDICATION,
CHEMBL1908360,MONDO_0002603,INDICATION,
CHEMBL1908360,MONDO_0002691,INDICATION,
CHEMBL1908360,MONDO_0002715,INDICATION,
CHEMBL1908360,MONDO_0002898,INDICATION,
CHEMBL1908360,MONDO_0002974,INDICATION,
CHEMBL1908360,MONDO_0003268,INDICATION,
CHEMBL1908360,MONDO_0003478,INDICATION,
CHEMBL1908360,MONDO_0004555,INDICATION,
CHEMBL1908360,MONDO_0004992,INDICATION,
CHEMBL1908360,MONDO_0005411,INDICATION,
CHEMBL1908360,MONDO_0007039,INDICATION,
CHEMBL1908360,MONDO_0007254,INDICATION,
CHEMBL1908360,MONDO_0007576,INDICATION,
CHEMBL1908360,MONDO_0008170,INDICATION,
CHEMBL1908360,MONDO_0008280,INDICATION,
CHEMBL1908360,MONDO_0008315,INDICATION,
CHEMBL1908360,MONDO_0008903,INDICATION,
CHEMBL1908360,MONDO_0009348,INDICATION,
CHEMBL1908360,MONDO_0011705,INDICATION,
CHEMBL1908360,MONDO_0011719,INDICATION,
CHEMBL1908360,MONDO_0011962,INDICATION,
CHEMBL1908360,MONDO_0013730,INDICATION,
CHEMBL1908360,MONDO_0015277,INDICATION,
CHEMBL1908360,MONDO_0016586,INDICATION,
CHEMBL1908360,MONDO_0016642,INDICATION,
CHEMBL1908360,MONDO_0016693,INDICATION,
CHEMBL1908360,MONDO_0017623,INDICATION,
CHEMBL1908360,MONDO_0018076,INDICATION,
CHEMBL1908360,MONDO_0018364,INDICATION,
CHEMBL1908360,MONDO_0018896,CONTRAINDICATION,
CHEMBL1908360,MONDO_0018975,INDICATION,
CHEMBL1908360,MONDO_0020290,INDICATION,
CHEMBL1908360,MONDO_0020732,INDICATION,
CHEMBL1908360,MONDO_0021054,INDICATION,
CHEMBL1908360,MONDO_0021063,INDICATION,
CHEMBL1908360,MONDO_0021187,CONTRAINDICATION,
CHEMBL1908360,MONDO_0024503,INDICATION,
CHEMBL1908360,MONDO_0100192,CONTRAINDICATION,
CHEMBL1908360,MONDO_0100342,INDICATION,
CHEMBL1908361,EFO_0000313,INDICATION,
CHEMBL1908361,EFO_0000365,INDICATION,
CHEMBL1908361,EFO_0000637,INDICATION,
CHEMBL1908361,EFO_0002618,INDICATION,
CHEMBL1908361,EFO_0003756,INDICATION,
CHEMBL1908361,MONDO_0001056,INDICATION,
CHEMBL1908361,MONDO_0005184,INDICATION,
CHEMBL1908361,MONDO_0021063,INDICATION,
CHEMBL1908364,MONDO_0005180,INDICATION,
CHEMBL1908365,MONDO_0004985,INDICATION,
CHEMBL1908365,MONDO_0004992,INDICATION,
CHEMBL1908370,EFO_0003103,INDICATION,
CHEMBL1908370,EFO_0004992,INDICATION,
CHEMBL1908370,EFO_0009560,INDICATION,
CHEMBL1908370,EFO_1001141,INDICATION,
CHEMBL1908370,MONDO_0001051,INDICATION,
CHEMBL1908372,EFO_0000771,INDICATION,
CHEMBL1908373,EFO_0000196,INDICATION,
CHEMBL1908373,EFO_0000616,INDICATION,
CHEMBL1908373,MONDO_0007254,INDICATION,
CHEMBL1908376,EFO_0000182,INDICATION,
CHEMBL1908377,MONDO_0005184,INDICATION,
CHEMBL1908391,EFO_0000616,INDICATION,
CHEMBL1908391,EFO_0000676,INDICATION,
CHEMBL1908391,EFO_0000685,INDICATION,
CHEMBL1908391,EFO_0001378,INDICATION,
CHEMBL1908391,EFO_0002617,INDICATION,
CHEMBL1908391,EFO_0002618,INDICATION,
CHEMBL1908391,EFO_0003840,INDICATION,
CHEMBL1908391,EFO_0009001,INDICATION,
CHEMBL1908391,MONDO_0004975,INDICATION,
CHEMBL1908391,MONDO_0004976,INDICATION,
CHEMBL1908391,MONDO_0004979,INDICATION,
CHEMBL1908391,MONDO_0005301,INDICATION,
CHEMBL1908391,MONDO_0008170,INDICATION,
CHEMBL1908391,MONDO_0008315,INDICATION,
CHEMBL1908391,MONDO_0011719,INDICATION,
CHEMBL1908391,MONDO_0016586,INDICATION,
CHEMBL1908391,MONDO_0100096,INDICATION,
CHEMBL1908394,EFO_0005952,INDICATION,
CHEMBL1908397,EFO_0000222,INDICATION,
CHEMBL1908841,EFO_0000313,INDICATION,
CHEMBL1908841,EFO_0000365,INDICATION,
CHEMBL1908841,EFO_0000637,INDICATION,
CHEMBL1908841,EFO_0002618,INDICATION,
CHEMBL1908841,EFO_0003756,INDICATION,
CHEMBL1908841,EFO_0004142,INDICATION,
CHEMBL1908841,EFO_0004288,INDICATION,
CHEMBL1908841,EFO_0005922,INDICATION,
CHEMBL1908841,EFO_1000657,INDICATION,
CHEMBL1908841,EFO_1001951,INDICATION,
CHEMBL1908841,MONDO_0001056,INDICATION,
CHEMBL1908841,MONDO_0002280,INDICATION,
CHEMBL1908841,MONDO_0005184,INDICATION,
CHEMBL1908841,MONDO_0005575,INDICATION,
CHEMBL1908841,MONDO_0021063,INDICATION,
CHEMBL1908847,EFO_0004269,INDICATION,
CHEMBL1908892,EFO_0005543,INDICATION,
CHEMBL1908904,EFO_0000768,INDICATION,
CHEMBL1908906,EFO_0006887,INDICATION,
CHEMBL1908906,MONDO_0004975,INDICATION,
CHEMBL1908917,EFO_0000519,INDICATION,
CHEMBL1908917,EFO_0000673,INDICATION,
CHEMBL1908917,EFO_0005543,INDICATION,
CHEMBL1908917,EFO_0006887,INDICATION,
CHEMBL1908917,MONDO_0008315,INDICATION,
CHEMBL1908919,EFO_0006887,INDICATION,
CHEMBL1908919,MONDO_0004975,INDICATION,
CHEMBL1909079,EFO_0003819,INDICATION,
CHEMBL1909079,EFO_1001216,INDICATION,
CHEMBL1909079,MONDO_0002508,INDICATION,
CHEMBL1909283,MONDO_0002050,INDICATION,
CHEMBL1909324,EFO_0010282,INDICATION,
CHEMBL1909452,EFO_0000771,INDICATION,
CHEMBL191,EFO_0000275,OFF_LABEL_USE,
CHEMBL191,EFO_0000319,INDICATION,
CHEMBL191,EFO_0000400,CONTRAINDICATION,
CHEMBL191,EFO_0000401,INDICATION,
CHEMBL191,EFO_0000519,INDICATION,
CHEMBL191,EFO_0000537,INDICATION,
CHEMBL191,EFO_0000538,INDICATION,
CHEMBL191,EFO_0000546,INDICATION,
CHEMBL191,EFO_0000637,INDICATION,
CHEMBL191,EFO_0000668,INDICATION,
CHEMBL191,EFO_0000693,INDICATION,
CHEMBL191,EFO_0000694,INDICATION,
CHEMBL191,EFO_0000712,INDICATION,
CHEMBL191,EFO_0000764,INDICATION,
CHEMBL191,EFO_0000768,INDICATION,
CHEMBL191,EFO_0001358,INDICATION,
CHEMBL191,EFO_0002617,INDICATION,
CHEMBL191,EFO_0002618,INDICATION,
CHEMBL191,EFO_0003086,INDICATION,
CHEMBL191,EFO_0003095,INDICATION,
CHEMBL191,EFO_0003144,INDICATION,
CHEMBL191,EFO_0003884,INDICATION,
CHEMBL191,EFO_0003896,INDICATION,
CHEMBL191,EFO_0004194,INDICATION,
CHEMBL191,EFO_0004212,INDICATION,
CHEMBL191,EFO_0004232,INDICATION,
CHEMBL191,EFO_0004236,INDICATION,
CHEMBL191,EFO_0004265,INDICATION,
CHEMBL191,EFO_0004274,CONTRAINDICATION,
CHEMBL191,EFO_0004616,INDICATION,
CHEMBL191,EFO_0005251,CONTRAINDICATION,
CHEMBL191,EFO_0006818,INDICATION,
CHEMBL191,EFO_0006890,INDICATION,
CHEMBL191,EFO_0007148,INDICATION,
CHEMBL191,EFO_0008506,CONTRAINDICATION,
CHEMBL191,EFO_0009530,CONTRAINDICATION,
CHEMBL191,EFO_1000637,INDICATION,
CHEMBL191,EFO_1000652,CONTRAINDICATION,
CHEMBL191,EFO_1000653,INDICATION,
CHEMBL191,EFO_1000899,OFF_LABEL_USE,
CHEMBL191,EFO_1001249,INDICATION,
CHEMBL191,MONDO_0001134,INDICATION,
CHEMBL191,MONDO_0001343,CONTRAINDICATION,
CHEMBL191,MONDO_0001566,CONTRAINDICATION,
CHEMBL191,MONDO_0002474,INDICATION,
CHEMBL191,MONDO_0005147,INDICATION,
CHEMBL191,MONDO_0005148,INDICATION,
CHEMBL191,MONDO_0005149,INDICATION,
CHEMBL191,MONDO_0005184,INDICATION,
CHEMBL191,MONDO_0007254,INDICATION,
CHEMBL191,MONDO_0007915,CONTRAINDICATION,
CHEMBL191,MONDO_0007947,INDICATION,
CHEMBL191,MONDO_0009061,INDICATION,
CHEMBL191,MONDO_0011382,INDICATION,
CHEMBL191,MONDO_0018100,CONTRAINDICATION,
CHEMBL191,MONDO_0100096,INDICATION,
CHEMBL191,MP_0001845,INDICATION,
CHEMBL191083,EFO_0000546,INDICATION,
CHEMBL191083,EFO_0000694,INDICATION,
CHEMBL191083,EFO_0001068,INDICATION,
CHEMBL191083,EFO_0001358,INDICATION,
CHEMBL191083,EFO_0003030,INDICATION,
CHEMBL191083,EFO_0003103,INDICATION,
CHEMBL191083,EFO_0003901,INDICATION,
CHEMBL191083,EFO_0006834,INDICATION,
CHEMBL191083,EFO_0007287,INDICATION,
CHEMBL191083,EFO_0007444,INDICATION,
CHEMBL191083,EFO_1001216,INDICATION,
CHEMBL191083,MONDO_0004975,INDICATION,
CHEMBL191083,MONDO_0004985,INDICATION,
CHEMBL191083,MONDO_0100096,INDICATION,
CHEMBL1910856,EFO_0000341,INDICATION,
CHEMBL1910936,MONDO_0005277,INDICATION,
CHEMBL191413,EFO_0000342,INDICATION,
CHEMBL191413,EFO_0002687,INDICATION,
CHEMBL191413,EFO_0003106,INDICATION,
CHEMBL191413,EFO_0007541,INDICATION,
CHEMBL191413,MONDO_0005147,INDICATION,
CHEMBL191413,MONDO_0007254,INDICATION,
CHEMBL191413,MONDO_0100096,INDICATION,
CHEMBL191413,MONDO_0100130,INDICATION,
CHEMBL1914489,EFO_0000341,INDICATION,
CHEMBL1914489,EFO_0000545,INDICATION,
CHEMBL1914489,MONDO_0004979,INDICATION,
CHEMBL191482,EFO_0001378,INDICATION,
CHEMBL191482,MONDO_0007039,INDICATION,
CHEMBL1915540,EFO_0000274,INDICATION,
CHEMBL1915540,EFO_0000676,INDICATION,
CHEMBL1915540,MONDO_0004979,INDICATION,
CHEMBL191886,EFO_0000319,INDICATION,
CHEMBL191886,EFO_0001361,INDICATION,
CHEMBL191896,EFO_0001073,INDICATION,
CHEMBL191958,EFO_0000616,INDICATION,
CHEMBL192,EFO_0000198,INDICATION,
CHEMBL192,EFO_0000284,INDICATION,
CHEMBL192,EFO_0000341,INDICATION,
CHEMBL192,EFO_0000373,INDICATION,
CHEMBL192,EFO_0000400,INDICATION,
CHEMBL192,EFO_0000404,INDICATION,
CHEMBL192,EFO_0000464,INDICATION,
CHEMBL192,EFO_0000495,INDICATION,
CHEMBL192,EFO_0000519,INDICATION,
CHEMBL192,EFO_0000537,INDICATION,
CHEMBL192,EFO_0000545,INDICATION,
CHEMBL192,EFO_0000565,CONTRAINDICATION,
CHEMBL192,EFO_0000612,CONTRAINDICATION,
CHEMBL192,EFO_0000616,INDICATION,
CHEMBL192,EFO_0000668,INDICATION,
CHEMBL192,EFO_0000701,INDICATION,
CHEMBL192,EFO_0000712,CONTRAINDICATION,
CHEMBL192,EFO_0000717,INDICATION,
CHEMBL192,EFO_0000768,INDICATION,
CHEMBL192,EFO_0001361,INDICATION,
CHEMBL192,EFO_0001365,INDICATION,
CHEMBL192,EFO_0001378,CONTRAINDICATION,
CHEMBL192,EFO_0001422,INDICATION,
CHEMBL192,EFO_0001645,INDICATION,
CHEMBL192,EFO_0002950,INDICATION,
CHEMBL192,EFO_0003047,INDICATION,
CHEMBL192,EFO_0003060,INDICATION,
CHEMBL192,EFO_0003144,INDICATION,
CHEMBL192,EFO_0003777,INDICATION,
CHEMBL192,EFO_0003818,INDICATION,
CHEMBL192,EFO_0003827,INDICATION,
CHEMBL192,EFO_0003833,INDICATION,
CHEMBL192,EFO_0003917,INDICATION,
CHEMBL192,EFO_0004225,INDICATION,
CHEMBL192,EFO_0004234,INDICATION,
CHEMBL192,EFO_0004238,CONTRAINDICATION,
CHEMBL192,EFO_0004265,INDICATION,
CHEMBL192,EFO_0004714,INDICATION,
CHEMBL192,EFO_0005251,CONTRAINDICATION,
CHEMBL192,EFO_0005672,CONTRAINDICATION,
CHEMBL192,EFO_0008493,INDICATION,
CHEMBL192,EFO_0008560,INDICATION,
CHEMBL192,EFO_0009085,INDICATION,
CHEMBL192,EFO_0009200,INDICATION,
CHEMBL192,EFO_0009429,INDICATION,
CHEMBL192,EFO_0009441,INDICATION,
CHEMBL192,EFO_0011023,INDICATION,
CHEMBL192,EFO_0803321,INDICATION,
CHEMBL192,EFO_1000809,CONTRAINDICATION,
CHEMBL192,EFO_1000824,INDICATION,
CHEMBL192,EFO_1001017,INDICATION,
CHEMBL192,EFO_1001103,INDICATION,
CHEMBL192,EFO_1001134,INDICATION,
CHEMBL192,EFO_1001145,INDICATION,
CHEMBL192,EFO_1001827,INDICATION,
CHEMBL192,EFO_1001893,INDICATION,
CHEMBL192,EFO_1001986,INDICATION,
CHEMBL192,EFO_1001993,INDICATION,
CHEMBL192,MONDO_0002013,INDICATION,
CHEMBL192,MONDO_0004933,INDICATION,
CHEMBL192,MONDO_0005041,INDICATION,
CHEMBL192,MONDO_0005149,INDICATION,
CHEMBL192,MONDO_0005180,INDICATION,
CHEMBL192,MONDO_0005475,INDICATION,
CHEMBL192,MONDO_0006058,INDICATION,
CHEMBL192,MONDO_0008231,CONTRAINDICATION,
CHEMBL192,MONDO_0008315,INDICATION,
CHEMBL192,MONDO_0009061,INDICATION,
CHEMBL192,MONDO_0009937,CONTRAINDICATION,
CHEMBL192,MONDO_0010311,INDICATION,
CHEMBL192,MONDO_0010679,INDICATION,
CHEMBL192,MONDO_0011382,CONTRAINDICATION,
CHEMBL192,MONDO_0019091,INDICATION,
CHEMBL192,MONDO_0042981,CONTRAINDICATION,
CHEMBL192,MONDO_0043510,INDICATION,
CHEMBL192,MONDO_0100096,INDICATION,
CHEMBL192,MONDO_0100192,CONTRAINDICATION,
CHEMBL192,Orphanet_848,INDICATION,
CHEMBL1921847,EFO_0003768,INDICATION,
CHEMBL1921847,EFO_0005230,INDICATION,
CHEMBL1921847,EFO_0009854,INDICATION,
CHEMBL1921847,MONDO_0002009,INDICATION,
CHEMBL1921904,EFO_0000341,INDICATION,
CHEMBL1921976,EFO_0000616,INDICATION,
CHEMBL1921976,EFO_0000673,INDICATION,
CHEMBL1921976,MONDO_0007254,INDICATION,
CHEMBL1921976,MONDO_0008315,INDICATION,
CHEMBL1922094,EFO_0000681,INDICATION,
CHEMBL1922094,EFO_0005952,INDICATION,
CHEMBL1922094,EFO_1001512,INDICATION,
CHEMBL1922094,MONDO_0004992,INDICATION,
CHEMBL1922094,MONDO_0007254,INDICATION,
CHEMBL1922094,MONDO_0008315,INDICATION,
CHEMBL1922235,EFO_0000275,INDICATION,
CHEMBL1922235,EFO_0004286,INDICATION,
CHEMBL1922235,EFO_0005672,INDICATION,
CHEMBL19224,EFO_0000284,INDICATION,
CHEMBL19224,EFO_0000612,CONTRAINDICATION,
CHEMBL19224,EFO_0001645,CONTRAINDICATION,
CHEMBL19224,EFO_0003060,INDICATION,
CHEMBL19224,EFO_0003875,INDICATION,
CHEMBL19224,EFO_0004234,INDICATION,
CHEMBL19224,EFO_0005251,CONTRAINDICATION,
CHEMBL19224,EFO_0009846,INDICATION,
CHEMBL19224,EFO_0010282,INDICATION,
CHEMBL19224,EFO_1001463,INDICATION,
CHEMBL19224,MONDO_0000468,CONTRAINDICATION,
CHEMBL19224,MONDO_0005041,CONTRAINDICATION,
CHEMBL19224,MONDO_0005299,INDICATION,
CHEMBL19224,MONDO_0008315,INDICATION,
CHEMBL1922660,EFO_1001348,INDICATION,
CHEMBL1922660,MONDO_0004979,INDICATION,
CHEMBL1922660,MONDO_0009061,INDICATION,
CHEMBL1922673,EFO_1001348,INDICATION,
CHEMBL1922673,MONDO_0004979,INDICATION,
CHEMBL1922673,MONDO_0009061,INDICATION,
CHEMBL1923234,EFO_0000519,INDICATION,
CHEMBL1923502,EFO_1000948,INDICATION,
CHEMBL1923502,MONDO_0004567,INDICATION,
CHEMBL19236,EFO_0000537,INDICATION,
CHEMBL19236,EFO_0003777,INDICATION,
CHEMBL19236,EFO_0005252,INDICATION,
CHEMBL19236,MONDO_0001134,INDICATION,
CHEMBL1928262,EFO_0000284,INDICATION,
CHEMBL1928262,EFO_0000341,INDICATION,
CHEMBL1928262,EFO_1000781,INDICATION,
CHEMBL1929396,MONDO_0005148,INDICATION,
CHEMBL192986,EFO_0000616,INDICATION,
CHEMBL19299,EFO_0000685,INDICATION,
CHEMBL19299,EFO_0002970,INDICATION,
CHEMBL19299,EFO_0003843,INDICATION,
CHEMBL193,EFO_0000319,INDICATION,
CHEMBL193,EFO_0000401,INDICATION,
CHEMBL193,EFO_0000537,INDICATION,
CHEMBL193,EFO_0000612,CONTRAINDICATION,
CHEMBL193,EFO_0000668,INDICATION,
CHEMBL193,EFO_0001422,CONTRAINDICATION,
CHEMBL193,EFO_0003086,CONTRAINDICATION,
CHEMBL193,EFO_0003884,INDICATION,
CHEMBL193,EFO_0003890,INDICATION,
CHEMBL193,EFO_0003917,INDICATION,
CHEMBL193,EFO_0004225,INDICATION,
CHEMBL193,EFO_0004253,INDICATION,
CHEMBL193,EFO_0004263,INDICATION,
CHEMBL193,EFO_0005251,CONTRAINDICATION,
CHEMBL193,EFO_0005672,CONTRAINDICATION,
CHEMBL193,EFO_0007442,INDICATION,
CHEMBL193,EFO_0009660,INDICATION,
CHEMBL193,EFO_1000013,INDICATION,
CHEMBL193,EFO_1001145,INDICATION,
CHEMBL193,EFO_1001375,INDICATION,
CHEMBL193,MONDO_0005149,INDICATION,
CHEMBL193,MONDO_0018479,INDICATION,
CHEMBL193,MONDO_0037821,CONTRAINDICATION,
CHEMBL193240,EFO_0000274,INDICATION,
CHEMBL193240,EFO_0000341,INDICATION,
CHEMBL193240,EFO_0000401,INDICATION,
CHEMBL193240,EFO_0000574,INDICATION,
CHEMBL193240,EFO_0000618,INDICATION,
CHEMBL193240,EFO_0000676,INDICATION,
CHEMBL193240,EFO_0001073,INDICATION,
CHEMBL193240,EFO_0003095,INDICATION,
CHEMBL193240,EFO_0003100,INDICATION,
CHEMBL193240,EFO_0006505,INDICATION,
CHEMBL193240,EFO_1000760,INDICATION,
CHEMBL193240,MONDO_0002009,INDICATION,
CHEMBL193240,MONDO_0002050,CONTRAINDICATION,
CHEMBL193240,MONDO_0002406,INDICATION,
CHEMBL193240,MONDO_0004979,INDICATION,
CHEMBL193240,MONDO_0004992,INDICATION,
CHEMBL193240,MONDO_0005090,INDICATION,
CHEMBL193240,MONDO_0005148,INDICATION,
CHEMBL193240,MONDO_0010383,INDICATION,
CHEMBL193240,MONDO_0100130,INDICATION,
CHEMBL193240,MONDO_0100192,CONTRAINDICATION,
CHEMBL1933349,MONDO_0005148,INDICATION,
CHEMBL1933350,MONDO_0005148,INDICATION,
CHEMBL193482,EFO_0002950,INDICATION,
CHEMBL193482,EFO_0003929,INDICATION,
CHEMBL193482,EFO_0008520,INDICATION,
CHEMBL193482,EFO_0008522,INDICATION,
CHEMBL193482,EFO_1001271,INDICATION,
CHEMBL1938400,EFO_0000341,INDICATION,
CHEMBL1938400,MONDO_0004979,INDICATION,
CHEMBL1938870,MONDO_0005148,INDICATION,
CHEMBL1939499,EFO_0000180,INDICATION,
CHEMBL1940832,EFO_0000341,INDICATION,
CHEMBL194378,EFO_0000546,INDICATION,
CHEMBL194378,EFO_0001358,INDICATION,
CHEMBL194378,EFO_0002610,INDICATION,
CHEMBL194378,EFO_0003768,INDICATION,
CHEMBL194378,EFO_0003843,INDICATION,
CHEMBL194378,EFO_0004242,INDICATION,
CHEMBL194378,EFO_0004701,INDICATION,
CHEMBL194378,EFO_0005230,INDICATION,
CHEMBL194378,EFO_0005687,INDICATION,
CHEMBL194378,EFO_0008510,INDICATION,
CHEMBL194378,EFO_0009854,INDICATION,
CHEMBL194378,EFO_0010702,INDICATION,
CHEMBL194378,EFO_1001454,INDICATION,
CHEMBL194378,MONDO_0002009,INDICATION,
CHEMBL194378,MONDO_0002050,INDICATION,
CHEMBL194378,MONDO_0002334,INDICATION,
CHEMBL194378,MONDO_0004985,INDICATION,
CHEMBL194378,MONDO_0004992,INDICATION,
CHEMBL194378,MONDO_0005277,INDICATION,
CHEMBL194378,MONDO_0005351,INDICATION,
CHEMBL194378,MONDO_0007079,INDICATION,
CHEMBL194378,MONDO_0044881,INDICATION,
CHEMBL1944698,EFO_0000095,INDICATION,
CHEMBL1944698,EFO_0000182,INDICATION,
CHEMBL1944698,EFO_0000519,INDICATION,
CHEMBL1944698,EFO_0000616,INDICATION,
CHEMBL1944698,EFO_1000657,INDICATION,
CHEMBL1944698,EFO_1001465,INDICATION,
CHEMBL1944698,MONDO_0002334,INDICATION,
CHEMBL19449,EFO_0000519,INDICATION,
CHEMBL19449,EFO_0003840,INDICATION,
CHEMBL19449,EFO_0003843,INDICATION,
CHEMBL19449,EFO_0004701,INDICATION,
CHEMBL19449,EFO_0005611,INDICATION,
CHEMBL19449,EFO_0007541,INDICATION,
CHEMBL19449,EFO_1000783,INDICATION,
CHEMBL19449,MONDO_0002491,INDICATION,
CHEMBL19449,MONDO_0004976,INDICATION,
CHEMBL19449,MONDO_0004979,INDICATION,
CHEMBL19449,MONDO_0005277,INDICATION,
CHEMBL19449,MONDO_0007079,INDICATION,
CHEMBL1945778,EFO_0004280,INDICATION,
CHEMBL1945778,EFO_0006887,INDICATION,
CHEMBL1945778,EFO_1001050,INDICATION,
CHEMBL1945778,MONDO_0005180,INDICATION,
CHEMBL1946170,EFO_0000182,INDICATION,
CHEMBL1946170,EFO_0000222,INDICATION,
CHEMBL1946170,EFO_0000231,INDICATION,
CHEMBL1946170,EFO_0000365,INDICATION,
CHEMBL1946170,EFO_0000389,INDICATION,
CHEMBL1946170,EFO_0000519,INDICATION,
CHEMBL1946170,EFO_0000569,INDICATION,
CHEMBL1946170,EFO_0000616,INDICATION,
CHEMBL1946170,EFO_0000637,INDICATION,
CHEMBL1946170,EFO_0000681,INDICATION,
CHEMBL1946170,EFO_0000691,INDICATION,
CHEMBL1946170,EFO_0000702,INDICATION,
CHEMBL1946170,EFO_0000756,INDICATION,
CHEMBL1946170,EFO_0001075,INDICATION,
CHEMBL1946170,EFO_0002618,INDICATION,
CHEMBL1946170,EFO_0002918,INDICATION,
CHEMBL1946170,EFO_0003893,INDICATION,
CHEMBL1946170,EFO_0003968,INDICATION,
CHEMBL1946170,EFO_0004142,INDICATION,
CHEMBL1946170,EFO_0005221,INDICATION,
CHEMBL1946170,EFO_0005540,INDICATION,
CHEMBL1946170,EFO_0009606,INDICATION,
CHEMBL1946170,EFO_1000350,INDICATION,
CHEMBL1946170,EFO_1000657,INDICATION,
CHEMBL1946170,EFO_1001949,INDICATION,
CHEMBL1946170,EFO_1001951,INDICATION,
CHEMBL1946170,EFO_1001961,INDICATION,
CHEMBL1946170,EFO_1001968,INDICATION,
CHEMBL1946170,MONDO_0001056,INDICATION,
CHEMBL1946170,MONDO_0002108,INDICATION,
CHEMBL1946170,MONDO_0002158,INDICATION,
CHEMBL1946170,MONDO_0003060,INDICATION,
CHEMBL1946170,MONDO_0004992,INDICATION,
CHEMBL1946170,MONDO_0005575,INDICATION,
CHEMBL1946170,MONDO_0007576,INDICATION,
CHEMBL1946170,MONDO_0008170,INDICATION,
CHEMBL1946170,MONDO_0011719,INDICATION,
CHEMBL1946170,MONDO_0021063,INDICATION,
CHEMBL1946170,MONDO_0041448,INDICATION,
CHEMBL1946186,MONDO_0005271,INDICATION,
CHEMBL1946618,MONDO_0002009,INDICATION,
CHEMBL1947204,MONDO_0008903,INDICATION,
CHEMBL19490,EFO_0005755,INDICATION,
CHEMBL1949708,EFO_0003884,INDICATION,
CHEMBL1950289,EFO_0000768,INDICATION,
CHEMBL1950553,EFO_1001459,INDICATION,
CHEMBL1950576,EFO_1001888,INDICATION,
CHEMBL1950651,EFO_0004190,INDICATION,
CHEMBL1950651,EFO_1001069,INDICATION,
CHEMBL1951032,MONDO_0005148,INDICATION,
CHEMBL1951071,EFO_0000341,INDICATION,
CHEMBL1951071,EFO_0000464,INDICATION,
CHEMBL1951071,EFO_0006505,INDICATION,
CHEMBL1951071,EFO_0009661,INDICATION,
CHEMBL1951095,EFO_0000544,INDICATION,
CHEMBL1951095,EFO_0000771,INDICATION,
CHEMBL1951095,EFO_0001421,INDICATION,
CHEMBL1951095,EFO_0003103,INDICATION,
CHEMBL1951095,EFO_0003884,INDICATION,
CHEMBL1951143,EFO_0000319,INDICATION,
CHEMBL1951143,EFO_0000537,INDICATION,
CHEMBL1951143,EFO_0003086,INDICATION,
CHEMBL1951143,MONDO_0001134,INDICATION,
CHEMBL1951143,MONDO_0021187,INDICATION,
CHEMBL1951575,MONDO_0004979,INDICATION,
CHEMBL1951865,MONDO_0004975,INDICATION,
CHEMBL1951914,EFO_0000685,INDICATION,
CHEMBL1951914,EFO_0003086,INDICATION,
CHEMBL1952329,EFO_0000565,INDICATION,
CHEMBL1952329,EFO_0005952,INDICATION,
CHEMBL1952329,MONDO_0008315,INDICATION,
CHEMBL195560,EFO_1001100,INDICATION,
CHEMBL195560,MONDO_0002087,INDICATION,
CHEMBL195560,MONDO_0002158,INDICATION,
CHEMBL195560,MONDO_0008170,INDICATION,
CHEMBL195560,MONDO_0008315,INDICATION,
CHEMBL1956285,EFO_0001068,INDICATION,
CHEMBL1956285,EFO_0007444,INDICATION,
CHEMBL1956285,EFO_0007445,INDICATION,
CHEMBL1956820,EFO_0003047,INDICATION,
CHEMBL1956820,EFO_0004220,INDICATION,
CHEMBL1957038,EFO_0000616,INDICATION,
CHEMBL1957038,MONDO_0002087,INDICATION,
CHEMBL1957038,MONDO_0002158,INDICATION,
CHEMBL1957038,MONDO_0008170,INDICATION,
CHEMBL1957038,MONDO_0008315,INDICATION,
CHEMBL1957287,EFO_0003047,INDICATION,
CHEMBL1957287,EFO_0004220,INDICATION,
CHEMBL196,EFO_0000183,INDICATION,
CHEMBL196,EFO_0000196,INDICATION,
CHEMBL196,EFO_0000198,INDICATION,
CHEMBL196,EFO_0000216,INDICATION,
CHEMBL196,EFO_0000222,INDICATION,
CHEMBL196,EFO_0000224,INDICATION,
CHEMBL196,EFO_0000275,INDICATION,
CHEMBL196,EFO_0000349,INDICATION,
CHEMBL196,EFO_0000365,INDICATION,
CHEMBL196,EFO_0000400,CONTRAINDICATION,
CHEMBL196,EFO_0000474,CONTRAINDICATION,
CHEMBL196,EFO_0000479,INDICATION,
CHEMBL196,EFO_0000519,INDICATION,
CHEMBL196,EFO_0000537,CONTRAINDICATION,
CHEMBL196,EFO_0000546,INDICATION,
CHEMBL196,EFO_0000565,CONTRAINDICATION,
CHEMBL196,EFO_0000612,INDICATION,
CHEMBL196,EFO_0000668,INDICATION,
CHEMBL196,EFO_0000673,INDICATION,
CHEMBL196,EFO_0000685,CONTRAINDICATION,
CHEMBL196,EFO_0000694,INDICATION,
CHEMBL196,EFO_0000729,CONTRAINDICATION,
CHEMBL196,EFO_0000731,INDICATION,
CHEMBL196,EFO_0000763,INDICATION,
CHEMBL196,EFO_0000764,CONTRAINDICATION,
CHEMBL196,EFO_0001378,INDICATION,
CHEMBL196,EFO_0002429,INDICATION,
CHEMBL196,EFO_0002430,INDICATION,
CHEMBL196,EFO_0002499,INDICATION,
CHEMBL196,EFO_0002501,INDICATION,
CHEMBL196,EFO_0002618,INDICATION,
CHEMBL196,EFO_0002970,INDICATION,
CHEMBL196,EFO_0003060,INDICATION,
CHEMBL196,EFO_0003086,CONTRAINDICATION,
CHEMBL196,EFO_0003103,INDICATION,
CHEMBL196,EFO_0003106,INDICATION,
CHEMBL196,EFO_0003144,INDICATION,
CHEMBL196,EFO_0003758,INDICATION,
CHEMBL196,EFO_0003768,INDICATION,
CHEMBL196,EFO_0003777,INDICATION,
CHEMBL196,EFO_0003781,INDICATION,
CHEMBL196,EFO_0003843,INDICATION,
CHEMBL196,EFO_0003860,INDICATION,
CHEMBL196,EFO_0003884,INDICATION,
CHEMBL196,EFO_0003894,INDICATION,
CHEMBL196,EFO_0003911,INDICATION,
CHEMBL196,EFO_0003966,INDICATION,
CHEMBL196,EFO_0004142,INDICATION,
CHEMBL196,EFO_0004193,INDICATION,
CHEMBL196,EFO_0004272,INDICATION,
CHEMBL196,EFO_0004610,INDICATION,
CHEMBL196,EFO_0005279,INDICATION,
CHEMBL196,EFO_0005543,INDICATION,
CHEMBL196,EFO_0005762,INDICATION,
CHEMBL196,EFO_0005854,CONTRAINDICATION,
CHEMBL196,EFO_0005952,INDICATION,
CHEMBL196,EFO_0006834,INDICATION,
CHEMBL196,EFO_0007328,INDICATION,
CHEMBL196,EFO_0008506,CONTRAINDICATION,
CHEMBL196,EFO_0009314,CONTRAINDICATION,
CHEMBL196,EFO_0009444,INDICATION,
CHEMBL196,EFO_0009492,INDICATION,
CHEMBL196,EFO_0009516,INDICATION,
CHEMBL196,EFO_0009530,CONTRAINDICATION,
CHEMBL196,EFO_0009579,INDICATION,
CHEMBL196,EFO_0009606,INDICATION,
CHEMBL196,EFO_1000637,INDICATION,
CHEMBL196,EFO_1000657,INDICATION,
CHEMBL196,EFO_1000783,INDICATION,
CHEMBL196,EFO_1000820,CONTRAINDICATION,
CHEMBL196,EFO_1000822,INDICATION,
CHEMBL196,EFO_1000826,CONTRAINDICATION,
CHEMBL196,EFO_1000860,INDICATION,
CHEMBL196,EFO_1000892,CONTRAINDICATION,
CHEMBL196,EFO_1000978,CONTRAINDICATION,
CHEMBL196,EFO_1001169,INDICATION,
CHEMBL196,EFO_1001375,INDICATION,
CHEMBL196,EFO_1001463,CONTRAINDICATION,
CHEMBL196,EFO_1001465,INDICATION,
CHEMBL196,EFO_1001904,INDICATION,
CHEMBL196,EFO_1001951,INDICATION,
CHEMBL196,EFO_1001968,INDICATION,
CHEMBL196,EFO_1001998,INDICATION,
CHEMBL196,MONDO_0000328,CONTRAINDICATION,
CHEMBL196,MONDO_0000468,CONTRAINDICATION,
CHEMBL196,MONDO_0001056,INDICATION,
CHEMBL196,MONDO_0001187,INDICATION,
CHEMBL196,MONDO_0001436,CONTRAINDICATION,
CHEMBL196,MONDO_0001437,INDICATION,
CHEMBL196,MONDO_0001566,CONTRAINDICATION,
CHEMBL196,MONDO_0002050,INDICATION,
CHEMBL196,MONDO_0002203,CONTRAINDICATION,
CHEMBL196,MONDO_0002474,CONTRAINDICATION,
CHEMBL196,MONDO_0002974,INDICATION,
CHEMBL196,MONDO_0004247,CONTRAINDICATION,
CHEMBL196,MONDO_0004567,CONTRAINDICATION,
CHEMBL196,MONDO_0004979,INDICATION,
CHEMBL196,MONDO_0004992,INDICATION,
CHEMBL196,MONDO_0005090,INDICATION,
CHEMBL196,MONDO_0005129,INDICATION,
CHEMBL196,MONDO_0005147,INDICATION,
CHEMBL196,MONDO_0005148,INDICATION,
CHEMBL196,MONDO_0005178,INDICATION,
CHEMBL196,MONDO_0005184,INDICATION,
CHEMBL196,MONDO_0005301,CONTRAINDICATION,
CHEMBL196,MONDO_0007254,INDICATION,
CHEMBL196,MONDO_0007309,INDICATION,
CHEMBL196,MONDO_0007915,CONTRAINDICATION,
CHEMBL196,MONDO_0008170,INDICATION,
CHEMBL196,MONDO_0008224,CONTRAINDICATION,
CHEMBL196,MONDO_0008315,INDICATION,
CHEMBL196,MONDO_0008903,INDICATION,
CHEMBL196,MONDO_0010200,CONTRAINDICATION,
CHEMBL196,MONDO_0010788,CONTRAINDICATION,
CHEMBL196,MONDO_0011382,CONTRAINDICATION,
CHEMBL196,MONDO_0015626,INDICATION,
CHEMBL196,MONDO_0016486,INDICATION,
CHEMBL196,MONDO_0019338,CONTRAINDICATION,
CHEMBL196,MONDO_0021063,INDICATION,
CHEMBL196,MONDO_0021187,CONTRAINDICATION,
CHEMBL196,MONDO_0024355,INDICATION,
CHEMBL196,MONDO_0100096,INDICATION,
CHEMBL196,MONDO_0100342,INDICATION,
CHEMBL196,MP_0001845,INDICATION,
CHEMBL196,Orphanet_145,INDICATION,
CHEMBL19612,EFO_0000537,INDICATION,
CHEMBL1963249,EFO_0010282,INDICATION,
CHEMBL1963249,EFO_1000948,INDICATION,
CHEMBL1963249,MONDO_0004567,INDICATION,
CHEMBL1963681,EFO_0003086,INDICATION,
CHEMBL1963681,EFO_0004234,INDICATION,
CHEMBL1963683,EFO_0004190,INDICATION,
CHEMBL1963683,EFO_1001069,INDICATION,
CHEMBL1963683,MONDO_0005041,INDICATION,
CHEMBL1963685,EFO_0009686,INDICATION,
CHEMBL1963685,EFO_1000637,INDICATION,
CHEMBL1963685,EFO_1000644,INDICATION,
CHEMBL1963685,EFO_1001037,INDICATION,
CHEMBL1963685,MONDO_0009061,INDICATION,
CHEMBL1964120,MONDO_0018150,INDICATION,
CHEMBL1964546,EFO_0000280,INDICATION,
CHEMBL1964546,MONDO_0021400,INDICATION,
CHEMBL1964546,MONDO_0024475,INDICATION,
CHEMBL1967878,EFO_0000616,INDICATION,
CHEMBL1967878,EFO_0001642,INDICATION,
CHEMBL197084,EFO_0000546,INDICATION,
CHEMBL197084,EFO_0011023,INDICATION,
CHEMBL197084,MONDO_0010383,INDICATION,
CHEMBL197084,MONDO_0010726,INDICATION,
CHEMBL197084,MONDO_0043510,INDICATION,
CHEMBL197194,EFO_0000685,INDICATION,
CHEMBL197194,EFO_0000729,INDICATION,
CHEMBL197194,EFO_0003767,INDICATION,
CHEMBL197194,EFO_0003929,INDICATION,
CHEMBL197194,EFO_0004268,INDICATION,
CHEMBL197194,MONDO_0005301,INDICATION,
CHEMBL197194,MONDO_0100096,INDICATION,
CHEMBL1972860,EFO_0000222,INDICATION,
CHEMBL1972860,EFO_0000616,INDICATION,
CHEMBL1972860,EFO_0000756,INDICATION,
CHEMBL1972860,EFO_1001968,INDICATION,
CHEMBL1972860,MONDO_0008315,INDICATION,
CHEMBL1976040,EFO_0000181,INDICATION,
CHEMBL1976040,EFO_0000349,INDICATION,
CHEMBL1976040,EFO_0000466,INDICATION,
CHEMBL1976040,EFO_0000503,INDICATION,
CHEMBL1976040,EFO_0000519,INDICATION,
CHEMBL1976040,EFO_0000616,INDICATION,
CHEMBL1976040,EFO_0000702,INDICATION,
CHEMBL1976040,EFO_0000707,INDICATION,
CHEMBL1976040,EFO_0001075,INDICATION,
CHEMBL1976040,EFO_0001378,INDICATION,
CHEMBL1976040,EFO_0002618,INDICATION,
CHEMBL1976040,EFO_0002939,INDICATION,
CHEMBL1976040,EFO_0003060,INDICATION,
CHEMBL1976040,EFO_0005537,INDICATION,
CHEMBL1976040,EFO_0006352,INDICATION,
CHEMBL1976040,EFO_1000043,INDICATION,
CHEMBL1976040,EFO_1000131,INDICATION,
CHEMBL1976040,EFO_1000251,INDICATION,
CHEMBL1976040,EFO_1001960,INDICATION,
CHEMBL1976040,MONDO_0001187,INDICATION,
CHEMBL1976040,MONDO_0002087,INDICATION,
CHEMBL1976040,MONDO_0002715,INDICATION,
CHEMBL1976040,MONDO_0002974,INDICATION,
CHEMBL1976040,MONDO_0004992,INDICATION,
CHEMBL1976040,MONDO_0007254,INDICATION,
CHEMBL1976040,MONDO_0008170,INDICATION,
CHEMBL1976040,MONDO_0008315,INDICATION,
CHEMBL1976040,MONDO_0008903,INDICATION,
CHEMBL1976040,MONDO_0044704,INDICATION,
CHEMBL197672,EFO_0000400,INDICATION,
CHEMBL197672,EFO_0001421,INDICATION,
CHEMBL197672,EFO_0001422,INDICATION,
CHEMBL197672,EFO_0004220,INDICATION,
CHEMBL197672,EFO_0010282,INDICATION,
CHEMBL197672,EFO_1001249,INDICATION,
CHEMBL197672,EFO_1001345,INDICATION,
CHEMBL197672,MONDO_0100096,INDICATION,
CHEMBL1980297,EFO_0000616,INDICATION,
CHEMBL1980297,MONDO_0004992,INDICATION,
CHEMBL1980391,EFO_0000616,INDICATION,
CHEMBL1980825,EFO_0000178,INDICATION,
CHEMBL1980825,EFO_0000196,INDICATION,
CHEMBL1980825,EFO_0000272,INDICATION,
CHEMBL1980825,EFO_0000313,INDICATION,
CHEMBL1980825,EFO_0000326,INDICATION,
CHEMBL1980825,EFO_0000365,INDICATION,
CHEMBL1980825,EFO_0000519,INDICATION,
CHEMBL1980825,EFO_0000574,INDICATION,
CHEMBL1980825,EFO_0000588,INDICATION,
CHEMBL1980825,EFO_0000616,INDICATION,
CHEMBL1980825,EFO_0000621,INDICATION,
CHEMBL1980825,EFO_0000632,INDICATION,
CHEMBL1980825,EFO_0000673,INDICATION,
CHEMBL1980825,EFO_0000702,INDICATION,
CHEMBL1980825,EFO_0000756,INDICATION,
CHEMBL1980825,EFO_0001378,INDICATION,
CHEMBL1980825,EFO_0002499,INDICATION,
CHEMBL1980825,EFO_0002618,INDICATION,
CHEMBL1980825,EFO_0003060,INDICATION,
CHEMBL1980825,EFO_0003833,INDICATION,
CHEMBL1980825,EFO_0005235,INDICATION,
CHEMBL1980825,EFO_0005701,INDICATION,
CHEMBL1980825,EFO_0005952,INDICATION,
CHEMBL1980825,EFO_0006859,INDICATION,
CHEMBL1980825,EFO_0009441,INDICATION,
CHEMBL1980825,EFO_1000028,INDICATION,
CHEMBL1980825,EFO_1000796,INDICATION,
CHEMBL1980825,EFO_1001469,INDICATION,
CHEMBL1980825,EFO_1001968,INDICATION,
CHEMBL1980825,MONDO_0001187,INDICATION,
CHEMBL1980825,MONDO_0001657,INDICATION,
CHEMBL1980825,MONDO_0002367,INDICATION,
CHEMBL1980825,MONDO_0002691,INDICATION,
CHEMBL1980825,MONDO_0003268,INDICATION,
CHEMBL1980825,MONDO_0007254,INDICATION,
CHEMBL1980825,MONDO_0008170,INDICATION,
CHEMBL1980825,MONDO_0008315,INDICATION,
CHEMBL1980825,MONDO_0008903,INDICATION,
CHEMBL1980825,MONDO_0016642,INDICATION,
CHEMBL1980825,MONDO_0021063,INDICATION,
CHEMBL1980825,MONDO_0100342,INDICATION,
CHEMBL1981292,MONDO_0001836,INDICATION,
CHEMBL1981592,EFO_0004610,INDICATION,
CHEMBL1981592,EFO_1000637,INDICATION,
CHEMBL1981592,MONDO_0100096,INDICATION,
CHEMBL1983268,EFO_0000222,INDICATION,
CHEMBL1983268,EFO_0000326,INDICATION,
CHEMBL1983268,EFO_0000389,INDICATION,
CHEMBL1983268,EFO_0000553,INDICATION,
CHEMBL1983268,EFO_0000616,INDICATION,
CHEMBL1983268,EFO_0001642,INDICATION,
CHEMBL1983268,EFO_0003060,INDICATION,
CHEMBL1983268,MONDO_0004992,INDICATION,
CHEMBL1983350,EFO_0000474,INDICATION,
CHEMBL1983350,EFO_0003884,INDICATION,
CHEMBL1983350,MONDO_0002474,INDICATION,
CHEMBL1983350,MONDO_0009696,INDICATION,
CHEMBL1983350,MONDO_0100135,INDICATION,
CHEMBL198362,EFO_0000266,INDICATION,
CHEMBL198362,EFO_0000275,INDICATION,
CHEMBL198362,EFO_0000556,INDICATION,
CHEMBL198362,EFO_0000612,INDICATION,
CHEMBL198362,EFO_0000616,INDICATION,
CHEMBL198362,EFO_0000694,INDICATION,
CHEMBL198362,EFO_0000712,INDICATION,
CHEMBL198362,EFO_0001074,INDICATION,
CHEMBL198362,EFO_0001378,INDICATION,
CHEMBL198362,EFO_0001422,INDICATION,
CHEMBL198362,EFO_0001645,INDICATION,
CHEMBL198362,EFO_0002689,INDICATION,
CHEMBL198362,EFO_0003086,CONTRAINDICATION,
CHEMBL198362,EFO_0003777,INDICATION,
CHEMBL198362,EFO_0003827,INDICATION,
CHEMBL198362,EFO_0003884,INDICATION,
CHEMBL198362,EFO_0003907,INDICATION,
CHEMBL198362,EFO_0003964,INDICATION,
CHEMBL198362,EFO_0004265,INDICATION,
CHEMBL198362,EFO_0004286,INDICATION,
CHEMBL198362,EFO_0005672,INDICATION,
CHEMBL198362,EFO_0009314,CONTRAINDICATION,
CHEMBL198362,EFO_0009531,INDICATION,
CHEMBL198362,EFO_0010680,INDICATION,
CHEMBL198362,EFO_0010726,INDICATION,
CHEMBL198362,EFO_1000985,INDICATION,
CHEMBL198362,EFO_1001161,INDICATION,
CHEMBL198362,MONDO_0000831,INDICATION,
CHEMBL198362,MONDO_0004992,INDICATION,
CHEMBL198362,MONDO_0005148,INDICATION,
CHEMBL198362,MONDO_0011382,INDICATION,
CHEMBL198362,MONDO_0100096,INDICATION,
CHEMBL198362,MONDO_0100192,CONTRAINDICATION,
CHEMBL198362,MP_0001914,INDICATION,
CHEMBL1987462,EFO_0000319,INDICATION,
CHEMBL198877,EFO_0000284,INDICATION,
CHEMBL198877,MONDO_0004975,INDICATION,
CHEMBL198877,MONDO_0007254,INDICATION,
CHEMBL1989587,EFO_0005752,INDICATION,
CHEMBL1997663,EFO_0004269,INDICATION,
CHEMBL2,EFO_0000400,INDICATION,
CHEMBL2,EFO_0000537,INDICATION,
CHEMBL2,EFO_0001358,INDICATION,
CHEMBL2,EFO_0003768,INDICATION,
CHEMBL2,EFO_0004253,INDICATION,
CHEMBL2,EFO_0004701,INDICATION,
CHEMBL2,EFO_0004777,INDICATION,
CHEMBL2,EFO_0005230,INDICATION,
CHEMBL2,MONDO_0007079,INDICATION,
CHEMBL2,MONDO_0021107,CONTRAINDICATION,
CHEMBL2,MONDO_0024327,CONTRAINDICATION,
CHEMBL2,MONDO_0100096,INDICATION,
CHEMBL20,EFO_0000182,INDICATION,
CHEMBL20,EFO_0000373,INDICATION,
CHEMBL20,EFO_0000474,OFF_LABEL_USE,
CHEMBL20,EFO_0000702,INDICATION,
CHEMBL20,EFO_0000712,INDICATION,
CHEMBL20,EFO_0001361,INDICATION,
CHEMBL20,EFO_0002617,INDICATION,
CHEMBL20,EFO_0003086,CONTRAINDICATION,
CHEMBL20,EFO_0003144,INDICATION,
CHEMBL20,EFO_0003918,INDICATION,
CHEMBL20,EFO_0004190,INDICATION,
CHEMBL20,EFO_0004274,CONTRAINDICATION,
CHEMBL20,EFO_0005252,INDICATION,
CHEMBL20,EFO_0005803,CONTRAINDICATION,
CHEMBL20,EFO_0007231,INDICATION,
CHEMBL20,EFO_0007262,OFF_LABEL_USE,
CHEMBL20,EFO_0008526,INDICATION,
CHEMBL20,EFO_0009373,INDICATION,
CHEMBL20,EFO_1000782,INDICATION,
CHEMBL20,EFO_1000961,INDICATION,
CHEMBL20,EFO_1001010,INDICATION,
CHEMBL20,EFO_1001065,INDICATION,
CHEMBL20,EFO_1001132,OFF_LABEL_USE,
CHEMBL20,MONDO_0000995,OFF_LABEL_USE,
CHEMBL20,MONDO_0001744,INDICATION,
CHEMBL20,MONDO_0001896,OFF_LABEL_USE,
CHEMBL20,MONDO_0001909,CONTRAINDICATION,
CHEMBL20,MONDO_0003005,INDICATION,
CHEMBL20,MONDO_0005041,INDICATION,
CHEMBL20,MONDO_0005090,INDICATION,
CHEMBL20,MONDO_0005147,CONTRAINDICATION,
CHEMBL20,MONDO_0005148,CONTRAINDICATION,
CHEMBL20,MONDO_0005301,INDICATION,
CHEMBL20,MONDO_0008223,OFF_LABEL_USE,
CHEMBL20,MONDO_0008315,INDICATION,
CHEMBL20,MONDO_0015129,CONTRAINDICATION,
CHEMBL20,MONDO_0100192,CONTRAINDICATION,
CHEMBL20,MONDO_0850093,INDICATION,
CHEMBL20,Orphanet_37553,INDICATION,
CHEMBL200022,EFO_0000763,INDICATION,
CHEMBL2000716,EFO_0000182,INDICATION,
CHEMBL2001019,EFO_0000616,INDICATION,
CHEMBL200102,EFO_0000574,INDICATION,
CHEMBL200102,EFO_0004251,INDICATION,
CHEMBL200102,MONDO_0007254,INDICATION,
CHEMBL200177,EFO_0005230,INDICATION,
CHEMBL200177,EFO_1001892,INDICATION,
CHEMBL200177,MONDO_0005090,INDICATION,
CHEMBL2003538,EFO_1000653,INDICATION,
CHEMBL2003538,MONDO_0002508,INDICATION,
CHEMBL2003538,MONDO_0002635,INDICATION,
CHEMBL2003538,MONDO_0100096,INDICATION,
CHEMBL2005186,EFO_0000404,INDICATION,
CHEMBL2005186,EFO_0000540,INDICATION,
CHEMBL2005186,EFO_0000676,INDICATION,
CHEMBL2005186,EFO_0000768,INDICATION,
CHEMBL2005186,EFO_0001421,INDICATION,
CHEMBL2005186,EFO_0005809,INDICATION,
CHEMBL2005186,EFO_1001494,INDICATION,
CHEMBL2005186,EFO_1001951,INDICATION,
CHEMBL2005186,MONDO_0013730,INDICATION,
CHEMBL2005186,MONDO_0020547,INDICATION,
CHEMBL2007389,EFO_0000519,INDICATION,
CHEMBL2007641,EFO_0000305,INDICATION,
CHEMBL2007641,EFO_0000365,INDICATION,
CHEMBL2007641,EFO_0000616,INDICATION,
CHEMBL2007641,EFO_0001642,INDICATION,
CHEMBL2007641,EFO_0001663,INDICATION,
CHEMBL2007641,EFO_0002618,INDICATION,
CHEMBL2007641,EFO_0002916,INDICATION,
CHEMBL2007641,EFO_0003060,INDICATION,
CHEMBL2007641,EFO_0003869,INDICATION,
CHEMBL2007641,EFO_0003968,INDICATION,
CHEMBL2007641,EFO_0005537,INDICATION,
CHEMBL2007641,EFO_0006861,INDICATION,
CHEMBL2007641,EFO_0009708,INDICATION,
CHEMBL2007641,EFO_1000294,INDICATION,
CHEMBL2007641,EFO_1000657,INDICATION,
CHEMBL2007641,EFO_1000984,INDICATION,
CHEMBL2007641,EFO_1001951,INDICATION,
CHEMBL2007641,MONDO_0001056,INDICATION,
CHEMBL2007641,MONDO_0002087,INDICATION,
CHEMBL2007641,MONDO_0002120,INDICATION,
CHEMBL2007641,MONDO_0002158,INDICATION,
CHEMBL2007641,MONDO_0004992,INDICATION,
CHEMBL2007641,MONDO_0007254,INDICATION,
CHEMBL2007641,MONDO_0008170,INDICATION,
CHEMBL2007641,MONDO_0008315,INDICATION,
CHEMBL2007641,MONDO_0021063,INDICATION,
CHEMBL2007884,EFO_0000616,INDICATION,
CHEMBL2007884,EFO_0003869,INDICATION,
CHEMBL2008565,EFO_0000537,INDICATION,
CHEMBL2009034,EFO_0000571,INDICATION,
CHEMBL2009034,EFO_0003060,INDICATION,
CHEMBL2009089,EFO_0000673,INDICATION,
CHEMBL2009089,EFO_0003777,INDICATION,
CHEMBL2009089,EFO_0003869,INDICATION,
CHEMBL2009089,EFO_0009492,INDICATION,
CHEMBL2009089,MONDO_0008315,INDICATION,
CHEMBL2009089,MONDO_0019297,INDICATION,
CHEMBL2009089,MONDO_0100096,INDICATION,
CHEMBL2010601,EFO_0000341,INDICATION,
CHEMBL2010601,EFO_0000684,INDICATION,
CHEMBL2010601,EFO_0001421,INDICATION,
CHEMBL2010601,EFO_0006505,INDICATION,
CHEMBL2010601,EFO_0007486,INDICATION,
CHEMBL2010601,MONDO_0009061,INDICATION,
CHEMBL2010601,MONDO_0016575,INDICATION,
CHEMBL2010872,EFO_0000196,INDICATION,
CHEMBL2010872,MONDO_0004992,INDICATION,
CHEMBL2012520,EFO_0001073,INDICATION,
CHEMBL2013119,EFO_0000095,INDICATION,
CHEMBL2013119,EFO_0000198,INDICATION,
CHEMBL2013119,EFO_0000222,INDICATION,
CHEMBL2013119,EFO_0000339,INDICATION,
CHEMBL2013119,EFO_0000616,INDICATION,
CHEMBL2013119,EFO_0003811,INDICATION,
CHEMBL2013119,EFO_1001779,INDICATION,
CHEMBL2013119,MONDO_0004992,INDICATION,
CHEMBL2013119,MONDO_0008170,INDICATION,
CHEMBL2013119,MONDO_0009179,INDICATION,
CHEMBL2013174,EFO_0004220,INDICATION,
CHEMBL2016681,EFO_0001073,INDICATION,
CHEMBL2016757,MONDO_0100096,INDICATION,
CHEMBL2016893,MONDO_0004992,INDICATION,
CHEMBL2017179,EFO_0000319,INDICATION,
CHEMBL2017179,MONDO_0021187,INDICATION,
CHEMBL2017179,Orphanet_309005,INDICATION,
CHEMBL2017974,EFO_0000095,INDICATION,
CHEMBL2017974,EFO_0000181,INDICATION,
CHEMBL2017974,EFO_0000403,INDICATION,
CHEMBL2017974,EFO_0000519,INDICATION,
CHEMBL2017974,EFO_0000565,INDICATION,
CHEMBL2017974,EFO_0000616,INDICATION,
CHEMBL2017974,EFO_0000702,INDICATION,
CHEMBL2017974,EFO_0000756,INDICATION,
CHEMBL2017974,EFO_0001421,INDICATION,
CHEMBL2017974,EFO_0003060,INDICATION,
CHEMBL2017974,EFO_0003086,INDICATION,
CHEMBL2017974,EFO_0003869,INDICATION,
CHEMBL2017974,EFO_0006859,INDICATION,
CHEMBL2017974,EFO_1000581,INDICATION,
CHEMBL2017974,EFO_1001469,INDICATION,
CHEMBL2017974,EFO_1001951,INDICATION,
CHEMBL2017974,MONDO_0002108,INDICATION,
CHEMBL2017974,MONDO_0002974,INDICATION,
CHEMBL2017974,MONDO_0007254,INDICATION,
CHEMBL2017974,MONDO_0007576,INDICATION,
CHEMBL2017974,MONDO_0008315,INDICATION,
CHEMBL2017974,MONDO_0008903,INDICATION,
CHEMBL2017974,MONDO_0011719,INDICATION,
CHEMBL2017974,MONDO_0011962,INDICATION,
CHEMBL2017974,MONDO_0018906,INDICATION,
CHEMBL2017974,MONDO_0044903,INDICATION,
CHEMBL2018096,EFO_0000400,INDICATION,
CHEMBL2018096,MONDO_0005147,INDICATION,
CHEMBL2018096,MONDO_0005148,INDICATION,
CHEMBL2019090,EFO_0000274,INDICATION,
CHEMBL2021422,MONDO_0021400,INDICATION,
CHEMBL2021423,EFO_0000275,INDICATION,
CHEMBL2021423,EFO_0000278,INDICATION,
CHEMBL2021423,EFO_0000341,INDICATION,
CHEMBL2021423,EFO_0000537,INDICATION,
CHEMBL2021423,EFO_0000588,INDICATION,
CHEMBL2021423,EFO_0000612,INDICATION,
CHEMBL2021423,EFO_0000668,INDICATION,
CHEMBL2021423,EFO_0000676,INDICATION,
CHEMBL2021423,EFO_0000712,INDICATION,
CHEMBL2021423,EFO_0000713,INDICATION,
CHEMBL2021423,EFO_0001070,INDICATION,
CHEMBL2021423,EFO_0001645,INDICATION,
CHEMBL2021423,EFO_0002618,INDICATION,
CHEMBL2021423,EFO_0002970,INDICATION,
CHEMBL2021423,EFO_0003086,CONTRAINDICATION,
CHEMBL2021423,EFO_0003833,INDICATION,
CHEMBL2021423,EFO_0003843,INDICATION,
CHEMBL2021423,EFO_0003854,INDICATION,
CHEMBL2021423,EFO_0003882,INDICATION,
CHEMBL2021423,EFO_0003884,INDICATION,
CHEMBL2021423,EFO_0003917,INDICATION,
CHEMBL2021423,EFO_0004142,INDICATION,
CHEMBL2021423,EFO_0004149,INDICATION,
CHEMBL2021423,EFO_0004272,INDICATION,
CHEMBL2021423,EFO_0004273,INDICATION,
CHEMBL2021423,EFO_0004777,INDICATION,
CHEMBL2021423,EFO_0005251,INDICATION,
CHEMBL2021423,EFO_0005279,INDICATION,
CHEMBL2021423,EFO_0005307,OFF_LABEL_USE,
CHEMBL2021423,EFO_0005762,INDICATION,
CHEMBL2021423,EFO_0006859,INDICATION,
CHEMBL2021423,EFO_0007149,CONTRAINDICATION,
CHEMBL2021423,EFO_0007294,INDICATION,
CHEMBL2021423,EFO_0007442,INDICATION,
CHEMBL2021423,EFO_0008546,INDICATION,
CHEMBL2021423,EFO_0008590,INDICATION,
CHEMBL2021423,EFO_0009505,INDICATION,
CHEMBL2021423,EFO_0009846,INDICATION,
CHEMBL2021423,EFO_1000632,INDICATION,
CHEMBL2021423,EFO_1000657,INDICATION,
CHEMBL2021423,EFO_1000824,INDICATION,
CHEMBL2021423,EFO_1000948,CONTRAINDICATION,
CHEMBL2021423,EFO_1001029,INDICATION,
CHEMBL2021423,EFO_1001101,INDICATION,
CHEMBL2021423,EFO_1001103,INDICATION,
CHEMBL2021423,EFO_1001134,INDICATION,
CHEMBL2021423,EFO_1001254,INDICATION,
CHEMBL2021423,EFO_1001375,INDICATION,
CHEMBL2021423,EFO_1001412,INDICATION,
CHEMBL2021423,EFO_1001754,INDICATION,
CHEMBL2021423,MONDO_0000468,CONTRAINDICATION,
CHEMBL2021423,MONDO_0001641,INDICATION,
CHEMBL2021423,MONDO_0002203,INDICATION,
CHEMBL2021423,MONDO_0002258,INDICATION,
CHEMBL2021423,MONDO_0004979,INDICATION,
CHEMBL2021423,MONDO_0004992,INDICATION,
CHEMBL2021423,MONDO_0005299,INDICATION,
CHEMBL2021423,MONDO_0008224,CONTRAINDICATION,
CHEMBL2021423,MONDO_0011382,INDICATION,
CHEMBL2021423,MONDO_0016642,INDICATION,
CHEMBL2021423,MONDO_0018100,INDICATION,
CHEMBL2021423,MONDO_0018896,INDICATION,
CHEMBL2021423,MONDO_0043510,INDICATION,
CHEMBL2021423,MONDO_0044751,CONTRAINDICATION,
CHEMBL2021423,MONDO_0100342,INDICATION,
CHEMBL2021423,MP_0001914,INDICATION,
CHEMBL2021430,EFO_0000274,INDICATION,
CHEMBL2021430,EFO_0000384,INDICATION,
CHEMBL2021430,EFO_0000556,INDICATION,
CHEMBL2021430,EFO_0000565,INDICATION,
CHEMBL2021430,EFO_0000574,INDICATION,
CHEMBL2021430,EFO_0000676,INDICATION,
CHEMBL2021430,EFO_0000685,INDICATION,
CHEMBL2021430,EFO_0000694,INDICATION,
CHEMBL2021430,EFO_0000729,INDICATION,
CHEMBL2021430,EFO_0001378,INDICATION,
CHEMBL2021430,EFO_0001642,INDICATION,
CHEMBL2021430,EFO_0002609,INDICATION,
CHEMBL2021430,EFO_0003106,INDICATION,
CHEMBL2021430,EFO_0003778,INDICATION,
CHEMBL2021430,EFO_0003898,INDICATION,
CHEMBL2021430,EFO_0003929,INDICATION,
CHEMBL2021430,EFO_0003956,INDICATION,
CHEMBL2021430,EFO_0004255,INDICATION,
CHEMBL2021430,EFO_0004265,INDICATION,
CHEMBL2021430,EFO_0004274,INDICATION,
CHEMBL2021430,EFO_0004276,INDICATION,
CHEMBL2021430,EFO_0004719,INDICATION,
CHEMBL2021430,EFO_0005319,INDICATION,
CHEMBL2021430,EFO_0005558,INDICATION,
CHEMBL2021430,EFO_0005854,INDICATION,
CHEMBL2021430,EFO_0006738,INDICATION,
CHEMBL2021430,EFO_0007141,INDICATION,
CHEMBL2021430,EFO_0007160,INDICATION,
CHEMBL2021430,EFO_0007257,INDICATION,
CHEMBL2021430,EFO_0007328,INDICATION,
CHEMBL2021430,EFO_0007403,INDICATION,
CHEMBL2021430,EFO_0007405,INDICATION,
CHEMBL2021430,EFO_0007490,INDICATION,
CHEMBL2021430,EFO_0007520,INDICATION,
CHEMBL2021430,EFO_0008997,INDICATION,
CHEMBL2021430,EFO_0009449,INDICATION,
CHEMBL2021430,EFO_0009456,INDICATION,
CHEMBL2021430,EFO_0009491,INDICATION,
CHEMBL2021430,EFO_0009609,INDICATION,
CHEMBL2021430,EFO_1000039,INDICATION,
CHEMBL2021430,EFO_1000049,INDICATION,
CHEMBL2021430,EFO_1000684,INDICATION,
CHEMBL2021430,EFO_1000694,INDICATION,
CHEMBL2021430,EFO_1000764,INDICATION,
CHEMBL2021430,EFO_1000845,INDICATION,
CHEMBL2021430,EFO_1000941,INDICATION,
CHEMBL2021430,EFO_1000997,INDICATION,
CHEMBL2021430,EFO_1001051,INDICATION,
CHEMBL2021430,EFO_1001119,INDICATION,
CHEMBL2021430,EFO_1001194,INDICATION,
CHEMBL2021430,EFO_1001205,INDICATION,
CHEMBL2021430,EFO_1001222,INDICATION,
CHEMBL2021430,EFO_1001250,INDICATION,
CHEMBL2021430,EFO_1001435,INDICATION,
CHEMBL2021430,EFO_1001896,INDICATION,
CHEMBL2021430,EFO_1002022,INDICATION,
CHEMBL2021430,MONDO_0001280,INDICATION,
CHEMBL2021430,MONDO_0004979,INDICATION,
CHEMBL2021430,MONDO_0005178,INDICATION,
CHEMBL2021430,MONDO_0007915,INDICATION,
CHEMBL2021430,MONDO_0008728,INDICATION,
CHEMBL2021430,MONDO_0015128,INDICATION,
CHEMBL2021430,MONDO_0019338,INDICATION,
CHEMBL2021430,MONDO_0100096,INDICATION,
CHEMBL2021430,MP_0001845,INDICATION,
CHEMBL2022968,EFO_0000095,INDICATION,
CHEMBL2022968,EFO_0000222,INDICATION,
CHEMBL2022968,EFO_0000616,INDICATION,
CHEMBL2023898,EFO_0000544,INDICATION,
CHEMBL2023898,EFO_0000694,INDICATION,
CHEMBL2023898,EFO_0000763,INDICATION,
CHEMBL2023898,EFO_0003047,INDICATION,
CHEMBL2023898,EFO_0003884,INDICATION,
CHEMBL2023898,EFO_0004197,INDICATION,
CHEMBL2023898,EFO_0004220,INDICATION,
CHEMBL2023898,MONDO_0100096,INDICATION,
CHEMBL2024517,EFO_0009963,INDICATION,
CHEMBL2024517,MONDO_0004985,INDICATION,
CHEMBL2024517,MONDO_0005090,INDICATION,
CHEMBL2028019,EFO_0003756,INDICATION,
CHEMBL2028019,EFO_0005407,INDICATION,
CHEMBL2028019,EFO_0009963,INDICATION,
CHEMBL2028019,EFO_1001892,INDICATION,
CHEMBL2028019,MONDO_0002009,INDICATION,
CHEMBL2028019,MONDO_0002050,INDICATION,
CHEMBL2028019,MONDO_0004985,INDICATION,
CHEMBL2028019,MONDO_0005090,INDICATION,
CHEMBL2028661,EFO_0000319,INDICATION,
CHEMBL2028661,EFO_0000537,INDICATION,
CHEMBL2028661,EFO_0000712,INDICATION,
CHEMBL2028661,EFO_0005251,CONTRAINDICATION,
CHEMBL2028661,MONDO_0001134,INDICATION,
CHEMBL2028661,MONDO_0001343,CONTRAINDICATION,
CHEMBL2028663,EFO_0000389,INDICATION,
CHEMBL2028663,EFO_0000501,INDICATION,
CHEMBL2028663,EFO_0000616,INDICATION,
CHEMBL2028663,EFO_0000641,INDICATION,
CHEMBL2028663,EFO_0000756,INDICATION,
CHEMBL2028663,EFO_0001378,INDICATION,
CHEMBL2028663,EFO_0001421,INDICATION,
CHEMBL2028663,EFO_0002617,INDICATION,
CHEMBL2028663,EFO_0002892,INDICATION,
CHEMBL2028663,EFO_0003060,INDICATION,
CHEMBL2028663,EFO_0003086,INDICATION,
CHEMBL2028663,EFO_0003833,INDICATION,
CHEMBL2028663,EFO_0006772,INDICATION,
CHEMBL2028663,EFO_1000209,INDICATION,
CHEMBL2028663,EFO_1000926,INDICATION,
CHEMBL2028663,MONDO_0002108,INDICATION,
CHEMBL2028663,MONDO_0004992,INDICATION,
CHEMBL2028663,MONDO_0008903,INDICATION,
CHEMBL2028663,MONDO_0017795,INDICATION,
CHEMBL2028663,MONDO_0100342,INDICATION,
CHEMBL2028665,MONDO_0005147,INDICATION,
CHEMBL2028665,MONDO_0005148,INDICATION,
CHEMBL2028850,EFO_0000694,INDICATION,
CHEMBL2028850,EFO_0003144,INDICATION,
CHEMBL2028850,EFO_0005251,INDICATION,
CHEMBL2028850,EFO_0005532,INDICATION,
CHEMBL2028850,EFO_1000999,INDICATION,
CHEMBL2028850,MONDO_0019623,INDICATION,
CHEMBL2028850,MONDO_0044970,INDICATION,
CHEMBL2028850,MONDO_0100096,INDICATION,
CHEMBL2028850,MP_0001845,INDICATION,
CHEMBL2028852,EFO_0005532,INDICATION,
CHEMBL2028852,MONDO_0019623,INDICATION,
CHEMBL2028852,MONDO_0100096,INDICATION,
CHEMBL2028852,MP_0001845,INDICATION,
CHEMBL2028987,EFO_0000673,INDICATION,
CHEMBL2028987,EFO_0001663,INDICATION,
CHEMBL2028987,MONDO_0008315,INDICATION,
CHEMBL2029605,MONDO_0005148,INDICATION,
CHEMBL2029605,MONDO_0008300,INDICATION,
CHEMBL2029988,EFO_0000616,INDICATION,
CHEMBL203125,EFO_0001068,INDICATION,
CHEMBL203125,EFO_0007444,INDICATION,
CHEMBL203266,EFO_0000182,INDICATION,
CHEMBL203266,EFO_0000319,INDICATION,
CHEMBL203266,EFO_0000401,INDICATION,
CHEMBL203266,EFO_0000538,INDICATION,
CHEMBL203266,EFO_0001361,INDICATION,
CHEMBL203266,EFO_0003144,INDICATION,
CHEMBL203266,EFO_0007949,INDICATION,
CHEMBL203266,EFO_1001482,INDICATION,
CHEMBL203266,MONDO_0004976,INDICATION,
CHEMBL203321,EFO_0000763,INDICATION,
CHEMBL203321,EFO_0001062,INDICATION,
CHEMBL203321,EFO_0001421,INDICATION,
CHEMBL203321,EFO_0007243,INDICATION,
CHEMBL203321,EFO_0007434,INDICATION,
CHEMBL203321,EFO_1001259,INDICATION,
CHEMBL203321,MONDO_0004651,INDICATION,
CHEMBL2035187,EFO_0000095,INDICATION,
CHEMBL2035187,EFO_0000183,INDICATION,
CHEMBL2035187,EFO_0000222,INDICATION,
CHEMBL2035187,EFO_0000565,INDICATION,
CHEMBL2035187,EFO_0000616,INDICATION,
CHEMBL2035187,EFO_0001421,INDICATION,
CHEMBL2035187,EFO_0002429,INDICATION,
CHEMBL2035187,EFO_0002430,INDICATION,
CHEMBL2035187,EFO_0003060,INDICATION,
CHEMBL2035187,EFO_0004251,INDICATION,
CHEMBL2035187,EFO_1001469,INDICATION,
CHEMBL2035187,EFO_1001951,INDICATION,
CHEMBL2035187,MONDO_0007254,INDICATION,
CHEMBL2035187,MONDO_0008315,INDICATION,
CHEMBL2035187,MONDO_0013730,INDICATION,
CHEMBL2035187,MONDO_0044903,INDICATION,
CHEMBL2035187,MONDO_0100096,INDICATION,
CHEMBL2035460,EFO_0003060,INDICATION,
CHEMBL2035874,EFO_0004911,INDICATION,
CHEMBL2035874,Orphanet_309005,INDICATION,
CHEMBL2037002,EFO_0003060,INDICATION,
CHEMBL2037511,EFO_0803321,INDICATION,
CHEMBL2037511,EFO_1001757,INDICATION,
CHEMBL204021,EFO_0003770,INDICATION,
CHEMBL204021,EFO_0003914,INDICATION,
CHEMBL204021,EFO_0005672,INDICATION,
CHEMBL2040682,EFO_0000341,INDICATION,
CHEMBL2040682,EFO_0003882,CONTRAINDICATION,
CHEMBL2040682,EFO_0003956,INDICATION,
CHEMBL2040682,EFO_0005854,INDICATION,
CHEMBL2040682,EFO_0007308,CONTRAINDICATION,
CHEMBL2040682,EFO_0009491,CONTRAINDICATION,
CHEMBL2040682,EFO_1000024,INDICATION,
CHEMBL2040682,EFO_1001069,CONTRAINDICATION,
CHEMBL2040682,EFO_1001417,INDICATION,
CHEMBL2040682,MONDO_0002041,CONTRAINDICATION,
CHEMBL2040682,MONDO_0004979,INDICATION,
CHEMBL2040682,MONDO_0005041,CONTRAINDICATION,
CHEMBL2040682,MONDO_0005271,INDICATION,
CHEMBL2040682,MONDO_0100096,INDICATION,
CHEMBL2041933,EFO_0000616,INDICATION,
CHEMBL2041933,MONDO_0004992,INDICATION,
CHEMBL2041980,EFO_0001068,INDICATION,
CHEMBL2041980,EFO_0007444,INDICATION,
CHEMBL2042122,EFO_0000318,INDICATION,
CHEMBL2042122,EFO_0006887,INDICATION,
CHEMBL2042122,MONDO_0004975,INDICATION,
CHEMBL2042273,EFO_0005672,INDICATION,
CHEMBL2043025,EFO_0003047,INDICATION,
CHEMBL2043025,EFO_0004220,INDICATION,
CHEMBL2043437,EFO_0000198,INDICATION,
CHEMBL2043437,EFO_0000222,INDICATION,
CHEMBL2043437,EFO_0000519,INDICATION,
CHEMBL2043437,EFO_0000616,INDICATION,
CHEMBL2043437,EFO_1001968,INDICATION,
CHEMBL2043437,MONDO_0004992,INDICATION,
CHEMBL2043437,MONDO_0020547,INDICATION,
CHEMBL2046550,EFO_0007439,INDICATION,
CHEMBL2046550,EFO_0007543,INDICATION,
CHEMBL2046550,MONDO_0000879,INDICATION,
CHEMBL2046550,MONDO_0004678,INDICATION,
CHEMBL204656,EFO_0000180,INDICATION,
CHEMBL204656,EFO_0000763,INDICATION,
CHEMBL204656,EFO_0000764,INDICATION,
CHEMBL204656,EFO_0000765,INDICATION,
CHEMBL204656,EFO_0002614,INDICATION,
CHEMBL2048028,EFO_0003966,INDICATION,
CHEMBL2048028,EFO_0007141,INDICATION,
CHEMBL2048028,EFO_1000906,INDICATION,
CHEMBL2048028,MONDO_0013730,INDICATION,
CHEMBL2048308,MONDO_0004975,INDICATION,
CHEMBL2048484,EFO_0000400,INDICATION,
CHEMBL2048484,EFO_0000401,INDICATION,
CHEMBL2048484,EFO_0000660,INDICATION,
CHEMBL2048484,EFO_0001073,INDICATION,
CHEMBL2048484,EFO_0003144,INDICATION,
CHEMBL2048484,MONDO_0005147,INDICATION,
CHEMBL2048484,MONDO_0005148,INDICATION,
CHEMBL2048484,MONDO_0007254,INDICATION,
CHEMBL20489,EFO_0000616,INDICATION,
CHEMBL2051955,EFO_0000319,INDICATION,
CHEMBL2051955,EFO_0000373,INDICATION,
CHEMBL2051955,EFO_0000694,INDICATION,
CHEMBL2051955,EFO_0000712,INDICATION,
CHEMBL2051955,EFO_0001645,INDICATION,
CHEMBL2051955,EFO_0002970,INDICATION,
CHEMBL2051955,EFO_0003144,INDICATION,
CHEMBL2051955,EFO_0003764,INDICATION,
CHEMBL2051955,EFO_0005207,INDICATION,
CHEMBL2051955,EFO_0006834,INDICATION,
CHEMBL2051955,EFO_0008585,INDICATION,
CHEMBL2051955,MONDO_0004976,INDICATION,
CHEMBL2051955,MP_0001914,INDICATION,
CHEMBL2051960,MP_0001914,INDICATION,
CHEMBL2052016,MONDO_0037821,CONTRAINDICATION,
CHEMBL205596,EFO_0001421,INDICATION,
CHEMBL205596,EFO_0004268,CONTRAINDICATION,
CHEMBL205596,EFO_0004799,INDICATION,
CHEMBL205596,EFO_0007149,CONTRAINDICATION,
CHEMBL205596,EFO_1001486,CONTRAINDICATION,
CHEMBL205596,MONDO_0001751,CONTRAINDICATION,
CHEMBL205596,MONDO_0002203,INDICATION,
CHEMBL205596,MONDO_0008948,INDICATION,
CHEMBL205596,MONDO_0010035,INDICATION,
CHEMBL205596,MONDO_0019052,INDICATION,
CHEMBL205596,MONDO_0019053,INDICATION,
CHEMBL2057236,EFO_0000771,INDICATION,
CHEMBL2057236,EFO_0003106,INDICATION,
CHEMBL2057301,EFO_0004895,INDICATION,
CHEMBL2057301,MONDO_0005277,INDICATION,
CHEMBL2058833,EFO_0001068,INDICATION,
CHEMBL2058833,EFO_0007444,INDICATION,
CHEMBL2059028,EFO_0000616,INDICATION,
CHEMBL206031,EFO_0000180,INDICATION,
CHEMBL206031,EFO_0000764,INDICATION,
CHEMBL2062163,EFO_0001073,INDICATION,
CHEMBL2062257,EFO_0000537,INDICATION,
CHEMBL2062257,EFO_0003822,INDICATION,
CHEMBL2062257,EFO_0004190,INDICATION,
CHEMBL2062257,EFO_0007141,INDICATION,
CHEMBL2062257,EFO_1000760,INDICATION,
CHEMBL2062257,EFO_1000879,INDICATION,
CHEMBL2062257,EFO_1000906,INDICATION,
CHEMBL2062257,EFO_1001069,INDICATION,
CHEMBL2062257,EFO_1001893,INDICATION,
CHEMBL2062257,MONDO_0001330,INDICATION,
CHEMBL2062257,MONDO_0005041,INDICATION,
CHEMBL2062257,MONDO_0021698,INDICATION,
CHEMBL2062263,EFO_0003095,INDICATION,
CHEMBL2062263,MONDO_0004979,INDICATION,
CHEMBL2062263,MONDO_0016239,INDICATION,
CHEMBL2062263,MONDO_0044970,INDICATION,
CHEMBL2062264,EFO_0007214,INDICATION,
CHEMBL2062266,EFO_0003843,INDICATION,
CHEMBL2062335,EFO_0000275,INDICATION,
CHEMBL2062335,EFO_0000537,INDICATION,
CHEMBL2062335,EFO_0000612,INDICATION,
CHEMBL2062335,EFO_0000712,INDICATION,
CHEMBL2062335,EFO_0003144,INDICATION,
CHEMBL2062335,EFO_0003777,INDICATION,
CHEMBL2062335,EFO_0003913,INDICATION,
CHEMBL206253,EFO_0006911,INDICATION,
CHEMBL206253,MONDO_0004992,INDICATION,
CHEMBL2062774,MONDO_0004979,INDICATION,
CHEMBL2063090,EFO_0000763,INDICATION,
CHEMBL2063090,EFO_0003047,INDICATION,
CHEMBL2063090,EFO_0004220,INDICATION,
CHEMBL2063215,EFO_0000616,INDICATION,
CHEMBL2063705,EFO_0009130,INDICATION,
CHEMBL2063869,MONDO_0004992,INDICATION,
CHEMBL2064032,EFO_0003948,INDICATION,
CHEMBL2064032,EFO_0004607,INDICATION,
CHEMBL2064032,EFO_0009454,INDICATION,
CHEMBL2064032,EFO_1000961,INDICATION,
CHEMBL2064032,MONDO_0001409,INDICATION,
CHEMBL2064455,EFO_0000616,INDICATION,
CHEMBL2064455,EFO_0002618,INDICATION,
CHEMBL2064455,MONDO_0001187,INDICATION,
CHEMBL206468,MONDO_0018150,INDICATION,
CHEMBL206815,EFO_0000685,INDICATION,
CHEMBL206834,EFO_0000095,INDICATION,
CHEMBL206834,MONDO_0008315,INDICATION,
CHEMBL20684,EFO_0000621,INDICATION,
CHEMBL20684,EFO_0000681,INDICATION,
CHEMBL20684,EFO_0001642,INDICATION,
CHEMBL20684,EFO_0003060,INDICATION,
CHEMBL20684,EFO_1001951,INDICATION,
CHEMBL20684,MONDO_0000870,INDICATION,
CHEMBL20684,MONDO_0007254,INDICATION,
CHEMBL20684,MONDO_0008315,INDICATION,
CHEMBL2068724,MONDO_0007079,INDICATION,
CHEMBL2068839,MONDO_0002009,INDICATION,
CHEMBL2068839,MONDO_0002050,INDICATION,
CHEMBL2068841,EFO_0003060,INDICATION,
CHEMBL2068841,EFO_1001968,INDICATION,
CHEMBL2068841,MONDO_0007576,INDICATION,
CHEMBL2068884,EFO_0003833,INDICATION,
CHEMBL2068884,MP_0001914,INDICATION,
CHEMBL2068971,EFO_0000537,INDICATION,
CHEMBL2068971,MONDO_0001134,INDICATION,
CHEMBL2070241,EFO_0000319,CONTRAINDICATION,
CHEMBL2070241,EFO_0000537,CONTRAINDICATION,
CHEMBL2070241,EFO_0000677,INDICATION,
CHEMBL2070241,EFO_0003086,INDICATION,
CHEMBL2070241,EFO_0004714,INDICATION,
CHEMBL207197,MONDO_0005277,INDICATION,
CHEMBL207413,EFO_0000217,INDICATION,
CHEMBL207413,EFO_0003948,INDICATION,
CHEMBL207433,EFO_0000274,INDICATION,
CHEMBL207433,EFO_0000555,INDICATION,
CHEMBL207433,EFO_0008521,INDICATION,
CHEMBL207433,EFO_0010072,INDICATION,
CHEMBL207433,MONDO_0005277,INDICATION,
CHEMBL207456,MONDO_0007079,INDICATION,
CHEMBL2074689,EFO_0000198,INDICATION,
CHEMBL2074689,EFO_0000565,INDICATION,
CHEMBL2074725,EFO_0000319,INDICATION,
CHEMBL2074765,EFO_0000616,INDICATION,
CHEMBL2074765,EFO_0005762,INDICATION,
CHEMBL2074922,EFO_0000537,INDICATION,
CHEMBL2074972,EFO_0000319,INDICATION,
CHEMBL207538,EFO_0001358,INDICATION,
CHEMBL207538,EFO_0003108,INDICATION,
CHEMBL207538,EFO_0005407,INDICATION,
CHEMBL207538,EFO_0007453,INDICATION,
CHEMBL207538,EFO_0008526,INDICATION,
CHEMBL207538,MONDO_0002009,INDICATION,
CHEMBL207538,MONDO_0002050,INDICATION,
CHEMBL207538,MONDO_0004975,INDICATION,
CHEMBL207538,MONDO_0007079,INDICATION,
CHEMBL207538,MONDO_0043510,INDICATION,
CHEMBL2079130,EFO_0003948,INDICATION,
CHEMBL2079130,EFO_0004607,INDICATION,
CHEMBL2079130,EFO_0009454,INDICATION,
CHEMBL2079130,EFO_1000961,INDICATION,
CHEMBL2079130,MONDO_0001409,INDICATION,
CHEMBL2079587,EFO_0000198,INDICATION,
CHEMBL2079587,EFO_0000400,CONTRAINDICATION,
CHEMBL2079587,EFO_0001645,CONTRAINDICATION,
CHEMBL2079587,EFO_0003086,CONTRAINDICATION,
CHEMBL2079587,EFO_0003777,CONTRAINDICATION,
CHEMBL2079587,EFO_0004255,CONTRAINDICATION,
CHEMBL2079587,MONDO_0001566,CONTRAINDICATION,
CHEMBL2079587,MONDO_0013144,OFF_LABEL_USE,
CHEMBL2079587,MONDO_0015909,OFF_LABEL_USE,
CHEMBL2079587,MONDO_0019623,INDICATION,
CHEMBL2079587,MONDO_0021259,CONTRAINDICATION,
CHEMBL2079588,EFO_0000616,INDICATION,
CHEMBL2079588,MONDO_0001056,INDICATION,
CHEMBL2079699,DOID_10113,INDICATION,
CHEMBL2079699,EFO_0000198,INDICATION,
CHEMBL2079699,EFO_0000546,INDICATION,
CHEMBL2079699,EFO_0000756,INDICATION,
CHEMBL2079699,EFO_0005044,INDICATION,
CHEMBL2079699,EFO_0005045,INDICATION,
CHEMBL2079699,EFO_0005046,INDICATION,
CHEMBL2079699,MONDO_0004992,INDICATION,
CHEMBL20835,EFO_0004190,INDICATION,
CHEMBL20835,MONDO_0001330,INDICATION,
CHEMBL20835,MONDO_0005041,INDICATION,
CHEMBL208375,EFO_0000616,INDICATION,
CHEMBL208375,EFO_0001378,INDICATION,
CHEMBL208375,EFO_0005543,INDICATION,
CHEMBL208375,EFO_0006859,INDICATION,
CHEMBL208375,MONDO_0004992,INDICATION,
CHEMBL208375,MONDO_0100342,INDICATION,
CHEMBL208427,EFO_1000781,INDICATION,
CHEMBL2087003,EFO_0000474,INDICATION,
CHEMBL2087003,EFO_0004280,INDICATION,
CHEMBL2087003,EFO_1000783,INDICATION,
CHEMBL2087003,EFO_1000877,INDICATION,
CHEMBL2087003,EFO_1001089,INDICATION,
CHEMBL2087003,MONDO_0002046,INDICATION,
CHEMBL2087003,MONDO_0005277,INDICATION,
CHEMBL2087003,MONDO_0007079,INDICATION,
CHEMBL2087337,EFO_1000948,INDICATION,
CHEMBL2087337,EFO_1000988,INDICATION,
CHEMBL2087337,MONDO_0004975,INDICATION,
CHEMBL2087361,EFO_0000313,INDICATION,
CHEMBL2087361,EFO_0000571,INDICATION,
CHEMBL2087361,EFO_0000616,INDICATION,
CHEMBL2087361,EFO_0000676,INDICATION,
CHEMBL2087361,EFO_0000708,INDICATION,
CHEMBL2087361,EFO_0002618,INDICATION,
CHEMBL2087361,EFO_0003060,INDICATION,
CHEMBL2087361,EFO_0004252,INDICATION,
CHEMBL2087361,EFO_0005922,INDICATION,
CHEMBL2087361,EFO_1000849,INDICATION,
CHEMBL2087361,MONDO_0007254,INDICATION,
CHEMBL2087361,MONDO_0007576,INDICATION,
CHEMBL2087361,MONDO_0008903,INDICATION,
CHEMBL2088033,MONDO_0007079,INDICATION,
CHEMBL20883,EFO_0000178,INDICATION,
CHEMBL20883,EFO_0000181,INDICATION,
CHEMBL20883,EFO_0000182,INDICATION,
CHEMBL20883,EFO_0000199,INDICATION,
CHEMBL20883,EFO_0000228,INDICATION,
CHEMBL20883,EFO_0000365,INDICATION,
CHEMBL20883,EFO_0000503,INDICATION,
CHEMBL20883,EFO_0000616,INDICATION,
CHEMBL20883,EFO_0000702,INDICATION,
CHEMBL20883,EFO_0001421,INDICATION,
CHEMBL20883,EFO_0002618,INDICATION,
CHEMBL20883,EFO_0002916,INDICATION,
CHEMBL20883,EFO_0003060,INDICATION,
CHEMBL20883,EFO_0003086,INDICATION,
CHEMBL20883,EFO_0003860,INDICATION,
CHEMBL20883,EFO_0003869,INDICATION,
CHEMBL20883,EFO_0003891,INDICATION,
CHEMBL20883,EFO_0003897,INDICATION,
CHEMBL20883,EFO_0004142,INDICATION,
CHEMBL20883,EFO_0004252,INDICATION,
CHEMBL20883,EFO_0005221,INDICATION,
CHEMBL20883,EFO_0005922,INDICATION,
CHEMBL20883,EFO_0006859,INDICATION,
CHEMBL20883,EFO_1000045,INDICATION,
CHEMBL20883,EFO_1000359,INDICATION,
CHEMBL20883,EFO_1000657,INDICATION,
CHEMBL20883,EFO_1001901,INDICATION,
CHEMBL20883,EFO_1001951,INDICATION,
CHEMBL20883,EFO_1001956,INDICATION,
CHEMBL20883,MONDO_0001056,INDICATION,
CHEMBL20883,MONDO_0001187,INDICATION,
CHEMBL20883,MONDO_0002120,INDICATION,
CHEMBL20883,MONDO_0002974,INDICATION,
CHEMBL20883,MONDO_0003060,INDICATION,
CHEMBL20883,MONDO_0004992,INDICATION,
CHEMBL20883,MONDO_0005184,INDICATION,
CHEMBL20883,MONDO_0005575,INDICATION,
CHEMBL20883,MONDO_0007254,INDICATION,
CHEMBL20883,MONDO_0007576,INDICATION,
CHEMBL20883,MONDO_0021355,INDICATION,
CHEMBL20883,MONDO_0044937,INDICATION,
CHEMBL2093999,EFO_0000373,INDICATION,
CHEMBL2093999,EFO_0003144,INDICATION,
CHEMBL2094620,MONDO_0004992,INDICATION,
CHEMBL2095206,EFO_0000222,INDICATION,
CHEMBL2095206,EFO_0000339,INDICATION,
CHEMBL2095206,MONDO_0004643,INDICATION,
CHEMBL2095207,EFO_0000673,INDICATION,
CHEMBL2095207,MONDO_0008315,INDICATION,
CHEMBL2095208,EFO_0000180,INDICATION,
CHEMBL2095208,EFO_0000220,INDICATION,
CHEMBL2095208,EFO_0000544,INDICATION,
CHEMBL2095208,EFO_0000764,INDICATION,
CHEMBL2095208,EFO_0000765,INDICATION,
CHEMBL2095208,EFO_0001068,INDICATION,
CHEMBL2095208,EFO_0002614,INDICATION,
CHEMBL2095208,EFO_0003060,INDICATION,
CHEMBL2095208,EFO_0007448,INDICATION,
CHEMBL2095208,MONDO_0004992,INDICATION,
CHEMBL2095208,MONDO_0005184,INDICATION,
CHEMBL2095208,MONDO_0100096,INDICATION,
CHEMBL2095209,EFO_0000278,INDICATION,
CHEMBL2095209,EFO_0000305,INDICATION,
CHEMBL2095209,EFO_0000319,INDICATION,
CHEMBL2095209,EFO_0004211,INDICATION,
CHEMBL2095209,EFO_0005406,INDICATION,
CHEMBL2095209,EFO_1001249,INDICATION,
CHEMBL2095209,MONDO_0004975,INDICATION,
CHEMBL2095209,MONDO_0021063,INDICATION,
CHEMBL2095209,MONDO_0021187,INDICATION,
CHEMBL2095209,MONDO_0100096,INDICATION,
CHEMBL2095209,Orphanet_309005,INDICATION,
CHEMBL2095211,EFO_0001073,INDICATION,
CHEMBL2095211,EFO_0004319,INDICATION,
CHEMBL2095212,EFO_0000537,CONTRAINDICATION,
CHEMBL2095212,EFO_0000660,INDICATION,
CHEMBL2095212,EFO_0001421,INDICATION,
CHEMBL2095212,EFO_0003086,INDICATION,
CHEMBL2095212,EFO_0003144,INDICATION,
CHEMBL2095212,EFO_0003843,INDICATION,
CHEMBL2095212,EFO_0003896,INDICATION,
CHEMBL2095212,EFO_0004253,INDICATION,
CHEMBL2095212,EFO_0005669,INDICATION,
CHEMBL2095212,EFO_0006865,INDICATION,
CHEMBL2095212,EFO_1000781,INDICATION,
CHEMBL2095212,EFO_1000869,INDICATION,
CHEMBL2095212,EFO_1001121,INDICATION,
CHEMBL2095222,EFO_0000712,INDICATION,
CHEMBL2095222,EFO_0003907,INDICATION,
CHEMBL2095222,EFO_0003966,INDICATION,
CHEMBL2095222,EFO_0009606,INDICATION,
CHEMBL2095222,EFO_1001028,INDICATION,
CHEMBL2095222,EFO_1001157,INDICATION,
CHEMBL2095222,EFO_1001231,INDICATION,
CHEMBL2095223,MONDO_0100096,INDICATION,
CHEMBL2095224,EFO_0000220,INDICATION,
CHEMBL2095224,EFO_0000222,INDICATION,
CHEMBL2095224,EFO_0001068,INDICATION,
CHEMBL2095224,EFO_0007444,INDICATION,
CHEMBL2096631,EFO_0006788,INDICATION,
CHEMBL2096633,EFO_0003086,CONTRAINDICATION,
CHEMBL2096633,EFO_0003948,INDICATION,
CHEMBL2096633,EFO_0008533,INDICATION,
CHEMBL2096633,EFO_0009552,CONTRAINDICATION,
CHEMBL2096633,MONDO_0000313,CONTRAINDICATION,
CHEMBL2096633,MONDO_0002203,CONTRAINDICATION,
CHEMBL2096633,MONDO_0004247,INDICATION,
CHEMBL2096633,MONDO_0016586,OFF_LABEL_USE,
CHEMBL2096633,MONDO_0017169,OFF_LABEL_USE,
CHEMBL2096633,MONDO_0044751,CONTRAINDICATION,
CHEMBL2096635,EFO_0000544,INDICATION,
CHEMBL2096639,MP_0001845,INDICATION,
CHEMBL2096647,EFO_0003086,INDICATION,
CHEMBL2096647,EFO_0003884,INDICATION,
CHEMBL2096648,EFO_1000961,INDICATION,
CHEMBL2096650,EFO_0000398,INDICATION,
CHEMBL2096650,EFO_0000770,INDICATION,
CHEMBL2096650,EFO_0002501,INDICATION,
CHEMBL2096650,EFO_0002918,INDICATION,
CHEMBL2096650,EFO_0002939,INDICATION,
CHEMBL2096650,EFO_0003837,INDICATION,
CHEMBL2096650,EFO_0003884,INDICATION,
CHEMBL2096650,EFO_0004238,INDICATION,
CHEMBL2096650,EFO_0005672,INDICATION,
CHEMBL2096650,EFO_0006859,INDICATION,
CHEMBL2096650,EFO_0006951,INDICATION,
CHEMBL2096650,EFO_1000292,INDICATION,
CHEMBL2096650,MONDO_0002123,INDICATION,
CHEMBL2096650,MONDO_0100096,INDICATION,
CHEMBL2096650,MONDO_0100342,INDICATION,
CHEMBL2096656,EFO_0003827,INDICATION,
CHEMBL2096656,EFO_0003833,INDICATION,
CHEMBL2096660,EFO_0003843,INDICATION,
CHEMBL2096895,EFO_0004239,INDICATION,
CHEMBL2097002,EFO_1001466,INDICATION,
CHEMBL2097081,EFO_0000319,INDICATION,
CHEMBL2097081,EFO_0000373,INDICATION,
CHEMBL2097081,EFO_0000537,INDICATION,
CHEMBL2097081,EFO_0000612,INDICATION,
CHEMBL2097081,EFO_0001358,INDICATION,
CHEMBL2097081,EFO_0004272,INDICATION,
CHEMBL2097081,EFO_0005251,INDICATION,
CHEMBL2097081,EFO_0005252,INDICATION,
CHEMBL2097081,EFO_0008585,INDICATION,
CHEMBL2097081,EFO_1000645,INDICATION,
CHEMBL2097081,EFO_1000653,INDICATION,
CHEMBL2097081,MONDO_0002050,INDICATION,
CHEMBL2097081,MONDO_0005090,INDICATION,
CHEMBL2097081,MP_0001845,INDICATION,
CHEMBL2097081,MP_0001914,INDICATION,
CHEMBL209821,EFO_0000773,INDICATION,
CHEMBL209821,EFO_0005230,INDICATION,
CHEMBL209821,MONDO_0002009,INDICATION,
CHEMBL21,EFO_0000771,INDICATION,
CHEMBL21,EFO_0003086,CONTRAINDICATION,
CHEMBL21,EFO_0005803,CONTRAINDICATION,
CHEMBL21,EFO_0007287,CONTRAINDICATION,
CHEMBL21,EFO_0007543,INDICATION,
CHEMBL21,EFO_1001240,INDICATION,
CHEMBL21,MONDO_0037821,CONTRAINDICATION,
CHEMBL2103735,EFO_0000545,INDICATION,
CHEMBL2103735,EFO_0000660,INDICATION,
CHEMBL2103736,EFO_0000685,INDICATION,
CHEMBL2103736,MONDO_0005178,INDICATION,
CHEMBL2103737,EFO_0000729,INDICATION,
CHEMBL2103737,EFO_0003060,INDICATION,
CHEMBL2103737,EFO_0003894,INDICATION,
CHEMBL2103737,EFO_0004272,INDICATION,
CHEMBL2103737,EFO_0006834,INDICATION,
CHEMBL2103737,EFO_0008546,INDICATION,
CHEMBL2103737,MONDO_0005129,INDICATION,
CHEMBL2103737,MONDO_0015486,INDICATION,
CHEMBL2103738,EFO_0009963,INDICATION,
CHEMBL2103739,EFO_0007141,INDICATION,
CHEMBL2103740,EFO_0001421,INDICATION,
CHEMBL2103741,EFO_0002892,INDICATION,
CHEMBL2103741,EFO_0003843,INDICATION,
CHEMBL2103741,EFO_0004705,INDICATION,
CHEMBL2103741,EFO_1002017,INDICATION,
CHEMBL2103741,MONDO_0002108,INDICATION,
CHEMBL2103741,MONDO_0004985,INDICATION,
CHEMBL2103741,MONDO_0018612,INDICATION,
CHEMBL2103742,EFO_0001070,INDICATION,
CHEMBL2103742,EFO_0004272,INDICATION,
CHEMBL2103743,EFO_0000274,INDICATION,
CHEMBL2103743,EFO_0000685,INDICATION,
CHEMBL2103743,EFO_0003778,INDICATION,
CHEMBL2103743,EFO_0003898,INDICATION,
CHEMBL2103743,MONDO_0007915,INDICATION,
CHEMBL2103743,MONDO_0019558,INDICATION,
CHEMBL2103744,EFO_0000612,INDICATION,
CHEMBL2103744,EFO_0000768,INDICATION,
CHEMBL2103744,EFO_0001361,INDICATION,
CHEMBL2103744,EFO_0003843,INDICATION,
CHEMBL2103744,EFO_0003890,INDICATION,
CHEMBL2103744,EFO_0003918,INDICATION,
CHEMBL2103744,EFO_0004616,INDICATION,
CHEMBL2103744,EFO_0005611,INDICATION,
CHEMBL2103744,EFO_0005799,INDICATION,
CHEMBL2103744,EFO_0010702,INDICATION,
CHEMBL2103744,EFO_0020911,INDICATION,
CHEMBL2103744,EFO_0801084,INDICATION,
CHEMBL2103744,MONDO_0004992,INDICATION,
CHEMBL2103744,MONDO_0011382,INDICATION,
CHEMBL2103745,EFO_0000400,INDICATION,
CHEMBL2103745,EFO_0000660,INDICATION,
CHEMBL2103745,EFO_0002546,INDICATION,
CHEMBL2103745,EFO_0003940,INDICATION,
CHEMBL2103745,EFO_0008583,INDICATION,
CHEMBL2103745,MONDO_0005147,INDICATION,
CHEMBL2103745,MONDO_0005148,INDICATION,
CHEMBL2103751,EFO_0000574,INDICATION,
CHEMBL2103751,EFO_0000616,INDICATION,
CHEMBL2103758,EFO_0000400,INDICATION,
CHEMBL2103758,EFO_0001073,INDICATION,
CHEMBL2103758,EFO_1000948,CONTRAINDICATION,
CHEMBL2103758,MONDO_0005147,INDICATION,
CHEMBL2103758,MONDO_0005148,INDICATION,
CHEMBL2103761,EFO_0000319,INDICATION,
CHEMBL2103764,EFO_0000771,INDICATION,
CHEMBL2103768,EFO_0007144,INDICATION,
CHEMBL2103772,EFO_1001306,INDICATION,
CHEMBL2103772,MONDO_0000257,INDICATION,
CHEMBL2103773,EFO_0010282,INDICATION,
CHEMBL2103774,EFO_0003854,INDICATION,
CHEMBL2103774,EFO_0003882,INDICATION,
CHEMBL2103774,EFO_0004714,INDICATION,
CHEMBL2103774,MONDO_0002009,INDICATION,
CHEMBL2103774,MONDO_0007254,INDICATION,
CHEMBL2103778,EFO_0010282,INDICATION,
CHEMBL2103779,MONDO_0010383,INDICATION,
CHEMBL2103784,EFO_0000537,INDICATION,
CHEMBL2103784,EFO_0004254,INDICATION,
CHEMBL2103784,EFO_0005539,INDICATION,
CHEMBL2103784,EFO_0009491,INDICATION,
CHEMBL2103784,MONDO_0018097,OFF_LABEL_USE,
CHEMBL2103784,MONDO_0100062,INDICATION,
CHEMBL2103790,EFO_0000096,INDICATION,
CHEMBL2103790,MONDO_0007254,INDICATION,
CHEMBL2103790,MONDO_0044881,INDICATION,
CHEMBL2103791,EFO_0004698,INDICATION,
CHEMBL2103792,EFO_0000095,INDICATION,
CHEMBL2103792,EFO_0000096,INDICATION,
CHEMBL2103792,EFO_0000191,INDICATION,
CHEMBL2103792,EFO_0000313,INDICATION,
CHEMBL2103792,EFO_0000403,INDICATION,
CHEMBL2103792,EFO_0000574,INDICATION,
CHEMBL2103792,EFO_0000681,INDICATION,
CHEMBL2103792,EFO_0000756,INDICATION,
CHEMBL2103792,EFO_0000764,INDICATION,
CHEMBL2103792,EFO_0001068,INDICATION,
CHEMBL2103792,EFO_0002913,INDICATION,
CHEMBL2103792,EFO_0003060,INDICATION,
CHEMBL2103792,EFO_0003869,INDICATION,
CHEMBL2103792,EFO_0005952,INDICATION,
CHEMBL2103792,EFO_0009441,INDICATION,
CHEMBL2103792,EFO_1001051,INDICATION,
CHEMBL2103792,EFO_1001469,INDICATION,
CHEMBL2103792,MONDO_0007576,INDICATION,
CHEMBL2103792,MONDO_0008315,INDICATION,
CHEMBL2103792,MONDO_0018906,INDICATION,
CHEMBL2103793,EFO_0000095,INDICATION,
CHEMBL2103793,EFO_0000096,INDICATION,
CHEMBL2103793,EFO_0000191,INDICATION,
CHEMBL2103793,EFO_0000313,INDICATION,
CHEMBL2103793,EFO_0000403,INDICATION,
CHEMBL2103793,EFO_0000574,INDICATION,
CHEMBL2103793,EFO_0000681,INDICATION,
CHEMBL2103793,EFO_0000756,INDICATION,
CHEMBL2103793,EFO_0000764,INDICATION,
CHEMBL2103793,EFO_0001068,INDICATION,
CHEMBL2103793,EFO_0002913,INDICATION,
CHEMBL2103793,EFO_0003060,INDICATION,
CHEMBL2103793,EFO_0003869,INDICATION,
CHEMBL2103793,EFO_0005952,INDICATION,
CHEMBL2103793,EFO_0009441,INDICATION,
CHEMBL2103793,EFO_1001051,INDICATION,
CHEMBL2103793,EFO_1001469,INDICATION,
CHEMBL2103793,MONDO_0007576,INDICATION,
CHEMBL2103793,MONDO_0008315,INDICATION,
CHEMBL2103793,MONDO_0018906,INDICATION,
CHEMBL2103794,EFO_0002618,INDICATION,
CHEMBL2103795,EFO_0000537,INDICATION,
CHEMBL2103795,EFO_0000712,INDICATION,
CHEMBL2103796,EFO_0000313,INDICATION,
CHEMBL2103796,EFO_0000519,INDICATION,
CHEMBL2103796,EFO_0005543,INDICATION,
CHEMBL2103796,MONDO_0100342,INDICATION,
CHEMBL2103798,EFO_0000095,INDICATION,
CHEMBL2103798,EFO_0000182,INDICATION,
CHEMBL2103798,EFO_0000349,INDICATION,
CHEMBL2103798,EFO_0000389,INDICATION,
CHEMBL2103798,EFO_0000519,INDICATION,
CHEMBL2103798,EFO_0000588,INDICATION,
CHEMBL2103798,EFO_0000673,INDICATION,
CHEMBL2103798,EFO_0000681,INDICATION,
CHEMBL2103798,EFO_0000702,INDICATION,
CHEMBL2103798,EFO_0000770,INDICATION,
CHEMBL2103798,EFO_0002617,INDICATION,
CHEMBL2103798,EFO_0002892,INDICATION,
CHEMBL2103798,EFO_0003060,INDICATION,
CHEMBL2103798,EFO_0006861,INDICATION,
CHEMBL2103798,EFO_1001465,INDICATION,
CHEMBL2103798,EFO_1001951,INDICATION,
CHEMBL2103798,MONDO_0002974,INDICATION,
CHEMBL2103798,MONDO_0008315,INDICATION,
CHEMBL2103798,MONDO_0008903,INDICATION,
CHEMBL2103799,EFO_0000666,INDICATION,
CHEMBL2103799,EFO_0004607,INDICATION,
CHEMBL2103799,EFO_1001904,INDICATION,
CHEMBL2103800,EFO_0003884,INDICATION,
CHEMBL2103800,MONDO_0005148,INDICATION,
CHEMBL2103802,EFO_0003144,INDICATION,
CHEMBL2103802,MONDO_0005147,INDICATION,
CHEMBL2103802,MONDO_0005148,INDICATION,
CHEMBL2103807,EFO_0001668,INDICATION,
CHEMBL2103810,EFO_0000198,INDICATION,
CHEMBL2103810,MONDO_0001475,INDICATION,
CHEMBL2103811,EFO_1000657,INDICATION,
CHEMBL2103811,MONDO_0007254,INDICATION,
CHEMBL2103811,MONDO_0021063,INDICATION,
CHEMBL2103812,EFO_0004220,INDICATION,
CHEMBL2103812,EFO_1001904,INDICATION,
CHEMBL2103815,EFO_0001060,INDICATION,
CHEMBL2103821,EFO_0000574,INDICATION,
CHEMBL2103821,MONDO_0044881,INDICATION,
CHEMBL2103821,MONDO_0044937,INDICATION,
CHEMBL2103822,EFO_0001421,INDICATION,
CHEMBL2103822,EFO_0003086,INDICATION,
CHEMBL2103822,EFO_0004698,INDICATION,
CHEMBL2103822,EFO_0007462,INDICATION,
CHEMBL2103822,MONDO_0002009,INDICATION,
CHEMBL2103822,MONDO_0003406,INDICATION,
CHEMBL2103822,MONDO_0008434,INDICATION,
CHEMBL2103822,MONDO_0024361,INDICATION,
CHEMBL2103822,Orphanet_68335,INDICATION,
CHEMBL2103823,EFO_0000756,INDICATION,
CHEMBL2103824,EFO_0004274,INDICATION,
CHEMBL2103824,MONDO_0005148,INDICATION,
CHEMBL2103825,EFO_0001073,INDICATION,
CHEMBL2103826,MONDO_0005090,INDICATION,
CHEMBL2103826,MONDO_0019037,INDICATION,
CHEMBL2103827,EFO_0000319,INDICATION,
CHEMBL2103827,EFO_0003888,INDICATION,
CHEMBL2103827,EFO_0005251,INDICATION,
CHEMBL2103827,EFO_0005252,INDICATION,
CHEMBL2103827,EFO_0005687,INDICATION,
CHEMBL2103827,EFO_1000645,INDICATION,
CHEMBL2103827,EFO_1001050,INDICATION,
CHEMBL2103827,MONDO_0005180,INDICATION,
CHEMBL2103828,EFO_0000612,INDICATION,
CHEMBL2103828,EFO_0003086,INDICATION,
CHEMBL2103829,EFO_0005687,INDICATION,
CHEMBL2103829,EFO_0005762,INDICATION,
CHEMBL2103830,EFO_0000403,INDICATION,
CHEMBL2103830,EFO_0000574,INDICATION,
CHEMBL2103830,EFO_0000685,INDICATION,
CHEMBL2103830,EFO_0001642,INDICATION,
CHEMBL2103830,EFO_0003106,INDICATION,
CHEMBL2103830,EFO_0004194,INDICATION,
CHEMBL2103830,EFO_0007160,INDICATION,
CHEMBL2103830,EFO_1000710,INDICATION,
CHEMBL2103830,EFO_1001264,INDICATION,
CHEMBL2103830,MONDO_0007915,INDICATION,
CHEMBL2103830,MONDO_0008170,INDICATION,
CHEMBL2103830,MONDO_0044903,INDICATION,
CHEMBL2103830,MONDO_0100096,INDICATION,
CHEMBL2103830,MP_0001914,INDICATION,
CHEMBL2103831,EFO_0001421,INDICATION,
CHEMBL2103831,EFO_0005755,INDICATION,
CHEMBL2103831,EFO_1000786,INDICATION,
CHEMBL2103831,EFO_1002048,INDICATION,
CHEMBL2103831,MONDO_0005178,INDICATION,
CHEMBL2103832,MONDO_0005180,INDICATION,
CHEMBL2103836,EFO_0005230,INDICATION,
CHEMBL2103836,EFO_1001892,INDICATION,
CHEMBL2103837,EFO_0000318,INDICATION,
CHEMBL2103837,EFO_0004129,INDICATION,
CHEMBL2103837,EFO_0009562,INDICATION,
CHEMBL2103837,EFO_1001875,INDICATION,
CHEMBL2103837,EFO_1001984,INDICATION,
CHEMBL2103837,MONDO_0019438,INDICATION,
CHEMBL2103837,MONDO_0019441,INDICATION,
CHEMBL2103838,EFO_0000341,INDICATION,
CHEMBL2103838,EFO_0000685,INDICATION,
CHEMBL2103838,EFO_0001645,INDICATION,
CHEMBL2103838,EFO_0004610,INDICATION,
CHEMBL2103838,EFO_0005762,INDICATION,
CHEMBL2103839,EFO_0000198,INDICATION,
CHEMBL2103839,EFO_0000564,INDICATION,
CHEMBL2103839,EFO_0000565,INDICATION,
CHEMBL2103839,EFO_0000569,INDICATION,
CHEMBL2103839,EFO_0000574,INDICATION,
CHEMBL2103839,EFO_0000616,INDICATION,
CHEMBL2103839,EFO_0000637,INDICATION,
CHEMBL2103839,EFO_0000691,INDICATION,
CHEMBL2103839,EFO_0001378,INDICATION,
CHEMBL2103839,EFO_0002430,INDICATION,
CHEMBL2103839,EFO_0003060,INDICATION,
CHEMBL2103839,EFO_0003869,INDICATION,
CHEMBL2103839,EFO_1001465,INDICATION,
CHEMBL2103839,EFO_1001968,INDICATION,
CHEMBL2103839,MONDO_0004992,INDICATION,
CHEMBL2103839,MONDO_0007254,INDICATION,
CHEMBL2103839,MONDO_0008315,INDICATION,
CHEMBL2103839,MONDO_0011962,INDICATION,
CHEMBL2103839,MONDO_0021054,INDICATION,
CHEMBL2103840,EFO_0000095,INDICATION,
CHEMBL2103840,EFO_0000220,INDICATION,
CHEMBL2103840,EFO_0000222,INDICATION,
CHEMBL2103840,EFO_0000616,INDICATION,
CHEMBL2103840,EFO_0000756,INDICATION,
CHEMBL2103840,EFO_0001378,INDICATION,
CHEMBL2103840,EFO_0006861,INDICATION,
CHEMBL2103840,MONDO_0001023,INDICATION,
CHEMBL2103840,MONDO_0007254,INDICATION,
CHEMBL2103842,EFO_0000182,INDICATION,
CHEMBL2103842,EFO_0000616,INDICATION,
CHEMBL2103842,EFO_0002618,INDICATION,
CHEMBL2103842,EFO_0005221,INDICATION,
CHEMBL2103842,MONDO_0001056,INDICATION,
CHEMBL2103842,MONDO_0003060,INDICATION,
CHEMBL2103842,MONDO_0004992,INDICATION,
CHEMBL2103842,MONDO_0007254,INDICATION,
CHEMBL2103844,EFO_0000565,INDICATION,
CHEMBL2103844,EFO_0000574,INDICATION,
CHEMBL2103844,EFO_0005952,INDICATION,
CHEMBL2103844,MONDO_0007254,INDICATION,
CHEMBL2103846,MONDO_0001572,INDICATION,
CHEMBL2103846,MONDO_0003061,INDICATION,
CHEMBL2103847,EFO_0000198,INDICATION,
CHEMBL2103847,EFO_0000222,INDICATION,
CHEMBL2103847,EFO_0000616,INDICATION,
CHEMBL2103847,EFO_0002618,INDICATION,
CHEMBL2103847,EFO_0003060,INDICATION,
CHEMBL2103849,EFO_0001361,INDICATION,
CHEMBL2103849,EFO_0001421,INDICATION,
CHEMBL2103849,EFO_0003777,INDICATION,
CHEMBL2103849,EFO_0004234,INDICATION,
CHEMBL2103849,EFO_0004718,INDICATION,
CHEMBL2103849,EFO_1000899,INDICATION,
CHEMBL2103849,EFO_1001145,INDICATION,
CHEMBL2103849,EFO_1001207,INDICATION,
CHEMBL2103849,MONDO_0004975,INDICATION,
CHEMBL2103851,EFO_0000616,INDICATION,
CHEMBL2103851,EFO_0000702,INDICATION,
CHEMBL2103852,MONDO_0002108,INDICATION,
CHEMBL2103852,MONDO_0004992,INDICATION,
CHEMBL2103854,EFO_0000544,INDICATION,
CHEMBL2103854,EFO_0000701,INDICATION,
CHEMBL2103854,EFO_1001272,INDICATION,
CHEMBL2103855,EFO_0000729,INDICATION,
CHEMBL2103855,EFO_0001421,INDICATION,
CHEMBL2103855,EFO_0003086,INDICATION,
CHEMBL2103855,EFO_1000852,INDICATION,
CHEMBL2103855,EFO_1001901,INDICATION,
CHEMBL2103856,EFO_0001645,INDICATION,
CHEMBL2103856,EFO_0005672,INDICATION,
CHEMBL2103857,EFO_0003888,INDICATION,
CHEMBL2103857,MONDO_0002009,INDICATION,
CHEMBL2103858,EFO_1000948,INDICATION,
CHEMBL2103860,EFO_0001073,INDICATION,
CHEMBL2103860,MONDO_0005148,INDICATION,
CHEMBL2103862,EFO_0003888,INDICATION,
CHEMBL2103862,MONDO_0007079,INDICATION,
CHEMBL2103863,EFO_0000183,INDICATION,
CHEMBL2103863,EFO_0000403,INDICATION,
CHEMBL2103863,EFO_0000616,INDICATION,
CHEMBL2103863,EFO_0000681,INDICATION,
CHEMBL2103863,EFO_0000691,INDICATION,
CHEMBL2103863,EFO_0005952,INDICATION,
CHEMBL2103863,MONDO_0018906,INDICATION,
CHEMBL2103867,EFO_0000555,INDICATION,
CHEMBL2103868,EFO_0000182,INDICATION,
CHEMBL2103868,EFO_0000239,INDICATION,
CHEMBL2103868,EFO_0000272,INDICATION,
CHEMBL2103868,EFO_0000305,INDICATION,
CHEMBL2103868,EFO_0000326,INDICATION,
CHEMBL2103868,EFO_0000349,INDICATION,
CHEMBL2103868,EFO_0000501,INDICATION,
CHEMBL2103868,EFO_0000519,INDICATION,
CHEMBL2103868,EFO_0000616,INDICATION,
CHEMBL2103868,EFO_0000637,INDICATION,
CHEMBL2103868,EFO_0000640,INDICATION,
CHEMBL2103868,EFO_0000641,INDICATION,
CHEMBL2103868,EFO_0000673,INDICATION,
CHEMBL2103868,EFO_0000681,INDICATION,
CHEMBL2103868,EFO_0001075,INDICATION,
CHEMBL2103868,EFO_0002892,INDICATION,
CHEMBL2103868,EFO_0003060,INDICATION,
CHEMBL2103868,EFO_0003968,INDICATION,
CHEMBL2103868,EFO_0004252,INDICATION,
CHEMBL2103868,EFO_0007532,INDICATION,
CHEMBL2103868,EFO_0008524,INDICATION,
CHEMBL2103868,EFO_1000251,INDICATION,
CHEMBL2103868,EFO_1001465,INDICATION,
CHEMBL2103868,EFO_1001512,INDICATION,
CHEMBL2103868,MONDO_0002108,INDICATION,
CHEMBL2103868,MONDO_0004992,INDICATION,
CHEMBL2103870,EFO_0001421,INDICATION,
CHEMBL2103870,MONDO_0009061,INDICATION,
CHEMBL2103872,EFO_0000544,INDICATION,
CHEMBL2103872,EFO_0002623,INDICATION,
CHEMBL2103872,EFO_0003103,INDICATION,
CHEMBL2103872,EFO_0003106,INDICATION,
CHEMBL2103872,EFO_0005741,INDICATION,
CHEMBL2103872,EFO_1001141,INDICATION,
CHEMBL2103872,EFO_1001865,INDICATION,
CHEMBL2103872,MONDO_0003529,INDICATION,
CHEMBL2103873,EFO_0000519,INDICATION,
CHEMBL2103873,EFO_0000537,INDICATION,
CHEMBL2103873,EFO_0000717,INDICATION,
CHEMBL2103873,EFO_0000768,INDICATION,
CHEMBL2103873,EFO_0001361,INDICATION,
CHEMBL2103873,EFO_0003144,INDICATION,
CHEMBL2103873,EFO_0005207,INDICATION,
CHEMBL2103873,MONDO_0005149,INDICATION,
CHEMBL2103873,MONDO_0043839,INDICATION,
CHEMBL2103875,EFO_0000182,INDICATION,
CHEMBL2103875,EFO_0000196,INDICATION,
CHEMBL2103875,EFO_0000222,INDICATION,
CHEMBL2103875,EFO_0000365,INDICATION,
CHEMBL2103875,EFO_0000389,INDICATION,
CHEMBL2103875,EFO_0000501,INDICATION,
CHEMBL2103875,EFO_0000565,INDICATION,
CHEMBL2103875,EFO_0000571,INDICATION,
CHEMBL2103875,EFO_0000616,INDICATION,
CHEMBL2103875,EFO_0000641,INDICATION,
CHEMBL2103875,EFO_0000756,INDICATION,
CHEMBL2103875,EFO_0001378,INDICATION,
CHEMBL2103875,EFO_0002617,INDICATION,
CHEMBL2103875,EFO_0002618,INDICATION,
CHEMBL2103875,EFO_0003060,INDICATION,
CHEMBL2103875,EFO_0003868,INDICATION,
CHEMBL2103875,EFO_0005221,INDICATION,
CHEMBL2103875,EFO_0005537,INDICATION,
CHEMBL2103875,EFO_0006772,INDICATION,
CHEMBL2103875,EFO_1000209,INDICATION,
CHEMBL2103875,EFO_1000595,INDICATION,
CHEMBL2103875,EFO_1000657,INDICATION,
CHEMBL2103875,EFO_1000760,INDICATION,
CHEMBL2103875,EFO_1000849,INDICATION,
CHEMBL2103875,EFO_1000926,INDICATION,
CHEMBL2103875,EFO_1001951,INDICATION,
CHEMBL2103875,EFO_1001968,INDICATION,
CHEMBL2103875,MONDO_0001056,INDICATION,
CHEMBL2103875,MONDO_0002108,INDICATION,
CHEMBL2103875,MONDO_0002974,INDICATION,
CHEMBL2103875,MONDO_0004976,INDICATION,
CHEMBL2103875,MONDO_0004992,INDICATION,
CHEMBL2103875,MONDO_0005184,INDICATION,
CHEMBL2103875,MONDO_0007254,INDICATION,
CHEMBL2103875,MONDO_0008315,INDICATION,
CHEMBL2103875,MONDO_0008903,INDICATION,
CHEMBL2103875,MONDO_0011719,INDICATION,
CHEMBL2103875,MONDO_0015523,INDICATION,
CHEMBL2103875,MONDO_0016642,INDICATION,
CHEMBL2103875,MONDO_0017795,INDICATION,
CHEMBL2103875,MONDO_0021063,INDICATION,
CHEMBL2103875,MONDO_0100342,INDICATION,
CHEMBL2103876,EFO_0000274,INDICATION,
CHEMBL2103876,EFO_0000676,INDICATION,
CHEMBL2103876,EFO_0003966,INDICATION,
CHEMBL2103876,EFO_0007141,INDICATION,
CHEMBL2103876,EFO_1000906,INDICATION,
CHEMBL2103876,MONDO_0005129,INDICATION,
CHEMBL2103877,EFO_0007510,INDICATION,
CHEMBL2103877,MONDO_0001628,INDICATION,
CHEMBL2103878,MONDO_0007079,INDICATION,
CHEMBL2103879,EFO_0000182,INDICATION,
CHEMBL2103879,EFO_0000198,INDICATION,
CHEMBL2103879,EFO_0000222,INDICATION,
CHEMBL2103879,EFO_0000571,INDICATION,
CHEMBL2103879,EFO_0000616,INDICATION,
CHEMBL2103879,EFO_0000673,INDICATION,
CHEMBL2103879,EFO_0000702,INDICATION,
CHEMBL2103879,EFO_0000756,INDICATION,
CHEMBL2103879,EFO_0000760,INDICATION,
CHEMBL2103879,EFO_0000770,INDICATION,
CHEMBL2103879,EFO_0001378,INDICATION,
CHEMBL2103879,EFO_0002916,INDICATION,
CHEMBL2103879,EFO_0003060,INDICATION,
CHEMBL2103879,EFO_0003968,INDICATION,
CHEMBL2103879,EFO_0005537,INDICATION,
CHEMBL2103879,EFO_0006861,INDICATION,
CHEMBL2103879,EFO_1000657,INDICATION,
CHEMBL2103879,MONDO_0001056,INDICATION,
CHEMBL2103879,MONDO_0002158,INDICATION,
CHEMBL2103879,MONDO_0007254,INDICATION,
CHEMBL2103879,MONDO_0008170,INDICATION,
CHEMBL2103879,MONDO_0008903,INDICATION,
CHEMBL2103879,MONDO_0011719,INDICATION,
CHEMBL2103879,MONDO_0021063,INDICATION,
CHEMBL2103880,MONDO_0004975,INDICATION,
CHEMBL2103881,EFO_0000537,INDICATION,
CHEMBL2103881,EFO_0003086,INDICATION,
CHEMBL2103881,EFO_0003890,INDICATION,
CHEMBL2103881,EFO_1000781,INDICATION,
CHEMBL2103881,MONDO_0002009,INDICATION,
CHEMBL2103882,EFO_0000181,INDICATION,
CHEMBL2103882,EFO_0000182,INDICATION,
CHEMBL2103882,EFO_0000514,INDICATION,
CHEMBL2103882,EFO_0000616,INDICATION,
CHEMBL2103882,EFO_0000640,INDICATION,
CHEMBL2103882,EFO_0000673,INDICATION,
CHEMBL2103882,EFO_0000702,INDICATION,
CHEMBL2103882,EFO_0000770,INDICATION,
CHEMBL2103882,EFO_0001378,INDICATION,
CHEMBL2103882,EFO_0003060,INDICATION,
CHEMBL2103882,EFO_0003860,INDICATION,
CHEMBL2103882,EFO_0005537,INDICATION,
CHEMBL2103882,MONDO_0001056,INDICATION,
CHEMBL2103882,MONDO_0002691,INDICATION,
CHEMBL2103882,MONDO_0004992,INDICATION,
CHEMBL2103882,MONDO_0007576,INDICATION,
CHEMBL2103883,EFO_0001421,INDICATION,
CHEMBL2103883,EFO_0006927,INDICATION,
CHEMBL2103883,EFO_0007160,INDICATION,
CHEMBL2103883,MONDO_0002245,INDICATION,
CHEMBL2103883,MP_0001914,INDICATION,
CHEMBL2103884,EFO_0000182,INDICATION,
CHEMBL2103884,EFO_0000616,INDICATION,
CHEMBL2103884,EFO_0001378,INDICATION,
CHEMBL2103884,EFO_0009441,INDICATION,
CHEMBL2103884,MONDO_0004992,INDICATION,
CHEMBL2103920,EFO_0000373,INDICATION,
CHEMBL2103920,EFO_0003144,INDICATION,
CHEMBL2103929,EFO_0000771,INDICATION,
CHEMBL2103929,EFO_0003894,INDICATION,
CHEMBL2103945,MONDO_0002450,INDICATION,
CHEMBL2103959,EFO_0000319,INDICATION,
CHEMBL2103975,EFO_0005323,INDICATION,
CHEMBL2103979,EFO_0000180,INDICATION,
CHEMBL2103979,EFO_0000182,INDICATION,
CHEMBL2103979,EFO_0000571,INDICATION,
CHEMBL2103979,EFO_0000616,INDICATION,
CHEMBL2103979,EFO_0000702,INDICATION,
CHEMBL2103979,EFO_0000756,INDICATION,
CHEMBL2103979,EFO_0000764,INDICATION,
CHEMBL2103979,EFO_0001642,INDICATION,
CHEMBL2103979,EFO_0003060,INDICATION,
CHEMBL2103979,EFO_0003884,INDICATION,
CHEMBL2103979,EFO_0004220,INDICATION,
CHEMBL2103979,EFO_0004239,INDICATION,
CHEMBL2103979,EFO_1001951,INDICATION,
CHEMBL2103979,MONDO_0007576,INDICATION,
CHEMBL2103979,MONDO_0100096,INDICATION,
CHEMBL2103983,EFO_0007375,INDICATION,
CHEMBL2103991,MONDO_0005148,INDICATION,
CHEMBL2103996,MP_0001914,INDICATION,
CHEMBL2104030,EFO_0000537,INDICATION,
CHEMBL2104038,EFO_0000537,INDICATION,
CHEMBL2104054,EFO_0004698,INDICATION,
CHEMBL2104094,EFO_0000319,INDICATION,
CHEMBL2104095,EFO_0003843,INDICATION,
CHEMBL2104114,EFO_0000319,INDICATION,
CHEMBL2104146,EFO_0007144,INDICATION,
CHEMBL2104149,EFO_0003843,INDICATION,
CHEMBL2104153,EFO_0005407,INDICATION,
CHEMBL2104164,MONDO_0002050,INDICATION,
CHEMBL2104194,EFO_0003948,INDICATION,
CHEMBL2104200,EFO_0004269,INDICATION,
CHEMBL2104207,EFO_0000319,INDICATION,
CHEMBL2104208,EFO_0005230,INDICATION,
CHEMBL2104251,EFO_0000274,INDICATION,
CHEMBL2104251,EFO_0009545,INDICATION,
CHEMBL2104255,EFO_0000544,INDICATION,
CHEMBL2104266,EFO_0000771,INDICATION,
CHEMBL2104273,MONDO_0005180,INDICATION,
CHEMBL2104282,EFO_0000319,INDICATION,
CHEMBL2104318,EFO_0000571,INDICATION,
CHEMBL2104318,EFO_0003060,INDICATION,
CHEMBL2104325,EFO_0004274,INDICATION,
CHEMBL2104340,EFO_0000763,INDICATION,
CHEMBL2104345,EFO_0001072,INDICATION,
CHEMBL2104345,EFO_0003100,INDICATION,
CHEMBL2104356,EFO_0005230,INDICATION,
CHEMBL2104391,EFO_0000400,INDICATION,
CHEMBL2104391,EFO_0000537,INDICATION,
CHEMBL2104391,EFO_0001645,INDICATION,
CHEMBL2104391,EFO_0003914,INDICATION,
CHEMBL2104391,MONDO_0005147,INDICATION,
CHEMBL2104391,MONDO_0005148,INDICATION,
CHEMBL2104391,MONDO_0009061,INDICATION,
CHEMBL2104398,EFO_0003767,INDICATION,
CHEMBL2104402,EFO_0005754,INDICATION,
CHEMBL2104404,EFO_0007314,INDICATION,
CHEMBL2104404,EFO_0007402,INDICATION,
CHEMBL2104404,MONDO_0016075,INDICATION,
CHEMBL2104406,MONDO_0008903,INDICATION,
CHEMBL2104414,EFO_0000673,INDICATION,
CHEMBL2104415,EFO_0000544,INDICATION,
CHEMBL2104415,EFO_0007272,INDICATION,
CHEMBL2104415,EFO_0007402,INDICATION,
CHEMBL2104415,EFO_0007501,INDICATION,
CHEMBL2104415,EFO_1001342,INDICATION,
CHEMBL2104445,MONDO_0005271,INDICATION,
CHEMBL2104462,EFO_0000684,INDICATION,
CHEMBL2104482,EFO_0000764,INDICATION,
CHEMBL2104496,EFO_0003144,INDICATION,
CHEMBL2104496,EFO_0003777,INDICATION,
CHEMBL2104519,EFO_0000771,INDICATION,
CHEMBL2104521,EFO_0000319,INDICATION,
CHEMBL2104523,EFO_0008533,INDICATION,
CHEMBL2104523,EFO_0010282,INDICATION,
CHEMBL2104574,EFO_0003875,INDICATION,
CHEMBL2104585,EFO_1000906,INDICATION,
CHEMBL2104585,MONDO_0004247,INDICATION,
CHEMBL2104605,EFO_0000537,INDICATION,
CHEMBL2104607,EFO_0000684,INDICATION,
CHEMBL2104608,EFO_0001067,INDICATION,
CHEMBL2104612,EFO_1000158,INDICATION,
CHEMBL2104688,EFO_0010282,INDICATION,
CHEMBL2104700,EFO_0005407,INDICATION,
CHEMBL2104708,EFO_0000319,INDICATION,
CHEMBL2104722,EFO_1001888,INDICATION,
CHEMBL2104734,MONDO_0005271,INDICATION,
CHEMBL2104745,EFO_0803321,INDICATION,
CHEMBL2104753,EFO_1000906,INDICATION,
CHEMBL2104753,MONDO_0005148,INDICATION,
CHEMBL2104765,EFO_0002950,INDICATION,
CHEMBL2104769,EFO_0005611,INDICATION,
CHEMBL2104769,MONDO_0002050,INDICATION,
CHEMBL2104786,MONDO_0037748,INDICATION,
CHEMBL2104788,EFO_0003843,INDICATION,
CHEMBL2104790,EFO_0005230,INDICATION,
CHEMBL2104797,EFO_0010282,INDICATION,
CHEMBL2104840,EFO_0004252,INDICATION,
CHEMBL2104859,EFO_0003888,INDICATION,
CHEMBL2104895,MONDO_0002050,INDICATION,
CHEMBL2104906,EFO_0003966,INDICATION,
CHEMBL2104907,EFO_0003888,INDICATION,
CHEMBL2104910,EFO_1001888,INDICATION,
CHEMBL2104921,EFO_0000771,INDICATION,
CHEMBL2104932,MONDO_0005277,INDICATION,
CHEMBL2104940,EFO_0003843,INDICATION,
CHEMBL2104955,EFO_0000676,INDICATION,
CHEMBL2104956,EFO_0003958,INDICATION,
CHEMBL2104957,EFO_0005531,INDICATION,
CHEMBL2104962,MONDO_0005148,INDICATION,
CHEMBL2104967,EFO_0003929,INDICATION,
CHEMBL2104967,MONDO_0005301,INDICATION,
CHEMBL2104969,EFO_0000685,INDICATION,
CHEMBL2104969,MONDO_0005178,INDICATION,
CHEMBL2104970,EFO_0000616,INDICATION,
CHEMBL2104970,EFO_1000158,INDICATION,
CHEMBL2104979,MONDO_0005184,INDICATION,
CHEMBL2104981,EFO_0003914,INDICATION,
CHEMBL2104981,MONDO_0004975,INDICATION,
CHEMBL2104984,EFO_0000195,INDICATION,
CHEMBL2104984,MONDO_0005148,INDICATION,
CHEMBL2104985,EFO_0000565,INDICATION,
CHEMBL2104985,EFO_0000616,INDICATION,
CHEMBL2104985,EFO_0003060,INDICATION,
CHEMBL2104986,MONDO_0002009,INDICATION,
CHEMBL2104987,EFO_0000384,INDICATION,
CHEMBL2104987,EFO_0000764,INDICATION,
CHEMBL2104987,EFO_0001421,INDICATION,
CHEMBL2104987,EFO_0003086,INDICATION,
CHEMBL2104987,EFO_0008572,INDICATION,
CHEMBL2104987,EFO_0009554,INDICATION,
CHEMBL2104987,EFO_0700081,INDICATION,
CHEMBL2104987,MONDO_0013730,INDICATION,
CHEMBL2104987,MONDO_0015183,INDICATION,
CHEMBL2104987,MONDO_0021187,INDICATION,
CHEMBL2104988,EFO_0000768,INDICATION,
CHEMBL2104988,EFO_0004211,INDICATION,
CHEMBL2104988,EFO_0008507,INDICATION,
CHEMBL2104993,EFO_0001421,INDICATION,
CHEMBL2104993,EFO_0003888,INDICATION,
CHEMBL2104993,EFO_0005203,INDICATION,
CHEMBL2104993,EFO_0006788,INDICATION,
CHEMBL2104993,EFO_1001892,INDICATION,
CHEMBL2104993,MONDO_0002009,INDICATION,
CHEMBL2104993,MONDO_0002050,INDICATION,
CHEMBL2104993,MONDO_0004985,INDICATION,
CHEMBL2105039,MONDO_0005271,INDICATION,
CHEMBL2105040,EFO_0000319,INDICATION,
CHEMBL2105059,EFO_0005755,INDICATION,
CHEMBL2105060,EFO_0000556,INDICATION,
CHEMBL2105060,EFO_0010282,INDICATION,
CHEMBL2105075,EFO_0003843,INDICATION,
CHEMBL2105080,EFO_0005230,INDICATION,
CHEMBL2105085,EFO_0001645,INDICATION,
CHEMBL2105085,EFO_0003763,INDICATION,
CHEMBL2105085,EFO_0003948,INDICATION,
CHEMBL2105085,EFO_0004607,INDICATION,
CHEMBL2105085,EFO_0009454,INDICATION,
CHEMBL2105097,EFO_0003843,INDICATION,
CHEMBL2105107,EFO_0000222,INDICATION,
CHEMBL2105107,EFO_0000339,INDICATION,
CHEMBL2105131,EFO_0000319,INDICATION,
CHEMBL2105187,MONDO_0005180,INDICATION,
CHEMBL2105212,EFO_0000319,INDICATION,
CHEMBL2105338,EFO_0000319,INDICATION,
CHEMBL2105348,EFO_0000616,INDICATION,
CHEMBL2105348,MONDO_0019471,INDICATION,
CHEMBL2105359,EFO_0005297,INDICATION,
CHEMBL2105359,EFO_1000784,INDICATION,
CHEMBL2105372,EFO_0010282,INDICATION,
CHEMBL2105373,EFO_0000546,INDICATION,
CHEMBL2105373,EFO_0001358,INDICATION,
CHEMBL2105373,EFO_0003758,INDICATION,
CHEMBL2105373,EFO_0005230,INDICATION,
CHEMBL2105373,EFO_0005411,INDICATION,
CHEMBL2105373,EFO_0005800,INDICATION,
CHEMBL2105373,EFO_0007191,INDICATION,
CHEMBL2105373,MONDO_0002009,INDICATION,
CHEMBL2105373,MONDO_0005090,INDICATION,
CHEMBL2105373,MONDO_0007079,INDICATION,
CHEMBL2105373,MONDO_0043510,INDICATION,
CHEMBL2105394,EFO_0004209,INDICATION,
CHEMBL2105395,EFO_0000512,INDICATION,
CHEMBL2105395,EFO_1000096,INDICATION,
CHEMBL2105395,EFO_1001271,INDICATION,
CHEMBL2105399,EFO_0000771,INDICATION,
CHEMBL2105420,EFO_0000544,INDICATION,
CHEMBL2105420,EFO_1000158,INDICATION,
CHEMBL2105420,MONDO_0002087,INDICATION,
CHEMBL2105420,MONDO_0002158,INDICATION,
CHEMBL2105420,MONDO_0008170,INDICATION,
CHEMBL2105435,EFO_0000319,INDICATION,
CHEMBL2105456,EFO_0005755,INDICATION,
CHEMBL2105458,MONDO_0005271,INDICATION,
CHEMBL2105467,EFO_0000228,INDICATION,
CHEMBL2105467,EFO_0002916,INDICATION,
CHEMBL2105467,EFO_0003897,INDICATION,
CHEMBL2105467,EFO_0004142,INDICATION,
CHEMBL2105467,MONDO_0004992,INDICATION,
CHEMBL2105499,EFO_0000771,INDICATION,
CHEMBL2105505,MONDO_0005271,INDICATION,
CHEMBL2105534,EFO_0003948,INDICATION,
CHEMBL2105566,EFO_0001073,INDICATION,
CHEMBL2105581,EFO_0005407,INDICATION,
CHEMBL2105606,EFO_1001342,INDICATION,
CHEMBL2105611,EFO_0000676,INDICATION,
CHEMBL2105611,EFO_1001494,INDICATION,
CHEMBL2105612,EFO_0000771,INDICATION,
CHEMBL2105613,EFO_0000474,INDICATION,
CHEMBL2105613,EFO_0000616,INDICATION,
CHEMBL2105613,EFO_0000717,INDICATION,
CHEMBL2105613,EFO_0001358,INDICATION,
CHEMBL2105613,EFO_0003758,INDICATION,
CHEMBL2105613,EFO_0004247,INDICATION,
CHEMBL2105613,EFO_0009963,INDICATION,
CHEMBL2105613,EFO_1000877,INDICATION,
CHEMBL2105613,MONDO_0002009,INDICATION,
CHEMBL2105613,MONDO_0004975,INDICATION,
CHEMBL2105613,MONDO_0004985,INDICATION,
CHEMBL2105613,MONDO_0005090,INDICATION,
CHEMBL2105613,MONDO_0005277,INDICATION,
CHEMBL2105613,MONDO_0007079,INDICATION,
CHEMBL2105613,MONDO_0007739,INDICATION,
CHEMBL2105616,EFO_0005751,INDICATION,
CHEMBL2105630,EFO_0000095,INDICATION,
CHEMBL2105630,EFO_0000616,INDICATION,
CHEMBL2105630,MONDO_0001023,INDICATION,
CHEMBL2105631,EFO_0000275,INDICATION,
CHEMBL2105634,MONDO_0001583,INDICATION,
CHEMBL2105635,EFO_0001073,INDICATION,
CHEMBL2105637,DOID_7551,INDICATION,
CHEMBL2105637,EFO_0000544,INDICATION,
CHEMBL2105637,EFO_0000701,INDICATION,
CHEMBL2105637,EFO_0000771,INDICATION,
CHEMBL2105637,EFO_0001421,INDICATION,
CHEMBL2105637,EFO_0003106,INDICATION,
CHEMBL2105637,EFO_1001272,INDICATION,
CHEMBL2105638,EFO_0000701,INDICATION,
CHEMBL2105639,EFO_0003840,INDICATION,
CHEMBL2105639,EFO_0003929,INDICATION,
CHEMBL2105639,EFO_0008522,INDICATION,
CHEMBL2105643,EFO_1001901,INDICATION,
CHEMBL2105643,MONDO_0008170,INDICATION,
CHEMBL2105646,EFO_0001060,INDICATION,
CHEMBL2105648,EFO_1000906,INDICATION,
CHEMBL2105648,MONDO_0007606,INDICATION,
CHEMBL2105648,MONDO_0008153,INDICATION,
CHEMBL2105656,MONDO_0005277,INDICATION,
CHEMBL2105659,EFO_0001645,INDICATION,
CHEMBL2105659,EFO_0003086,INDICATION,
CHEMBL2105659,EFO_0005672,INDICATION,
CHEMBL2105661,EFO_0000565,INDICATION,
CHEMBL2105661,EFO_0000616,INDICATION,
CHEMBL2105661,EFO_0000702,INDICATION,
CHEMBL2105661,EFO_0003060,INDICATION,
CHEMBL2105661,EFO_0006859,INDICATION,
CHEMBL2105661,EFO_1001951,INDICATION,
CHEMBL2105661,MONDO_0001056,INDICATION,
CHEMBL2105661,MONDO_0004992,INDICATION,
CHEMBL2105661,MONDO_0007254,INDICATION,
CHEMBL2105661,MONDO_0007576,INDICATION,
CHEMBL2105661,MONDO_0008170,INDICATION,
CHEMBL2105661,MONDO_0008315,INDICATION,
CHEMBL2105662,EFO_0004911,INDICATION,
CHEMBL2105662,MONDO_0018328,INDICATION,
CHEMBL2105662,MONDO_0021187,INDICATION,
CHEMBL2105664,EFO_0000275,INDICATION,
CHEMBL2105665,EFO_0000222,INDICATION,
CHEMBL2105665,EFO_0000756,INDICATION,
CHEMBL2105665,EFO_1001951,INDICATION,
CHEMBL2105665,MONDO_0008170,INDICATION,
CHEMBL2105666,EFO_0003860,INDICATION,
CHEMBL2105666,EFO_0003869,INDICATION,
CHEMBL2105666,EFO_0004142,INDICATION,
CHEMBL2105666,MONDO_0021117,INDICATION,
CHEMBL2105667,EFO_0001358,INDICATION,
CHEMBL2105667,MONDO_0002009,INDICATION,
CHEMBL2105667,MONDO_0002050,INDICATION,
CHEMBL2105669,EFO_0000544,INDICATION,
CHEMBL2105669,EFO_0000701,INDICATION,
CHEMBL2105669,EFO_0000771,INDICATION,
CHEMBL2105669,EFO_0001421,INDICATION,
CHEMBL2105669,EFO_0003086,INDICATION,
CHEMBL2105669,EFO_0003106,INDICATION,
CHEMBL2105669,MONDO_0021679,INDICATION,
CHEMBL2105669,MONDO_0024295,INDICATION,
CHEMBL2105671,MONDO_0018150,INDICATION,
CHEMBL2105675,EFO_0000318,INDICATION,
CHEMBL2105675,EFO_0004129,INDICATION,
CHEMBL2105675,EFO_0009562,INDICATION,
CHEMBL2105675,EFO_1001875,INDICATION,
CHEMBL2105675,MONDO_0019438,INDICATION,
CHEMBL2105676,EFO_0000275,INDICATION,
CHEMBL2105681,EFO_0000222,INDICATION,
CHEMBL2105681,EFO_0000565,INDICATION,
CHEMBL2105681,EFO_0000616,INDICATION,
CHEMBL2105681,EFO_0002913,INDICATION,
CHEMBL2105681,EFO_0003060,INDICATION,
CHEMBL2105681,MONDO_0007254,INDICATION,
CHEMBL2105682,EFO_0000275,INDICATION,
CHEMBL2105682,EFO_0000712,INDICATION,
CHEMBL2105682,EFO_0003827,INDICATION,
CHEMBL2105682,EFO_0003907,INDICATION,
CHEMBL2105682,EFO_0004286,INDICATION,
CHEMBL2105682,MONDO_0000831,INDICATION,
CHEMBL2105683,MONDO_0005178,INDICATION,
CHEMBL2105684,EFO_0000272,INDICATION,
CHEMBL2105684,EFO_0000389,INDICATION,
CHEMBL2105684,EFO_0001075,INDICATION,
CHEMBL2105684,EFO_0002617,INDICATION,
CHEMBL2105684,EFO_0002618,INDICATION,
CHEMBL2105684,EFO_0008514,INDICATION,
CHEMBL2105684,EFO_1000251,INDICATION,
CHEMBL2105684,EFO_1001512,INDICATION,
CHEMBL2105684,MONDO_0018975,INDICATION,
CHEMBL2105686,EFO_0000180,INDICATION,
CHEMBL2105687,MONDO_0004976,INDICATION,
CHEMBL2105687,MONDO_0004979,INDICATION,
CHEMBL2105689,EFO_0007510,INDICATION,
CHEMBL2105689,EFO_0007512,INDICATION,
CHEMBL2105694,EFO_0000731,INDICATION,
CHEMBL2105694,EFO_0001065,INDICATION,
CHEMBL2105694,EFO_0001421,INDICATION,
CHEMBL2105694,EFO_0003086,INDICATION,
CHEMBL2105694,EFO_0010269,INDICATION,
CHEMBL2105694,MONDO_0007254,INDICATION,
CHEMBL2105695,EFO_0001421,INDICATION,
CHEMBL2105695,EFO_0004243,INDICATION,
CHEMBL2105695,EFO_1000852,INDICATION,
CHEMBL2105695,EFO_1001769,INDICATION,
CHEMBL2105695,EFO_1001901,INDICATION,
CHEMBL2105695,MONDO_0003060,INDICATION,
CHEMBL2105698,EFO_0000095,INDICATION,
CHEMBL2105698,EFO_0000191,INDICATION,
CHEMBL2105698,EFO_0000222,INDICATION,
CHEMBL2105698,EFO_0000403,INDICATION,
CHEMBL2105698,EFO_0001378,INDICATION,
CHEMBL2105698,EFO_0009441,INDICATION,
CHEMBL2105698,EFO_1001469,INDICATION,
CHEMBL2105698,MONDO_0001023,INDICATION,
CHEMBL2105698,MONDO_0018906,INDICATION,
CHEMBL2105700,EFO_0007381,INDICATION,
CHEMBL2105700,MONDO_0018076,INDICATION,
CHEMBL2105704,EFO_0000616,INDICATION,
CHEMBL2105704,EFO_0000681,INDICATION,
CHEMBL2105704,EFO_0002617,INDICATION,
CHEMBL2105704,EFO_0002892,INDICATION,
CHEMBL2105704,EFO_0003060,INDICATION,
CHEMBL2105704,EFO_1001961,INDICATION,
CHEMBL2105704,MONDO_0002108,INDICATION,
CHEMBL2105704,MONDO_0003060,INDICATION,
CHEMBL2105704,MONDO_0004992,INDICATION,
CHEMBL2105704,MONDO_0005184,INDICATION,
CHEMBL2105705,EFO_0000676,INDICATION,
CHEMBL2105705,EFO_0003884,INDICATION,
CHEMBL2105705,EFO_0009909,INDICATION,
CHEMBL2105705,EFO_1001173,INDICATION,
CHEMBL2105708,EFO_0000220,INDICATION,
CHEMBL2105708,EFO_0000222,INDICATION,
CHEMBL2105708,EFO_0000339,INDICATION,
CHEMBL2105708,EFO_1000131,INDICATION,
CHEMBL2105708,MONDO_0004992,INDICATION,
CHEMBL2105709,EFO_0000198,INDICATION,
CHEMBL2105709,EFO_0000220,INDICATION,
CHEMBL2105709,EFO_0000222,INDICATION,
CHEMBL2105711,EFO_1001249,INDICATION,
CHEMBL2105711,MONDO_0005148,INDICATION,
CHEMBL2105712,EFO_0001378,INDICATION,
CHEMBL2105712,EFO_0003060,INDICATION,
CHEMBL2105717,EFO_0000182,INDICATION,
CHEMBL2105717,EFO_0000222,INDICATION,
CHEMBL2105717,EFO_0000239,INDICATION,
CHEMBL2105717,EFO_0000272,INDICATION,
CHEMBL2105717,EFO_0000305,INDICATION,
CHEMBL2105717,EFO_0000313,INDICATION,
CHEMBL2105717,EFO_0000326,INDICATION,
CHEMBL2105717,EFO_0000335,INDICATION,
CHEMBL2105717,EFO_0000349,INDICATION,
CHEMBL2105717,EFO_0000389,INDICATION,
CHEMBL2105717,EFO_0000501,INDICATION,
CHEMBL2105717,EFO_0000519,INDICATION,
CHEMBL2105717,EFO_0000616,INDICATION,
CHEMBL2105717,EFO_0000637,INDICATION,
CHEMBL2105717,EFO_0000640,INDICATION,
CHEMBL2105717,EFO_0000641,INDICATION,
CHEMBL2105717,EFO_0000673,INDICATION,
CHEMBL2105717,EFO_0000681,INDICATION,
CHEMBL2105717,EFO_0000707,INDICATION,
CHEMBL2105717,EFO_0000756,INDICATION,
CHEMBL2105717,EFO_0001075,INDICATION,
CHEMBL2105717,EFO_0001378,INDICATION,
CHEMBL2105717,EFO_0001421,INDICATION,
CHEMBL2105717,EFO_0002499,INDICATION,
CHEMBL2105717,EFO_0002617,INDICATION,
CHEMBL2105717,EFO_0002618,INDICATION,
CHEMBL2105717,EFO_0002892,INDICATION,
CHEMBL2105717,EFO_0003016,INDICATION,
CHEMBL2105717,EFO_0003060,INDICATION,
CHEMBL2105717,EFO_0003863,INDICATION,
CHEMBL2105717,EFO_0003968,INDICATION,
CHEMBL2105717,EFO_0004243,INDICATION,
CHEMBL2105717,EFO_0004252,INDICATION,
CHEMBL2105717,EFO_0005220,INDICATION,
CHEMBL2105717,EFO_0007532,INDICATION,
CHEMBL2105717,EFO_0008524,INDICATION,
CHEMBL2105717,EFO_0008528,INDICATION,
CHEMBL2105717,EFO_1000251,INDICATION,
CHEMBL2105717,EFO_1000613,INDICATION,
CHEMBL2105717,EFO_1000657,INDICATION,
CHEMBL2105717,EFO_1000796,INDICATION,
CHEMBL2105717,EFO_1001465,INDICATION,
CHEMBL2105717,EFO_1001512,INDICATION,
CHEMBL2105717,EFO_1001901,INDICATION,
CHEMBL2105717,EFO_1001949,INDICATION,
CHEMBL2105717,EFO_1001951,INDICATION,
CHEMBL2105717,EFO_1001961,INDICATION,
CHEMBL2105717,EFO_1001968,INDICATION,
CHEMBL2105717,MONDO_0001187,INDICATION,
CHEMBL2105717,MONDO_0002108,INDICATION,
CHEMBL2105717,MONDO_0002120,INDICATION,
CHEMBL2105717,MONDO_0002367,INDICATION,
CHEMBL2105717,MONDO_0002974,INDICATION,
CHEMBL2105717,MONDO_0004669,INDICATION,
CHEMBL2105717,MONDO_0004986,INDICATION,
CHEMBL2105717,MONDO_0004992,INDICATION,
CHEMBL2105717,MONDO_0007254,INDICATION,
CHEMBL2105717,MONDO_0008315,INDICATION,
CHEMBL2105717,MONDO_0011719,INDICATION,
CHEMBL2105717,MONDO_0015277,INDICATION,
CHEMBL2105717,MONDO_0016642,INDICATION,
CHEMBL2105719,EFO_0000181,INDICATION,
CHEMBL2105719,EFO_0000616,INDICATION,
CHEMBL2105719,EFO_0000707,INDICATION,
CHEMBL2105719,EFO_0001421,INDICATION,
CHEMBL2105719,EFO_0003060,INDICATION,
CHEMBL2105719,EFO_1001094,INDICATION,
CHEMBL2105719,EFO_1001951,INDICATION,
CHEMBL2105719,MONDO_0001657,INDICATION,
CHEMBL2105719,MONDO_0004992,INDICATION,
CHEMBL2105719,MONDO_0008903,INDICATION,
CHEMBL2105720,EFO_0004274,INDICATION,
CHEMBL2105720,EFO_0009104,INDICATION,
CHEMBL2105721,EFO_0003047,INDICATION,
CHEMBL2105721,EFO_1001249,INDICATION,
CHEMBL2105728,EFO_0000222,INDICATION,
CHEMBL2105728,EFO_0000503,INDICATION,
CHEMBL2105728,EFO_0000519,INDICATION,
CHEMBL2105728,EFO_0000616,INDICATION,
CHEMBL2105728,EFO_0005543,INDICATION,
CHEMBL2105728,EFO_1000026,INDICATION,
CHEMBL2105728,MONDO_0011719,INDICATION,
CHEMBL2105729,EFO_0000389,INDICATION,
CHEMBL2105729,EFO_0000756,INDICATION,
CHEMBL2105729,EFO_0001378,INDICATION,
CHEMBL2105729,EFO_0002617,INDICATION,
CHEMBL2105729,EFO_0002892,INDICATION,
CHEMBL2105729,EFO_1000926,INDICATION,
CHEMBL2105729,MONDO_0002108,INDICATION,
CHEMBL2105731,EFO_0003854,INDICATION,
CHEMBL2105731,EFO_0003882,INDICATION,
CHEMBL2105732,EFO_0005687,INDICATION,
CHEMBL2105732,MONDO_0002009,INDICATION,
CHEMBL2105733,EFO_0000616,INDICATION,
CHEMBL2105734,EFO_0000403,INDICATION,
CHEMBL2105734,EFO_0000756,INDICATION,
CHEMBL2105734,EFO_0001663,INDICATION,
CHEMBL2105734,EFO_0003060,INDICATION,
CHEMBL2105734,EFO_0005952,INDICATION,
CHEMBL2105734,MONDO_0004992,INDICATION,
CHEMBL2105734,MONDO_0007254,INDICATION,
CHEMBL2105734,MONDO_0008315,INDICATION,
CHEMBL2105735,EFO_0000544,INDICATION,
CHEMBL2105735,EFO_0000763,INDICATION,
CHEMBL2105735,EFO_0003047,INDICATION,
CHEMBL2105735,EFO_0004220,INDICATION,
CHEMBL2105736,EFO_0803321,INDICATION,
CHEMBL2105737,EFO_0000182,INDICATION,
CHEMBL2105737,EFO_0000565,INDICATION,
CHEMBL2105737,EFO_0000616,INDICATION,
CHEMBL2105737,EFO_0001378,INDICATION,
CHEMBL2105737,EFO_0001421,INDICATION,
CHEMBL2105737,EFO_0002618,INDICATION,
CHEMBL2105737,EFO_0002939,INDICATION,
CHEMBL2105737,EFO_0003869,INDICATION,
CHEMBL2105737,EFO_0004193,INDICATION,
CHEMBL2105737,MONDO_0005341,INDICATION,
CHEMBL2105737,MONDO_0007254,INDICATION,
CHEMBL2105737,MONDO_0007576,INDICATION,
CHEMBL2105737,MONDO_0008170,INDICATION,
CHEMBL2105737,MONDO_0008315,INDICATION,
CHEMBL2105737,MONDO_0013730,INDICATION,
CHEMBL2105738,EFO_1000359,INDICATION,
CHEMBL2105738,MONDO_0008315,INDICATION,
CHEMBL2105740,EFO_1000899,INDICATION,
CHEMBL2105740,MONDO_0005149,INDICATION,
CHEMBL2105741,EFO_0000389,INDICATION,
CHEMBL2105741,EFO_0001378,INDICATION,
CHEMBL2105741,EFO_0002617,INDICATION,
CHEMBL2105741,EFO_1000926,INDICATION,
CHEMBL2105741,MONDO_0002108,INDICATION,
CHEMBL2105741,MONDO_0004992,INDICATION,
CHEMBL2105741,MONDO_0008903,INDICATION,
CHEMBL2105743,EFO_0000341,INDICATION,
CHEMBL2105743,EFO_0000464,INDICATION,
CHEMBL2105743,EFO_0006505,INDICATION,
CHEMBL2105745,MONDO_0004739,INDICATION,
CHEMBL2105745,MONDO_0005180,INDICATION,
CHEMBL2105745,MONDO_0009061,INDICATION,
CHEMBL2105745,Orphanet_79167,INDICATION,
CHEMBL2105747,EFO_0001421,INDICATION,
CHEMBL2105747,EFO_0002610,INDICATION,
CHEMBL2105747,MONDO_0005180,INDICATION,
CHEMBL2105748,MONDO_0002203,INDICATION,
CHEMBL2105749,EFO_0009963,INDICATION,
CHEMBL2105749,MONDO_0005090,INDICATION,
CHEMBL2105750,EFO_0003047,INDICATION,
CHEMBL2105750,EFO_0004220,INDICATION,
CHEMBL2105754,EFO_0000400,INDICATION,
CHEMBL2105754,MONDO_0005148,INDICATION,
CHEMBL2105755,EFO_0000278,INDICATION,
CHEMBL2105755,EFO_0003843,INDICATION,
CHEMBL2105755,MONDO_0002203,INDICATION,
CHEMBL2105756,EFO_0000681,INDICATION,
CHEMBL2105756,EFO_0001421,INDICATION,
CHEMBL2105756,MONDO_0007254,INDICATION,
CHEMBL2105758,EFO_0001421,INDICATION,
CHEMBL2105759,EFO_0000274,INDICATION,
CHEMBL2105759,EFO_0000398,INDICATION,
CHEMBL2105759,EFO_0000401,INDICATION,
CHEMBL2105759,EFO_0000540,INDICATION,
CHEMBL2105759,EFO_0000557,INDICATION,
CHEMBL2105759,EFO_0000676,INDICATION,
CHEMBL2105759,EFO_0000685,INDICATION,
CHEMBL2105759,EFO_0000694,INDICATION,
CHEMBL2105759,EFO_0000699,INDICATION,
CHEMBL2105759,EFO_0000764,INDICATION,
CHEMBL2105759,EFO_0000783,INDICATION,
CHEMBL2105759,EFO_0002609,INDICATION,
CHEMBL2105759,EFO_0003106,INDICATION,
CHEMBL2105759,EFO_0003884,INDICATION,
CHEMBL2105759,EFO_0004192,INDICATION,
CHEMBL2105759,EFO_0004208,INDICATION,
CHEMBL2105759,EFO_0004256,INDICATION,
CHEMBL2105759,EFO_0007160,INDICATION,
CHEMBL2105759,EFO_1000668,INDICATION,
CHEMBL2105759,EFO_1000726,INDICATION,
CHEMBL2105759,EFO_1001034,INDICATION,
CHEMBL2105759,EFO_1001209,INDICATION,
CHEMBL2105759,EFO_1001231,INDICATION,
CHEMBL2105759,EFO_1001486,INDICATION,
CHEMBL2105759,MONDO_0005147,INDICATION,
CHEMBL2105759,MONDO_0007915,INDICATION,
CHEMBL2105759,MONDO_0013730,INDICATION,
CHEMBL2105759,MONDO_0020547,INDICATION,
CHEMBL2105759,MONDO_0100096,INDICATION,
CHEMBL2105760,EFO_0001358,INDICATION,
CHEMBL2105760,EFO_0005407,INDICATION,
CHEMBL2105760,EFO_0005411,INDICATION,
CHEMBL2105760,EFO_0008568,INDICATION,
CHEMBL2105760,EFO_0009963,INDICATION,
CHEMBL2105760,MONDO_0002009,INDICATION,
CHEMBL2105760,MONDO_0002050,INDICATION,
CHEMBL2105760,MONDO_0004975,INDICATION,
CHEMBL2105760,MONDO_0004985,INDICATION,
CHEMBL2105760,MONDO_0005090,INDICATION,
CHEMBL2105760,MONDO_0007079,INDICATION,
CHEMBL2105762,EFO_0000400,INDICATION,
CHEMBL2105762,MONDO_0005148,INDICATION,
CHEMBL2105763,EFO_0000574,INDICATION,
CHEMBL2105763,EFO_0002913,INDICATION,
CHEMBL2105763,MONDO_0008170,INDICATION,
CHEMBL2105764,EFO_0004193,INDICATION,
CHEMBL2105801,EFO_0000764,INDICATION,
CHEMBL2105804,EFO_0004211,INDICATION,
CHEMBL2105804,EFO_0004911,INDICATION,
CHEMBL2105825,EFO_0000685,INDICATION,
CHEMBL2105825,EFO_0005755,INDICATION,
CHEMBL2105825,EFO_0005856,INDICATION,
CHEMBL2105825,MONDO_0005178,INDICATION,
CHEMBL2105829,EFO_0005547,INDICATION,
CHEMBL2105834,MONDO_0007254,INDICATION,
CHEMBL2105842,EFO_0003843,INDICATION,
CHEMBL2105845,EFO_0006510,INDICATION,
CHEMBL2105857,EFO_0000681,INDICATION,
CHEMBL2105862,EFO_0003106,INDICATION,
CHEMBL2105862,EFO_1001904,INDICATION,
CHEMBL2105864,EFO_0002939,INDICATION,
CHEMBL2105864,EFO_0005543,INDICATION,
CHEMBL2105864,EFO_0007228,INDICATION,
CHEMBL2105864,EFO_1000158,INDICATION,
CHEMBL2105872,EFO_0005687,INDICATION,
CHEMBL2105890,EFO_1000948,INDICATION,
CHEMBL2105902,EFO_0000616,INDICATION,
CHEMBL2105902,MONDO_0008903,INDICATION,
CHEMBL2105907,EFO_0000771,INDICATION,
CHEMBL2105935,EFO_0008568,INDICATION,
CHEMBL2105949,MONDO_0002087,INDICATION,
CHEMBL2105949,MONDO_0007254,INDICATION,
CHEMBL2105949,MONDO_0008170,INDICATION,
CHEMBL2105949,MONDO_0011962,INDICATION,
CHEMBL2105949,Orphanet_145,INDICATION,
CHEMBL2105950,EFO_0000544,INDICATION,
CHEMBL2105950,EFO_0003106,INDICATION,
CHEMBL2105953,EFO_0000771,INDICATION,
CHEMBL2105965,MONDO_0007254,INDICATION,
CHEMBL2105967,MONDO_0002234,INDICATION,
CHEMBL2105977,EFO_0010282,INDICATION,
CHEMBL2105983,MONDO_0018076,INDICATION,
CHEMBL2105987,EFO_0003869,INDICATION,
CHEMBL2105987,MONDO_0007254,INDICATION,
CHEMBL2106049,EFO_0000341,INDICATION,
CHEMBL2106049,EFO_0000555,INDICATION,
CHEMBL2106049,EFO_0003767,INDICATION,
CHEMBL2106049,EFO_0003884,INDICATION,
CHEMBL2106049,EFO_0003921,INDICATION,
CHEMBL2106049,EFO_0003948,INDICATION,
CHEMBL2106049,EFO_0004698,INDICATION,
CHEMBL2106049,MONDO_0001056,INDICATION,
CHEMBL2106049,MONDO_0002009,INDICATION,
CHEMBL2106049,MONDO_0004979,INDICATION,
CHEMBL2106049,MONDO_0005148,INDICATION,
CHEMBL2106049,MONDO_0005271,INDICATION,
CHEMBL2106049,MONDO_0005301,INDICATION,
CHEMBL2106049,MONDO_0008903,INDICATION,
CHEMBL2106060,MONDO_0007739,INDICATION,
CHEMBL2106065,EFO_1001034,INDICATION,
CHEMBL2106065,EFO_1001313,INDICATION,
CHEMBL2106068,EFO_1000158,INDICATION,
CHEMBL2106068,MONDO_0002087,INDICATION,
CHEMBL2106068,MONDO_0002158,INDICATION,
CHEMBL2106068,MONDO_0002367,INDICATION,
CHEMBL2106068,MONDO_0008170,INDICATION,
CHEMBL2106068,MONDO_0008315,INDICATION,
CHEMBL2106071,EFO_0000771,INDICATION,
CHEMBL2106085,EFO_0005230,INDICATION,
CHEMBL2106111,EFO_0003086,CONTRAINDICATION,
CHEMBL2106111,EFO_0003777,CONTRAINDICATION,
CHEMBL2106111,EFO_0003819,INDICATION,
CHEMBL2106111,EFO_0003854,INDICATION,
CHEMBL2106111,EFO_0003882,INDICATION,
CHEMBL2106111,EFO_0004287,CONTRAINDICATION,
CHEMBL2106111,EFO_0008506,CONTRAINDICATION,
CHEMBL2106111,MONDO_0001566,CONTRAINDICATION,
CHEMBL2106111,MONDO_0019338,CONTRAINDICATION,
CHEMBL2106111,MONDO_0024327,CONTRAINDICATION,
CHEMBL2106119,EFO_0000474,CONTRAINDICATION,
CHEMBL2106119,EFO_0000537,CONTRAINDICATION,
CHEMBL2106119,EFO_0003086,CONTRAINDICATION,
CHEMBL2106119,EFO_0003777,CONTRAINDICATION,
CHEMBL2106119,EFO_0003882,INDICATION,
CHEMBL2106119,EFO_0003928,CONTRAINDICATION,
CHEMBL2106119,EFO_0004149,INDICATION,
CHEMBL2106119,EFO_0004242,CONTRAINDICATION,
CHEMBL2106119,EFO_0004262,CONTRAINDICATION,
CHEMBL2106119,EFO_0004274,CONTRAINDICATION,
CHEMBL2106119,EFO_0004287,CONTRAINDICATION,
CHEMBL2106119,EFO_0004698,CONTRAINDICATION,
CHEMBL2106119,EFO_0007467,CONTRAINDICATION,
CHEMBL2106119,EFO_0008506,CONTRAINDICATION,
CHEMBL2106119,EFO_1000391,CONTRAINDICATION,
CHEMBL2106119,EFO_1000820,CONTRAINDICATION,
CHEMBL2106119,EFO_1001375,CONTRAINDICATION,
CHEMBL2106119,EFO_1001872,CONTRAINDICATION,
CHEMBL2106119,MONDO_0000328,CONTRAINDICATION,
CHEMBL2106119,MONDO_0001343,CONTRAINDICATION,
CHEMBL2106119,MONDO_0001566,CONTRAINDICATION,
CHEMBL2106119,MONDO_0002203,CONTRAINDICATION,
CHEMBL2106119,MONDO_0002280,CONTRAINDICATION,
CHEMBL2106119,MONDO_0004247,CONTRAINDICATION,
CHEMBL2106119,MONDO_0007079,CONTRAINDICATION,
CHEMBL2106119,MONDO_0007576,INDICATION,
CHEMBL2106119,MONDO_0011972,INDICATION,
CHEMBL2106119,MONDO_0018660,CONTRAINDICATION,
CHEMBL2106119,MONDO_0018896,CONTRAINDICATION,
CHEMBL2106119,MONDO_0019338,CONTRAINDICATION,
CHEMBL2106119,MONDO_0024327,CONTRAINDICATION,
CHEMBL2106119,MONDO_0024574,CONTRAINDICATION,
CHEMBL2106119,MONDO_0100192,CONTRAINDICATION,
CHEMBL2106119,Orphanet_903,CONTRAINDICATION,
CHEMBL2106123,EFO_0003819,INDICATION,
CHEMBL2106124,EFO_0003819,INDICATION,
CHEMBL2106167,EFO_0000319,INDICATION,
CHEMBL2106179,EFO_0003888,INDICATION,
CHEMBL2106186,EFO_0000319,INDICATION,
CHEMBL2106191,EFO_0000545,INDICATION,
CHEMBL2106191,EFO_1000760,INDICATION,
CHEMBL2106191,MONDO_0005148,INDICATION,
CHEMBL2106191,MONDO_0100096,INDICATION,
CHEMBL2106195,EFO_0003843,INDICATION,
CHEMBL2106195,EFO_0005411,INDICATION,
CHEMBL2106195,EFO_0009267,INDICATION,
CHEMBL2106195,EFO_1001454,INDICATION,
CHEMBL2106195,MONDO_0003544,INDICATION,
CHEMBL2106195,MONDO_0005090,INDICATION,
CHEMBL2106195,MONDO_0043510,INDICATION,
CHEMBL2106198,EFO_0000196,INDICATION,
CHEMBL2106198,EFO_0000545,INDICATION,
CHEMBL2106217,MONDO_0015643,INDICATION,
CHEMBL2106227,EFO_0005230,INDICATION,
CHEMBL2106238,EFO_0000618,INDICATION,
CHEMBL2106370,EFO_0003948,INDICATION,
CHEMBL2106370,EFO_0004607,INDICATION,
CHEMBL2106370,MONDO_0004247,INDICATION,
CHEMBL2106370,MP_0001914,INDICATION,
CHEMBL2106388,EFO_0000649,INDICATION,
CHEMBL2106388,EFO_0003819,INDICATION,
CHEMBL2106388,EFO_0003843,INDICATION,
CHEMBL2106388,EFO_1001782,INDICATION,
CHEMBL2106403,EFO_0000771,INDICATION,
CHEMBL2106406,EFO_0000729,INDICATION,
CHEMBL2106411,MONDO_0004975,INDICATION,
CHEMBL2106424,EFO_0000546,INDICATION,
CHEMBL2106439,EFO_0005407,INDICATION,
CHEMBL2106483,EFO_0003888,INDICATION,
CHEMBL2106489,EFO_0001358,INDICATION,
CHEMBL2106499,EFO_0004197,INDICATION,
CHEMBL210651,EFO_0000764,INDICATION,
CHEMBL2106548,EFO_0000771,INDICATION,
CHEMBL2106561,EFO_0000537,INDICATION,
CHEMBL2106566,EFO_0003819,INDICATION,
CHEMBL2106572,EFO_0000373,INDICATION,
CHEMBL2106572,EFO_0000612,INDICATION,
CHEMBL2106613,EFO_0001365,INDICATION,
CHEMBL2106613,EFO_0003770,INDICATION,
CHEMBL2106613,EFO_0003966,INDICATION,
CHEMBL2106613,EFO_0004190,INDICATION,
CHEMBL2106613,EFO_0005753,INDICATION,
CHEMBL2106613,EFO_0009606,INDICATION,
CHEMBL2106613,EFO_1001157,INDICATION,
CHEMBL2106613,MONDO_0001576,INDICATION,
CHEMBL2106613,MONDO_0010269,INDICATION,
CHEMBL2106615,EFO_0003854,INDICATION,
CHEMBL2106615,EFO_0003882,INDICATION,
CHEMBL2106615,EFO_0003929,INDICATION,
CHEMBL2106618,EFO_0000400,INDICATION,
CHEMBL2106618,MONDO_0005148,INDICATION,
CHEMBL2106627,EFO_0003890,INDICATION,
CHEMBL2106633,EFO_0000341,INDICATION,
CHEMBL2106633,MONDO_0004979,INDICATION,
CHEMBL2106643,EFO_0000699,INDICATION,
CHEMBL2106643,EFO_0003086,INDICATION,
CHEMBL2106643,EFO_0003884,INDICATION,
CHEMBL2106643,EFO_0004599,INDICATION,
CHEMBL2106643,EFO_0005140,INDICATION,
CHEMBL2106643,EFO_0005761,INDICATION,
CHEMBL2106643,EFO_1002048,INDICATION,
CHEMBL2106643,MONDO_0005301,INDICATION,
CHEMBL2106650,EFO_0005407,INDICATION,
CHEMBL2106650,MONDO_0005090,INDICATION,
CHEMBL2106667,EFO_0000319,INDICATION,
CHEMBL2106755,EFO_0000217,CONTRAINDICATION,
CHEMBL2106755,EFO_0000319,CONTRAINDICATION,
CHEMBL2106755,EFO_0000400,CONTRAINDICATION,
CHEMBL2106755,EFO_0000474,CONTRAINDICATION,
CHEMBL2106755,EFO_0000537,CONTRAINDICATION,
CHEMBL2106755,EFO_0000685,INDICATION,
CHEMBL2106755,EFO_0003086,CONTRAINDICATION,
CHEMBL2106755,EFO_0003928,CONTRAINDICATION,
CHEMBL2106755,EFO_0003948,CONTRAINDICATION,
CHEMBL2106755,EFO_0004242,CONTRAINDICATION,
CHEMBL2106755,EFO_0004262,CONTRAINDICATION,
CHEMBL2106755,EFO_0004274,CONTRAINDICATION,
CHEMBL2106755,EFO_0004698,CONTRAINDICATION,
CHEMBL2106755,EFO_0008997,INDICATION,
CHEMBL2106755,EFO_0009189,CONTRAINDICATION,
CHEMBL2106755,EFO_0009190,CONTRAINDICATION,
CHEMBL2106755,EFO_0009314,CONTRAINDICATION,
CHEMBL2106755,EFO_0009550,INDICATION,
CHEMBL2106755,EFO_1000391,CONTRAINDICATION,
CHEMBL2106755,EFO_1001069,CONTRAINDICATION,
CHEMBL2106755,EFO_1001160,OFF_LABEL_USE,
CHEMBL2106755,EFO_1001375,CONTRAINDICATION,
CHEMBL2106755,EFO_1001435,OFF_LABEL_USE,
CHEMBL2106755,EFO_1001872,CONTRAINDICATION,
CHEMBL2106755,MONDO_0001343,CONTRAINDICATION,
CHEMBL2106755,MONDO_0001744,CONTRAINDICATION,
CHEMBL2106755,MONDO_0002280,CONTRAINDICATION,
CHEMBL2106755,MONDO_0002471,INDICATION,
CHEMBL2106755,MONDO_0004247,CONTRAINDICATION,
CHEMBL2106755,MONDO_0004857,OFF_LABEL_USE,
CHEMBL2106755,MONDO_0005178,INDICATION,
CHEMBL2106755,MONDO_0007079,CONTRAINDICATION,
CHEMBL2106755,MONDO_0018660,CONTRAINDICATION,
CHEMBL2106755,MONDO_0018896,CONTRAINDICATION,
CHEMBL2106755,MONDO_0024327,CONTRAINDICATION,
CHEMBL2106755,MONDO_0100192,CONTRAINDICATION,
CHEMBL2106780,EFO_0000319,INDICATION,
CHEMBL2106794,EFO_0000319,INDICATION,
CHEMBL2106822,EFO_0003888,INDICATION,
CHEMBL2106851,EFO_0003843,INDICATION,
CHEMBL2106939,EFO_1001139,INDICATION,
CHEMBL2106939,MONDO_0002041,INDICATION,
CHEMBL2106968,EFO_0001067,INDICATION,
CHEMBL2106968,EFO_0003894,INDICATION,
CHEMBL2106972,EFO_0006505,INDICATION,
CHEMBL2106975,EFO_0003948,INDICATION,
CHEMBL2106975,EFO_0004253,INDICATION,
CHEMBL2106975,EFO_0008533,INDICATION,
CHEMBL2106975,EFO_0009530,CONTRAINDICATION,
CHEMBL2106975,MONDO_0000468,CONTRAINDICATION,
CHEMBL2106975,MONDO_0004247,INDICATION,
CHEMBL2106975,MONDO_0008224,CONTRAINDICATION,
CHEMBL2106975,MONDO_0016586,OFF_LABEL_USE,
CHEMBL2106975,MONDO_0017169,OFF_LABEL_USE,
CHEMBL2106978,EFO_0003888,INDICATION,
CHEMBL2106978,EFO_1000948,CONTRAINDICATION,
CHEMBL2106978,MONDO_0000468,CONTRAINDICATION,
CHEMBL2106978,MONDO_0008224,CONTRAINDICATION,
CHEMBL2106978,MONDO_0044751,CONTRAINDICATION,
CHEMBL2106988,EFO_0000771,INDICATION,
CHEMBL2106991,EFO_0000764,INDICATION,
CHEMBL2106996,MONDO_0002009,INDICATION,
CHEMBL2106997,EFO_0010282,INDICATION,
CHEMBL2107011,EFO_0005407,INDICATION,
CHEMBL2107011,MONDO_0005090,INDICATION,
CHEMBL2107014,EFO_0007144,INDICATION,
CHEMBL2107027,EFO_0000400,INDICATION,
CHEMBL2107027,MONDO_0005148,INDICATION,
CHEMBL2107062,EFO_0000474,INDICATION,
CHEMBL2107065,EFO_0000544,INDICATION,
CHEMBL2107067,EFO_0000616,INDICATION,
CHEMBL2107067,EFO_0000681,INDICATION,
CHEMBL2107067,EFO_0001645,INDICATION,
CHEMBL2107067,EFO_0004714,INDICATION,
CHEMBL2107067,EFO_0008572,INDICATION,
CHEMBL2107067,EFO_0009686,INDICATION,
CHEMBL2107067,EFO_1001006,INDICATION,
CHEMBL2107067,EFO_1001078,INDICATION,
CHEMBL2107067,EFO_1001919,INDICATION,
CHEMBL2107067,MONDO_0002146,INDICATION,
CHEMBL2107067,MONDO_0008315,INDICATION,
CHEMBL2107067,MONDO_0018555,INDICATION,
CHEMBL2107073,MONDO_0018076,INDICATION,
CHEMBL2107085,EFO_0001378,INDICATION,
CHEMBL2107085,EFO_1001951,INDICATION,
CHEMBL2107123,EFO_1001951,INDICATION,
CHEMBL2107123,MONDO_0002087,INDICATION,
CHEMBL2107123,MONDO_0008170,INDICATION,
CHEMBL2107143,EFO_0000702,INDICATION,
CHEMBL2107143,EFO_0002618,INDICATION,
CHEMBL2107143,EFO_0003860,INDICATION,
CHEMBL2107143,EFO_1000158,INDICATION,
CHEMBL2107143,EFO_1001968,INDICATION,
CHEMBL2107143,MONDO_0008170,INDICATION,
CHEMBL2107143,MONDO_0008903,INDICATION,
CHEMBL2107175,EFO_0003854,INDICATION,
CHEMBL2107175,EFO_0004260,INDICATION,
CHEMBL2107254,EFO_0005230,INDICATION,
CHEMBL2107294,MONDO_0005180,INDICATION,
CHEMBL2107301,EFO_0007326,INDICATION,
CHEMBL2107308,EFO_0008533,INDICATION,
CHEMBL2107309,EFO_0000319,INDICATION,
CHEMBL2107309,EFO_0000537,INDICATION,
CHEMBL2107309,EFO_0003144,INDICATION,
CHEMBL2107312,EFO_0003948,INDICATION,
CHEMBL2107312,MONDO_0005301,INDICATION,
CHEMBL2107312,MONDO_0007079,INDICATION,
CHEMBL2107313,EFO_0000574,INDICATION,
CHEMBL2107313,EFO_0000616,INDICATION,
CHEMBL2107313,EFO_0000621,INDICATION,
CHEMBL2107313,EFO_0000702,INDICATION,
CHEMBL2107313,EFO_0006861,INDICATION,
CHEMBL2107313,EFO_1001951,INDICATION,
CHEMBL2107313,MONDO_0002367,INDICATION,
CHEMBL2107313,MONDO_0003060,INDICATION,
CHEMBL2107313,MONDO_0008170,INDICATION,
CHEMBL2107313,MONDO_0008903,INDICATION,
CHEMBL2107315,MONDO_0008903,INDICATION,
CHEMBL2107319,EFO_0003060,INDICATION,
CHEMBL2107319,EFO_0003869,INDICATION,
CHEMBL2107319,EFO_0003893,INDICATION,
CHEMBL2107319,MONDO_0002087,INDICATION,
CHEMBL2107319,MONDO_0002158,INDICATION,
CHEMBL2107319,MONDO_0008170,INDICATION,
CHEMBL2107319,MONDO_0008903,INDICATION,
CHEMBL2107324,EFO_0009373,INDICATION,
CHEMBL2107328,EFO_1000783,INDICATION,
CHEMBL2107331,EFO_0000555,INDICATION,
CHEMBL2107333,EFO_0000095,INDICATION,
CHEMBL2107333,EFO_0000540,INDICATION,
CHEMBL2107333,EFO_0000676,INDICATION,
CHEMBL2107333,EFO_0000685,INDICATION,
CHEMBL2107333,EFO_0000694,INDICATION,
CHEMBL2107333,EFO_0002913,INDICATION,
CHEMBL2107333,EFO_0003778,INDICATION,
CHEMBL2107333,EFO_0003840,INDICATION,
CHEMBL2107333,EFO_0003918,INDICATION,
CHEMBL2107333,EFO_0003929,INDICATION,
CHEMBL2107333,EFO_0005669,INDICATION,
CHEMBL2107333,EFO_0008520,INDICATION,
CHEMBL2107333,EFO_1001465,INDICATION,
CHEMBL2107333,MONDO_0005301,INDICATION,
CHEMBL2107334,EFO_0000519,INDICATION,
CHEMBL2107334,EFO_0000632,INDICATION,
CHEMBL2107334,EFO_0005669,INDICATION,
CHEMBL2107334,EFO_1001254,INDICATION,
CHEMBL2107334,MONDO_0100342,INDICATION,
CHEMBL2107337,EFO_0000403,INDICATION,
CHEMBL2107337,EFO_0000519,INDICATION,
CHEMBL2107337,EFO_0000616,INDICATION,
CHEMBL2107337,EFO_0000621,INDICATION,
CHEMBL2107337,EFO_0003060,INDICATION,
CHEMBL2107337,EFO_0003869,INDICATION,
CHEMBL2107337,EFO_0004288,INDICATION,
CHEMBL2107337,EFO_1000158,INDICATION,
CHEMBL2107337,MONDO_0002087,INDICATION,
CHEMBL2107337,MONDO_0008170,INDICATION,
CHEMBL2107337,MONDO_0008315,INDICATION,
CHEMBL2107337,MONDO_0008903,INDICATION,
CHEMBL2107339,EFO_0004698,INDICATION,
CHEMBL2107339,EFO_0008568,INDICATION,
CHEMBL2107341,EFO_0004234,INDICATION,
CHEMBL2107341,EFO_0004714,INDICATION,
CHEMBL2107341,MONDO_0002146,INDICATION,
CHEMBL2107341,MONDO_0018555,INDICATION,
CHEMBL2107349,MONDO_0004975,INDICATION,
CHEMBL2107350,EFO_0000537,INDICATION,
CHEMBL2107354,EFO_0000616,INDICATION,
CHEMBL2107354,EFO_0000637,INDICATION,
CHEMBL2107354,MONDO_0002629,INDICATION,
CHEMBL2107355,MONDO_0010526,INDICATION,
CHEMBL2107357,EFO_0000574,INDICATION,
CHEMBL2107357,EFO_0000616,INDICATION,
CHEMBL2107357,EFO_0002618,INDICATION,
CHEMBL2107357,EFO_0003060,INDICATION,
CHEMBL2107357,EFO_0004243,INDICATION,
CHEMBL2107357,EFO_0007331,INDICATION,
CHEMBL2107357,EFO_1000657,INDICATION,
CHEMBL2107357,MONDO_0002087,INDICATION,
CHEMBL2107357,MONDO_0002108,INDICATION,
CHEMBL2107357,MONDO_0002158,INDICATION,
CHEMBL2107357,MONDO_0007254,INDICATION,
CHEMBL2107357,MONDO_0007576,INDICATION,
CHEMBL2107357,MONDO_0008170,INDICATION,
CHEMBL2107357,MONDO_0008903,INDICATION,
CHEMBL2107357,MONDO_0011719,INDICATION,
CHEMBL2107357,MONDO_0016537,INDICATION,
CHEMBL2107357,MONDO_0021063,INDICATION,
CHEMBL2107358,EFO_0000095,INDICATION,
CHEMBL2107358,EFO_0000183,INDICATION,
CHEMBL2107358,EFO_0000198,INDICATION,
CHEMBL2107358,EFO_0000403,INDICATION,
CHEMBL2107358,EFO_0000702,INDICATION,
CHEMBL2107358,EFO_0001378,INDICATION,
CHEMBL2107358,EFO_0001642,INDICATION,
CHEMBL2107358,EFO_0002617,INDICATION,
CHEMBL2107358,EFO_1001469,INDICATION,
CHEMBL2107358,MONDO_0001023,INDICATION,
CHEMBL2107358,MONDO_0008903,INDICATION,
CHEMBL2107358,MONDO_0018906,INDICATION,
CHEMBL2107358,MONDO_0044903,INDICATION,
CHEMBL2107359,DOID_10113,INDICATION,
CHEMBL2107359,EFO_0001068,INDICATION,
CHEMBL2107359,EFO_0007448,INDICATION,
CHEMBL2107360,EFO_0005411,INDICATION,
CHEMBL2107360,MONDO_0005090,INDICATION,
CHEMBL2107361,EFO_0000616,INDICATION,
CHEMBL2107361,EFO_0004142,INDICATION,
CHEMBL2107361,MONDO_0021117,INDICATION,
CHEMBL2107366,EFO_0000555,INDICATION,
CHEMBL2107366,EFO_0005687,INDICATION,
CHEMBL2107366,EFO_1000783,INDICATION,
CHEMBL2107366,EFO_1000869,INDICATION,
CHEMBL2107369,EFO_0003957,INDICATION,
CHEMBL2107371,EFO_0000275,INDICATION,
CHEMBL2107372,EFO_0000616,INDICATION,
CHEMBL2107375,EFO_0004220,INDICATION,
CHEMBL2107376,EFO_0000756,INDICATION,
CHEMBL2107376,EFO_0003060,INDICATION,
CHEMBL2107376,MONDO_0008315,INDICATION,
CHEMBL2107378,EFO_0000275,INDICATION,
CHEMBL2107378,EFO_0003911,INDICATION,
CHEMBL2107381,EFO_0000616,INDICATION,
CHEMBL2107381,EFO_0002618,INDICATION,
CHEMBL2107381,MONDO_0001056,INDICATION,
CHEMBL2107381,MONDO_0007576,INDICATION,
CHEMBL2107381,MONDO_0009797,INDICATION,
CHEMBL2107381,MONDO_0044970,INDICATION,
CHEMBL2107383,EFO_0000275,INDICATION,
CHEMBL2107383,EFO_0003911,INDICATION,
CHEMBL2107384,EFO_0000764,INDICATION,
CHEMBL2107386,EFO_0000612,INDICATION,
CHEMBL2107386,EFO_0000712,INDICATION,
CHEMBL2107386,EFO_0004265,INDICATION,
CHEMBL2107386,EFO_0005672,INDICATION,
CHEMBL2107387,MONDO_0002009,INDICATION,
CHEMBL2107448,EFO_0004698,INDICATION,
CHEMBL2107455,EFO_0000685,INDICATION,
CHEMBL2107455,EFO_0000699,INDICATION,
CHEMBL2107455,EFO_0005761,INDICATION,
CHEMBL2107455,EFO_0007160,INDICATION,
CHEMBL2107456,EFO_1001211,INDICATION,
CHEMBL2107457,EFO_0000337,INDICATION,
CHEMBL2107457,EFO_0000555,INDICATION,
CHEMBL2107457,EFO_0008533,INDICATION,
CHEMBL2107457,EFO_0008588,INDICATION,
CHEMBL2107457,EFO_0010282,INDICATION,
CHEMBL2107457,EFO_1000948,INDICATION,
CHEMBL2107486,EFO_0000544,INDICATION,
CHEMBL2107486,EFO_0000771,INDICATION,
CHEMBL2107486,EFO_0003086,INDICATION,
CHEMBL2107486,EFO_0005585,INDICATION,
CHEMBL2107486,EFO_1001141,INDICATION,
CHEMBL2107489,EFO_0000771,INDICATION,
CHEMBL2107525,EFO_0002429,INDICATION,
CHEMBL2107529,EFO_0001073,INDICATION,
CHEMBL2107529,EFO_0009516,INDICATION,
CHEMBL2107529,MONDO_0005148,INDICATION,
CHEMBL2107546,EFO_0000275,INDICATION,
CHEMBL2107549,EFO_0000401,INDICATION,
CHEMBL2107549,EFO_0004224,INDICATION,
CHEMBL2107553,EFO_0007381,INDICATION,
CHEMBL2107553,MONDO_0018076,INDICATION,
CHEMBL2107574,EFO_0010282,INDICATION,
CHEMBL2107576,MONDO_0002050,INDICATION,
CHEMBL2107583,EFO_0000319,INDICATION,
CHEMBL2107608,EFO_0000319,INDICATION,
CHEMBL2107611,EFO_0003086,INDICATION,
CHEMBL2107614,EFO_0000384,INDICATION,
CHEMBL2107636,EFO_0000771,INDICATION,
CHEMBL2107720,EFO_0005755,INDICATION,
CHEMBL2107723,EFO_0008533,INDICATION,
CHEMBL2107723,EFO_0010282,INDICATION,
CHEMBL2107726,EFO_0007323,INDICATION,
CHEMBL2107726,MONDO_0004976,INDICATION,
CHEMBL2107726,MONDO_0018150,INDICATION,
CHEMBL2107726,MONDO_0018982,INDICATION,
CHEMBL2107729,EFO_0000266,INDICATION,
CHEMBL2107729,EFO_0003843,INDICATION,
CHEMBL2107729,EFO_0003876,INDICATION,
CHEMBL2107743,MONDO_0007915,INDICATION,
CHEMBL2107756,EFO_0000284,INDICATION,
CHEMBL2107756,EFO_0003894,INDICATION,
CHEMBL2107757,EFO_0003086,INDICATION,
CHEMBL2107757,EFO_0004599,INDICATION,
CHEMBL2107759,EFO_0000588,INDICATION,
CHEMBL2107759,EFO_0003060,INDICATION,
CHEMBL2107759,EFO_0004288,INDICATION,
CHEMBL2107759,EFO_1000657,INDICATION,
CHEMBL2107760,EFO_0000673,INDICATION,
CHEMBL2107760,MONDO_0008315,INDICATION,
CHEMBL2107762,EFO_1001919,INDICATION,
CHEMBL2107762,MONDO_0005301,INDICATION,
CHEMBL2107763,EFO_0000275,INDICATION,
CHEMBL2107763,MONDO_0009661,INDICATION,
CHEMBL2107767,MONDO_0004975,INDICATION,
CHEMBL2107767,MONDO_0005180,INDICATION,
CHEMBL2107771,EFO_0003843,INDICATION,
CHEMBL2107771,EFO_0005762,INDICATION,
CHEMBL2107772,EFO_0000685,INDICATION,
CHEMBL2107773,EFO_1000781,INDICATION,
CHEMBL2107777,EFO_0001422,INDICATION,
CHEMBL2107777,EFO_1000982,INDICATION,
CHEMBL2107779,EFO_0000384,INDICATION,
CHEMBL2107784,EFO_0000196,INDICATION,
CHEMBL2107784,EFO_0000673,INDICATION,
CHEMBL2107784,EFO_0001378,INDICATION,
CHEMBL2107784,MONDO_0008315,INDICATION,
CHEMBL2107787,EFO_0000178,INDICATION,
CHEMBL2107787,EFO_0000616,INDICATION,
CHEMBL2107787,EFO_0000756,INDICATION,
CHEMBL2107787,EFO_0003869,INDICATION,
CHEMBL2107787,MONDO_0007254,INDICATION,
CHEMBL2107787,MONDO_0008315,INDICATION,
CHEMBL2107792,MONDO_0004979,INDICATION,
CHEMBL2107797,MONDO_0011962,INDICATION,
CHEMBL2107797,MP_0001914,INDICATION,
CHEMBL2107801,MONDO_0004975,INDICATION,
CHEMBL2107802,MONDO_0010679,INDICATION,
CHEMBL2107806,EFO_0000182,INDICATION,
CHEMBL2107806,EFO_0000284,INDICATION,
CHEMBL2107806,EFO_0000519,INDICATION,
CHEMBL2107806,EFO_0002499,INDICATION,
CHEMBL2107806,EFO_0004683,INDICATION,
CHEMBL2107811,EFO_0000341,INDICATION,
CHEMBL2107811,EFO_0003106,INDICATION,
CHEMBL2107815,EFO_0000717,INDICATION,
CHEMBL2107815,EFO_0001361,INDICATION,
CHEMBL2107816,EFO_0000196,INDICATION,
CHEMBL2107816,EFO_0000673,INDICATION,
CHEMBL2107816,EFO_0001378,INDICATION,
CHEMBL2107816,EFO_0001663,INDICATION,
CHEMBL2107816,EFO_0003060,INDICATION,
CHEMBL2107816,EFO_0003869,INDICATION,
CHEMBL2107816,EFO_0005537,INDICATION,
CHEMBL2107816,EFO_0009708,INDICATION,
CHEMBL2107816,EFO_0009870,INDICATION,
CHEMBL2107816,MONDO_0008315,INDICATION,
CHEMBL2107817,EFO_0000544,INDICATION,
CHEMBL2107817,EFO_0003103,INDICATION,
CHEMBL2107817,EFO_1001141,INDICATION,
CHEMBL2107818,EFO_0000182,INDICATION,
CHEMBL2107818,EFO_0000519,INDICATION,
CHEMBL2107818,EFO_0000616,INDICATION,
CHEMBL2107818,EFO_0000702,INDICATION,
CHEMBL2107818,EFO_0000707,INDICATION,
CHEMBL2107818,EFO_0002618,INDICATION,
CHEMBL2107818,EFO_0003060,INDICATION,
CHEMBL2107818,EFO_1001968,INDICATION,
CHEMBL2107818,MONDO_0005184,INDICATION,
CHEMBL2107818,MONDO_0007254,INDICATION,
CHEMBL2107818,MONDO_0008978,INDICATION,
CHEMBL2107819,EFO_0000474,INDICATION,
CHEMBL2107819,EFO_0000676,INDICATION,
CHEMBL2107819,EFO_0004263,INDICATION,
CHEMBL2107819,MONDO_0100096,INDICATION,
CHEMBL2107820,EFO_0001645,INDICATION,
CHEMBL2107821,EFO_1001492,INDICATION,
CHEMBL2107821,MONDO_0019353,INDICATION,
CHEMBL2107822,EFO_0004698,INDICATION,
CHEMBL2107822,EFO_1000783,INDICATION,
CHEMBL2107822,MONDO_0002009,INDICATION,
CHEMBL2107823,EFO_0000616,INDICATION,
CHEMBL2107825,EFO_0000095,INDICATION,
CHEMBL2107825,EFO_0000180,INDICATION,
CHEMBL2107825,EFO_0000763,INDICATION,
CHEMBL2107825,EFO_0000764,INDICATION,
CHEMBL2107825,EFO_0000765,INDICATION,
CHEMBL2107825,EFO_0002614,INDICATION,
CHEMBL2107825,EFO_0004197,INDICATION,
CHEMBL2107825,EFO_0004239,INDICATION,
CHEMBL2107825,EFO_0007304,INDICATION,
CHEMBL2107825,MONDO_0004976,INDICATION,
CHEMBL2107825,MONDO_0100096,INDICATION,
CHEMBL2107826,EFO_0000537,INDICATION,
CHEMBL2107826,EFO_0000555,INDICATION,
CHEMBL2107826,EFO_0006865,INDICATION,
CHEMBL2107826,EFO_1000781,INDICATION,
CHEMBL2107827,EFO_0000182,INDICATION,
CHEMBL2107827,EFO_0000707,INDICATION,
CHEMBL2107827,EFO_0002618,INDICATION,
CHEMBL2107827,MONDO_0007254,INDICATION,
CHEMBL2107827,MONDO_0008978,INDICATION,
CHEMBL2107830,EFO_0000195,INDICATION,
CHEMBL2107830,EFO_0000384,INDICATION,
CHEMBL2107830,EFO_0000400,INDICATION,
CHEMBL2107830,EFO_0000401,INDICATION,
CHEMBL2107830,EFO_0000474,INDICATION,
CHEMBL2107830,EFO_0000612,INDICATION,
CHEMBL2107830,EFO_0000660,INDICATION,
CHEMBL2107830,EFO_0000666,INDICATION,
CHEMBL2107830,EFO_0000694,INDICATION,
CHEMBL2107830,EFO_0000729,INDICATION,
CHEMBL2107830,EFO_0002614,INDICATION,
CHEMBL2107830,EFO_0003086,INDICATION,
CHEMBL2107830,EFO_0003095,INDICATION,
CHEMBL2107830,EFO_0003144,INDICATION,
CHEMBL2107830,EFO_0003884,INDICATION,
CHEMBL2107830,EFO_0004253,INDICATION,
CHEMBL2107830,EFO_0004593,INDICATION,
CHEMBL2107830,EFO_0008583,INDICATION,
CHEMBL2107830,EFO_1000982,INDICATION,
CHEMBL2107830,EFO_1001121,INDICATION,
CHEMBL2107830,EFO_1001482,INDICATION,
CHEMBL2107830,EFO_1001496,INDICATION,
CHEMBL2107830,MONDO_0002009,INDICATION,
CHEMBL2107830,MONDO_0005147,INDICATION,
CHEMBL2107830,MONDO_0005148,INDICATION,
CHEMBL2107830,MONDO_0017147,INDICATION,
CHEMBL2107830,Orphanet_364,INDICATION,
CHEMBL2107831,EFO_0007160,INDICATION,
CHEMBL2107831,MP_0001914,INDICATION,
CHEMBL2107832,EFO_0000182,INDICATION,
CHEMBL2107832,EFO_0000222,INDICATION,
CHEMBL2107832,EFO_0000389,INDICATION,
CHEMBL2107832,EFO_0000616,INDICATION,
CHEMBL2107832,EFO_0000641,INDICATION,
CHEMBL2107832,EFO_0000756,INDICATION,
CHEMBL2107832,EFO_0002618,INDICATION,
CHEMBL2107832,EFO_0003060,INDICATION,
CHEMBL2107832,EFO_1001951,INDICATION,
CHEMBL2107832,MONDO_0004992,INDICATION,
CHEMBL2107832,MONDO_0007254,INDICATION,
CHEMBL2107832,MONDO_0008170,INDICATION,
CHEMBL2107832,MONDO_0016691,INDICATION,
CHEMBL2107834,EFO_0000537,INDICATION,
CHEMBL2107834,EFO_0000717,INDICATION,
CHEMBL2107834,EFO_0000764,INDICATION,
CHEMBL2107834,EFO_0001361,INDICATION,
CHEMBL2107834,EFO_0001645,INDICATION,
CHEMBL2107834,EFO_1001145,INDICATION,
CHEMBL2107834,EFO_1001993,INDICATION,
CHEMBL2107834,MONDO_0005149,INDICATION,
CHEMBL2107834,MONDO_0009061,INDICATION,
CHEMBL2107834,MONDO_0011382,INDICATION,
CHEMBL2107834,MONDO_0043839,INDICATION,
CHEMBL2107841,EFO_0000373,INDICATION,
CHEMBL2107841,EFO_0000400,INDICATION,
CHEMBL2107841,MONDO_0005147,INDICATION,
CHEMBL2107841,MONDO_0005148,INDICATION,
CHEMBL2107842,EFO_0000616,INDICATION,
CHEMBL2107842,EFO_0003047,INDICATION,
CHEMBL2107842,EFO_0004220,INDICATION,
CHEMBL2107842,EFO_0004239,INDICATION,
CHEMBL2107845,MONDO_0004992,INDICATION,
CHEMBL2107846,EFO_0003060,INDICATION,
CHEMBL2107846,EFO_0005952,INDICATION,
CHEMBL2107846,EFO_1001951,INDICATION,
CHEMBL2107855,EFO_0000389,INDICATION,
CHEMBL2107855,EFO_0000574,INDICATION,
CHEMBL2107855,EFO_0000616,INDICATION,
CHEMBL2107855,EFO_0000681,INDICATION,
CHEMBL2107855,EFO_0000756,INDICATION,
CHEMBL2107855,EFO_0005952,INDICATION,
CHEMBL2107855,MONDO_0008170,INDICATION,
CHEMBL2107856,EFO_0000198,INDICATION,
CHEMBL2107856,EFO_0000479,INDICATION,
CHEMBL2107856,EFO_0000574,INDICATION,
CHEMBL2107856,EFO_0000621,INDICATION,
CHEMBL2107856,EFO_0001378,INDICATION,
CHEMBL2107856,EFO_0002429,INDICATION,
CHEMBL2107856,EFO_0003060,INDICATION,
CHEMBL2107856,MONDO_0007254,INDICATION,
CHEMBL2107856,MONDO_0044903,INDICATION,
CHEMBL2107857,EFO_0000195,INDICATION,
CHEMBL2107857,EFO_0001073,INDICATION,
CHEMBL2107857,EFO_0001421,INDICATION,
CHEMBL2107857,EFO_0002614,INDICATION,
CHEMBL2107857,EFO_0002756,INDICATION,
CHEMBL2107857,EFO_0003095,INDICATION,
CHEMBL2107857,EFO_0010269,INDICATION,
CHEMBL2107857,EFO_1000727,INDICATION,
CHEMBL2107857,EFO_1000728,INDICATION,
CHEMBL2107857,EFO_1001348,INDICATION,
CHEMBL2107857,MONDO_0005147,INDICATION,
CHEMBL2107857,MONDO_0020088,INDICATION,
CHEMBL2107858,EFO_0009869,INDICATION,
CHEMBL2107859,EFO_0007160,INDICATION,
CHEMBL2107860,MONDO_0005148,INDICATION,
CHEMBL2107861,EFO_0000707,INDICATION,
CHEMBL2107861,EFO_0003060,INDICATION,
CHEMBL2107861,EFO_0004284,INDICATION,
CHEMBL2107861,EFO_0006859,INDICATION,
CHEMBL2107861,EFO_1001951,INDICATION,
CHEMBL2107862,EFO_0000673,INDICATION,
CHEMBL2107862,EFO_0000756,INDICATION,
CHEMBL2107862,EFO_0000764,INDICATION,
CHEMBL2107862,EFO_0001423,INDICATION,
CHEMBL2107862,EFO_0002618,INDICATION,
CHEMBL2107862,EFO_0004540,INDICATION,
CHEMBL2107862,EFO_0005537,INDICATION,
CHEMBL2107862,EFO_0006861,INDICATION,
CHEMBL2107862,MONDO_0002158,INDICATION,
CHEMBL2107862,MONDO_0004658,INDICATION,
CHEMBL2107862,MONDO_0007254,INDICATION,
CHEMBL2107862,MONDO_0008170,INDICATION,
CHEMBL2107862,MONDO_0044881,INDICATION,
CHEMBL2107862,MONDO_0100096,INDICATION,
CHEMBL2107863,EFO_1001465,INDICATION,
CHEMBL2107863,MONDO_0001657,INDICATION,
CHEMBL2107863,MONDO_0100342,INDICATION,
CHEMBL2107866,EFO_0004272,INDICATION,
CHEMBL2107867,DOID_13406,INDICATION,
CHEMBL2107867,EFO_0000384,INDICATION,
CHEMBL2107867,EFO_0000685,INDICATION,
CHEMBL2107869,EFO_0000400,INDICATION,
CHEMBL2107869,MONDO_0005147,INDICATION,
CHEMBL2107869,MONDO_0005148,INDICATION,
CHEMBL2107870,EFO_0001645,INDICATION,
CHEMBL2107870,EFO_0005672,INDICATION,
CHEMBL2107872,EFO_0000612,INDICATION,
CHEMBL2107873,Orphanet_903,INDICATION,
CHEMBL2107874,EFO_0003854,INDICATION,
CHEMBL2107874,EFO_0003882,INDICATION,
CHEMBL2107874,EFO_0003931,INDICATION,
CHEMBL2107874,EFO_0004260,INDICATION,
CHEMBL2107874,MONDO_0019019,INDICATION,
CHEMBL2107875,EFO_0003144,INDICATION,
CHEMBL2107875,EFO_0003884,INDICATION,
CHEMBL2107877,EFO_0004194,INDICATION,
CHEMBL2107877,EFO_0005297,INDICATION,
CHEMBL2107877,EFO_0007160,INDICATION,
CHEMBL2107877,EFO_1000784,INDICATION,
CHEMBL2107877,MONDO_0007915,INDICATION,
CHEMBL2107881,EFO_0000180,INDICATION,
CHEMBL2107881,EFO_0000309,INDICATION,
CHEMBL2107881,EFO_0000365,INDICATION,
CHEMBL2107881,EFO_0000389,INDICATION,
CHEMBL2107881,EFO_0000403,INDICATION,
CHEMBL2107881,EFO_0000519,INDICATION,
CHEMBL2107881,EFO_0000574,INDICATION,
CHEMBL2107881,EFO_0000621,INDICATION,
CHEMBL2107881,EFO_0000681,INDICATION,
CHEMBL2107881,EFO_0000756,INDICATION,
CHEMBL2107881,EFO_0000764,INDICATION,
CHEMBL2107881,EFO_0000770,INDICATION,
CHEMBL2107881,EFO_0001378,INDICATION,
CHEMBL2107881,EFO_0003060,INDICATION,
CHEMBL2107881,EFO_0004252,INDICATION,
CHEMBL2107881,EFO_0004265,INDICATION,
CHEMBL2107881,EFO_0007149,INDICATION,
CHEMBL2107881,EFO_1001923,INDICATION,
CHEMBL2107881,EFO_1001951,INDICATION,
CHEMBL2107881,MONDO_0001437,INDICATION,
CHEMBL2107881,MONDO_0002367,INDICATION,
CHEMBL2107881,MONDO_0004992,INDICATION,
CHEMBL2107881,MONDO_0007254,INDICATION,
CHEMBL2107881,MONDO_0008170,INDICATION,
CHEMBL2107881,MONDO_0008315,INDICATION,
CHEMBL2107881,MONDO_0008903,INDICATION,
CHEMBL2107881,MONDO_0021063,INDICATION,
CHEMBL2107881,MONDO_0100342,INDICATION,
CHEMBL2107882,EFO_0000373,INDICATION,
CHEMBL2107882,EFO_0000668,INDICATION,
CHEMBL2107882,EFO_0000717,INDICATION,
CHEMBL2107883,MONDO_0100096,INDICATION,
CHEMBL2107884,EFO_0004232,INDICATION,
CHEMBL2107884,EFO_0007486,INDICATION,
CHEMBL2107884,EFO_0009661,INDICATION,
CHEMBL2107884,EFO_1000729,INDICATION,
CHEMBL2107884,EFO_1001467,INDICATION,
CHEMBL2107884,MONDO_0004938,INDICATION,
CHEMBL2107884,MONDO_0004979,INDICATION,
CHEMBL2107885,EFO_0000612,INDICATION,
CHEMBL2107885,EFO_0000712,INDICATION,
CHEMBL2107885,EFO_0003144,INDICATION,
CHEMBL2107885,EFO_0008585,INDICATION,
CHEMBL2107891,EFO_0000616,INDICATION,
CHEMBL2107891,EFO_0000691,INDICATION,
CHEMBL2107906,EFO_0009425,INDICATION,
CHEMBL2107909,EFO_0000544,INDICATION,
CHEMBL2107909,EFO_0000764,INDICATION,
CHEMBL2107909,EFO_0001068,INDICATION,
CHEMBL2107909,EFO_0007444,INDICATION,
CHEMBL2107909,EFO_0007469,INDICATION,
CHEMBL2107910,EFO_0000649,INDICATION,
CHEMBL2107910,EFO_0000676,INDICATION,
CHEMBL2107910,EFO_0001073,INDICATION,
CHEMBL2107910,EFO_0003777,INDICATION,
CHEMBL2107910,EFO_0004211,INDICATION,
CHEMBL2107910,EFO_0004616,INDICATION,
CHEMBL2107910,EFO_1000653,INDICATION,
CHEMBL2107910,EFO_1000906,INDICATION,
CHEMBL2107910,MONDO_0002406,INDICATION,
CHEMBL2107910,MONDO_0002635,INDICATION,
CHEMBL2107910,MONDO_0005148,INDICATION,
CHEMBL2107910,MONDO_0007915,INDICATION,
CHEMBL2107911,EFO_0003778,INDICATION,
CHEMBL2107913,MONDO_0013730,INDICATION,
CHEMBL2107914,EFO_0003843,INDICATION,
CHEMBL2107914,EFO_0005611,INDICATION,
CHEMBL2107914,MONDO_0015183,INDICATION,
CHEMBL2107917,EFO_0001075,INDICATION,
CHEMBL2107917,EFO_0003893,INDICATION,
CHEMBL2107917,MONDO_0002087,INDICATION,
CHEMBL2107917,MONDO_0002158,INDICATION,
CHEMBL2107917,MONDO_0008170,INDICATION,
CHEMBL2107927,MONDO_0004169,INDICATION,
CHEMBL2107935,EFO_0009869,INDICATION,
CHEMBL2107951,EFO_0000195,INDICATION,
CHEMBL2107951,EFO_0000274,INDICATION,
CHEMBL2107951,EFO_0000544,INDICATION,
CHEMBL2107951,EFO_0000555,INDICATION,
CHEMBL2107951,EFO_0000729,INDICATION,
CHEMBL2107951,EFO_0002614,INDICATION,
CHEMBL2107951,EFO_0002622,INDICATION,
CHEMBL2107951,EFO_0003095,INDICATION,
CHEMBL2107951,EFO_0003144,INDICATION,
CHEMBL2107951,EFO_0003758,INDICATION,
CHEMBL2107951,EFO_0003921,INDICATION,
CHEMBL2107951,EFO_0004599,INDICATION,
CHEMBL2107951,EFO_0009784,INDICATION,
CHEMBL2107951,EFO_0010282,INDICATION,
CHEMBL2107951,EFO_1000653,INDICATION,
CHEMBL2107951,EFO_1001121,INDICATION,
CHEMBL2107951,MONDO_0002009,INDICATION,
CHEMBL2107951,MONDO_0005180,INDICATION,
CHEMBL2107951,MONDO_0043544,INDICATION,
CHEMBL2107951,MONDO_0100096,INDICATION,
CHEMBL2107960,EFO_0000685,INDICATION,
CHEMBL2107962,EFO_0000763,INDICATION,
CHEMBL2107962,EFO_0002622,INDICATION,
CHEMBL2107962,EFO_0004249,INDICATION,
CHEMBL2107962,EFO_0007450,INDICATION,
CHEMBL2107962,EFO_0007454,INDICATION,
CHEMBL2107966,EFO_0007328,INDICATION,
CHEMBL2107979,EFO_0001645,INDICATION,
CHEMBL2107979,EFO_0008583,INDICATION,
CHEMBL2107991,MP_0001914,INDICATION,
CHEMBL2107997,MONDO_0002974,INDICATION,
CHEMBL2108015,EFO_1000298,INDICATION,
CHEMBL2108018,EFO_1001951,INDICATION,
CHEMBL2108020,MONDO_0018076,INDICATION,
CHEMBL2108021,EFO_0003102,INDICATION,
CHEMBL2108021,EFO_0006887,INDICATION,
CHEMBL2108027,EFO_0000400,INDICATION,
CHEMBL2108027,EFO_0003884,INDICATION,
CHEMBL2108027,EFO_0004319,INDICATION,
CHEMBL2108027,MONDO_0005147,INDICATION,
CHEMBL2108027,MONDO_0005148,INDICATION,
CHEMBL2108029,EFO_0000616,INDICATION,
CHEMBL2108029,MONDO_0007254,INDICATION,
CHEMBL2108030,EFO_0004197,INDICATION,
CHEMBL2108031,MONDO_0008315,INDICATION,
CHEMBL2108034,EFO_0000574,INDICATION,
CHEMBL2108034,EFO_0000756,INDICATION,
CHEMBL2108034,EFO_0005952,INDICATION,
CHEMBL2108034,MONDO_0004992,INDICATION,
CHEMBL2108035,EFO_0000712,INDICATION,
CHEMBL2108035,EFO_0003108,INDICATION,
CHEMBL2108035,EFO_0003843,INDICATION,
CHEMBL2108035,EFO_0003877,INDICATION,
CHEMBL2108035,EFO_0004191,INDICATION,
CHEMBL2108035,EFO_1000760,INDICATION,
CHEMBL2108035,EFO_1000781,INDICATION,
CHEMBL2108035,EFO_1000783,INDICATION,
CHEMBL2108035,EFO_1001219,INDICATION,
CHEMBL2108035,MONDO_0000396,INDICATION,
CHEMBL2108035,MONDO_0003441,INDICATION,
CHEMBL2108035,MONDO_0005180,INDICATION,
CHEMBL2108035,MONDO_0011728,INDICATION,
CHEMBL2108035,Orphanet_93955,INDICATION,
CHEMBL2108038,EFO_0003060,INDICATION,
CHEMBL2108038,MONDO_0008170,INDICATION,
CHEMBL2108041,EFO_0000540,INDICATION,
CHEMBL2108041,EFO_0000685,INDICATION,
CHEMBL2108041,EFO_0003840,INDICATION,
CHEMBL2108041,EFO_0003929,INDICATION,
CHEMBL2108041,EFO_0005952,INDICATION,
CHEMBL2108041,EFO_0007332,INDICATION,
CHEMBL2108041,EFO_0008520,INDICATION,
CHEMBL2108041,MONDO_0005301,INDICATION,
CHEMBL2108041,MONDO_0007915,INDICATION,
CHEMBL2108046,EFO_0000384,INDICATION,
CHEMBL2108046,EFO_0000729,INDICATION,
CHEMBL2108046,EFO_0004599,INDICATION,
CHEMBL2108046,EFO_1000637,INDICATION,
CHEMBL2108046,MONDO_0100096,INDICATION,
CHEMBL2108047,EFO_1001158,INDICATION,
CHEMBL2108047,MONDO_0018997,INDICATION,
CHEMBL2108051,MONDO_0010311,INDICATION,
CHEMBL2108051,MONDO_0016971,INDICATION,
CHEMBL2108051,Orphanet_269,INDICATION,
CHEMBL2108052,MONDO_0005147,INDICATION,
CHEMBL2108054,EFO_0007135,INDICATION,
CHEMBL2108054,MONDO_0015540,INDICATION,
CHEMBL2108056,EFO_0001421,INDICATION,
CHEMBL2108056,EFO_0003086,INDICATION,
CHEMBL2108058,MONDO_0004975,INDICATION,
CHEMBL2108059,EFO_0009688,INDICATION,
CHEMBL2108060,EFO_0000095,INDICATION,
CHEMBL2108060,EFO_0000519,INDICATION,
CHEMBL2108060,EFO_0000681,INDICATION,
CHEMBL2108060,EFO_0000691,INDICATION,
CHEMBL2108060,EFO_0000756,INDICATION,
CHEMBL2108060,EFO_0002618,INDICATION,
CHEMBL2108060,EFO_0003060,INDICATION,
CHEMBL2108060,EFO_1000028,INDICATION,
CHEMBL2108060,EFO_1000158,INDICATION,
CHEMBL2108060,EFO_1001465,INDICATION,
CHEMBL2108060,MONDO_0016700,INDICATION,
CHEMBL2108060,MONDO_0018906,INDICATION,
CHEMBL2108061,EFO_0000756,INDICATION,
CHEMBL2108061,EFO_0001365,INDICATION,
CHEMBL2108061,EFO_0002618,INDICATION,
CHEMBL2108061,EFO_0003060,INDICATION,
CHEMBL2108061,EFO_1001100,INDICATION,
CHEMBL2108061,MONDO_0008170,INDICATION,
CHEMBL2108061,MONDO_0008903,INDICATION,
CHEMBL2108063,EFO_0000574,INDICATION,
CHEMBL2108063,EFO_0000685,INDICATION,
CHEMBL2108063,EFO_0002913,INDICATION,
CHEMBL2108063,EFO_1000785,INDICATION,
CHEMBL2108063,EFO_1001051,INDICATION,
CHEMBL2108064,EFO_0000616,INDICATION,
CHEMBL2108074,EFO_0000278,INDICATION,
CHEMBL2108074,EFO_0000342,INDICATION,
CHEMBL2108074,EFO_0002618,INDICATION,
CHEMBL2108074,MONDO_0001684,INDICATION,
CHEMBL2108074,MONDO_0005147,INDICATION,
CHEMBL2108074,MONDO_0005184,INDICATION,
CHEMBL2108074,MONDO_0009061,INDICATION,
CHEMBL2108076,EFO_0000274,INDICATION,
CHEMBL2108076,EFO_0004347,INDICATION,
CHEMBL2108078,EFO_0000676,INDICATION,
CHEMBL2108078,EFO_0003854,INDICATION,
CHEMBL2108078,EFO_0003882,INDICATION,
CHEMBL2108078,EFO_0008506,INDICATION,
CHEMBL2108078,EFO_0009451,INDICATION,
CHEMBL2108080,EFO_0000545,INDICATION,
CHEMBL2108081,EFO_0000649,INDICATION,
CHEMBL2108081,EFO_0009472,INDICATION,
CHEMBL2108081,EFO_1001459,INDICATION,
CHEMBL2108085,EFO_0003948,INDICATION,
CHEMBL2108086,EFO_0000401,INDICATION,
CHEMBL2108086,EFO_0003770,INDICATION,
CHEMBL2108086,EFO_0003884,INDICATION,
CHEMBL2108086,EFO_0004265,INDICATION,
CHEMBL2108086,EFO_0004286,INDICATION,
CHEMBL2108086,MONDO_0019736,INDICATION,
CHEMBL2108086,MONDO_0100096,INDICATION,
CHEMBL2108102,EFO_0000555,INDICATION,
CHEMBL2108102,EFO_0003768,INDICATION,
CHEMBL2108102,EFO_0003843,INDICATION,
CHEMBL2108102,EFO_0003865,INDICATION,
CHEMBL2108102,EFO_0003888,INDICATION,
CHEMBL2108102,EFO_0006859,INDICATION,
CHEMBL2108102,EFO_0007355,INDICATION,
CHEMBL2108102,EFO_1001145,INDICATION,
CHEMBL2108102,MONDO_0002009,INDICATION,
CHEMBL2108102,MONDO_0002050,INDICATION,
CHEMBL2108102,MONDO_0007254,INDICATION,
CHEMBL2108106,EFO_0001068,INDICATION,
CHEMBL2108106,MONDO_0001751,INDICATION,
CHEMBL2108106,MONDO_0015183,INDICATION,
CHEMBL2108106,MONDO_0017774,INDICATION,
CHEMBL2108110,EFO_0000546,INDICATION,
CHEMBL2108110,EFO_0000551,INDICATION,
CHEMBL2108110,EFO_0000616,INDICATION,
CHEMBL2108110,EFO_0002687,INDICATION,
CHEMBL2108110,EFO_0003818,INDICATION,
CHEMBL2108110,EFO_0005681,INDICATION,
CHEMBL2108110,EFO_0009516,INDICATION,
CHEMBL2108110,EFO_0010282,INDICATION,
CHEMBL2108110,EFO_1001923,INDICATION,
CHEMBL2108110,MONDO_0010602,INDICATION,
CHEMBL2108110,MP_0001914,INDICATION,
CHEMBL2108113,EFO_0003843,INDICATION,
CHEMBL2108113,EFO_0008517,INDICATION,
CHEMBL2108113,EFO_0008568,INDICATION,
CHEMBL2108113,MONDO_0007254,INDICATION,
CHEMBL2108113,MONDO_0044881,INDICATION,
CHEMBL2108119,MONDO_0004979,INDICATION,
CHEMBL2108119,MONDO_0018076,INDICATION,
CHEMBL2108130,EFO_0009523,INDICATION,
CHEMBL2108131,EFO_0000712,INDICATION,
CHEMBL2108133,EFO_0003843,INDICATION,
CHEMBL2108133,EFO_1001139,INDICATION,
CHEMBL2108133,EFO_1001459,INDICATION,
CHEMBL2108133,MONDO_0007254,INDICATION,
CHEMBL2108133,MONDO_0008315,INDICATION,
CHEMBL2108134,EFO_0005762,INDICATION,
CHEMBL2108134,MONDO_0011382,INDICATION,
CHEMBL2108135,MONDO_0011972,INDICATION,
CHEMBL2108139,EFO_0008571,INDICATION,
CHEMBL2108139,EFO_0009536,INDICATION,
CHEMBL2108139,MP_0001845,INDICATION,
CHEMBL2108147,EFO_0000612,INDICATION,
CHEMBL2108147,EFO_0008583,INDICATION,
CHEMBL2108147,EFO_1000652,INDICATION,
CHEMBL2108147,EFO_1001375,INDICATION,
CHEMBL2108157,EFO_0003960,INDICATION,
CHEMBL2108157,EFO_0004142,INDICATION,
CHEMBL2108161,EFO_0007147,INDICATION,
CHEMBL2108161,EFO_0009662,INDICATION,
CHEMBL2108161,MONDO_0018076,INDICATION,
CHEMBL2108163,EFO_0000546,INDICATION,
CHEMBL2108163,EFO_1000637,INDICATION,
CHEMBL2108163,EFO_1001904,INDICATION,
CHEMBL2108163,MONDO_0100096,INDICATION,
CHEMBL2108163,MP_0001914,INDICATION,
CHEMBL2108165,EFO_0005230,INDICATION,
CHEMBL2108170,EFO_0000756,INDICATION,
CHEMBL2108171,EFO_0000540,INDICATION,
CHEMBL2108172,EFO_0000195,INDICATION,
CHEMBL2108172,EFO_0000685,INDICATION,
CHEMBL2108172,MONDO_0011382,INDICATION,
CHEMBL2108175,MONDO_0010602,INDICATION,
CHEMBL2108175,MONDO_0018660,INDICATION,
CHEMBL2108175,Orphanet_903,INDICATION,
CHEMBL2108184,EFO_0000555,INDICATION,
CHEMBL2108184,EFO_0000765,INDICATION,
CHEMBL2108184,MONDO_0007254,INDICATION,
CHEMBL2108185,EFO_0000545,INDICATION,
CHEMBL2108185,MONDO_0018555,INDICATION,
CHEMBL2108195,EFO_0000319,INDICATION,
CHEMBL2108195,EFO_0000546,INDICATION,
CHEMBL2108195,EFO_0004272,INDICATION,
CHEMBL2108195,MONDO_0011382,INDICATION,
CHEMBL2108195,MONDO_0016486,INDICATION,
CHEMBL2108197,EFO_0000319,INDICATION,
CHEMBL2108197,EFO_0000702,INDICATION,
CHEMBL2108197,EFO_0000764,INDICATION,
CHEMBL2108197,EFO_0007160,INDICATION,
CHEMBL2108197,MONDO_0008315,INDICATION,
CHEMBL2108200,EFO_0000676,INDICATION,
CHEMBL2108200,EFO_0001067,INDICATION,
CHEMBL2108200,EFO_0003958,INDICATION,
CHEMBL2108200,MONDO_0002406,INDICATION,
CHEMBL2108200,MONDO_0002898,INDICATION,
CHEMBL2108200,MONDO_0043839,INDICATION,
CHEMBL2108209,EFO_0000616,INDICATION,
CHEMBL2108209,EFO_0000764,INDICATION,
CHEMBL2108210,EFO_0003843,INDICATION,
CHEMBL2108210,EFO_0005230,INDICATION,
CHEMBL2108210,EFO_0005799,INDICATION,
CHEMBL2108214,MONDO_0010526,INDICATION,
CHEMBL2108221,EFO_0000546,INDICATION,
CHEMBL2108221,EFO_0000649,INDICATION,
CHEMBL2108221,EFO_0003819,INDICATION,
CHEMBL2108221,EFO_0008507,INDICATION,
CHEMBL2108221,EFO_1000869,INDICATION,
CHEMBL2108221,MONDO_0002508,INDICATION,
CHEMBL2108221,MONDO_0002635,INDICATION,
CHEMBL2108221,MONDO_0043771,INDICATION,
CHEMBL2108222,EFO_0003843,INDICATION,
CHEMBL2108232,EFO_0000676,INDICATION,
CHEMBL2108232,EFO_1000764,INDICATION,
CHEMBL2108233,EFO_0001645,INDICATION,
CHEMBL2108233,EFO_0004265,INDICATION,
CHEMBL2108233,EFO_0008568,INDICATION,
CHEMBL2108239,MONDO_0001330,INDICATION,
CHEMBL2108241,EFO_0000319,INDICATION,
CHEMBL2108243,EFO_0000474,INDICATION,
CHEMBL2108243,EFO_0000612,INDICATION,
CHEMBL2108243,EFO_0001073,INDICATION,
CHEMBL2108243,EFO_0003884,INDICATION,
CHEMBL2108243,EFO_0003914,INDICATION,
CHEMBL2108243,EFO_0004211,INDICATION,
CHEMBL2108243,MONDO_0002009,INDICATION,
CHEMBL2108243,MONDO_0002050,INDICATION,
CHEMBL2108243,MONDO_0004979,INDICATION,
CHEMBL2108252,EFO_0000095,INDICATION,
CHEMBL2108252,EFO_0000403,INDICATION,
CHEMBL2108252,EFO_0000574,INDICATION,
CHEMBL2108252,EFO_1001469,INDICATION,
CHEMBL2108252,MONDO_0018906,INDICATION,
CHEMBL2108253,EFO_0004142,INDICATION,
CHEMBL2108253,EFO_0006887,INDICATION,
CHEMBL2108264,EFO_0001668,INDICATION,
CHEMBL2108264,EFO_0008571,INDICATION,
CHEMBL2108264,MONDO_0100096,INDICATION,
CHEMBL2108278,MONDO_0010679,INDICATION,
CHEMBL2108278,MONDO_0020121,INDICATION,
CHEMBL2108280,EFO_0000198,INDICATION,
CHEMBL2108280,EFO_0000222,INDICATION,
CHEMBL2108282,MONDO_0002243,INDICATION,
CHEMBL2108282,MONDO_0018029,INDICATION,
CHEMBL2108282,MP_0001914,INDICATION,
CHEMBL2108282,Orphanet_183654,INDICATION,
CHEMBL2108286,MONDO_0010602,INDICATION,
CHEMBL2108287,EFO_0003060,INDICATION,
CHEMBL2108290,EFO_0003884,INDICATION,
CHEMBL2108290,EFO_0004272,INDICATION,
CHEMBL2108291,EFO_0000182,INDICATION,
CHEMBL2108291,EFO_0000616,INDICATION,
CHEMBL2108291,EFO_0000707,INDICATION,
CHEMBL2108291,EFO_0002618,INDICATION,
CHEMBL2108291,EFO_0003929,INDICATION,
CHEMBL2108291,MONDO_0100096,INDICATION,
CHEMBL2108292,MONDO_0010602,INDICATION,
CHEMBL2108292,MONDO_0010604,INDICATION,
CHEMBL2108293,EFO_0003875,INDICATION,
CHEMBL2108293,EFO_0004265,INDICATION,
CHEMBL2108293,EFO_0009085,INDICATION,
CHEMBL2108295,EFO_0002618,INDICATION,
CHEMBL2108297,EFO_0003917,INDICATION,
CHEMBL2108299,EFO_0000400,INDICATION,
CHEMBL2108299,MONDO_0005148,INDICATION,
CHEMBL2108299,MONDO_0100096,INDICATION,
CHEMBL2108302,EFO_0000546,INDICATION,
CHEMBL2108302,EFO_0004616,INDICATION,
CHEMBL2108304,EFO_0000319,INDICATION,
CHEMBL2108304,MONDO_0009387,INDICATION,
CHEMBL2108305,EFO_0000400,INDICATION,
CHEMBL2108305,MONDO_0005147,INDICATION,
CHEMBL2108305,MONDO_0005148,INDICATION,
CHEMBL2108308,EFO_0000182,INDICATION,
CHEMBL2108308,EFO_0000284,INDICATION,
CHEMBL2108308,EFO_0000756,INDICATION,
CHEMBL2108308,EFO_0002618,INDICATION,
CHEMBL2108308,EFO_0003060,INDICATION,
CHEMBL2108308,MONDO_0004975,INDICATION,
CHEMBL2108308,MONDO_0019037,INDICATION,
CHEMBL2108309,EFO_0003060,INDICATION,
CHEMBL2108309,MONDO_0004992,INDICATION,
CHEMBL2108309,MONDO_0008315,INDICATION,
CHEMBL2108311,MONDO_0018570,INDICATION,
CHEMBL2108312,EFO_0000284,INDICATION,
CHEMBL2108312,MONDO_0008315,INDICATION,
CHEMBL2108313,EFO_0001365,INDICATION,
CHEMBL2108313,EFO_0004207,INDICATION,
CHEMBL2108313,EFO_0004683,INDICATION,
CHEMBL2108313,EFO_1000880,INDICATION,
CHEMBL2108313,EFO_1001157,INDICATION,
CHEMBL2108313,MONDO_0008380,INDICATION,
CHEMBL2108314,EFO_0000228,INDICATION,
CHEMBL2108314,EFO_0000546,INDICATION,
CHEMBL2108314,EFO_0000649,INDICATION,
CHEMBL2108314,EFO_0000676,INDICATION,
CHEMBL2108314,EFO_0009688,INDICATION,
CHEMBL2108314,EFO_1000906,INDICATION,
CHEMBL2108314,EFO_1001459,INDICATION,
CHEMBL2108314,EFO_1001904,INDICATION,
CHEMBL2108314,MONDO_0007254,INDICATION,
CHEMBL2108315,MONDO_0019499,INDICATION,
CHEMBL2108319,MONDO_0010602,INDICATION,
CHEMBL2108322,MONDO_0010602,INDICATION,
CHEMBL2108322,MONDO_0010604,INDICATION,
CHEMBL2108324,EFO_0000616,INDICATION,
CHEMBL2108326,EFO_0000384,INDICATION,
CHEMBL2108326,EFO_0000729,INDICATION,
CHEMBL2108326,EFO_0003767,INDICATION,
CHEMBL2108326,EFO_0003921,INDICATION,
CHEMBL2108327,MONDO_0009061,INDICATION,
CHEMBL2108328,MONDO_0004975,INDICATION,
CHEMBL2108334,EFO_0000551,INDICATION,
CHEMBL2108334,EFO_0005669,INDICATION,
CHEMBL2108334,EFO_1000025,INDICATION,
CHEMBL2108334,MONDO_0002243,INDICATION,
CHEMBL2108334,MONDO_0002244,INDICATION,
CHEMBL2108334,MONDO_0010602,INDICATION,
CHEMBL2108334,MONDO_0010604,INDICATION,
CHEMBL2108334,MONDO_0018660,INDICATION,
CHEMBL2108334,MONDO_0100326,INDICATION,
CHEMBL2108334,MP_0001914,INDICATION,
CHEMBL2108336,EFO_0000400,INDICATION,
CHEMBL2108336,EFO_0005672,INDICATION,
CHEMBL2108336,MONDO_0005147,INDICATION,
CHEMBL2108336,MONDO_0005148,INDICATION,
CHEMBL2108336,MONDO_0005180,INDICATION,
CHEMBL2108339,MONDO_0000831,INDICATION,
CHEMBL2108339,MONDO_0018896,INDICATION,
CHEMBL2108339,Orphanet_903,INDICATION,
CHEMBL2108340,EFO_0003929,INDICATION,
CHEMBL2108340,MONDO_0100096,INDICATION,
CHEMBL2108342,EFO_0000222,INDICATION,
CHEMBL2108345,EFO_0000519,INDICATION,
CHEMBL2108345,EFO_0002499,INDICATION,
CHEMBL2108348,MONDO_0010604,INDICATION,
CHEMBL2108350,EFO_0000508,INDICATION,
CHEMBL2108350,EFO_0004599,INDICATION,
CHEMBL2108350,EFO_0007224,INDICATION,
CHEMBL2108350,EFO_0008586,INDICATION,
CHEMBL2108350,MONDO_0019623,INDICATION,
CHEMBL2108350,MONDO_0100096,INDICATION,
CHEMBL2108351,EFO_0003956,INDICATION,
CHEMBL2108351,MP_0001845,INDICATION,
CHEMBL2108354,EFO_0000095,INDICATION,
CHEMBL2108354,EFO_0000096,INDICATION,
CHEMBL2108354,EFO_0000403,INDICATION,
CHEMBL2108354,EFO_0000540,INDICATION,
CHEMBL2108354,EFO_0003840,INDICATION,
CHEMBL2108354,EFO_0003929,INDICATION,
CHEMBL2108354,EFO_0004256,INDICATION,
CHEMBL2108354,EFO_0009441,INDICATION,
CHEMBL2108354,EFO_1001469,INDICATION,
CHEMBL2108354,MONDO_0005301,INDICATION,
CHEMBL2108354,MONDO_0018906,INDICATION,
CHEMBL2108356,EFO_0000365,INDICATION,
CHEMBL2108356,EFO_0000519,INDICATION,
CHEMBL2108356,EFO_0000616,INDICATION,
CHEMBL2108356,EFO_0003060,INDICATION,
CHEMBL2108356,MONDO_0004992,INDICATION,
CHEMBL2108357,EFO_1001938,INDICATION,
CHEMBL2108358,EFO_0000319,INDICATION,
CHEMBL2108358,EFO_0000668,INDICATION,
CHEMBL2108358,EFO_0001421,INDICATION,
CHEMBL2108358,EFO_0001645,INDICATION,
CHEMBL2108358,EFO_0003144,INDICATION,
CHEMBL2108358,EFO_0003884,INDICATION,
CHEMBL2108359,EFO_0000181,INDICATION,
CHEMBL2108359,EFO_0000199,INDICATION,
CHEMBL2108359,EFO_0000228,INDICATION,
CHEMBL2108359,EFO_0000313,INDICATION,
CHEMBL2108359,EFO_0000326,INDICATION,
CHEMBL2108359,EFO_0000519,INDICATION,
CHEMBL2108359,EFO_0000616,INDICATION,
CHEMBL2108359,EFO_0000707,INDICATION,
CHEMBL2108359,EFO_0002618,INDICATION,
CHEMBL2108359,EFO_0002916,INDICATION,
CHEMBL2108359,EFO_0002938,INDICATION,
CHEMBL2108359,EFO_0003060,INDICATION,
CHEMBL2108359,EFO_0003897,INDICATION,
CHEMBL2108359,EFO_0004252,INDICATION,
CHEMBL2108359,EFO_0005922,INDICATION,
CHEMBL2108359,EFO_0006859,INDICATION,
CHEMBL2108359,EFO_0007331,INDICATION,
CHEMBL2108359,EFO_1000026,INDICATION,
CHEMBL2108359,EFO_1000657,INDICATION,
CHEMBL2108359,EFO_1001931,INDICATION,
CHEMBL2108359,EFO_1001951,INDICATION,
CHEMBL2108359,MONDO_0001056,INDICATION,
CHEMBL2108359,MONDO_0001325,INDICATION,
CHEMBL2108359,MONDO_0002914,INDICATION,
CHEMBL2108359,MONDO_0002974,INDICATION,
CHEMBL2108359,MONDO_0004992,INDICATION,
CHEMBL2108359,MONDO_0005575,INDICATION,
CHEMBL2108359,MONDO_0007254,INDICATION,
CHEMBL2108359,MONDO_0007576,INDICATION,
CHEMBL2108359,MONDO_0008903,INDICATION,
CHEMBL2108360,EFO_0003047,INDICATION,
CHEMBL2108360,EFO_0004220,INDICATION,
CHEMBL2108370,MONDO_0013730,INDICATION,
CHEMBL2108380,MONDO_0005180,INDICATION,
CHEMBL2108390,EFO_0000546,INDICATION,
CHEMBL2108390,EFO_0000649,INDICATION,
CHEMBL2108390,EFO_0000678,INDICATION,
CHEMBL2108390,EFO_0002892,INDICATION,
CHEMBL2108390,EFO_0003875,INDICATION,
CHEMBL2108390,EFO_0005323,INDICATION,
CHEMBL2108390,EFO_0009472,INDICATION,
CHEMBL2108390,EFO_0009516,INDICATION,
CHEMBL2108390,EFO_0009660,INDICATION,
CHEMBL2108390,EFO_0010282,INDICATION,
CHEMBL2108390,EFO_0010680,INDICATION,
CHEMBL2108390,EFO_1001250,INDICATION,
CHEMBL2108390,EFO_1001459,INDICATION,
CHEMBL2108390,EFO_1001866,INDICATION,
CHEMBL2108390,EFO_1001896,INDICATION,
CHEMBL2108390,MONDO_0002635,INDICATION,
CHEMBL2108390,MONDO_0002974,INDICATION,
CHEMBL2108390,MONDO_0007254,INDICATION,
CHEMBL2108390,MONDO_0011962,INDICATION,
CHEMBL2108390,MONDO_0019297,INDICATION,
CHEMBL2108390,MP_0001914,INDICATION,
CHEMBL2108391,EFO_0000546,INDICATION,
CHEMBL2108391,EFO_0007305,INDICATION,
CHEMBL2108391,EFO_0007486,INDICATION,
CHEMBL2108391,EFO_0008517,INDICATION,
CHEMBL2108391,EFO_0009094,INDICATION,
CHEMBL2108391,EFO_0009869,INDICATION,
CHEMBL2108391,EFO_1001216,INDICATION,
CHEMBL2108391,MONDO_0005147,INDICATION,
CHEMBL2108391,MONDO_0007254,INDICATION,
CHEMBL2108391,MONDO_0100096,INDICATION,
CHEMBL2108396,EFO_0001378,INDICATION,
CHEMBL2108396,EFO_0004246,INDICATION,
CHEMBL2108396,EFO_0004599,INDICATION,
CHEMBL2108396,MONDO_0011382,INDICATION,
CHEMBL2108396,MONDO_0013730,INDICATION,
CHEMBL2108396,MONDO_0019514,INDICATION,
CHEMBL2108396,MONDO_0100096,INDICATION,
CHEMBL2108400,EFO_0000545,INDICATION,
CHEMBL2108404,EFO_0000094,INDICATION,
CHEMBL2108404,EFO_0000220,INDICATION,
CHEMBL2108404,EFO_0000403,INDICATION,
CHEMBL2108404,EFO_0000565,INDICATION,
CHEMBL2108404,EFO_0000574,INDICATION,
CHEMBL2108404,EFO_0005952,INDICATION,
CHEMBL2108404,EFO_0009441,INDICATION,
CHEMBL2108404,MONDO_0000870,INDICATION,
CHEMBL2108404,MONDO_0004992,INDICATION,
CHEMBL2108404,MONDO_0007915,INDICATION,
CHEMBL2108406,MONDO_0100096,INDICATION,
CHEMBL2108413,EFO_0000707,INDICATION,
CHEMBL2108413,EFO_0003869,INDICATION,
CHEMBL2108413,EFO_0004284,INDICATION,
CHEMBL2108414,EFO_0000546,INDICATION,
CHEMBL2108414,EFO_0004272,INDICATION,
CHEMBL2108414,EFO_0005741,INDICATION,
CHEMBL2108427,EFO_0000279,INDICATION,
CHEMBL2108427,EFO_0000545,INDICATION,
CHEMBL2108427,EFO_0000660,INDICATION,
CHEMBL2108427,EFO_0002950,INDICATION,
CHEMBL2108427,EFO_0008560,INDICATION,
CHEMBL2108427,MONDO_0002146,INDICATION,
CHEMBL2108427,MONDO_0002259,INDICATION,
CHEMBL2108427,MONDO_0018800,INDICATION,
CHEMBL2108429,EFO_0000274,INDICATION,
CHEMBL2108429,EFO_0000341,INDICATION,
CHEMBL2108429,EFO_0004232,INDICATION,
CHEMBL2108429,EFO_0005297,INDICATION,
CHEMBL2108429,EFO_0005531,INDICATION,
CHEMBL2108429,EFO_0006803,INDICATION,
CHEMBL2108429,EFO_0007208,INDICATION,
CHEMBL2108429,EFO_1000024,INDICATION,
CHEMBL2108429,EFO_1000391,INDICATION,
CHEMBL2108429,EFO_1001467,INDICATION,
CHEMBL2108429,MONDO_0004979,INDICATION,
CHEMBL2108442,EFO_0000702,INDICATION,
CHEMBL2108442,MONDO_0008903,INDICATION,
CHEMBL2108446,EFO_0000400,INDICATION,
CHEMBL2108446,MONDO_0005180,INDICATION,
CHEMBL2108448,EFO_0000545,INDICATION,
CHEMBL2108448,EFO_0003875,INDICATION,
CHEMBL2108448,EFO_1001134,INDICATION,
CHEMBL2108448,MP_0001914,INDICATION,
CHEMBL2108451,EFO_0000546,INDICATION,
CHEMBL2108451,EFO_1001459,INDICATION,
CHEMBL2108459,EFO_0000685,INDICATION,
CHEMBL2108462,MONDO_0001549,INDICATION,
CHEMBL2108463,EFO_0004192,INDICATION,
CHEMBL2108463,EFO_1000893,INDICATION,
CHEMBL2108463,MONDO_0018906,INDICATION,
CHEMBL2108465,EFO_0000545,INDICATION,
CHEMBL2108465,EFO_0003819,INDICATION,
CHEMBL2108465,EFO_0003882,INDICATION,
CHEMBL2108465,EFO_0004888,INDICATION,
CHEMBL2108465,EFO_0005406,INDICATION,
CHEMBL2108465,EFO_0005854,INDICATION,
CHEMBL2108465,EFO_0006911,INDICATION,
CHEMBL2108465,EFO_1000637,INDICATION,
CHEMBL2108465,EFO_1001216,INDICATION,
CHEMBL2108465,EFO_1001951,INDICATION,
CHEMBL2108465,MONDO_0004979,INDICATION,
CHEMBL2108465,MONDO_0100096,INDICATION,
CHEMBL2108466,EFO_0000701,INDICATION,
CHEMBL2108466,EFO_0001072,INDICATION,
CHEMBL2108466,EFO_0003925,INDICATION,
CHEMBL2108466,EFO_0004190,INDICATION,
CHEMBL2108466,EFO_0004208,INDICATION,
CHEMBL2108466,EFO_0004335,INDICATION,
CHEMBL2108466,EFO_0004714,INDICATION,
CHEMBL2108466,EFO_0007537,INDICATION,
CHEMBL2108466,EFO_0008568,INDICATION,
CHEMBL2108466,MONDO_0004975,INDICATION,
CHEMBL2108466,MONDO_0005148,INDICATION,
CHEMBL2108466,MONDO_0005180,INDICATION,
CHEMBL2108466,MONDO_0005301,INDICATION,
CHEMBL2108466,MONDO_0019200,INDICATION,
CHEMBL2108466,MONDO_0100096,INDICATION,
CHEMBL2108466,MONDO_0100339,INDICATION,
CHEMBL2108467,EFO_0000400,INDICATION,
CHEMBL2108467,EFO_0000537,INDICATION,
CHEMBL2108467,EFO_0000544,INDICATION,
CHEMBL2108467,EFO_0003869,INDICATION,
CHEMBL2108467,EFO_0003925,INDICATION,
CHEMBL2108467,EFO_1001951,INDICATION,
CHEMBL2108467,MONDO_0004992,INDICATION,
CHEMBL2108467,MONDO_0005090,INDICATION,
CHEMBL2108467,MONDO_0021117,INDICATION,
CHEMBL2108467,MONDO_0100096,INDICATION,
CHEMBL2108469,EFO_0000764,INDICATION,
CHEMBL2108470,EFO_0000616,INDICATION,
CHEMBL2108479,EFO_0000588,INDICATION,
CHEMBL2108479,EFO_0003060,INDICATION,
CHEMBL2108479,EFO_0007147,INDICATION,
CHEMBL2108494,EFO_0000339,INDICATION,
CHEMBL2108494,EFO_0000574,INDICATION,
CHEMBL2108494,EFO_0000616,INDICATION,
CHEMBL2108494,EFO_0000630,INDICATION,
CHEMBL2108494,EFO_0000681,INDICATION,
CHEMBL2108494,EFO_0000694,INDICATION,
CHEMBL2108494,EFO_0000756,INDICATION,
CHEMBL2108494,EFO_0000764,INDICATION,
CHEMBL2108494,EFO_0001422,INDICATION,
CHEMBL2108494,EFO_0002499,INDICATION,
CHEMBL2108494,EFO_0003047,INDICATION,
CHEMBL2108494,EFO_0003840,INDICATION,
CHEMBL2108494,EFO_0003929,INDICATION,
CHEMBL2108494,EFO_0004220,INDICATION,
CHEMBL2108494,EFO_0007328,INDICATION,
CHEMBL2108494,EFO_0007331,INDICATION,
CHEMBL2108494,EFO_0007386,INDICATION,
CHEMBL2108494,EFO_0007549,INDICATION,
CHEMBL2108494,EFO_0008507,INDICATION,
CHEMBL2108494,EFO_0009448,INDICATION,
CHEMBL2108494,EFO_1001282,INDICATION,
CHEMBL2108494,EFO_1001465,INDICATION,
CHEMBL2108494,EFO_1001888,INDICATION,
CHEMBL2108494,MONDO_0002974,INDICATION,
CHEMBL2108494,MONDO_0004992,INDICATION,
CHEMBL2108494,MONDO_0005301,INDICATION,
CHEMBL2108494,MONDO_0021063,INDICATION,
CHEMBL2108494,MONDO_0100096,INDICATION,
CHEMBL2108494,MONDO_0100339,INDICATION,
CHEMBL2108501,EFO_0000365,INDICATION,
CHEMBL2108501,EFO_0003860,INDICATION,
CHEMBL2108501,EFO_0004142,INDICATION,
CHEMBL2108501,EFO_1000657,INDICATION,
CHEMBL2108501,EFO_1001951,INDICATION,
CHEMBL2108501,MONDO_0007254,INDICATION,
CHEMBL2108501,MONDO_0021063,INDICATION,
CHEMBL2108505,EFO_1000062,INDICATION,
CHEMBL2108506,EFO_0000182,INDICATION,
CHEMBL2108506,EFO_0000198,INDICATION,
CHEMBL2108506,EFO_0000339,INDICATION,
CHEMBL2108506,EFO_0000349,INDICATION,
CHEMBL2108506,EFO_0000389,INDICATION,
CHEMBL2108506,EFO_0000544,INDICATION,
CHEMBL2108506,EFO_0000565,INDICATION,
CHEMBL2108506,EFO_0000574,INDICATION,
CHEMBL2108506,EFO_0000588,INDICATION,
CHEMBL2108506,EFO_0000616,INDICATION,
CHEMBL2108506,EFO_0000637,INDICATION,
CHEMBL2108506,EFO_0000640,INDICATION,
CHEMBL2108506,EFO_0000681,INDICATION,
CHEMBL2108506,EFO_0000691,INDICATION,
CHEMBL2108506,EFO_0000756,INDICATION,
CHEMBL2108506,EFO_0001378,INDICATION,
CHEMBL2108506,EFO_0002428,INDICATION,
CHEMBL2108506,EFO_0002429,INDICATION,
CHEMBL2108506,EFO_0002618,INDICATION,
CHEMBL2108506,EFO_0003047,INDICATION,
CHEMBL2108506,EFO_0003968,INDICATION,
CHEMBL2108506,EFO_0004220,INDICATION,
CHEMBL2108506,EFO_0005537,INDICATION,
CHEMBL2108506,EFO_0006859,INDICATION,
CHEMBL2108506,EFO_1000158,INDICATION,
CHEMBL2108506,EFO_1000657,INDICATION,
CHEMBL2108506,EFO_1001051,INDICATION,
CHEMBL2108506,EFO_1001469,INDICATION,
CHEMBL2108506,EFO_1001901,INDICATION,
CHEMBL2108506,EFO_1001951,INDICATION,
CHEMBL2108506,MONDO_0001056,INDICATION,
CHEMBL2108506,MONDO_0001187,INDICATION,
CHEMBL2108506,MONDO_0002087,INDICATION,
CHEMBL2108506,MONDO_0002367,INDICATION,
CHEMBL2108506,MONDO_0002691,INDICATION,
CHEMBL2108506,MONDO_0002898,INDICATION,
CHEMBL2108506,MONDO_0004986,INDICATION,
CHEMBL2108506,MONDO_0004992,INDICATION,
CHEMBL2108506,MONDO_0005147,INDICATION,
CHEMBL2108506,MONDO_0007254,INDICATION,
CHEMBL2108506,MONDO_0007576,INDICATION,
CHEMBL2108506,MONDO_0008170,INDICATION,
CHEMBL2108506,MONDO_0008315,INDICATION,
CHEMBL2108506,MONDO_0008903,INDICATION,
CHEMBL2108506,MONDO_0018906,INDICATION,
CHEMBL2108506,MONDO_0100096,INDICATION,
CHEMBL2108508,EFO_0000220,INDICATION,
CHEMBL2108508,EFO_0000574,INDICATION,
CHEMBL2108508,EFO_0000616,INDICATION,
CHEMBL2108508,EFO_0000676,INDICATION,
CHEMBL2108508,EFO_0000681,INDICATION,
CHEMBL2108508,EFO_0000756,INDICATION,
CHEMBL2108508,EFO_0000764,INDICATION,
CHEMBL2108508,EFO_0001378,INDICATION,
CHEMBL2108508,EFO_0002617,INDICATION,
CHEMBL2108508,EFO_0003047,INDICATION,
CHEMBL2108508,EFO_0003780,INDICATION,
CHEMBL2108508,EFO_0004220,INDICATION,
CHEMBL2108508,EFO_1000956,INDICATION,
CHEMBL2108508,EFO_1001156,INDICATION,
CHEMBL2108508,MONDO_0002367,INDICATION,
CHEMBL2108508,MONDO_0004992,INDICATION,
CHEMBL2108509,EFO_0000616,INDICATION,
CHEMBL2108509,EFO_0000764,INDICATION,
CHEMBL2108510,EFO_0000616,INDICATION,
CHEMBL2108510,EFO_0000756,INDICATION,
CHEMBL2108510,EFO_1000986,INDICATION,
CHEMBL2108510,EFO_1001471,INDICATION,
CHEMBL2108510,MONDO_0003005,INDICATION,
CHEMBL2108510,MONDO_0005301,INDICATION,
CHEMBL2108512,EFO_0004197,INDICATION,
CHEMBL2108512,EFO_0004239,INDICATION,
CHEMBL2108512,EFO_0010682,INDICATION,
CHEMBL2108518,EFO_0000224,INDICATION,
CHEMBL2108518,EFO_0003047,INDICATION,
CHEMBL2108518,EFO_0003932,INDICATION,
CHEMBL2108518,EFO_0008583,INDICATION,
CHEMBL2108518,EFO_0009373,INDICATION,
CHEMBL2108518,EFO_0009472,INDICATION,
CHEMBL2108518,MONDO_0004992,INDICATION,
CHEMBL2108518,MONDO_0005148,INDICATION,
CHEMBL2108518,MONDO_0015277,INDICATION,
CHEMBL2108531,EFO_1000158,INDICATION,
CHEMBL2108535,EFO_0000544,INDICATION,
CHEMBL2108545,EFO_0005755,INDICATION,
CHEMBL2108546,EFO_0000094,INDICATION,
CHEMBL2108546,EFO_0000209,INDICATION,
CHEMBL2108546,EFO_0000220,INDICATION,
CHEMBL2108546,EFO_0000565,INDICATION,
CHEMBL2108546,EFO_0000574,INDICATION,
CHEMBL2108546,EFO_0000616,INDICATION,
CHEMBL2108546,EFO_0004289,INDICATION,
CHEMBL2108546,EFO_1001830,INDICATION,
CHEMBL2108546,MONDO_0000870,INDICATION,
CHEMBL2108546,MONDO_0000873,INDICATION,
CHEMBL2108546,MONDO_0015540,INDICATION,
CHEMBL2108546,MONDO_0019460,INDICATION,
CHEMBL2108546,MONDO_0019472,INDICATION,
CHEMBL2108546,MONDO_0044917,INDICATION,
CHEMBL2108553,MONDO_0100096,INDICATION,
CHEMBL2108555,EFO_0000546,INDICATION,
CHEMBL2108555,EFO_0000676,INDICATION,
CHEMBL2108555,EFO_0002496,INDICATION,
CHEMBL2108555,EFO_0003843,INDICATION,
CHEMBL2108555,EFO_0003958,INDICATION,
CHEMBL2108555,EFO_0005681,INDICATION,
CHEMBL2108555,EFO_0009516,INDICATION,
CHEMBL2108555,EFO_1001434,INDICATION,
CHEMBL2108555,MONDO_0043771,INDICATION,
CHEMBL2108556,EFO_1001459,INDICATION,
CHEMBL2108557,EFO_1001459,INDICATION,
CHEMBL2108557,MONDO_0004976,INDICATION,
CHEMBL2108558,EFO_1000948,INDICATION,
CHEMBL2108558,MONDO_0002203,INDICATION,
CHEMBL2108559,EFO_1000657,INDICATION,
CHEMBL2108559,MONDO_0021063,INDICATION,
CHEMBL2108563,EFO_1000892,INDICATION,
CHEMBL2108563,MONDO_0005271,INDICATION,
CHEMBL2108567,EFO_0000342,INDICATION,
CHEMBL2108567,EFO_0001065,INDICATION,
CHEMBL2108567,EFO_0003830,INDICATION,
CHEMBL2108567,EFO_0003843,INDICATION,
CHEMBL2108567,EFO_0004616,INDICATION,
CHEMBL2108567,EFO_1000783,INDICATION,
CHEMBL2108567,EFO_1000786,INDICATION,
CHEMBL2108567,EFO_1000869,INDICATION,
CHEMBL2108567,MONDO_0005178,INDICATION,
CHEMBL2108567,MONDO_0041052,INDICATION,
CHEMBL2108568,EFO_0000182,INDICATION,
CHEMBL2108568,EFO_0000616,INDICATION,
CHEMBL2108568,EFO_0000632,INDICATION,
CHEMBL2108568,EFO_0000673,INDICATION,
CHEMBL2108568,EFO_0000681,INDICATION,
CHEMBL2108568,EFO_0003060,INDICATION,
CHEMBL2108568,EFO_0003968,INDICATION,
CHEMBL2108568,EFO_0008528,INDICATION,
CHEMBL2108568,EFO_1000158,INDICATION,
CHEMBL2108568,EFO_1001465,INDICATION,
CHEMBL2108568,MONDO_0002087,INDICATION,
CHEMBL2108568,MONDO_0002158,INDICATION,
CHEMBL2108568,MONDO_0007254,INDICATION,
CHEMBL2108568,MONDO_0008170,INDICATION,
CHEMBL2108569,MONDO_0005147,INDICATION,
CHEMBL2108569,MONDO_0005148,INDICATION,
CHEMBL2108570,EFO_0006346,INDICATION,
CHEMBL2108570,EFO_1001896,INDICATION,
CHEMBL2108572,EFO_0000616,INDICATION,
CHEMBL2108572,MONDO_0001475,INDICATION,
CHEMBL2108573,EFO_0000778,INDICATION,
CHEMBL2108574,EFO_0005207,INDICATION,
CHEMBL2108576,MONDO_0004975,INDICATION,
CHEMBL2108577,EFO_0000313,INDICATION,
CHEMBL2108577,MONDO_0021117,INDICATION,
CHEMBL2108581,EFO_0000294,INDICATION,
CHEMBL2108581,EFO_0000503,INDICATION,
CHEMBL2108581,EFO_0000616,INDICATION,
CHEMBL2108581,EFO_0003897,INDICATION,
CHEMBL2108581,EFO_1000251,INDICATION,
CHEMBL2108581,EFO_1001100,INDICATION,
CHEMBL2108581,MONDO_0001187,INDICATION,
CHEMBL2108581,MONDO_0004992,INDICATION,
CHEMBL2108581,MONDO_0008170,INDICATION,
CHEMBL2108583,EFO_0000519,INDICATION,
CHEMBL2108583,EFO_0000630,INDICATION,
CHEMBL2108583,EFO_0002499,INDICATION,
CHEMBL2108583,EFO_0002501,INDICATION,
CHEMBL2108583,EFO_0003833,INDICATION,
CHEMBL2108583,EFO_0005543,INDICATION,
CHEMBL2108583,EFO_1000158,INDICATION,
CHEMBL2108583,MONDO_0100342,INDICATION,
CHEMBL2108585,EFO_0003060,INDICATION,
CHEMBL2108585,EFO_0006859,INDICATION,
CHEMBL2108585,EFO_1000158,INDICATION,
CHEMBL2108585,MONDO_0002087,INDICATION,
CHEMBL2108585,MONDO_0002691,INDICATION,
CHEMBL2108585,MONDO_0004986,INDICATION,
CHEMBL2108585,MONDO_0007254,INDICATION,
CHEMBL2108585,MONDO_0008170,INDICATION,
CHEMBL2108585,MONDO_0008903,INDICATION,
CHEMBL2108589,EFO_0000384,INDICATION,
CHEMBL2108589,EFO_0000685,INDICATION,
CHEMBL2108589,EFO_0003778,INDICATION,
CHEMBL2108589,EFO_0004599,INDICATION,
CHEMBL2108589,EFO_1001904,INDICATION,
CHEMBL2108589,MONDO_0004979,INDICATION,
CHEMBL2108589,MONDO_0100096,INDICATION,
CHEMBL2108589,MP_0001845,INDICATION,
CHEMBL2108593,EFO_0003884,INDICATION,
CHEMBL2108593,EFO_0004272,INDICATION,
CHEMBL2108593,EFO_1001459,INDICATION,
CHEMBL2108594,EFO_0003944,INDICATION,
CHEMBL2108594,EFO_0004260,INDICATION,
CHEMBL2108594,EFO_0004616,INDICATION,
CHEMBL2108597,EFO_0000178,INDICATION,
CHEMBL2108597,EFO_0000341,INDICATION,
CHEMBL2108597,EFO_0003144,INDICATION,
CHEMBL2108597,EFO_0003964,INDICATION,
CHEMBL2108597,EFO_0004270,INDICATION,
CHEMBL2108597,EFO_0004272,INDICATION,
CHEMBL2108597,EFO_0004540,INDICATION,
CHEMBL2108597,EFO_1000984,INDICATION,
CHEMBL2108597,MONDO_0002280,INDICATION,
CHEMBL2108597,MONDO_0021148,INDICATION,
CHEMBL2108603,EFO_0005672,INDICATION,
CHEMBL2108609,EFO_0000228,INDICATION,
CHEMBL2108609,EFO_1001951,INDICATION,
CHEMBL2108609,MONDO_0001187,INDICATION,
CHEMBL2108609,MONDO_0007254,INDICATION,
CHEMBL2108609,MONDO_0008170,INDICATION,
CHEMBL2108611,EFO_0000094,INDICATION,
CHEMBL2108611,EFO_0000096,INDICATION,
CHEMBL2108611,EFO_0000220,INDICATION,
CHEMBL2108611,EFO_0000309,INDICATION,
CHEMBL2108611,EFO_0000403,INDICATION,
CHEMBL2108611,EFO_0000565,INDICATION,
CHEMBL2108611,EFO_0000574,INDICATION,
CHEMBL2108611,EFO_0000616,INDICATION,
CHEMBL2108611,EFO_0004289,INDICATION,
CHEMBL2108611,EFO_0005952,INDICATION,
CHEMBL2108611,EFO_1000131,INDICATION,
CHEMBL2108611,MONDO_0000873,INDICATION,
CHEMBL2108611,MONDO_0018906,INDICATION,
CHEMBL2108611,MONDO_0044881,INDICATION,
CHEMBL2108612,EFO_0000183,INDICATION,
CHEMBL2108612,EFO_0000574,INDICATION,
CHEMBL2108612,EFO_0001642,INDICATION,
CHEMBL2108615,EFO_0008528,INDICATION,
CHEMBL2108616,EFO_0004197,INDICATION,
CHEMBL2108618,MONDO_0008315,INDICATION,
CHEMBL2108621,EFO_0000182,INDICATION,
CHEMBL2108621,EFO_0001378,INDICATION,
CHEMBL2108621,EFO_0003060,INDICATION,
CHEMBL2108621,EFO_0005952,INDICATION,
CHEMBL2108621,MONDO_0002974,INDICATION,
CHEMBL2108623,EFO_0000401,INDICATION,
CHEMBL2108623,EFO_0000764,INDICATION,
CHEMBL2108623,EFO_0003884,INDICATION,
CHEMBL2108623,EFO_0004220,INDICATION,
CHEMBL2108623,EFO_0004699,INDICATION,
CHEMBL2108623,MONDO_0021063,INDICATION,
CHEMBL2108626,EFO_0000756,INDICATION,
CHEMBL2108627,EFO_0000519,INDICATION,
CHEMBL2108627,EFO_0002499,INDICATION,
CHEMBL2108627,EFO_0002501,INDICATION,
CHEMBL2108627,MONDO_0001187,INDICATION,
CHEMBL2108627,MONDO_0100342,INDICATION,
CHEMBL2108628,EFO_0000466,INDICATION,
CHEMBL2108628,EFO_0000616,INDICATION,
CHEMBL2108628,EFO_0000673,INDICATION,
CHEMBL2108628,EFO_0000707,INDICATION,
CHEMBL2108628,EFO_0003060,INDICATION,
CHEMBL2108628,EFO_0003833,INDICATION,
CHEMBL2108628,EFO_0006772,INDICATION,
CHEMBL2108628,MONDO_0002087,INDICATION,
CHEMBL2108628,MONDO_0002158,INDICATION,
CHEMBL2108628,MONDO_0005575,INDICATION,
CHEMBL2108628,MONDO_0007254,INDICATION,
CHEMBL2108628,MONDO_0008170,INDICATION,
CHEMBL2108628,MONDO_0008315,INDICATION,
CHEMBL2108628,MONDO_0008903,INDICATION,
CHEMBL2108632,EFO_0000546,INDICATION,
CHEMBL2108632,EFO_0000712,INDICATION,
CHEMBL2108632,EFO_0003963,INDICATION,
CHEMBL2108632,EFO_0004229,INDICATION,
CHEMBL2108632,EFO_0004616,INDICATION,
CHEMBL2108632,MONDO_0005178,INDICATION,
CHEMBL2108632,MONDO_0043510,INDICATION,
CHEMBL2108632,MP_0001914,INDICATION,
CHEMBL2108637,EFO_0004994,INDICATION,
CHEMBL2108638,EFO_0000778,INDICATION,
CHEMBL2108651,EFO_0000544,INDICATION,
CHEMBL2108651,EFO_0003060,INDICATION,
CHEMBL2108653,EFO_0000768,INDICATION,
CHEMBL2108653,EFO_0003100,INDICATION,
CHEMBL2108653,MONDO_0021063,INDICATION,
CHEMBL2108655,EFO_1001314,INDICATION,
CHEMBL2108658,EFO_0000181,INDICATION,
CHEMBL2108658,EFO_0000182,INDICATION,
CHEMBL2108658,EFO_0000198,INDICATION,
CHEMBL2108658,EFO_0000199,INDICATION,
CHEMBL2108658,EFO_0000305,INDICATION,
CHEMBL2108658,EFO_0000349,INDICATION,
CHEMBL2108658,EFO_0000365,INDICATION,
CHEMBL2108658,EFO_0000389,INDICATION,
CHEMBL2108658,EFO_0000403,INDICATION,
CHEMBL2108658,EFO_0000501,INDICATION,
CHEMBL2108658,EFO_0000503,INDICATION,
CHEMBL2108658,EFO_0000514,INDICATION,
CHEMBL2108658,EFO_0000519,INDICATION,
CHEMBL2108658,EFO_0000574,INDICATION,
CHEMBL2108658,EFO_0000588,INDICATION,
CHEMBL2108658,EFO_0000616,INDICATION,
CHEMBL2108658,EFO_0000641,INDICATION,
CHEMBL2108658,EFO_0000673,INDICATION,
CHEMBL2108658,EFO_0000681,INDICATION,
CHEMBL2108658,EFO_0000691,INDICATION,
CHEMBL2108658,EFO_0000702,INDICATION,
CHEMBL2108658,EFO_0000708,INDICATION,
CHEMBL2108658,EFO_0000756,INDICATION,
CHEMBL2108658,EFO_0000764,INDICATION,
CHEMBL2108658,EFO_0001075,INDICATION,
CHEMBL2108658,EFO_0001378,INDICATION,
CHEMBL2108658,EFO_0001642,INDICATION,
CHEMBL2108658,EFO_0002617,INDICATION,
CHEMBL2108658,EFO_0002618,INDICATION,
CHEMBL2108658,EFO_0003060,INDICATION,
CHEMBL2108658,EFO_0003863,INDICATION,
CHEMBL2108658,EFO_0003891,INDICATION,
CHEMBL2108658,EFO_0004142,INDICATION,
CHEMBL2108658,EFO_0004284,INDICATION,
CHEMBL2108658,EFO_0005220,INDICATION,
CHEMBL2108658,EFO_0005221,INDICATION,
CHEMBL2108658,EFO_0005537,INDICATION,
CHEMBL2108658,EFO_0008528,INDICATION,
CHEMBL2108658,EFO_1000251,INDICATION,
CHEMBL2108658,EFO_1001100,INDICATION,
CHEMBL2108658,EFO_1001951,INDICATION,
CHEMBL2108658,EFO_1001961,INDICATION,
CHEMBL2108658,EFO_1001968,INDICATION,
CHEMBL2108658,MONDO_0001056,INDICATION,
CHEMBL2108658,MONDO_0001187,INDICATION,
CHEMBL2108658,MONDO_0002108,INDICATION,
CHEMBL2108658,MONDO_0002158,INDICATION,
CHEMBL2108658,MONDO_0003001,INDICATION,
CHEMBL2108658,MONDO_0003002,INDICATION,
CHEMBL2108658,MONDO_0003060,INDICATION,
CHEMBL2108658,MONDO_0004992,INDICATION,
CHEMBL2108658,MONDO_0005184,INDICATION,
CHEMBL2108658,MONDO_0007254,INDICATION,
CHEMBL2108658,MONDO_0007576,INDICATION,
CHEMBL2108658,MONDO_0008170,INDICATION,
CHEMBL2108658,MONDO_0008315,INDICATION,
CHEMBL2108658,MONDO_0008903,INDICATION,
CHEMBL2108658,MONDO_0021148,INDICATION,
CHEMBL2108658,MONDO_0044704,INDICATION,
CHEMBL2108659,EFO_0003144,INDICATION,
CHEMBL2108660,MONDO_0008170,INDICATION,
CHEMBL2108663,EFO_0000756,INDICATION,
CHEMBL2108664,EFO_1000910,INDICATION,
CHEMBL2108664,MONDO_0001879,INDICATION,
CHEMBL2108664,MONDO_0002974,INDICATION,
CHEMBL2108664,MONDO_0022394,INDICATION,
CHEMBL2108666,EFO_0000094,INDICATION,
CHEMBL2108666,EFO_0000096,INDICATION,
CHEMBL2108666,EFO_0000403,INDICATION,
CHEMBL2108666,MONDO_0018906,INDICATION,
CHEMBL2108667,EFO_0000095,INDICATION,
CHEMBL2108667,EFO_0000096,INDICATION,
CHEMBL2108667,EFO_0000183,INDICATION,
CHEMBL2108667,EFO_0000191,INDICATION,
CHEMBL2108667,EFO_0000309,INDICATION,
CHEMBL2108667,EFO_0000403,INDICATION,
CHEMBL2108667,EFO_0000565,INDICATION,
CHEMBL2108667,EFO_0000574,INDICATION,
CHEMBL2108667,EFO_0001378,INDICATION,
CHEMBL2108667,EFO_0003032,INDICATION,
CHEMBL2108667,EFO_0005952,INDICATION,
CHEMBL2108667,EFO_0009441,INDICATION,
CHEMBL2108667,EFO_1001365,INDICATION,
CHEMBL2108667,EFO_1001469,INDICATION,
CHEMBL2108667,MONDO_0000873,INDICATION,
CHEMBL2108667,MONDO_0013730,INDICATION,
CHEMBL2108667,MONDO_0018906,INDICATION,
CHEMBL2108670,EFO_0009130,INDICATION,
CHEMBL2108670,EFO_1000874,INDICATION,
CHEMBL2108670,EFO_1001314,INDICATION,
CHEMBL2108672,EFO_0000681,INDICATION,
CHEMBL2108674,MONDO_0010679,INDICATION,
CHEMBL2108675,EFO_0000274,INDICATION,
CHEMBL2108675,EFO_0000341,INDICATION,
CHEMBL2108675,EFO_0000684,INDICATION,
CHEMBL2108675,EFO_0000701,INDICATION,
CHEMBL2108675,EFO_0000729,INDICATION,
CHEMBL2108675,EFO_0003060,INDICATION,
CHEMBL2108675,EFO_0004192,INDICATION,
CHEMBL2108675,EFO_0004212,INDICATION,
CHEMBL2108675,EFO_0004232,INDICATION,
CHEMBL2108675,EFO_0005531,INDICATION,
CHEMBL2108675,EFO_0005532,INDICATION,
CHEMBL2108675,EFO_0005854,INDICATION,
CHEMBL2108675,EFO_0007140,INDICATION,
CHEMBL2108675,EFO_0007141,INDICATION,
CHEMBL2108675,EFO_0007187,INDICATION,
CHEMBL2108675,EFO_0007425,INDICATION,
CHEMBL2108675,EFO_0007486,INDICATION,
CHEMBL2108675,EFO_1000391,INDICATION,
CHEMBL2108675,EFO_1000740,INDICATION,
CHEMBL2108675,EFO_1001361,INDICATION,
CHEMBL2108675,EFO_1001881,INDICATION,
CHEMBL2108675,MONDO_0002406,INDICATION,
CHEMBL2108675,MONDO_0004979,INDICATION,
CHEMBL2108675,MONDO_0008315,INDICATION,
CHEMBL2108675,MONDO_0009735,INDICATION,
CHEMBL2108675,MONDO_0100096,INDICATION,
CHEMBL2108676,MONDO_0009659,INDICATION,
CHEMBL2108676,MONDO_0018938,INDICATION,
CHEMBL2108676,MONDO_0019249,INDICATION,
CHEMBL2108677,EFO_0000616,INDICATION,
CHEMBL2108677,EFO_0003929,INDICATION,
CHEMBL2108677,MONDO_0005301,INDICATION,
CHEMBL2108678,EFO_0000616,INDICATION,
CHEMBL2108678,EFO_0001365,INDICATION,
CHEMBL2108679,EFO_0003929,INDICATION,
CHEMBL2108679,MONDO_0004976,INDICATION,
CHEMBL2108679,MONDO_0005301,INDICATION,
CHEMBL2108680,EFO_0000182,INDICATION,
CHEMBL2108680,EFO_0000403,INDICATION,
CHEMBL2108680,EFO_0000574,INDICATION,
CHEMBL2108680,EFO_0000673,INDICATION,
CHEMBL2108680,EFO_0000681,INDICATION,
CHEMBL2108680,EFO_0000756,INDICATION,
CHEMBL2108680,EFO_0001378,INDICATION,
CHEMBL2108680,EFO_0002618,INDICATION,
CHEMBL2108680,EFO_0004220,INDICATION,
CHEMBL2108681,EFO_0000540,INDICATION,
CHEMBL2108681,EFO_0000676,INDICATION,
CHEMBL2108681,EFO_1001494,INDICATION,
CHEMBL2108681,MONDO_0004992,INDICATION,
CHEMBL2108681,MONDO_0008315,INDICATION,
CHEMBL2108682,EFO_0003060,INDICATION,
CHEMBL2108683,EFO_0000616,INDICATION,
CHEMBL2108683,EFO_0003890,INDICATION,
CHEMBL2108683,EFO_1001951,INDICATION,
CHEMBL2108684,EFO_0000432,INDICATION,
CHEMBL2108684,MONDO_0007254,INDICATION,
CHEMBL2108688,EFO_0000764,INDICATION,
CHEMBL2108688,MONDO_0004651,INDICATION,
CHEMBL2108693,EFO_0000274,INDICATION,
CHEMBL2108693,EFO_0001073,INDICATION,
CHEMBL2108693,EFO_0004992,INDICATION,
CHEMBL2108693,EFO_0005854,INDICATION,
CHEMBL2108693,EFO_1001176,INDICATION,
CHEMBL2108693,EFO_1001417,INDICATION,
CHEMBL2108693,EFO_1002018,INDICATION,
CHEMBL2108698,EFO_0009373,INDICATION,
CHEMBL2108698,EFO_0009552,INDICATION,
CHEMBL2108700,EFO_0000544,INDICATION,
CHEMBL2108700,EFO_0007214,INDICATION,
CHEMBL2108701,EFO_0001645,INDICATION,
CHEMBL2108701,EFO_0003964,INDICATION,
CHEMBL2108701,EFO_0005251,INDICATION,
CHEMBL2108701,EFO_1001134,INDICATION,
CHEMBL2108702,EFO_0000616,INDICATION,
CHEMBL2108702,EFO_0001378,INDICATION,
CHEMBL2108702,MONDO_0007254,INDICATION,
CHEMBL2108702,MONDO_0008903,INDICATION,
CHEMBL2108703,MONDO_0001684,INDICATION,
CHEMBL2108703,MONDO_0009061,INDICATION,
CHEMBL2108705,EFO_0000181,INDICATION,
CHEMBL2108705,EFO_0000389,INDICATION,
CHEMBL2108705,EFO_0000756,INDICATION,
CHEMBL2108705,EFO_0001378,INDICATION,
CHEMBL2108705,EFO_0003060,INDICATION,
CHEMBL2108705,MONDO_0001187,INDICATION,
CHEMBL2108707,EFO_0000756,INDICATION,
CHEMBL2108707,MONDO_0007254,INDICATION,
CHEMBL2108708,EFO_0002618,INDICATION,
CHEMBL2108709,EFO_0000759,INDICATION,
CHEMBL2108709,EFO_0003899,INDICATION,
CHEMBL2108709,EFO_0004229,INDICATION,
CHEMBL2108709,EFO_0007067,INDICATION,
CHEMBL2108709,EFO_1000438,INDICATION,
CHEMBL2108709,EFO_1000466,INDICATION,
CHEMBL2108709,EFO_1000941,INDICATION,
CHEMBL2108709,EFO_1001434,INDICATION,
CHEMBL2108709,EFO_1001459,INDICATION,
CHEMBL2108709,MONDO_0043839,INDICATION,
CHEMBL2108712,EFO_0003929,INDICATION,
CHEMBL2108714,EFO_0001668,INDICATION,
CHEMBL2108714,MONDO_0022394,INDICATION,
CHEMBL2108717,EFO_0002618,INDICATION,
CHEMBL2108718,EFO_0004286,INDICATION,
CHEMBL2108720,MONDO_0004979,INDICATION,
CHEMBL2108721,EFO_0000373,INDICATION,
CHEMBL2108721,EFO_0003144,INDICATION,
CHEMBL2108721,EFO_0008585,INDICATION,
CHEMBL2108722,EFO_0004274,INDICATION,
CHEMBL2108723,EFO_0000694,INDICATION,
CHEMBL2108723,EFO_0003047,INDICATION,
CHEMBL2108723,EFO_0004197,INDICATION,
CHEMBL2108723,EFO_0004220,INDICATION,
CHEMBL2108723,EFO_0004239,INDICATION,
CHEMBL2108723,EFO_0007304,INDICATION,
CHEMBL2108723,MONDO_0100096,INDICATION,
CHEMBL2108724,EFO_0000400,INDICATION,
CHEMBL2108724,EFO_0000401,INDICATION,
CHEMBL2108724,EFO_0000660,INDICATION,
CHEMBL2108724,EFO_0000712,INDICATION,
CHEMBL2108724,EFO_0001073,INDICATION,
CHEMBL2108724,EFO_0001645,INDICATION,
CHEMBL2108724,EFO_0003095,INDICATION,
CHEMBL2108724,EFO_0003768,INDICATION,
CHEMBL2108724,EFO_1001006,INDICATION,
CHEMBL2108724,EFO_1001249,INDICATION,
CHEMBL2108724,MONDO_0002009,INDICATION,
CHEMBL2108724,MONDO_0004975,INDICATION,
CHEMBL2108724,MONDO_0004979,INDICATION,
CHEMBL2108724,MONDO_0005147,INDICATION,
CHEMBL2108724,MONDO_0005148,INDICATION,
CHEMBL2108724,MONDO_0005180,INDICATION,
CHEMBL2108724,MONDO_0007079,INDICATION,
CHEMBL2108725,EFO_0001645,INDICATION,
CHEMBL2108726,EFO_0000474,INDICATION,
CHEMBL2108726,EFO_0000707,INDICATION,
CHEMBL2108726,EFO_0000756,INDICATION,
CHEMBL2108726,MONDO_0005835,INDICATION,
CHEMBL2108726,MONDO_0007254,INDICATION,
CHEMBL2108726,MONDO_0011962,INDICATION,
CHEMBL2108727,EFO_0000305,INDICATION,
CHEMBL2108727,EFO_0000326,INDICATION,
CHEMBL2108727,EFO_0000389,INDICATION,
CHEMBL2108727,EFO_0000432,INDICATION,
CHEMBL2108727,EFO_0000558,INDICATION,
CHEMBL2108727,EFO_0000756,INDICATION,
CHEMBL2108727,EFO_0002618,INDICATION,
CHEMBL2108727,EFO_0003968,INDICATION,
CHEMBL2108727,EFO_1000657,INDICATION,
CHEMBL2108727,EFO_1001968,INDICATION,
CHEMBL2108727,MONDO_0002038,INDICATION,
CHEMBL2108727,MONDO_0007254,INDICATION,
CHEMBL2108727,MONDO_0017387,INDICATION,
CHEMBL2108728,EFO_0000209,INDICATION,
CHEMBL2108728,EFO_0000220,INDICATION,
CHEMBL2108728,EFO_0000222,INDICATION,
CHEMBL2108728,MONDO_0000873,INDICATION,
CHEMBL2108730,EFO_0000540,INDICATION,
CHEMBL2108730,EFO_0000685,INDICATION,
CHEMBL2108730,EFO_0000694,INDICATION,
CHEMBL2108730,EFO_0000756,INDICATION,
CHEMBL2108730,EFO_0002609,INDICATION,
CHEMBL2108730,EFO_0003106,INDICATION,
CHEMBL2108730,EFO_0003898,INDICATION,
CHEMBL2108730,EFO_0007328,INDICATION,
CHEMBL2108730,EFO_0008518,INDICATION,
CHEMBL2108730,EFO_1001209,INDICATION,
CHEMBL2108730,EFO_1001231,INDICATION,
CHEMBL2108730,EFO_1001361,INDICATION,
CHEMBL2108730,MONDO_0008315,INDICATION,
CHEMBL2108730,MONDO_0008903,INDICATION,
CHEMBL2108730,MONDO_0016586,INDICATION,
CHEMBL2108730,MONDO_0100096,INDICATION,
CHEMBL2108733,EFO_0000407,INDICATION,
CHEMBL2108733,EFO_0000556,INDICATION,
CHEMBL2108733,EFO_0004259,INDICATION,
CHEMBL2108733,EFO_0004265,INDICATION,
CHEMBL2108734,EFO_0000756,INDICATION,
CHEMBL2108735,MONDO_0010679,INDICATION,
CHEMBL2108735,MONDO_0020121,INDICATION,
CHEMBL2108738,EFO_0000095,INDICATION,
CHEMBL2108738,EFO_0000096,INDICATION,
CHEMBL2108738,EFO_0000174,INDICATION,
CHEMBL2108738,EFO_0000180,INDICATION,
CHEMBL2108738,EFO_0000181,INDICATION,
CHEMBL2108738,EFO_0000182,INDICATION,
CHEMBL2108738,EFO_0000183,INDICATION,
CHEMBL2108738,EFO_0000196,INDICATION,
CHEMBL2108738,EFO_0000198,INDICATION,
CHEMBL2108738,EFO_0000199,INDICATION,
CHEMBL2108738,EFO_0000211,INDICATION,
CHEMBL2108738,EFO_0000220,INDICATION,
CHEMBL2108738,EFO_0000222,INDICATION,
CHEMBL2108738,EFO_0000228,INDICATION,
CHEMBL2108738,EFO_0000294,INDICATION,
CHEMBL2108738,EFO_0000305,INDICATION,
CHEMBL2108738,EFO_0000313,INDICATION,
CHEMBL2108738,EFO_0000326,INDICATION,
CHEMBL2108738,EFO_0000335,INDICATION,
CHEMBL2108738,EFO_0000339,INDICATION,
CHEMBL2108738,EFO_0000349,INDICATION,
CHEMBL2108738,EFO_0000365,INDICATION,
CHEMBL2108738,EFO_0000389,INDICATION,
CHEMBL2108738,EFO_0000403,INDICATION,
CHEMBL2108738,EFO_0000503,INDICATION,
CHEMBL2108738,EFO_0000514,INDICATION,
CHEMBL2108738,EFO_0000519,INDICATION,
CHEMBL2108738,EFO_0000558,INDICATION,
CHEMBL2108738,EFO_0000564,INDICATION,
CHEMBL2108738,EFO_0000565,INDICATION,
CHEMBL2108738,EFO_0000571,INDICATION,
CHEMBL2108738,EFO_0000574,INDICATION,
CHEMBL2108738,EFO_0000588,INDICATION,
CHEMBL2108738,EFO_0000616,INDICATION,
CHEMBL2108738,EFO_0000621,INDICATION,
CHEMBL2108738,EFO_0000632,INDICATION,
CHEMBL2108738,EFO_0000637,INDICATION,
CHEMBL2108738,EFO_0000640,INDICATION,
CHEMBL2108738,EFO_0000673,INDICATION,
CHEMBL2108738,EFO_0000681,INDICATION,
CHEMBL2108738,EFO_0000691,INDICATION,
CHEMBL2108738,EFO_0000702,INDICATION,
CHEMBL2108738,EFO_0000707,INDICATION,
CHEMBL2108738,EFO_0000708,INDICATION,
CHEMBL2108738,EFO_0000756,INDICATION,
CHEMBL2108738,EFO_0000770,INDICATION,
CHEMBL2108738,EFO_0001061,INDICATION,
CHEMBL2108738,EFO_0001075,INDICATION,
CHEMBL2108738,EFO_0001376,INDICATION,
CHEMBL2108738,EFO_0001378,INDICATION,
CHEMBL2108738,EFO_0001416,INDICATION,
CHEMBL2108738,EFO_0001642,INDICATION,
CHEMBL2108738,EFO_0002617,INDICATION,
CHEMBL2108738,EFO_0002618,INDICATION,
CHEMBL2108738,EFO_0002892,INDICATION,
CHEMBL2108738,EFO_0002916,INDICATION,
CHEMBL2108738,EFO_0002918,INDICATION,
CHEMBL2108738,EFO_0003016,INDICATION,
CHEMBL2108738,EFO_0003032,INDICATION,
CHEMBL2108738,EFO_0003047,INDICATION,
CHEMBL2108738,EFO_0003050,INDICATION,
CHEMBL2108738,EFO_0003060,INDICATION,
CHEMBL2108738,EFO_0003085,INDICATION,
CHEMBL2108738,EFO_0003833,INDICATION,
CHEMBL2108738,EFO_0003863,INDICATION,
CHEMBL2108738,EFO_0003891,INDICATION,
CHEMBL2108738,EFO_0003968,INDICATION,
CHEMBL2108738,EFO_0004142,INDICATION,
CHEMBL2108738,EFO_0004193,INDICATION,
CHEMBL2108738,EFO_0004197,INDICATION,
CHEMBL2108738,EFO_0004239,INDICATION,
CHEMBL2108738,EFO_0004243,INDICATION,
CHEMBL2108738,EFO_0004252,INDICATION,
CHEMBL2108738,EFO_0004284,INDICATION,
CHEMBL2108738,EFO_0005221,INDICATION,
CHEMBL2108738,EFO_0005537,INDICATION,
CHEMBL2108738,EFO_0005543,INDICATION,
CHEMBL2108738,EFO_0005922,INDICATION,
CHEMBL2108738,EFO_0005952,INDICATION,
CHEMBL2108738,EFO_0006859,INDICATION,
CHEMBL2108738,EFO_0007304,INDICATION,
CHEMBL2108738,EFO_0007466,INDICATION,
CHEMBL2108738,EFO_0007532,INDICATION,
CHEMBL2108738,EFO_0007541,INDICATION,
CHEMBL2108738,EFO_0008524,INDICATION,
CHEMBL2108738,EFO_0008528,INDICATION,
CHEMBL2108738,EFO_0008585,INDICATION,
CHEMBL2108738,EFO_0009259,INDICATION,
CHEMBL2108738,EFO_0009709,INDICATION,
CHEMBL2108738,EFO_1000026,INDICATION,
CHEMBL2108738,EFO_1000209,INDICATION,
CHEMBL2108738,EFO_1000251,INDICATION,
CHEMBL2108738,EFO_1000359,INDICATION,
CHEMBL2108738,EFO_1000601,INDICATION,
CHEMBL2108738,EFO_1000613,INDICATION,
CHEMBL2108738,EFO_1000657,INDICATION,
CHEMBL2108738,EFO_1000785,INDICATION,
CHEMBL2108738,EFO_1000796,INDICATION,
CHEMBL2108738,EFO_1000984,INDICATION,
CHEMBL2108738,EFO_1001051,INDICATION,
CHEMBL2108738,EFO_1001465,INDICATION,
CHEMBL2108738,EFO_1001469,INDICATION,
CHEMBL2108738,EFO_1001471,INDICATION,
CHEMBL2108738,EFO_1001512,INDICATION,
CHEMBL2108738,EFO_1001931,INDICATION,
CHEMBL2108738,EFO_1001949,INDICATION,
CHEMBL2108738,EFO_1001950,INDICATION,
CHEMBL2108738,EFO_1001951,INDICATION,
CHEMBL2108738,EFO_1001968,INDICATION,
CHEMBL2108738,EFO_1001972,INDICATION,
CHEMBL2108738,MONDO_0000521,INDICATION,
CHEMBL2108738,MONDO_0000870,INDICATION,
CHEMBL2108738,MONDO_0001056,INDICATION,
CHEMBL2108738,MONDO_0001187,INDICATION,
CHEMBL2108738,MONDO_0001657,INDICATION,
CHEMBL2108738,MONDO_0002038,INDICATION,
CHEMBL2108738,MONDO_0002087,INDICATION,
CHEMBL2108738,MONDO_0002108,INDICATION,
CHEMBL2108738,MONDO_0002120,INDICATION,
CHEMBL2108738,MONDO_0002158,INDICATION,
CHEMBL2108738,MONDO_0002367,INDICATION,
CHEMBL2108738,MONDO_0002547,INDICATION,
CHEMBL2108738,MONDO_0002691,INDICATION,
CHEMBL2108738,MONDO_0002898,INDICATION,
CHEMBL2108738,MONDO_0002928,INDICATION,
CHEMBL2108738,MONDO_0002974,INDICATION,
CHEMBL2108738,MONDO_0003060,INDICATION,
CHEMBL2108738,MONDO_0004180,INDICATION,
CHEMBL2108738,MONDO_0004669,INDICATION,
CHEMBL2108738,MONDO_0004986,INDICATION,
CHEMBL2108738,MONDO_0004992,INDICATION,
CHEMBL2108738,MONDO_0005184,INDICATION,
CHEMBL2108738,MONDO_0007187,INDICATION,
CHEMBL2108738,MONDO_0007254,INDICATION,
CHEMBL2108738,MONDO_0007576,INDICATION,
CHEMBL2108738,MONDO_0008170,INDICATION,
CHEMBL2108738,MONDO_0008315,INDICATION,
CHEMBL2108738,MONDO_0008903,INDICATION,
CHEMBL2108738,MONDO_0008978,INDICATION,
CHEMBL2108738,MONDO_0009348,INDICATION,
CHEMBL2108738,MONDO_0011719,INDICATION,
CHEMBL2108738,MONDO_0015760,INDICATION,
CHEMBL2108738,MONDO_0016642,INDICATION,
CHEMBL2108738,MONDO_0017582,INDICATION,
CHEMBL2108738,MONDO_0018906,INDICATION,
CHEMBL2108738,MONDO_0020634,INDICATION,
CHEMBL2108738,MONDO_0021063,INDICATION,
CHEMBL2108738,MONDO_0021117,INDICATION,
CHEMBL2108738,MONDO_0021148,INDICATION,
CHEMBL2108738,MONDO_0024503,INDICATION,
CHEMBL2108738,MONDO_0044704,INDICATION,
CHEMBL2108738,MONDO_0044881,INDICATION,
CHEMBL2108738,MONDO_0100096,INDICATION,
CHEMBL2108738,MONDO_0100342,INDICATION,
CHEMBL2108739,EFO_0000685,INDICATION,
CHEMBL2108742,EFO_0000565,INDICATION,
CHEMBL2108742,EFO_0000574,INDICATION,
CHEMBL2108742,EFO_0000676,INDICATION,
CHEMBL2108742,EFO_0003086,INDICATION,
CHEMBL2108742,EFO_0003884,INDICATION,
CHEMBL2108742,EFO_1002048,INDICATION,
CHEMBL2108742,MONDO_0004992,INDICATION,
CHEMBL2108742,MONDO_0005147,INDICATION,
CHEMBL2108742,MONDO_0013730,INDICATION,
CHEMBL2108742,MONDO_0016537,INDICATION,
CHEMBL2108744,EFO_0003948,INDICATION,
CHEMBL2108744,EFO_1001355,INDICATION,
CHEMBL2108751,EFO_0000384,INDICATION,
CHEMBL2108751,EFO_0000555,INDICATION,
CHEMBL2108751,EFO_0001069,INDICATION,
CHEMBL2108751,EFO_0003843,INDICATION,
CHEMBL2108751,MONDO_0004992,INDICATION,
CHEMBL2108751,MONDO_0011382,INDICATION,
CHEMBL2108752,EFO_0004683,INDICATION,
CHEMBL2108757,EFO_1001901,INDICATION,
CHEMBL2108758,EFO_0008507,INDICATION,
CHEMBL2108764,EFO_0000546,INDICATION,
CHEMBL2108766,EFO_0001067,INDICATION,
CHEMBL2108767,EFO_0005761,INDICATION,
CHEMBL2108769,EFO_0000284,INDICATION,
CHEMBL2108769,MONDO_0008315,INDICATION,
CHEMBL2108774,EFO_0007160,INDICATION,
CHEMBL2108774,MONDO_0044881,INDICATION,
CHEMBL2108775,EFO_0007147,INDICATION,
CHEMBL2108778,EFO_0000694,INDICATION,
CHEMBL2108778,EFO_0001068,INDICATION,
CHEMBL2108778,EFO_0007450,INDICATION,
CHEMBL2108778,MONDO_0100096,INDICATION,
CHEMBL2108780,EFO_0000400,INDICATION,
CHEMBL2108780,EFO_0009536,INDICATION,
CHEMBL2108780,EFO_1000906,INDICATION,
CHEMBL2108790,EFO_0004197,INDICATION,
CHEMBL2108791,EFO_0000612,INDICATION,
CHEMBL2108791,EFO_0000618,INDICATION,
CHEMBL2108791,EFO_0000712,INDICATION,
CHEMBL2108791,EFO_0003827,INDICATION,
CHEMBL2108791,EFO_0004278,INDICATION,
CHEMBL2108791,EFO_0008583,INDICATION,
CHEMBL2108791,EFO_0008585,INDICATION,
CHEMBL2108791,EFO_0009637,INDICATION,
CHEMBL2108791,EFO_1000637,INDICATION,
CHEMBL2108791,EFO_1001154,INDICATION,
CHEMBL2108791,MONDO_0000831,INDICATION,
CHEMBL2108791,MONDO_0002679,INDICATION,
CHEMBL2108791,MONDO_0005299,INDICATION,
CHEMBL2108792,EFO_0003106,INDICATION,
CHEMBL2108793,MONDO_0010526,INDICATION,
CHEMBL2108795,EFO_0004249,INDICATION,
CHEMBL2108796,EFO_0000365,INDICATION,
CHEMBL2108796,EFO_0002618,INDICATION,
CHEMBL2108796,EFO_1000657,INDICATION,
CHEMBL2108796,EFO_1001951,INDICATION,
CHEMBL2108796,MONDO_0001056,INDICATION,
CHEMBL2108796,MONDO_0007576,INDICATION,
CHEMBL2108796,MONDO_0021063,INDICATION,
CHEMBL2108806,EFO_0003907,INDICATION,
CHEMBL2108806,MONDO_0100096,INDICATION,
CHEMBL2108809,EFO_0003102,INDICATION,
CHEMBL2108809,EFO_0006887,INDICATION,
CHEMBL2108811,EFO_0000222,INDICATION,
CHEMBL2108811,EFO_0000384,INDICATION,
CHEMBL2108811,EFO_0000574,INDICATION,
CHEMBL2108811,EFO_0000729,INDICATION,
CHEMBL2108811,MONDO_0013730,INDICATION,
CHEMBL2108813,EFO_0001054,INDICATION,
CHEMBL2108813,EFO_0003756,INDICATION,
CHEMBL2108813,EFO_0008507,INDICATION,
CHEMBL2108813,EFO_1001904,INDICATION,
CHEMBL2108813,MONDO_0004975,INDICATION,
CHEMBL2108813,MONDO_0005301,INDICATION,
CHEMBL2108813,MONDO_0100096,INDICATION,
CHEMBL2108816,EFO_0000274,INDICATION,
CHEMBL2108816,EFO_0001068,INDICATION,
CHEMBL2108816,EFO_0007444,INDICATION,
CHEMBL2108822,EFO_0000182,INDICATION,
CHEMBL2108822,EFO_0000319,INDICATION,
CHEMBL2108822,EFO_0000764,INDICATION,
CHEMBL2108822,EFO_0001068,INDICATION,
CHEMBL2108822,EFO_0003106,INDICATION,
CHEMBL2108822,EFO_0003891,INDICATION,
CHEMBL2108822,EFO_0006789,INDICATION,
CHEMBL2108822,EFO_0007305,INDICATION,
CHEMBL2108822,MONDO_0002009,INDICATION,
CHEMBL2108833,EFO_0004212,INDICATION,
CHEMBL2108833,EFO_0006346,INDICATION,
CHEMBL2108835,EFO_0005761,INDICATION,
CHEMBL2108835,MONDO_0007915,INDICATION,
CHEMBL2108842,EFO_0000764,INDICATION,
CHEMBL2108866,EFO_0000537,INDICATION,
CHEMBL2108866,EFO_0000545,INDICATION,
CHEMBL2108866,EFO_0000555,INDICATION,
CHEMBL2108866,EFO_0000616,INDICATION,
CHEMBL2108866,EFO_0000676,INDICATION,
CHEMBL2108866,EFO_0000713,INDICATION,
CHEMBL2108866,EFO_0001073,INDICATION,
CHEMBL2108866,EFO_0003931,INDICATION,
CHEMBL2108866,EFO_0005279,INDICATION,
CHEMBL2108866,EFO_0005669,INDICATION,
CHEMBL2108866,EFO_0008572,INDICATION,
CHEMBL2108866,EFO_0009314,INDICATION,
CHEMBL2108866,EFO_1001134,INDICATION,
CHEMBL2108866,MONDO_0100096,INDICATION,
CHEMBL2108866,MP_0001914,INDICATION,
CHEMBL2108869,MONDO_0005301,INDICATION,
CHEMBL2108875,EFO_0000095,INDICATION,
CHEMBL2108875,EFO_0000272,INDICATION,
CHEMBL2108875,EFO_0000389,INDICATION,
CHEMBL2108875,EFO_0000544,INDICATION,
CHEMBL2108875,EFO_0000616,INDICATION,
CHEMBL2108875,EFO_0000632,INDICATION,
CHEMBL2108875,EFO_0000685,INDICATION,
CHEMBL2108875,EFO_0000764,INDICATION,
CHEMBL2108875,EFO_0001378,INDICATION,
CHEMBL2108875,EFO_0003106,INDICATION,
CHEMBL2108875,EFO_0004227,INDICATION,
CHEMBL2108875,EFO_0004249,INDICATION,
CHEMBL2108875,EFO_0006789,INDICATION,
CHEMBL2108875,EFO_0006859,INDICATION,
CHEMBL2108875,EFO_1001040,INDICATION,
CHEMBL2108875,EFO_1001951,INDICATION,
CHEMBL2108875,MONDO_0002087,INDICATION,
CHEMBL2108875,MONDO_0002158,INDICATION,
CHEMBL2108875,MONDO_0004975,INDICATION,
CHEMBL2108875,MONDO_0005301,INDICATION,
CHEMBL2108875,MONDO_0008170,INDICATION,
CHEMBL2108876,EFO_0000519,INDICATION,
CHEMBL2108876,MONDO_0001657,INDICATION,
CHEMBL2108878,EFO_0001064,INDICATION,
CHEMBL2108878,EFO_0003144,INDICATION,
CHEMBL2108878,EFO_0004705,INDICATION,
CHEMBL2108878,MONDO_0002108,INDICATION,
CHEMBL2108878,MONDO_0005148,INDICATION,
CHEMBL2108881,EFO_0001062,INDICATION,
CHEMBL2108881,EFO_1001302,INDICATION,
CHEMBL2108882,EFO_0003060,INDICATION,
CHEMBL2108885,EFO_0004265,INDICATION,
CHEMBL2108885,EFO_1000783,INDICATION,
CHEMBL2108887,EFO_0000540,INDICATION,
CHEMBL2108888,MONDO_0010526,INDICATION,
CHEMBL2108893,MONDO_0000831,INDICATION,
CHEMBL2108894,EFO_0001073,INDICATION,
CHEMBL2108894,EFO_0003843,INDICATION,
CHEMBL2108894,EFO_0003948,INDICATION,
CHEMBL2108894,EFO_0007536,INDICATION,
CHEMBL2108894,MONDO_0009061,INDICATION,
CHEMBL2108904,MP_0001914,INDICATION,
CHEMBL2108905,EFO_0000180,INDICATION,
CHEMBL2108905,EFO_0000389,INDICATION,
CHEMBL2108905,EFO_0000544,INDICATION,
CHEMBL2108905,EFO_0000616,INDICATION,
CHEMBL2108905,EFO_0000621,INDICATION,
CHEMBL2108905,EFO_0000684,INDICATION,
CHEMBL2108905,EFO_0000691,INDICATION,
CHEMBL2108905,EFO_0000764,INDICATION,
CHEMBL2108905,EFO_1001951,INDICATION,
CHEMBL2108905,MONDO_0001187,INDICATION,
CHEMBL2108905,MONDO_0004986,INDICATION,
CHEMBL2108905,MONDO_0007254,INDICATION,
CHEMBL2108905,MONDO_0008170,INDICATION,
CHEMBL2108905,MONDO_0008315,INDICATION,
CHEMBL2108905,MONDO_0008903,INDICATION,
CHEMBL2108905,MONDO_0018076,INDICATION,
CHEMBL2108905,MONDO_0100096,INDICATION,
CHEMBL2108906,EFO_0010282,INDICATION,
CHEMBL2108906,MONDO_0007254,INDICATION,
CHEMBL2108918,EFO_0005799,INDICATION,
CHEMBL2108918,EFO_0008517,INDICATION,
CHEMBL2108918,EFO_1001892,INDICATION,
CHEMBL2108918,EFO_1001904,INDICATION,
CHEMBL2108918,MONDO_0043771,INDICATION,
CHEMBL2108919,EFO_1000025,INDICATION,
CHEMBL2108919,EFO_1000657,INDICATION,
CHEMBL2108921,EFO_0000537,INDICATION,
CHEMBL2108922,EFO_0000384,INDICATION,
CHEMBL2108922,EFO_0004616,INDICATION,
CHEMBL2108922,EFO_0005755,INDICATION,
CHEMBL2108922,EFO_0008507,INDICATION,
CHEMBL2108922,MONDO_0005178,INDICATION,
CHEMBL2108922,MONDO_0007254,INDICATION,
CHEMBL2108924,EFO_0000400,INDICATION,
CHEMBL2108924,EFO_0000660,INDICATION,
CHEMBL2108924,EFO_0001073,INDICATION,
CHEMBL2108924,EFO_0003819,INDICATION,
CHEMBL2108924,MONDO_0005147,INDICATION,
CHEMBL2108924,MONDO_0005148,INDICATION,
CHEMBL2108930,EFO_0003103,INDICATION,
CHEMBL2108931,EFO_0000220,INDICATION,
CHEMBL2108931,EFO_0000222,INDICATION,
CHEMBL2108931,EFO_0005952,INDICATION,
CHEMBL2108931,MONDO_0000873,INDICATION,
CHEMBL2108931,MONDO_0044881,INDICATION,
CHEMBL2108939,EFO_0003767,INDICATION,
CHEMBL2108939,EFO_0010282,INDICATION,
CHEMBL2108952,MONDO_0005147,INDICATION,
CHEMBL2108955,EFO_0000616,INDICATION,
CHEMBL2108955,EFO_1001951,INDICATION,
CHEMBL2108955,MONDO_0004992,INDICATION,
CHEMBL2108956,EFO_0000662,INDICATION,
CHEMBL2108956,EFO_0003047,INDICATION,
CHEMBL2108956,EFO_0007126,INDICATION,
CHEMBL2108956,EFO_0007403,INDICATION,
CHEMBL2108956,EFO_1000906,INDICATION,
CHEMBL2108963,EFO_0000319,INDICATION,
CHEMBL2108964,EFO_0000400,INDICATION,
CHEMBL2108964,MONDO_0005147,INDICATION,
CHEMBL2108964,MONDO_0005148,INDICATION,
CHEMBL2108975,EFO_0000198,INDICATION,
CHEMBL2108975,EFO_0000574,INDICATION,
CHEMBL2108975,EFO_0000616,INDICATION,
CHEMBL2108975,EFO_0001378,INDICATION,
CHEMBL2108976,EFO_0000555,INDICATION,
CHEMBL2108976,MONDO_0100096,INDICATION,
CHEMBL2108981,EFO_0000198,INDICATION,
CHEMBL2108981,EFO_0000540,INDICATION,
CHEMBL2108981,MONDO_0011382,INDICATION,
CHEMBL2108989,EFO_0000094,INDICATION,
CHEMBL2108989,EFO_0000198,INDICATION,
CHEMBL2108989,EFO_0000209,INDICATION,
CHEMBL2108989,EFO_0000218,INDICATION,
CHEMBL2108989,EFO_0000220,INDICATION,
CHEMBL2108989,EFO_0000221,INDICATION,
CHEMBL2108989,EFO_0000222,INDICATION,
CHEMBL2108989,EFO_0000223,INDICATION,
CHEMBL2108989,EFO_0000565,INDICATION,
CHEMBL2108989,EFO_0000574,INDICATION,
CHEMBL2108989,EFO_0000616,INDICATION,
CHEMBL2108989,EFO_0003025,INDICATION,
CHEMBL2108989,EFO_0003027,INDICATION,
CHEMBL2108989,EFO_0003029,INDICATION,
CHEMBL2108989,EFO_0003802,INDICATION,
CHEMBL2108989,EFO_0003811,INDICATION,
CHEMBL2108989,EFO_0004251,INDICATION,
CHEMBL2108989,EFO_0004289,INDICATION,
CHEMBL2108989,EFO_0005952,INDICATION,
CHEMBL2108989,EFO_1001052,INDICATION,
CHEMBL2108989,EFO_1001779,INDICATION,
CHEMBL2108989,MONDO_0000870,INDICATION,
CHEMBL2108989,MONDO_0000873,INDICATION,
CHEMBL2108989,MONDO_0019460,INDICATION,
CHEMBL2108989,MONDO_0044917,INDICATION,
CHEMBL2108992,EFO_0003100,INDICATION,
CHEMBL2108995,EFO_0000546,INDICATION,
CHEMBL2108995,EFO_0000764,INDICATION,
CHEMBL2108995,EFO_0007214,INDICATION,
CHEMBL2108995,EFO_1000906,INDICATION,
CHEMBL2109000,EFO_0008571,INDICATION,
CHEMBL2109001,EFO_0008571,INDICATION,
CHEMBL2109001,EFO_1000906,INDICATION,
CHEMBL2109001,MONDO_0007935,INDICATION,
CHEMBL2109005,EFO_0003917,INDICATION,
CHEMBL2109016,EFO_0003086,INDICATION,
CHEMBL2109016,EFO_0004260,INDICATION,
CHEMBL2109016,MONDO_0002406,INDICATION,
CHEMBL2109027,EFO_0007456,INDICATION,
CHEMBL2109027,EFO_1001139,INDICATION,
CHEMBL2109027,MONDO_0004992,INDICATION,
CHEMBL2109036,EFO_0003893,INDICATION,
CHEMBL2109036,EFO_0006887,INDICATION,
CHEMBL2109037,EFO_0006346,INDICATION,
CHEMBL2109042,DOID_7551,INDICATION,
CHEMBL2109042,EFO_0000095,INDICATION,
CHEMBL2109042,EFO_0000181,INDICATION,
CHEMBL2109042,EFO_0000220,INDICATION,
CHEMBL2109042,EFO_0000272,INDICATION,
CHEMBL2109042,EFO_0000544,INDICATION,
CHEMBL2109042,EFO_0000616,INDICATION,
CHEMBL2109042,EFO_0000632,INDICATION,
CHEMBL2109042,EFO_0000764,INDICATION,
CHEMBL2109042,EFO_0000772,INDICATION,
CHEMBL2109042,EFO_0002609,INDICATION,
CHEMBL2109042,EFO_0002618,INDICATION,
CHEMBL2109042,EFO_0003929,INDICATION,
CHEMBL2109042,EFO_0005222,INDICATION,
CHEMBL2109042,EFO_0005226,INDICATION,
CHEMBL2109042,EFO_0005672,INDICATION,
CHEMBL2109042,EFO_0006510,INDICATION,
CHEMBL2109042,EFO_0007328,INDICATION,
CHEMBL2109042,EFO_0007411,INDICATION,
CHEMBL2109042,EFO_1000158,INDICATION,
CHEMBL2109042,EFO_1001413,INDICATION,
CHEMBL2109042,EFO_1001951,INDICATION,
CHEMBL2109042,MONDO_0004979,INDICATION,
CHEMBL2109042,MONDO_0004992,INDICATION,
CHEMBL2109042,MONDO_0005301,INDICATION,
CHEMBL2109042,MONDO_0100096,INDICATION,
CHEMBL2109047,EFO_0000694,INDICATION,
CHEMBL2109047,EFO_0000764,INDICATION,
CHEMBL2109050,MONDO_0000945,INDICATION,
CHEMBL2109056,EFO_0000544,INDICATION,
CHEMBL2109056,EFO_0000764,INDICATION,
CHEMBL2109057,EFO_0000389,INDICATION,
CHEMBL2109057,EFO_0000756,INDICATION,
CHEMBL2109057,EFO_0002617,INDICATION,
CHEMBL2109058,EFO_0001645,INDICATION,
CHEMBL2109059,EFO_0000095,INDICATION,
CHEMBL2109059,EFO_0000181,INDICATION,
CHEMBL2109059,EFO_0000183,INDICATION,
CHEMBL2109059,EFO_0000191,INDICATION,
CHEMBL2109059,EFO_0000198,INDICATION,
CHEMBL2109059,EFO_0000389,INDICATION,
CHEMBL2109059,EFO_0000403,INDICATION,
CHEMBL2109059,EFO_0000501,INDICATION,
CHEMBL2109059,EFO_0000549,INDICATION,
CHEMBL2109059,EFO_0000565,INDICATION,
CHEMBL2109059,EFO_0000574,INDICATION,
CHEMBL2109059,EFO_0000616,INDICATION,
CHEMBL2109059,EFO_0000621,INDICATION,
CHEMBL2109059,EFO_0000641,INDICATION,
CHEMBL2109059,EFO_0000691,INDICATION,
CHEMBL2109059,EFO_0000701,INDICATION,
CHEMBL2109059,EFO_0000756,INDICATION,
CHEMBL2109059,EFO_0001378,INDICATION,
CHEMBL2109059,EFO_0002428,INDICATION,
CHEMBL2109059,EFO_0002618,INDICATION,
CHEMBL2109059,EFO_0003060,INDICATION,
CHEMBL2109059,EFO_0004281,INDICATION,
CHEMBL2109059,EFO_0006352,INDICATION,
CHEMBL2109059,EFO_0006861,INDICATION,
CHEMBL2109059,EFO_0009441,INDICATION,
CHEMBL2109059,EFO_0009637,INDICATION,
CHEMBL2109059,EFO_1000785,INDICATION,
CHEMBL2109059,EFO_1000796,INDICATION,
CHEMBL2109059,EFO_1000984,INDICATION,
CHEMBL2109059,EFO_1001051,INDICATION,
CHEMBL2109059,EFO_1001187,INDICATION,
CHEMBL2109059,EFO_1001469,INDICATION,
CHEMBL2109059,EFO_1001512,INDICATION,
CHEMBL2109059,MONDO_0001056,INDICATION,
CHEMBL2109059,MONDO_0001187,INDICATION,
CHEMBL2109059,MONDO_0001370,INDICATION,
CHEMBL2109059,MONDO_0001402,INDICATION,
CHEMBL2109059,MONDO_0001528,INDICATION,
CHEMBL2109059,MONDO_0001879,INDICATION,
CHEMBL2109059,MONDO_0002087,INDICATION,
CHEMBL2109059,MONDO_0002158,INDICATION,
CHEMBL2109059,MONDO_0002367,INDICATION,
CHEMBL2109059,MONDO_0002974,INDICATION,
CHEMBL2109059,MONDO_0003196,INDICATION,
CHEMBL2109059,MONDO_0003510,INDICATION,
CHEMBL2109059,MONDO_0004192,INDICATION,
CHEMBL2109059,MONDO_0004669,INDICATION,
CHEMBL2109059,MONDO_0004992,INDICATION,
CHEMBL2109059,MONDO_0005411,INDICATION,
CHEMBL2109059,MONDO_0007254,INDICATION,
CHEMBL2109059,MONDO_0007576,INDICATION,
CHEMBL2109059,MONDO_0008170,INDICATION,
CHEMBL2109059,MONDO_0008315,INDICATION,
CHEMBL2109059,MONDO_0018364,INDICATION,
CHEMBL2109059,MONDO_0018906,INDICATION,
CHEMBL2109059,MONDO_0018944,INDICATION,
CHEMBL2109059,MONDO_0021311,INDICATION,
CHEMBL2109059,MONDO_0044926,INDICATION,
CHEMBL2109060,EFO_0000712,INDICATION,
CHEMBL2109060,EFO_0003819,INDICATION,
CHEMBL2109060,EFO_0008517,INDICATION,
CHEMBL2109060,EFO_1001898,INDICATION,
CHEMBL2109060,MONDO_0100096,INDICATION,
CHEMBL2109065,EFO_0000712,INDICATION,
CHEMBL2109065,EFO_0003827,INDICATION,
CHEMBL2109065,EFO_0003884,INDICATION,
CHEMBL2109065,EFO_0005251,INDICATION,
CHEMBL2109065,EFO_0006834,INDICATION,
CHEMBL2109065,EFO_1001373,INDICATION,
CHEMBL2109065,MONDO_0100130,INDICATION,
CHEMBL2109067,EFO_0000319,INDICATION,
CHEMBL2109067,MONDO_0002679,INDICATION,
CHEMBL2109070,EFO_0000384,INDICATION,
CHEMBL2109070,EFO_0000474,INDICATION,
CHEMBL2109070,EFO_0000555,INDICATION,
CHEMBL2109070,EFO_0000729,INDICATION,
CHEMBL2109070,EFO_0003095,INDICATION,
CHEMBL2109070,EFO_0003882,INDICATION,
CHEMBL2109070,EFO_0003956,INDICATION,
CHEMBL2109070,EFO_0005741,INDICATION,
CHEMBL2109070,EFO_1000657,INDICATION,
CHEMBL2109070,EFO_1001034,INDICATION,
CHEMBL2109070,EFO_1001353,INDICATION,
CHEMBL2109070,EFO_1001494,INDICATION,
CHEMBL2109070,EFO_1001904,INDICATION,
CHEMBL2109070,MONDO_0004979,INDICATION,
CHEMBL2109070,MONDO_0005180,INDICATION,
CHEMBL2109070,MONDO_0007915,INDICATION,
CHEMBL2109070,MONDO_0018309,INDICATION,
CHEMBL2109070,Orphanet_733,INDICATION,
CHEMBL2109072,EFO_0000546,INDICATION,
CHEMBL2109072,EFO_0001421,INDICATION,
CHEMBL2109072,EFO_0003777,INDICATION,
CHEMBL2109072,EFO_0005207,INDICATION,
CHEMBL2109072,EFO_0009579,INDICATION,
CHEMBL2109072,EFO_0010282,INDICATION,
CHEMBL2109072,MONDO_0008737,INDICATION,
CHEMBL2109072,MP_0001914,INDICATION,
CHEMBL2109073,EFO_0000319,INDICATION,
CHEMBL2109073,MONDO_0019297,INDICATION,
CHEMBL2109081,EFO_0000729,INDICATION,
CHEMBL2109084,EFO_0000712,INDICATION,
CHEMBL2109085,EFO_0000574,INDICATION,
CHEMBL2109092,EFO_0000183,INDICATION,
CHEMBL2109092,EFO_0000198,INDICATION,
CHEMBL2109092,EFO_0000403,INDICATION,
CHEMBL2109092,EFO_0000546,INDICATION,
CHEMBL2109092,EFO_0000574,INDICATION,
CHEMBL2109092,EFO_0000612,INDICATION,
CHEMBL2109092,EFO_0000712,INDICATION,
CHEMBL2109092,EFO_0000713,INDICATION,
CHEMBL2109092,EFO_0001061,INDICATION,
CHEMBL2109092,EFO_0001068,INDICATION,
CHEMBL2109092,EFO_0002687,INDICATION,
CHEMBL2109092,EFO_0003884,INDICATION,
CHEMBL2109092,EFO_0003917,INDICATION,
CHEMBL2109092,EFO_0003928,INDICATION,
CHEMBL2109092,EFO_0003964,INDICATION,
CHEMBL2109092,EFO_0004220,INDICATION,
CHEMBL2109092,EFO_0004247,INDICATION,
CHEMBL2109092,EFO_0004272,INDICATION,
CHEMBL2109092,EFO_0004273,INDICATION,
CHEMBL2109092,EFO_0004599,INDICATION,
CHEMBL2109092,EFO_0005676,INDICATION,
CHEMBL2109092,EFO_0006859,INDICATION,
CHEMBL2109092,EFO_0007405,INDICATION,
CHEMBL2109092,EFO_0008583,INDICATION,
CHEMBL2109092,EFO_1000632,INDICATION,
CHEMBL2109092,EFO_1000809,INDICATION,
CHEMBL2109092,EFO_1000824,INDICATION,
CHEMBL2109092,EFO_1001100,INDICATION,
CHEMBL2109092,EFO_1001330,INDICATION,
CHEMBL2109092,EFO_1001375,INDICATION,
CHEMBL2109092,EFO_1001779,INDICATION,
CHEMBL2109092,EFO_1001919,INDICATION,
CHEMBL2109092,EFO_1002048,INDICATION,
CHEMBL2109092,MONDO_0002135,INDICATION,
CHEMBL2109092,MONDO_0002158,INDICATION,
CHEMBL2109092,MONDO_0003608,INDICATION,
CHEMBL2109092,MONDO_0004976,INDICATION,
CHEMBL2109092,MONDO_0004992,INDICATION,
CHEMBL2109092,MONDO_0005180,INDICATION,
CHEMBL2109092,MONDO_0005299,INDICATION,
CHEMBL2109092,MONDO_0005301,INDICATION,
CHEMBL2109092,MONDO_0008170,INDICATION,
CHEMBL2109092,MONDO_0043510,INDICATION,
CHEMBL2109092,MP_0001914,INDICATION,
CHEMBL2109093,EFO_0003884,INDICATION,
CHEMBL2109093,EFO_0004272,INDICATION,
CHEMBL2109103,EFO_0000729,INDICATION,
CHEMBL2109103,EFO_0007187,INDICATION,
CHEMBL2109121,EFO_0000095,INDICATION,
CHEMBL2109121,EFO_0000519,INDICATION,
CHEMBL2109121,EFO_0004227,INDICATION,
CHEMBL2109121,EFO_0004249,INDICATION,
CHEMBL2109121,MONDO_0001657,INDICATION,
CHEMBL2109121,MONDO_0021108,INDICATION,
CHEMBL2109128,EFO_0000222,INDICATION,
CHEMBL2109128,EFO_0000403,INDICATION,
CHEMBL2109128,EFO_0000616,INDICATION,
CHEMBL2109128,EFO_0001378,INDICATION,
CHEMBL2109128,EFO_0008583,INDICATION,
CHEMBL2109128,MONDO_0008315,INDICATION,
CHEMBL2109134,EFO_0000222,INDICATION,
CHEMBL2109134,EFO_0000389,INDICATION,
CHEMBL2109134,EFO_0000616,INDICATION,
CHEMBL2109134,EFO_0000694,INDICATION,
CHEMBL2109134,EFO_0009429,INDICATION,
CHEMBL2109134,MONDO_0001437,INDICATION,
CHEMBL2109134,MONDO_0100096,INDICATION,
CHEMBL2109137,MONDO_0010602,INDICATION,
CHEMBL2109142,EFO_0004249,INDICATION,
CHEMBL2109150,EFO_0000198,INDICATION,
CHEMBL2109150,EFO_0000222,INDICATION,
CHEMBL2109150,EFO_0000565,INDICATION,
CHEMBL2109150,EFO_0001378,INDICATION,
CHEMBL2109150,EFO_1001779,INDICATION,
CHEMBL2109150,MONDO_0001475,INDICATION,
CHEMBL2109151,EFO_0000095,INDICATION,
CHEMBL2109151,EFO_0000565,INDICATION,
CHEMBL2109151,EFO_0000574,INDICATION,
CHEMBL2109152,EFO_0000701,INDICATION,
CHEMBL2109152,MONDO_0002203,INDICATION,
CHEMBL2109159,EFO_0000274,INDICATION,
CHEMBL2109159,MONDO_0004979,INDICATION,
CHEMBL2109161,EFO_0003144,INDICATION,
CHEMBL2109161,EFO_0005230,INDICATION,
CHEMBL2109162,EFO_0001645,INDICATION,
CHEMBL2109162,EFO_0003875,INDICATION,
CHEMBL2109163,EFO_0000764,INDICATION,
CHEMBL2109163,EFO_0001068,INDICATION,
CHEMBL2109163,EFO_0001668,INDICATION,
CHEMBL2109163,EFO_0003884,INDICATION,
CHEMBL2109163,EFO_0004197,INDICATION,
CHEMBL2109163,EFO_1001476,INDICATION,
CHEMBL2109168,EFO_0001422,INDICATION,
CHEMBL2109171,EFO_0003931,INDICATION,
CHEMBL2109171,EFO_0003944,INDICATION,
CHEMBL2109171,EFO_0003957,INDICATION,
CHEMBL2109171,EFO_0004260,INDICATION,
CHEMBL2109171,MONDO_0005178,INDICATION,
CHEMBL2109172,EFO_0000319,INDICATION,
CHEMBL2109172,EFO_0000373,INDICATION,
CHEMBL2109172,EFO_0004269,INDICATION,
CHEMBL2109173,EFO_0000274,INDICATION,
CHEMBL2109173,EFO_0007425,INDICATION,
CHEMBL2109173,EFO_1001066,INDICATION,
CHEMBL2109191,EFO_0000574,INDICATION,
CHEMBL2109191,EFO_0005952,INDICATION,
CHEMBL2109193,MONDO_0013730,INDICATION,
CHEMBL2109196,EFO_0000095,INDICATION,
CHEMBL2109196,EFO_0000537,INDICATION,
CHEMBL2109196,EFO_0000565,INDICATION,
CHEMBL2109196,EFO_0000765,INDICATION,
CHEMBL2109196,EFO_0001072,INDICATION,
CHEMBL2109196,EFO_0003925,INDICATION,
CHEMBL2109196,MONDO_0005148,INDICATION,
CHEMBL2109196,MONDO_0005301,INDICATION,
CHEMBL2109196,MONDO_0007254,INDICATION,
CHEMBL2109198,EFO_0003884,INDICATION,
CHEMBL2109198,MONDO_0005129,INDICATION,
CHEMBL2109201,EFO_0004249,INDICATION,
CHEMBL2109201,EFO_0007383,INDICATION,
CHEMBL2109201,EFO_1002025,INDICATION,
CHEMBL2109204,EFO_0003907,INDICATION,
CHEMBL2109204,EFO_0004286,INDICATION,
CHEMBL2109204,EFO_0009315,INDICATION,
CHEMBL2109204,MONDO_0008903,INDICATION,
CHEMBL2109205,MONDO_0010604,INDICATION,
CHEMBL2109208,EFO_0003888,INDICATION,
CHEMBL2109208,MONDO_0019297,INDICATION,
CHEMBL2109211,EFO_0004249,INDICATION,
CHEMBL2109211,EFO_1002025,INDICATION,
CHEMBL2109212,MONDO_0005147,INDICATION,
CHEMBL2109214,EFO_0000401,INDICATION,
CHEMBL2109214,EFO_0004236,INDICATION,
CHEMBL2109217,EFO_0000182,INDICATION,
CHEMBL2109219,EFO_0000650,INDICATION,
CHEMBL2109219,EFO_0000772,INDICATION,
CHEMBL2109219,EFO_0003929,INDICATION,
CHEMBL2109219,EFO_0004249,INDICATION,
CHEMBL2109219,EFO_0005593,INDICATION,
CHEMBL2109219,EFO_0006789,INDICATION,
CHEMBL2109219,EFO_1001476,INDICATION,
CHEMBL2109219,MONDO_0004975,INDICATION,
CHEMBL2109220,EFO_0000095,INDICATION,
CHEMBL2109220,EFO_0000764,INDICATION,
CHEMBL2109220,EFO_0004227,INDICATION,
CHEMBL2109225,EFO_0004249,INDICATION,
CHEMBL2109225,EFO_0007204,INDICATION,
CHEMBL2109225,EFO_1002025,INDICATION,
CHEMBL2109229,EFO_0000095,INDICATION,
CHEMBL2109229,EFO_0000339,INDICATION,
CHEMBL2109229,EFO_0000389,INDICATION,
CHEMBL2109229,EFO_0000403,INDICATION,
CHEMBL2109229,EFO_0000565,INDICATION,
CHEMBL2109229,EFO_0000574,INDICATION,
CHEMBL2109229,EFO_0000616,INDICATION,
CHEMBL2109229,EFO_0000681,INDICATION,
CHEMBL2109229,EFO_0000702,INDICATION,
CHEMBL2109229,EFO_0000756,INDICATION,
CHEMBL2109229,EFO_0001378,INDICATION,
CHEMBL2109229,EFO_0003086,INDICATION,
CHEMBL2109229,EFO_0006859,INDICATION,
CHEMBL2109229,EFO_0006861,INDICATION,
CHEMBL2109229,EFO_0009441,INDICATION,
CHEMBL2109229,EFO_1001469,INDICATION,
CHEMBL2109229,EFO_1001471,INDICATION,
CHEMBL2109229,EFO_1001951,INDICATION,
CHEMBL2109229,MONDO_0001187,INDICATION,
CHEMBL2109229,MONDO_0002367,INDICATION,
CHEMBL2109229,MONDO_0002691,INDICATION,
CHEMBL2109229,MONDO_0007254,INDICATION,
CHEMBL2109229,MONDO_0007576,INDICATION,
CHEMBL2109229,MONDO_0008170,INDICATION,
CHEMBL2109229,MONDO_0008315,INDICATION,
CHEMBL2109229,MONDO_0008903,INDICATION,
CHEMBL2109229,MONDO_0011719,INDICATION,
CHEMBL2109229,MONDO_0018906,INDICATION,
CHEMBL2109249,EFO_0000676,INDICATION,
CHEMBL2109249,EFO_0000699,INDICATION,
CHEMBL2109249,EFO_0003834,INDICATION,
CHEMBL2109249,MONDO_0007915,INDICATION,
CHEMBL2109250,EFO_0000616,INDICATION,
CHEMBL2109250,EFO_0000685,INDICATION,
CHEMBL2109250,EFO_1001494,INDICATION,
CHEMBL2109250,MONDO_0007915,INDICATION,
CHEMBL2109253,EFO_0003778,INDICATION,
CHEMBL2109253,MONDO_0005147,INDICATION,
CHEMBL2109255,EFO_0000574,INDICATION,
CHEMBL2109255,EFO_0000616,INDICATION,
CHEMBL2109256,EFO_0000183,INDICATION,
CHEMBL2109256,EFO_0000558,INDICATION,
CHEMBL2109256,EFO_0000574,INDICATION,
CHEMBL2109256,EFO_0001642,INDICATION,
CHEMBL2109256,EFO_0002913,INDICATION,
CHEMBL2109256,EFO_0003032,INDICATION,
CHEMBL2109263,EFO_0000228,INDICATION,
CHEMBL2109265,EFO_0000313,INDICATION,
CHEMBL2109266,MONDO_0004643,INDICATION,
CHEMBL2109268,EFO_0000095,INDICATION,
CHEMBL2109286,EFO_0000220,INDICATION,
CHEMBL2109286,EFO_0000403,INDICATION,
CHEMBL2109286,EFO_0005952,INDICATION,
CHEMBL2109293,EFO_1001951,INDICATION,
CHEMBL2109295,EFO_0000182,INDICATION,
CHEMBL2109295,EFO_0000616,INDICATION,
CHEMBL2109295,EFO_0000770,INDICATION,
CHEMBL2109295,EFO_1001951,INDICATION,
CHEMBL2109298,EFO_0000616,INDICATION,
CHEMBL2109298,EFO_0002617,INDICATION,
CHEMBL2109300,EFO_1001492,INDICATION,
CHEMBL2109300,MONDO_0004975,INDICATION,
CHEMBL2109303,EFO_0000778,INDICATION,
CHEMBL2109304,EFO_0000778,INDICATION,
CHEMBL2109304,MONDO_0005271,INDICATION,
CHEMBL2109307,EFO_1000158,INDICATION,
CHEMBL2109309,EFO_0000389,INDICATION,
CHEMBL2109310,EFO_0000621,INDICATION,
CHEMBL2109310,EFO_1000026,INDICATION,
CHEMBL2109310,EFO_1001012,INDICATION,
CHEMBL2109310,MONDO_0002087,INDICATION,
CHEMBL2109312,EFO_0009130,INDICATION,
CHEMBL2109314,EFO_1000874,INDICATION,
CHEMBL2109321,EFO_0000182,INDICATION,
CHEMBL2109321,EFO_0000349,INDICATION,
CHEMBL2109321,EFO_0000519,INDICATION,
CHEMBL2109321,EFO_0000616,INDICATION,
CHEMBL2109321,EFO_0000640,INDICATION,
CHEMBL2109321,EFO_0000681,INDICATION,
CHEMBL2109321,EFO_0001365,INDICATION,
CHEMBL2109321,EFO_0002499,INDICATION,
CHEMBL2109321,EFO_0002501,INDICATION,
CHEMBL2109321,EFO_0002893,INDICATION,
CHEMBL2109321,EFO_0003060,INDICATION,
CHEMBL2109321,EFO_0003968,INDICATION,
CHEMBL2109321,EFO_0009708,INDICATION,
CHEMBL2109321,EFO_1001111,INDICATION,
CHEMBL2109321,EFO_1001465,INDICATION,
CHEMBL2109321,EFO_1001968,INDICATION,
CHEMBL2109321,MONDO_0003268,INDICATION,
CHEMBL2109321,MONDO_0004992,INDICATION,
CHEMBL2109321,MONDO_0007254,INDICATION,
CHEMBL2109321,MONDO_0008315,INDICATION,
CHEMBL2109321,MONDO_0008903,INDICATION,
CHEMBL2109322,EFO_0002618,INDICATION,
CHEMBL2109322,EFO_0003060,INDICATION,
CHEMBL2109322,EFO_1001951,INDICATION,
CHEMBL2109322,MONDO_0004992,INDICATION,
CHEMBL2109323,EFO_0000616,INDICATION,
CHEMBL2109323,EFO_0002618,INDICATION,
CHEMBL2109325,MONDO_0015974,INDICATION,
CHEMBL2109326,EFO_0000565,INDICATION,
CHEMBL2109327,EFO_0000222,INDICATION,
CHEMBL2109328,MONDO_0004643,INDICATION,
CHEMBL2109330,EFO_0005547,INDICATION,
CHEMBL2109330,EFO_1000637,INDICATION,
CHEMBL2109330,MONDO_0004976,INDICATION,
CHEMBL2109330,MONDO_0100096,INDICATION,
CHEMBL2109330,MONDO_0100130,INDICATION,
CHEMBL2109334,EFO_0000095,INDICATION,
CHEMBL2109334,EFO_0000403,INDICATION,
CHEMBL2109334,EFO_0000540,INDICATION,
CHEMBL2109334,EFO_0000574,INDICATION,
CHEMBL2109334,EFO_0000717,INDICATION,
CHEMBL2109334,EFO_0001378,INDICATION,
CHEMBL2109334,EFO_0001642,INDICATION,
CHEMBL2109334,EFO_0004256,INDICATION,
CHEMBL2109334,EFO_0004991,INDICATION,
CHEMBL2109334,EFO_0007332,INDICATION,
CHEMBL2109334,EFO_1001993,INDICATION,
CHEMBL2109334,MONDO_0004992,INDICATION,
CHEMBL2109334,MONDO_0005301,INDICATION,
CHEMBL2109334,MONDO_0017287,INDICATION,
CHEMBL2109337,EFO_0000095,INDICATION,
CHEMBL2109337,EFO_0000685,INDICATION,
CHEMBL2109341,EFO_0000764,INDICATION,
CHEMBL2109342,EFO_0000729,INDICATION,
CHEMBL2109343,EFO_0000180,INDICATION,
CHEMBL2109343,EFO_0000616,INDICATION,
CHEMBL2109343,EFO_0000764,INDICATION,
CHEMBL2109343,EFO_0003869,INDICATION,
CHEMBL2109343,EFO_1001249,INDICATION,
CHEMBL2109343,EFO_1001951,INDICATION,
CHEMBL2109343,MONDO_0013730,INDICATION,
CHEMBL2109343,MONDO_0100096,INDICATION,
CHEMBL2109348,EFO_0000095,INDICATION,
CHEMBL2109352,EFO_0000565,INDICATION,
CHEMBL2109352,EFO_0000574,INDICATION,
CHEMBL2109352,EFO_1000956,INDICATION,
CHEMBL2109354,EFO_0000574,INDICATION,
CHEMBL2109355,EFO_0000182,INDICATION,
CHEMBL2109355,MONDO_0004992,INDICATION,
CHEMBL2109355,MONDO_0007254,INDICATION,
CHEMBL2109356,EFO_0000182,INDICATION,
CHEMBL2109356,EFO_0000616,INDICATION,
CHEMBL2109356,EFO_0003060,INDICATION,
CHEMBL2109357,EFO_0001378,INDICATION,
CHEMBL2109357,EFO_0003869,INDICATION,
CHEMBL2109357,MONDO_0018531,INDICATION,
CHEMBL2109366,EFO_0000183,INDICATION,
CHEMBL2109366,EFO_0005952,INDICATION,
CHEMBL2109367,EFO_0000565,INDICATION,
CHEMBL2109367,EFO_0000574,INDICATION,
CHEMBL2109367,EFO_1000956,INDICATION,
CHEMBL2109367,MONDO_0019471,INDICATION,
CHEMBL2109372,EFO_0000228,INDICATION,
CHEMBL2109374,EFO_0009708,INDICATION,
CHEMBL2109374,MONDO_0004992,INDICATION,
CHEMBL2109377,EFO_0000400,INDICATION,
CHEMBL2109377,EFO_0000768,INDICATION,
CHEMBL2109377,EFO_0002618,INDICATION,
CHEMBL2109377,EFO_0004236,INDICATION,
CHEMBL2109377,EFO_0004239,INDICATION,
CHEMBL2109377,MONDO_0010679,INDICATION,
CHEMBL2109377,MONDO_0100096,INDICATION,
CHEMBL2109379,EFO_1000668,INDICATION,
CHEMBL2109379,EFO_1001486,INDICATION,
CHEMBL2109381,EFO_0001378,INDICATION,
CHEMBL2109384,EFO_0000616,INDICATION,
CHEMBL2109384,EFO_0002618,INDICATION,
CHEMBL2109384,EFO_0003060,INDICATION,
CHEMBL2109384,EFO_1001951,INDICATION,
CHEMBL2109385,MONDO_0004992,INDICATION,
CHEMBL2109386,EFO_0000519,INDICATION,
CHEMBL2109387,EFO_0003060,INDICATION,
CHEMBL2109387,MONDO_0004992,INDICATION,
CHEMBL2109388,EFO_0000616,INDICATION,
CHEMBL2109388,EFO_0000707,INDICATION,
CHEMBL2109388,EFO_0003060,INDICATION,
CHEMBL2109388,MONDO_0100342,INDICATION,
CHEMBL2109389,EFO_0000616,INDICATION,
CHEMBL2109389,EFO_0003060,INDICATION,
CHEMBL2109389,EFO_0006859,INDICATION,
CHEMBL2109389,EFO_1001951,INDICATION,
CHEMBL2109390,EFO_0000326,INDICATION,
CHEMBL2109391,EFO_1000158,INDICATION,
CHEMBL2109396,EFO_0000313,INDICATION,
CHEMBL2109396,EFO_0000574,INDICATION,
CHEMBL2109396,EFO_0000616,INDICATION,
CHEMBL2109396,EFO_0000691,INDICATION,
CHEMBL2109396,EFO_0003060,INDICATION,
CHEMBL2109396,MONDO_0007254,INDICATION,
CHEMBL2109398,EFO_0000198,INDICATION,
CHEMBL2109398,EFO_0000519,INDICATION,
CHEMBL2109398,EFO_0002430,INDICATION,
CHEMBL2109399,MONDO_0007254,INDICATION,
CHEMBL2109401,EFO_0000616,INDICATION,
CHEMBL2109402,EFO_0000616,INDICATION,
CHEMBL2109402,EFO_0003060,INDICATION,
CHEMBL2109402,MONDO_0002087,INDICATION,
CHEMBL2109402,MONDO_0002158,INDICATION,
CHEMBL2109402,MONDO_0004992,INDICATION,
CHEMBL2109402,MONDO_0007254,INDICATION,
CHEMBL2109402,MONDO_0008170,INDICATION,
CHEMBL2109406,EFO_0000181,INDICATION,
CHEMBL2109406,EFO_0000616,INDICATION,
CHEMBL2109406,EFO_0003060,INDICATION,
CHEMBL2109406,EFO_0003968,INDICATION,
CHEMBL2109406,EFO_0004284,INDICATION,
CHEMBL2109406,EFO_0005537,INDICATION,
CHEMBL2109408,EFO_1001492,INDICATION,
CHEMBL2109410,EFO_0004286,INDICATION,
CHEMBL2109412,MONDO_0004992,INDICATION,
CHEMBL2109413,EFO_0000681,INDICATION,
CHEMBL2109413,EFO_0000756,INDICATION,
CHEMBL2109416,EFO_0002617,INDICATION,
CHEMBL2109417,EFO_0000389,INDICATION,
CHEMBL2109417,EFO_0000621,INDICATION,
CHEMBL2109417,EFO_0000637,INDICATION,
CHEMBL2109417,EFO_0000691,INDICATION,
CHEMBL2109417,EFO_0000756,INDICATION,
CHEMBL2109418,EFO_0000621,INDICATION,
CHEMBL2109418,EFO_0000637,INDICATION,
CHEMBL2109418,EFO_0001365,INDICATION,
CHEMBL2109421,EFO_0000389,INDICATION,
CHEMBL2109423,EFO_0000621,INDICATION,
CHEMBL2109425,EFO_0000621,INDICATION,
CHEMBL2109425,EFO_0000769,INDICATION,
CHEMBL2109426,EFO_0000588,INDICATION,
CHEMBL2109426,EFO_0000702,INDICATION,
CHEMBL2109426,EFO_0001378,INDICATION,
CHEMBL2109426,EFO_0003060,INDICATION,
CHEMBL2109427,EFO_0000616,INDICATION,
CHEMBL2109428,EFO_0000616,INDICATION,
CHEMBL2109428,EFO_0000756,INDICATION,
CHEMBL2109428,MONDO_0007254,INDICATION,
CHEMBL2109428,MONDO_0008170,INDICATION,
CHEMBL2109428,MONDO_0008315,INDICATION,
CHEMBL2109430,EFO_0000685,INDICATION,
CHEMBL2109430,MONDO_0100096,INDICATION,
CHEMBL2109433,EFO_0000685,INDICATION,
CHEMBL2109433,EFO_0000694,INDICATION,
CHEMBL2109433,MONDO_0005178,INDICATION,
CHEMBL2109433,MONDO_0005301,INDICATION,
CHEMBL2109435,EFO_0004142,INDICATION,
CHEMBL2109435,EFO_1001951,INDICATION,
CHEMBL2109437,EFO_0003893,INDICATION,
CHEMBL2109437,EFO_1000251,INDICATION,
CHEMBL2109437,EFO_1001100,INDICATION,
CHEMBL2109438,EFO_0003047,INDICATION,
CHEMBL2109440,EFO_0004272,INDICATION,
CHEMBL2109442,EFO_0000764,INDICATION,
CHEMBL2109442,EFO_0000765,INDICATION,
CHEMBL2109443,EFO_0000764,INDICATION,
CHEMBL2109446,EFO_0000764,INDICATION,
CHEMBL2109447,EFO_0000574,INDICATION,
CHEMBL2109449,MONDO_0007915,INDICATION,
CHEMBL2109450,EFO_0000676,INDICATION,
CHEMBL2109452,EFO_0000274,INDICATION,
CHEMBL2109452,EFO_0005854,INDICATION,
CHEMBL2109456,EFO_0005531,INDICATION,
CHEMBL2109456,EFO_0005854,INDICATION,
CHEMBL2109456,MONDO_0004979,INDICATION,
CHEMBL2109457,EFO_0000274,INDICATION,
CHEMBL2109457,EFO_0005531,INDICATION,
CHEMBL2109457,EFO_0007187,INDICATION,
CHEMBL2109457,EFO_0007425,INDICATION,
CHEMBL2109457,EFO_1001881,INDICATION,
CHEMBL2109457,EFO_1001890,INDICATION,
CHEMBL2109457,MONDO_0004979,INDICATION,
CHEMBL2109457,MONDO_0005271,INDICATION,
CHEMBL2109458,EFO_0000400,INDICATION,
CHEMBL2109458,EFO_0000685,INDICATION,
CHEMBL2109458,MONDO_0005178,INDICATION,
CHEMBL2109460,EFO_0005044,INDICATION,
CHEMBL2109463,MONDO_0004979,INDICATION,
CHEMBL2109465,EFO_0000384,INDICATION,
CHEMBL2109465,EFO_0000717,INDICATION,
CHEMBL2109465,EFO_0000768,INDICATION,
CHEMBL2109465,EFO_0004212,INDICATION,
CHEMBL2109465,EFO_0004232,INDICATION,
CHEMBL2109465,EFO_0005854,INDICATION,
CHEMBL2109465,EFO_0009448,INDICATION,
CHEMBL2109465,MONDO_0004979,INDICATION,
CHEMBL2109466,EFO_0000183,INDICATION,
CHEMBL2109467,EFO_0000676,INDICATION,
CHEMBL2109467,EFO_0000685,INDICATION,
CHEMBL2109467,EFO_0001060,INDICATION,
CHEMBL2109467,EFO_0004208,INDICATION,
CHEMBL2109467,EFO_0005809,INDICATION,
CHEMBL2109470,EFO_0003778,INDICATION,
CHEMBL2109475,EFO_0003778,INDICATION,
CHEMBL2109477,EFO_0000096,INDICATION,
CHEMBL2109477,EFO_0000616,INDICATION,
CHEMBL2109477,EFO_0000756,INDICATION,
CHEMBL2109477,EFO_0003860,INDICATION,
CHEMBL2109477,EFO_1001951,INDICATION,
CHEMBL2109477,MONDO_0007254,INDICATION,
CHEMBL2109478,MONDO_0007915,INDICATION,
CHEMBL2109480,EFO_0000198,INDICATION,
CHEMBL2109480,EFO_0000220,INDICATION,
CHEMBL2109480,EFO_0000222,INDICATION,
CHEMBL2109480,EFO_0000339,INDICATION,
CHEMBL2109480,EFO_0000565,INDICATION,
CHEMBL2109482,EFO_0001378,INDICATION,
CHEMBL2109484,EFO_0000702,INDICATION,
CHEMBL2109484,EFO_0001378,INDICATION,
CHEMBL2109488,EFO_0000612,INDICATION,
CHEMBL2109488,EFO_0001645,INDICATION,
CHEMBL2109488,EFO_0004265,INDICATION,
CHEMBL2109492,EFO_1001469,INDICATION,
CHEMBL2109494,EFO_0000198,INDICATION,
CHEMBL2109494,EFO_0000565,INDICATION,
CHEMBL2109494,EFO_0001378,INDICATION,
CHEMBL2109494,EFO_0002428,INDICATION,
CHEMBL2109495,EFO_0000198,INDICATION,
CHEMBL2109495,EFO_0000565,INDICATION,
CHEMBL2109495,EFO_0001378,INDICATION,
CHEMBL2109495,EFO_0002428,INDICATION,
CHEMBL2109498,EFO_0000222,INDICATION,
CHEMBL2109498,EFO_0001378,INDICATION,
CHEMBL2109500,EFO_0000095,INDICATION,
CHEMBL2109500,EFO_0000181,INDICATION,
CHEMBL2109500,EFO_0000183,INDICATION,
CHEMBL2109500,EFO_0000222,INDICATION,
CHEMBL2109500,EFO_0000565,INDICATION,
CHEMBL2109500,EFO_0000616,INDICATION,
CHEMBL2109500,EFO_0001378,INDICATION,
CHEMBL2109500,EFO_0005952,INDICATION,
CHEMBL2109500,MONDO_0001187,INDICATION,
CHEMBL2109500,MONDO_0004992,INDICATION,
CHEMBL2109502,EFO_0000673,INDICATION,
CHEMBL2109502,EFO_0003060,INDICATION,
CHEMBL2109502,EFO_0003893,INDICATION,
CHEMBL2109502,MONDO_0007254,INDICATION,
CHEMBL2109503,EFO_0002618,INDICATION,
CHEMBL2109503,EFO_1001951,INDICATION,
CHEMBL2109503,MONDO_0001056,INDICATION,
CHEMBL2109503,MONDO_0001187,INDICATION,
CHEMBL2109503,MONDO_0007254,INDICATION,
CHEMBL2109503,MONDO_0007576,INDICATION,
CHEMBL2109503,MONDO_0008170,INDICATION,
CHEMBL2109503,MONDO_0008903,INDICATION,
CHEMBL2109504,EFO_0000616,INDICATION,
CHEMBL2109506,EFO_1001951,INDICATION,
CHEMBL2109506,MONDO_0002087,INDICATION,
CHEMBL2109506,MONDO_0002158,INDICATION,
CHEMBL2109506,MONDO_0007254,INDICATION,
CHEMBL2109506,MONDO_0008170,INDICATION,
CHEMBL2109506,MONDO_0008903,INDICATION,
CHEMBL2109509,EFO_0000616,INDICATION,
CHEMBL2109511,EFO_0000384,INDICATION,
CHEMBL2109511,EFO_0000729,INDICATION,
CHEMBL2109512,EFO_0000756,INDICATION,
CHEMBL2109512,MONDO_0001056,INDICATION,
CHEMBL2109512,MONDO_0007254,INDICATION,
CHEMBL2109513,DOID_13406,INDICATION,
CHEMBL2109513,EFO_0000685,INDICATION,
CHEMBL2109513,EFO_0001075,INDICATION,
CHEMBL2109513,EFO_0003834,INDICATION,
CHEMBL2109513,EFO_1000251,INDICATION,
CHEMBL2109513,MONDO_0004992,INDICATION,
CHEMBL2109514,EFO_0002617,INDICATION,
CHEMBL2109516,EFO_0000588,INDICATION,
CHEMBL2109516,EFO_0000616,INDICATION,
CHEMBL2109516,EFO_0002618,INDICATION,
CHEMBL2109516,EFO_0006859,INDICATION,
CHEMBL2109516,MONDO_0002087,INDICATION,
CHEMBL2109516,MONDO_0002158,INDICATION,
CHEMBL2109516,MONDO_0002974,INDICATION,
CHEMBL2109516,MONDO_0008170,INDICATION,
CHEMBL2109516,MONDO_0008903,INDICATION,
CHEMBL2109523,MONDO_0007254,INDICATION,
CHEMBL2109523,MONDO_0008315,INDICATION,
CHEMBL2109526,EFO_0004616,INDICATION,
CHEMBL2109527,EFO_0003843,INDICATION,
CHEMBL2109527,MONDO_0005178,INDICATION,
CHEMBL2109528,EFO_0004616,INDICATION,
CHEMBL2109528,EFO_1000786,INDICATION,
CHEMBL2109528,MONDO_0005178,INDICATION,
CHEMBL2109530,EFO_0000685,INDICATION,
CHEMBL2109531,EFO_0000196,INDICATION,
CHEMBL2109531,EFO_0000574,INDICATION,
CHEMBL2109531,EFO_0002617,INDICATION,
CHEMBL2109531,EFO_0004142,INDICATION,
CHEMBL2109531,EFO_0006859,INDICATION,
CHEMBL2109531,MONDO_0007254,INDICATION,
CHEMBL2109534,EFO_0000616,INDICATION,
CHEMBL2109535,EFO_0003106,INDICATION,
CHEMBL2109536,EFO_0003106,INDICATION,
CHEMBL2109536,MONDO_0009061,INDICATION,
CHEMBL2109540,EFO_0000319,INDICATION,
CHEMBL2109540,EFO_0000400,INDICATION,
CHEMBL2109540,EFO_0001645,INDICATION,
CHEMBL2109540,EFO_0003914,INDICATION,
CHEMBL2109540,EFO_0004255,INDICATION,
CHEMBL2109540,EFO_0004911,INDICATION,
CHEMBL2109540,MONDO_0018328,INDICATION,
CHEMBL2109540,Orphanet_309005,INDICATION,
CHEMBL2109545,EFO_0000616,INDICATION,
CHEMBL2109546,EFO_0000544,INDICATION,
CHEMBL2109547,EFO_0000389,INDICATION,
CHEMBL2109547,EFO_1000158,INDICATION,
CHEMBL2109548,EFO_0010282,INDICATION,
CHEMBL2109548,MONDO_0005184,INDICATION,
CHEMBL2109548,MONDO_0008315,INDICATION,
CHEMBL2109549,EFO_0000673,INDICATION,
CHEMBL2109549,MONDO_0008315,INDICATION,
CHEMBL2109553,EFO_0000196,INDICATION,
CHEMBL2109556,EFO_0000673,INDICATION,
CHEMBL2109556,MONDO_0008315,INDICATION,
CHEMBL2109558,MONDO_0008315,INDICATION,
CHEMBL2109559,MONDO_0008315,INDICATION,
CHEMBL2109562,EFO_0000764,INDICATION,
CHEMBL2109562,MONDO_0007254,INDICATION,
CHEMBL2109563,EFO_0002618,INDICATION,
CHEMBL2109563,MONDO_0004992,INDICATION,
CHEMBL2109564,EFO_0007469,INDICATION,
CHEMBL2109566,EFO_1001413,INDICATION,
CHEMBL2109569,EFO_0005681,INDICATION,
CHEMBL2109570,EFO_0000616,INDICATION,
CHEMBL2109570,EFO_0000681,INDICATION,
CHEMBL2109570,EFO_0001365,INDICATION,
CHEMBL2109573,EFO_0000712,INDICATION,
CHEMBL2109574,EFO_0001663,INDICATION,
CHEMBL2109575,EFO_0000616,INDICATION,
CHEMBL2109576,EFO_1001951,INDICATION,
CHEMBL2109583,EFO_0000222,INDICATION,
CHEMBL2109583,EFO_0003060,INDICATION,
CHEMBL2109583,EFO_1001471,INDICATION,
CHEMBL2109583,MONDO_0007254,INDICATION,
CHEMBL2109584,MONDO_0004992,INDICATION,
CHEMBL2109585,EFO_0000401,INDICATION,
CHEMBL2109586,EFO_0000616,INDICATION,
CHEMBL2109589,EFO_1001951,INDICATION,
CHEMBL2109590,EFO_0000684,INDICATION,
CHEMBL2109591,EFO_0003884,INDICATION,
CHEMBL2109593,EFO_0007328,INDICATION,
CHEMBL2109595,MONDO_0004979,INDICATION,
CHEMBL2109598,EFO_0000685,INDICATION,
CHEMBL2109598,EFO_0005761,INDICATION,
CHEMBL2109600,EFO_0000616,INDICATION,
CHEMBL2109602,EFO_0000616,INDICATION,
CHEMBL2109604,EFO_0000341,INDICATION,
CHEMBL2109604,EFO_0000616,INDICATION,
CHEMBL2109604,EFO_0001378,INDICATION,
CHEMBL2109604,EFO_0007135,INDICATION,
CHEMBL2109606,EFO_0000274,INDICATION,
CHEMBL2109606,EFO_0000384,INDICATION,
CHEMBL2109606,EFO_0000400,INDICATION,
CHEMBL2109606,EFO_0003767,INDICATION,
CHEMBL2109606,EFO_0003780,INDICATION,
CHEMBL2109607,EFO_0000341,INDICATION,
CHEMBL2109607,EFO_1000710,INDICATION,
CHEMBL2109608,EFO_0000616,INDICATION,
CHEMBL2109608,EFO_0000756,INDICATION,
CHEMBL2109608,EFO_0002617,INDICATION,
CHEMBL2109608,EFO_0002618,INDICATION,
CHEMBL2109610,EFO_0001060,INDICATION,
CHEMBL2109610,EFO_0007316,INDICATION,
CHEMBL2109610,MONDO_0019469,INDICATION,
CHEMBL2109613,EFO_0000384,INDICATION,
CHEMBL2109613,MONDO_0007915,INDICATION,
CHEMBL2109614,EFO_0000685,INDICATION,
CHEMBL2109615,MONDO_0007915,INDICATION,
CHEMBL2109616,EFO_0006505,INDICATION,
CHEMBL2109619,EFO_0007328,INDICATION,
CHEMBL2109621,EFO_0000717,INDICATION,
CHEMBL2109621,EFO_0004244,INDICATION,
CHEMBL2109621,EFO_1001951,INDICATION,
CHEMBL2109621,MONDO_0008170,INDICATION,
CHEMBL2109621,MONDO_0008315,INDICATION,
CHEMBL2109622,MONDO_0004992,INDICATION,
CHEMBL2109623,EFO_0000768,INDICATION,
CHEMBL2109624,MONDO_0018896,INDICATION,
CHEMBL2109624,MONDO_0019740,INDICATION,
CHEMBL2109625,EFO_0007545,INDICATION,
CHEMBL2109629,EFO_0000588,INDICATION,
CHEMBL2109629,EFO_0000616,INDICATION,
CHEMBL2109629,EFO_0000770,INDICATION,
CHEMBL2109629,EFO_0002618,INDICATION,
CHEMBL2109629,EFO_0003060,INDICATION,
CHEMBL2109629,EFO_0003893,INDICATION,
CHEMBL2109629,MONDO_0004992,INDICATION,
CHEMBL2109629,MONDO_0021117,INDICATION,
CHEMBL2109633,EFO_0000616,INDICATION,
CHEMBL2109635,EFO_0000616,INDICATION,
CHEMBL2109635,MONDO_0007254,INDICATION,
CHEMBL2109636,EFO_0000717,INDICATION,
CHEMBL2109636,EFO_0005297,INDICATION,
CHEMBL2109636,EFO_0006834,INDICATION,
CHEMBL2109636,EFO_0006835,INDICATION,
CHEMBL2109636,EFO_1000710,INDICATION,
CHEMBL2109636,EFO_1000784,INDICATION,
CHEMBL2109636,MONDO_0015492,INDICATION,
CHEMBL2109636,MONDO_0100096,INDICATION,
CHEMBL2109636,MP_0001845,INDICATION,
CHEMBL2109637,EFO_0000305,INDICATION,
CHEMBL2109637,MONDO_0007254,INDICATION,
CHEMBL2109641,EFO_0000565,INDICATION,
CHEMBL2109641,EFO_0000574,INDICATION,
CHEMBL2109642,EFO_1001951,INDICATION,
CHEMBL2109643,EFO_1001951,INDICATION,
CHEMBL2109644,EFO_0000519,INDICATION,
CHEMBL2109653,EFO_0000274,INDICATION,
CHEMBL2109653,EFO_0000365,INDICATION,
CHEMBL2109653,EFO_0000616,INDICATION,
CHEMBL2109653,EFO_0000676,INDICATION,
CHEMBL2109653,EFO_0000717,INDICATION,
CHEMBL2109653,EFO_0003894,INDICATION,
CHEMBL2109653,EFO_1000710,INDICATION,
CHEMBL2109653,MONDO_0004992,INDICATION,
CHEMBL2109653,MONDO_0005148,INDICATION,
CHEMBL2109653,MP_0001845,INDICATION,
CHEMBL2109662,EFO_0000181,INDICATION,
CHEMBL2109662,EFO_0000182,INDICATION,
CHEMBL2109662,EFO_0000681,INDICATION,
CHEMBL2109662,EFO_0001378,INDICATION,
CHEMBL2109662,EFO_0004142,INDICATION,
CHEMBL2109664,EFO_0000384,INDICATION,
CHEMBL2109664,EFO_0000685,INDICATION,
CHEMBL2109664,EFO_0000729,INDICATION,
CHEMBL2109665,EFO_0005952,INDICATION,
CHEMBL2109665,MONDO_0004992,INDICATION,
CHEMBL2109667,EFO_0000616,INDICATION,
CHEMBL2109667,EFO_0000768,INDICATION,
CHEMBL2109667,EFO_0001422,INDICATION,
CHEMBL2109667,EFO_0002618,INDICATION,
CHEMBL2109667,EFO_0004268,INDICATION,
CHEMBL2109667,EFO_1001951,INDICATION,
CHEMBL2109667,MONDO_0044903,INDICATION,
CHEMBL2109673,EFO_0002617,INDICATION,
CHEMBL2109677,MONDO_0008315,INDICATION,
CHEMBL2109678,MONDO_0008315,INDICATION,
CHEMBL2109679,EFO_1001951,INDICATION,
CHEMBL2109680,EFO_1001951,INDICATION,
CHEMBL2110372,EFO_0000764,INDICATION,
CHEMBL2110372,EFO_0004607,INDICATION,
CHEMBL2110372,EFO_0009454,INDICATION,
CHEMBL2110372,MONDO_0043839,INDICATION,
CHEMBL2110551,EFO_0003827,INDICATION,
CHEMBL2110551,EFO_0003833,INDICATION,
CHEMBL2110553,EFO_0003833,INDICATION,
CHEMBL2110555,EFO_0003095,INDICATION,
CHEMBL2110557,EFO_0001645,INDICATION,
CHEMBL2110561,EFO_0003843,INDICATION,
CHEMBL2110563,EFO_0000211,INDICATION,
CHEMBL2110563,EFO_0000305,INDICATION,
CHEMBL2110563,EFO_0000574,INDICATION,
CHEMBL2110563,EFO_0000588,INDICATION,
CHEMBL2110563,EFO_0000612,INDICATION,
CHEMBL2110563,EFO_0000676,INDICATION,
CHEMBL2110563,EFO_0000734,INDICATION,
CHEMBL2110563,EFO_0000764,INDICATION,
CHEMBL2110563,EFO_0001070,INDICATION,
CHEMBL2110563,EFO_0002913,INDICATION,
CHEMBL2110563,EFO_0002950,INDICATION,
CHEMBL2110563,EFO_0003032,INDICATION,
CHEMBL2110563,EFO_0003060,INDICATION,
CHEMBL2110563,EFO_0003144,INDICATION,
CHEMBL2110563,EFO_0003758,INDICATION,
CHEMBL2110563,EFO_0003882,INDICATION,
CHEMBL2110563,EFO_0003884,INDICATION,
CHEMBL2110563,EFO_0003914,INDICATION,
CHEMBL2110563,EFO_0004252,INDICATION,
CHEMBL2110563,EFO_0004272,INDICATION,
CHEMBL2110563,EFO_0004284,INDICATION,
CHEMBL2110563,EFO_0005407,INDICATION,
CHEMBL2110563,EFO_0006859,INDICATION,
CHEMBL2110563,EFO_0803321,INDICATION,
CHEMBL2110563,EFO_1000783,INDICATION,
CHEMBL2110563,EFO_1000785,INDICATION,
CHEMBL2110563,EFO_1001012,INDICATION,
CHEMBL2110563,EFO_1001051,INDICATION,
CHEMBL2110563,EFO_1001375,INDICATION,
CHEMBL2110563,MONDO_0001437,INDICATION,
CHEMBL2110563,MONDO_0002050,INDICATION,
CHEMBL2110563,MONDO_0002087,INDICATION,
CHEMBL2110563,MONDO_0002158,INDICATION,
CHEMBL2110563,MONDO_0002280,INDICATION,
CHEMBL2110563,MONDO_0004975,INDICATION,
CHEMBL2110563,MONDO_0004976,INDICATION,
CHEMBL2110563,MONDO_0005148,INDICATION,
CHEMBL2110563,MONDO_0008170,INDICATION,
CHEMBL2110563,MONDO_0008315,INDICATION,
CHEMBL2110563,MONDO_0008903,INDICATION,
CHEMBL2110563,MONDO_0042976,INDICATION,
CHEMBL2110563,MONDO_0100096,INDICATION,
CHEMBL2110579,EFO_0002618,INDICATION,
CHEMBL2110579,EFO_0003060,INDICATION,
CHEMBL2110580,EFO_0000313,INDICATION,
CHEMBL2110580,EFO_0000519,INDICATION,
CHEMBL2110580,EFO_0005543,INDICATION,
CHEMBL2110580,MONDO_0100342,INDICATION,
CHEMBL2110581,EFO_0001365,INDICATION,
CHEMBL2110581,EFO_0009606,INDICATION,
CHEMBL2110585,EFO_0000198,INDICATION,
CHEMBL2110585,MONDO_0001475,INDICATION,
CHEMBL2110587,EFO_0000222,INDICATION,
CHEMBL2110587,EFO_0000479,INDICATION,
CHEMBL2110587,EFO_0000574,INDICATION,
CHEMBL2110587,EFO_0000616,INDICATION,
CHEMBL2110587,EFO_0000681,INDICATION,
CHEMBL2110587,EFO_0000691,INDICATION,
CHEMBL2110587,EFO_0000756,INDICATION,
CHEMBL2110587,EFO_0002617,INDICATION,
CHEMBL2110587,EFO_0003060,INDICATION,
CHEMBL2110587,MONDO_0002158,INDICATION,
CHEMBL2110587,MONDO_0004992,INDICATION,
CHEMBL2110587,MONDO_0007254,INDICATION,
CHEMBL2110587,MONDO_0008170,INDICATION,
CHEMBL2110588,MONDO_0018150,INDICATION,
CHEMBL2110588,MONDO_0044881,INDICATION,
CHEMBL2110588,Orphanet_77259,INDICATION,
CHEMBL2110588,Orphanet_77261,INDICATION,
CHEMBL2110596,EFO_0000319,INDICATION,
CHEMBL2110596,EFO_0003875,INDICATION,
CHEMBL2110602,EFO_0000771,INDICATION,
CHEMBL2110603,EFO_0005230,INDICATION,
CHEMBL2110609,EFO_0000544,INDICATION,
CHEMBL2110627,EFO_0000319,INDICATION,
CHEMBL2110627,EFO_0000537,INDICATION,
CHEMBL2110641,EFO_0000537,INDICATION,
CHEMBL2110651,EFO_0010282,INDICATION,
CHEMBL2110659,EFO_0004270,INDICATION,
CHEMBL2110659,MONDO_0005180,INDICATION,
CHEMBL2110666,MONDO_0005148,INDICATION,
CHEMBL2110670,MONDO_0005090,INDICATION,
CHEMBL2110679,MONDO_0005090,INDICATION,
CHEMBL2110686,EFO_0003095,INDICATION,
CHEMBL2110686,Orphanet_309005,INDICATION,
CHEMBL2110700,EFO_0010282,INDICATION,
CHEMBL2110700,MONDO_0004247,INDICATION,
CHEMBL2110725,EFO_0000616,INDICATION,
CHEMBL2110725,EFO_0000702,INDICATION,
CHEMBL2110725,EFO_0003060,INDICATION,
CHEMBL2110725,EFO_0003863,INDICATION,
CHEMBL2110725,EFO_0008528,INDICATION,
CHEMBL2110725,EFO_1000601,INDICATION,
CHEMBL2110725,EFO_1001094,INDICATION,
CHEMBL2110725,MONDO_0001056,INDICATION,
CHEMBL2110725,MONDO_0001187,INDICATION,
CHEMBL2110725,MONDO_0002038,INDICATION,
CHEMBL2110725,MONDO_0004986,INDICATION,
CHEMBL2110725,MONDO_0004992,INDICATION,
CHEMBL2110725,MONDO_0007254,INDICATION,
CHEMBL2110725,MONDO_0008315,INDICATION,
CHEMBL2110725,MONDO_0008903,INDICATION,
CHEMBL2110727,EFO_0000180,INDICATION,
CHEMBL2110727,EFO_0000544,INDICATION,
CHEMBL2110727,EFO_0000764,INDICATION,
CHEMBL2110727,EFO_0001421,INDICATION,
CHEMBL2110727,EFO_0003095,INDICATION,
CHEMBL2110727,EFO_0004268,INDICATION,
CHEMBL2110727,EFO_1001249,INDICATION,
CHEMBL2110727,MONDO_0100096,INDICATION,
CHEMBL2110730,EFO_0001358,INDICATION,
CHEMBL2110730,EFO_0004701,INDICATION,
CHEMBL2110730,EFO_0005407,INDICATION,
CHEMBL2110730,MONDO_0005090,INDICATION,
CHEMBL2110731,EFO_1001249,INDICATION,
CHEMBL2110731,MONDO_0005148,INDICATION,
CHEMBL2110732,EFO_0000181,INDICATION,
CHEMBL2110732,EFO_0000313,INDICATION,
CHEMBL2110732,EFO_0000519,INDICATION,
CHEMBL2110732,EFO_0000616,INDICATION,
CHEMBL2110732,EFO_0000707,INDICATION,
CHEMBL2110732,EFO_0001421,INDICATION,
CHEMBL2110732,EFO_0003060,INDICATION,
CHEMBL2110732,EFO_0003833,INDICATION,
CHEMBL2110732,EFO_0004284,INDICATION,
CHEMBL2110732,EFO_0005570,INDICATION,
CHEMBL2110732,EFO_0009708,INDICATION,
CHEMBL2110732,EFO_1001094,INDICATION,
CHEMBL2110732,EFO_1001951,INDICATION,
CHEMBL2110732,MONDO_0001657,INDICATION,
CHEMBL2110732,MONDO_0004992,INDICATION,
CHEMBL2110732,MONDO_0008903,INDICATION,
CHEMBL2110734,EFO_0000403,INDICATION,
CHEMBL2110734,EFO_0000756,INDICATION,
CHEMBL2110734,EFO_0001663,INDICATION,
CHEMBL2110734,EFO_0003060,INDICATION,
CHEMBL2110734,EFO_0005952,INDICATION,
CHEMBL2110734,MONDO_0004992,INDICATION,
CHEMBL2110734,MONDO_0007254,INDICATION,
CHEMBL2110734,MONDO_0008315,INDICATION,
CHEMBL2110737,EFO_0000764,INDICATION,
CHEMBL2110737,EFO_0004220,INDICATION,
CHEMBL2110737,EFO_0005547,INDICATION,
CHEMBL2110753,EFO_0003106,INDICATION,
CHEMBL2110753,EFO_1001904,INDICATION,
CHEMBL2110756,EFO_1000948,INDICATION,
CHEMBL2110767,EFO_0000319,INDICATION,
CHEMBL2110767,EFO_0003763,INDICATION,
CHEMBL2110773,EFO_0010282,INDICATION,
CHEMBL2110774,MONDO_0005271,INDICATION,
CHEMBL2110781,EFO_0009454,INDICATION,
CHEMBL2110781,EFO_0010282,INDICATION,
CHEMBL2110784,EFO_0000319,INDICATION,
CHEMBL2110786,EFO_0003843,INDICATION,
CHEMBL2110786,EFO_0003882,INDICATION,
CHEMBL2110788,EFO_0010282,INDICATION,
CHEMBL2110791,EFO_1001034,INDICATION,
CHEMBL2110791,EFO_1001313,INDICATION,
CHEMBL2110809,EFO_0005230,INDICATION,
CHEMBL2110809,EFO_0006788,INDICATION,
CHEMBL2110816,MONDO_0002009,INDICATION,
CHEMBL2110816,MONDO_0002050,INDICATION,
CHEMBL2110824,EFO_0000196,INDICATION,
CHEMBL2110824,EFO_0000545,INDICATION,
CHEMBL2110824,EFO_0000616,INDICATION,
CHEMBL2110824,EFO_0000673,INDICATION,
CHEMBL2110824,MONDO_0008315,INDICATION,
CHEMBL2110849,EFO_0010282,INDICATION,
CHEMBL2110900,EFO_0004234,INDICATION,
CHEMBL2110900,EFO_0004714,INDICATION,
CHEMBL2110900,EFO_0803321,INDICATION,
CHEMBL2110900,MONDO_0001780,INDICATION,
CHEMBL2110912,EFO_0010282,INDICATION,
CHEMBL2110922,EFO_0000319,INDICATION,
CHEMBL2110938,EFO_0003888,INDICATION,
CHEMBL2110948,EFO_0010282,INDICATION,
CHEMBL2110948,MONDO_0004247,INDICATION,
CHEMBL2110954,MONDO_0004975,INDICATION,
CHEMBL2110962,EFO_0001073,INDICATION,
CHEMBL2111016,EFO_0000544,INDICATION,
CHEMBL2111029,EFO_1001951,INDICATION,
CHEMBL2111029,MONDO_0002087,INDICATION,
CHEMBL2111029,MONDO_0008170,INDICATION,
CHEMBL2111030,EFO_0005230,INDICATION,
CHEMBL2111030,EFO_0005407,INDICATION,
CHEMBL2111030,MONDO_0002050,INDICATION,
CHEMBL2111030,MONDO_0005090,INDICATION,
CHEMBL2111047,EFO_0003888,INDICATION,
CHEMBL2111051,MONDO_0004975,INDICATION,
CHEMBL2111066,MONDO_0005271,INDICATION,
CHEMBL2111076,EFO_0000319,INDICATION,
CHEMBL2111081,EFO_0000319,INDICATION,
CHEMBL2111081,EFO_0000537,INDICATION,
CHEMBL2111081,EFO_0003144,INDICATION,
CHEMBL2111081,EFO_1000899,INDICATION,
CHEMBL2111083,EFO_0000341,INDICATION,
CHEMBL2111083,EFO_0008590,INDICATION,
CHEMBL2111083,MONDO_0004979,INDICATION,
CHEMBL2111084,EFO_0000616,INDICATION,
CHEMBL2111084,EFO_0000702,INDICATION,
CHEMBL2111084,EFO_0003060,INDICATION,
CHEMBL2111084,MONDO_0002974,INDICATION,
CHEMBL2111084,MONDO_0008170,INDICATION,
CHEMBL2111084,MONDO_0008903,INDICATION,
CHEMBL2111086,EFO_0003060,INDICATION,
CHEMBL2111086,EFO_0003869,INDICATION,
CHEMBL2111086,EFO_0003893,INDICATION,
CHEMBL2111086,MONDO_0002087,INDICATION,
CHEMBL2111086,MONDO_0002158,INDICATION,
CHEMBL2111086,MONDO_0008170,INDICATION,
CHEMBL2111086,MONDO_0008903,INDICATION,
CHEMBL2111090,EFO_0000519,INDICATION,
CHEMBL2111090,EFO_0000632,INDICATION,
CHEMBL2111090,EFO_0005669,INDICATION,
CHEMBL2111090,EFO_1001254,INDICATION,
CHEMBL2111090,MONDO_0100342,INDICATION,
CHEMBL2111097,EFO_0000319,INDICATION,
CHEMBL2111097,EFO_0000537,INDICATION,
CHEMBL2111100,EFO_0000616,INDICATION,
CHEMBL2111100,EFO_0000637,INDICATION,
CHEMBL2111100,MONDO_0002629,INDICATION,
CHEMBL2111101,EFO_0004895,INDICATION,
CHEMBL2111101,EFO_0005407,INDICATION,
CHEMBL2111101,EFO_0005772,INDICATION,
CHEMBL2111101,MONDO_0002009,INDICATION,
CHEMBL2111101,MONDO_0004975,INDICATION,
CHEMBL2111101,MONDO_0005090,INDICATION,
CHEMBL2111101,MONDO_0005180,INDICATION,
CHEMBL2111105,EFO_0003957,INDICATION,
CHEMBL2111107,EFO_0001073,INDICATION,
CHEMBL2111107,EFO_0001074,INDICATION,
CHEMBL2111107,EFO_0003086,INDICATION,
CHEMBL2111107,EFO_0004888,INDICATION,
CHEMBL2111107,EFO_0005323,INDICATION,
CHEMBL2111107,EFO_0009516,INDICATION,
CHEMBL2111107,EFO_0010581,INDICATION,
CHEMBL2111107,MONDO_0005271,INDICATION,
CHEMBL2111107,MONDO_0008315,INDICATION,
CHEMBL2111108,EFO_0004220,INDICATION,
CHEMBL2111109,EFO_0000756,INDICATION,
CHEMBL2111109,EFO_0003060,INDICATION,
CHEMBL2111109,MONDO_0008315,INDICATION,
CHEMBL2111110,EFO_0000275,INDICATION,
CHEMBL2111110,EFO_0003911,INDICATION,
CHEMBL2111110,EFO_0004269,INDICATION,
CHEMBL2111112,EFO_0000275,INDICATION,
CHEMBL2111112,EFO_0003911,INDICATION,
CHEMBL2111112,EFO_0004269,INDICATION,
CHEMBL2111135,MONDO_0005271,INDICATION,
CHEMBL2111152,EFO_0003888,INDICATION,
CHEMBL2111164,EFO_0000217,CONTRAINDICATION,
CHEMBL2111164,EFO_0000318,CONTRAINDICATION,
CHEMBL2111164,EFO_0000319,CONTRAINDICATION,
CHEMBL2111164,EFO_0000341,CONTRAINDICATION,
CHEMBL2111164,EFO_0000400,CONTRAINDICATION,
CHEMBL2111164,EFO_0000464,CONTRAINDICATION,
CHEMBL2111164,EFO_0000474,CONTRAINDICATION,
CHEMBL2111164,EFO_0000537,CONTRAINDICATION,
CHEMBL2111164,EFO_0000612,CONTRAINDICATION,
CHEMBL2111164,EFO_0000712,CONTRAINDICATION,
CHEMBL2111164,EFO_0000729,CONTRAINDICATION,
CHEMBL2111164,EFO_0001074,CONTRAINDICATION,
CHEMBL2111164,EFO_0001422,CONTRAINDICATION,
CHEMBL2111164,EFO_0001645,CONTRAINDICATION,
CHEMBL2111164,EFO_0003086,CONTRAINDICATION,
CHEMBL2111164,EFO_0003100,CONTRAINDICATION,
CHEMBL2111164,EFO_0003767,CONTRAINDICATION,
CHEMBL2111164,EFO_0003832,CONTRAINDICATION,
CHEMBL2111164,EFO_0003833,CONTRAINDICATION,
CHEMBL2111164,EFO_0003875,CONTRAINDICATION,
CHEMBL2111164,EFO_0003877,CONTRAINDICATION,
CHEMBL2111164,EFO_0003890,CONTRAINDICATION,
CHEMBL2111164,EFO_0003928,CONTRAINDICATION,
CHEMBL2111164,EFO_0003948,CONTRAINDICATION,
CHEMBL2111164,EFO_0004190,CONTRAINDICATION,
CHEMBL2111164,EFO_0004242,CONTRAINDICATION,
CHEMBL2111164,EFO_0004262,CONTRAINDICATION,
CHEMBL2111164,EFO_0004274,CONTRAINDICATION,
CHEMBL2111164,EFO_0004705,CONTRAINDICATION,
CHEMBL2111164,EFO_0004777,CONTRAINDICATION,
CHEMBL2111164,EFO_0004895,CONTRAINDICATION,
CHEMBL2111164,EFO_0004991,CONTRAINDICATION,
CHEMBL2111164,EFO_0005251,CONTRAINDICATION,
CHEMBL2111164,EFO_0005252,CONTRAINDICATION,
CHEMBL2111164,EFO_0005306,CONTRAINDICATION,
CHEMBL2111164,EFO_0005407,CONTRAINDICATION,
CHEMBL2111164,EFO_0005687,OFF_LABEL_USE,
CHEMBL2111164,EFO_0005809,CONTRAINDICATION,
CHEMBL2111164,EFO_0007467,CONTRAINDICATION,
CHEMBL2111164,EFO_0008506,CONTRAINDICATION,
CHEMBL2111164,EFO_0009086,CONTRAINDICATION,
CHEMBL2111164,EFO_0009189,CONTRAINDICATION,
CHEMBL2111164,EFO_0009190,CONTRAINDICATION,
CHEMBL2111164,EFO_0009267,CONTRAINDICATION,
CHEMBL2111164,EFO_0009314,CONTRAINDICATION,
CHEMBL2111164,EFO_0009551,CONTRAINDICATION,
CHEMBL2111164,EFO_0009552,CONTRAINDICATION,
CHEMBL2111164,EFO_1000014,CONTRAINDICATION,
CHEMBL2111164,EFO_1000391,CONTRAINDICATION,
CHEMBL2111164,EFO_1000652,CONTRAINDICATION,
CHEMBL2111164,EFO_1000800,CONTRAINDICATION,
CHEMBL2111164,EFO_1000902,CONTRAINDICATION,
CHEMBL2111164,EFO_1000905,CONTRAINDICATION,
CHEMBL2111164,EFO_1000948,CONTRAINDICATION,
CHEMBL2111164,EFO_1000992,CONTRAINDICATION,
CHEMBL2111164,EFO_1001055,CONTRAINDICATION,
CHEMBL2111164,EFO_1001069,CONTRAINDICATION,
CHEMBL2111164,EFO_1001132,CONTRAINDICATION,
CHEMBL2111164,EFO_1001375,CONTRAINDICATION,
CHEMBL2111164,EFO_1001842,CONTRAINDICATION,
CHEMBL2111164,EFO_1001872,CONTRAINDICATION,
CHEMBL2111164,MONDO_0000313,CONTRAINDICATION,
CHEMBL2111164,MONDO_0000468,CONTRAINDICATION,
CHEMBL2111164,MONDO_0001343,CONTRAINDICATION,
CHEMBL2111164,MONDO_0001566,CONTRAINDICATION,
CHEMBL2111164,MONDO_0001744,CONTRAINDICATION,
CHEMBL2111164,MONDO_0002050,CONTRAINDICATION,
CHEMBL2111164,MONDO_0002203,CONTRAINDICATION,
CHEMBL2111164,MONDO_0002277,CONTRAINDICATION,
CHEMBL2111164,MONDO_0002280,CONTRAINDICATION,
CHEMBL2111164,MONDO_0002491,CONTRAINDICATION,
CHEMBL2111164,MONDO_0004247,CONTRAINDICATION,
CHEMBL2111164,MONDO_0004596,CONTRAINDICATION,
CHEMBL2111164,MONDO_0004985,CONTRAINDICATION,
CHEMBL2111164,MONDO_0005041,CONTRAINDICATION,
CHEMBL2111164,MONDO_0005090,CONTRAINDICATION,
CHEMBL2111164,MONDO_0005149,CONTRAINDICATION,
CHEMBL2111164,MONDO_0005351,CONTRAINDICATION,
CHEMBL2111164,MONDO_0007079,CONTRAINDICATION,
CHEMBL2111164,MONDO_0007915,CONTRAINDICATION,
CHEMBL2111164,MONDO_0008224,CONTRAINDICATION,
CHEMBL2111164,MONDO_0008233,CONTRAINDICATION,
CHEMBL2111164,MONDO_0011382,CONTRAINDICATION,
CHEMBL2111164,MONDO_0015129,CONTRAINDICATION,
CHEMBL2111164,MONDO_0018660,CONTRAINDICATION,
CHEMBL2111164,MONDO_0018896,CONTRAINDICATION,
CHEMBL2111164,MONDO_0019171,CONTRAINDICATION,
CHEMBL2111164,MONDO_0019338,CONTRAINDICATION,
CHEMBL2111164,MONDO_0021661,CONTRAINDICATION,
CHEMBL2111164,MONDO_0024327,CONTRAINDICATION,
CHEMBL2111164,MONDO_0024574,CONTRAINDICATION,
CHEMBL2111164,MONDO_0037821,CONTRAINDICATION,
CHEMBL2111164,MONDO_0044751,CONTRAINDICATION,
CHEMBL2111164,MONDO_0100192,CONTRAINDICATION,
CHEMBL2111164,Orphanet_903,CONTRAINDICATION,
CHEMBL2111176,EFO_0010282,INDICATION,
CHEMBL2111186,EFO_0000182,INDICATION,
CHEMBL2111186,EFO_0000284,INDICATION,
CHEMBL2111186,EFO_0000519,INDICATION,
CHEMBL2111186,EFO_0002499,INDICATION,
CHEMBL2111186,EFO_0004683,INDICATION,
CHEMBL2111186,MONDO_0008903,INDICATION,
CHEMBL2111187,EFO_0000196,INDICATION,
CHEMBL2111187,EFO_0000673,INDICATION,
CHEMBL2111187,EFO_0000691,INDICATION,
CHEMBL2111187,EFO_0001378,INDICATION,
CHEMBL2111187,EFO_0001663,INDICATION,
CHEMBL2111187,EFO_0003060,INDICATION,
CHEMBL2111187,EFO_0003869,INDICATION,
CHEMBL2111187,EFO_0005537,INDICATION,
CHEMBL2111187,EFO_0009708,INDICATION,
CHEMBL2111187,EFO_0009870,INDICATION,
CHEMBL2111187,MONDO_0007254,INDICATION,
CHEMBL2111187,MONDO_0008315,INDICATION,
CHEMBL2111286,EFO_0003948,INDICATION,
CHEMBL2111286,EFO_1000961,INDICATION,
CHEMBL2111290,EFO_1001348,INDICATION,
CHEMBL211456,EFO_0000217,CONTRAINDICATION,
CHEMBL211456,EFO_0000319,CONTRAINDICATION,
CHEMBL211456,EFO_0000341,CONTRAINDICATION,
CHEMBL211456,EFO_0000400,CONTRAINDICATION,
CHEMBL211456,EFO_0000464,CONTRAINDICATION,
CHEMBL211456,EFO_0000474,CONTRAINDICATION,
CHEMBL211456,EFO_0000537,CONTRAINDICATION,
CHEMBL211456,EFO_0000612,CONTRAINDICATION,
CHEMBL211456,EFO_0000668,INDICATION,
CHEMBL211456,EFO_0000712,CONTRAINDICATION,
CHEMBL211456,EFO_0000729,CONTRAINDICATION,
CHEMBL211456,EFO_0001064,CONTRAINDICATION,
CHEMBL211456,EFO_0001073,INDICATION,
CHEMBL211456,EFO_0001074,CONTRAINDICATION,
CHEMBL211456,EFO_0001645,CONTRAINDICATION,
CHEMBL211456,EFO_0003086,CONTRAINDICATION,
CHEMBL211456,EFO_0003767,CONTRAINDICATION,
CHEMBL211456,EFO_0003777,CONTRAINDICATION,
CHEMBL211456,EFO_0003779,CONTRAINDICATION,
CHEMBL211456,EFO_0003832,CONTRAINDICATION,
CHEMBL211456,EFO_0003833,CONTRAINDICATION,
CHEMBL211456,EFO_0003843,INDICATION,
CHEMBL211456,EFO_0003877,CONTRAINDICATION,
CHEMBL211456,EFO_0003890,CONTRAINDICATION,
CHEMBL211456,EFO_0003948,CONTRAINDICATION,
CHEMBL211456,EFO_0003956,INDICATION,
CHEMBL211456,EFO_0004190,CONTRAINDICATION,
CHEMBL211456,EFO_0004283,CONTRAINDICATION,
CHEMBL211456,EFO_0004705,CONTRAINDICATION,
CHEMBL211456,EFO_0004991,CONTRAINDICATION,
CHEMBL211456,EFO_0005251,CONTRAINDICATION,
CHEMBL211456,EFO_0005306,CONTRAINDICATION,
CHEMBL211456,EFO_0005407,CONTRAINDICATION,
CHEMBL211456,EFO_0005854,INDICATION,
CHEMBL211456,EFO_0007141,INDICATION,
CHEMBL211456,EFO_0007214,INDICATION,
CHEMBL211456,EFO_0007533,INDICATION,
CHEMBL211456,EFO_0008521,INDICATION,
CHEMBL211456,EFO_0009086,CONTRAINDICATION,
CHEMBL211456,EFO_0009189,CONTRAINDICATION,
CHEMBL211456,EFO_0009190,CONTRAINDICATION,
CHEMBL211456,EFO_0009314,CONTRAINDICATION,
CHEMBL211456,EFO_0009454,CONTRAINDICATION,
CHEMBL211456,EFO_0009532,CONTRAINDICATION,
CHEMBL211456,EFO_0009550,INDICATION,
CHEMBL211456,EFO_0009571,CONTRAINDICATION,
CHEMBL211456,EFO_0009661,INDICATION,
CHEMBL211456,EFO_0009910,CONTRAINDICATION,
CHEMBL211456,EFO_1000014,CONTRAINDICATION,
CHEMBL211456,EFO_1000652,CONTRAINDICATION,
CHEMBL211456,EFO_1000684,CONTRAINDICATION,
CHEMBL211456,EFO_1000800,CONTRAINDICATION,
CHEMBL211456,EFO_1000902,CONTRAINDICATION,
CHEMBL211456,EFO_1001069,CONTRAINDICATION,
CHEMBL211456,EFO_1001095,CONTRAINDICATION,
CHEMBL211456,EFO_1001132,CONTRAINDICATION,
CHEMBL211456,EFO_1001134,CONTRAINDICATION,
CHEMBL211456,EFO_1001375,CONTRAINDICATION,
CHEMBL211456,MONDO_0000440,CONTRAINDICATION,
CHEMBL211456,MONDO_0001343,CONTRAINDICATION,
CHEMBL211456,MONDO_0001744,CONTRAINDICATION,
CHEMBL211456,MONDO_0002050,CONTRAINDICATION,
CHEMBL211456,MONDO_0002203,CONTRAINDICATION,
CHEMBL211456,MONDO_0002277,CONTRAINDICATION,
CHEMBL211456,MONDO_0002280,CONTRAINDICATION,
CHEMBL211456,MONDO_0002491,CONTRAINDICATION,
CHEMBL211456,MONDO_0004247,CONTRAINDICATION,
CHEMBL211456,MONDO_0004596,CONTRAINDICATION,
CHEMBL211456,MONDO_0004979,INDICATION,
CHEMBL211456,MONDO_0005041,CONTRAINDICATION,
CHEMBL211456,MONDO_0007079,CONTRAINDICATION,
CHEMBL211456,MONDO_0009061,CONTRAINDICATION,
CHEMBL211456,MONDO_0015129,CONTRAINDICATION,
CHEMBL211456,MONDO_0021661,CONTRAINDICATION,
CHEMBL211456,MONDO_0037821,CONTRAINDICATION,
CHEMBL211456,MONDO_0100192,CONTRAINDICATION,
CHEMBL211456,MP_0001914,INDICATION,
CHEMBL211471,EFO_0004991,INDICATION,
CHEMBL211538,EFO_0007512,INDICATION,
CHEMBL212432,MONDO_0009061,INDICATION,
CHEMBL21333,EFO_0003956,INDICATION,
CHEMBL21333,EFO_0005854,INDICATION,
CHEMBL21333,EFO_0007486,INDICATION,
CHEMBL21333,MONDO_0004979,INDICATION,
CHEMBL2133806,EFO_0000616,INDICATION,
CHEMBL2134724,EFO_0000274,INDICATION,
CHEMBL2134724,EFO_0000341,INDICATION,
CHEMBL2134724,EFO_0000464,INDICATION,
CHEMBL2134724,EFO_0001361,INDICATION,
CHEMBL2134724,EFO_0003956,INDICATION,
CHEMBL2134724,EFO_0006505,INDICATION,
CHEMBL2134724,EFO_0007214,INDICATION,
CHEMBL2134724,MONDO_0004979,INDICATION,
CHEMBL2134724,MONDO_0005180,INDICATION,
CHEMBL2134724,Orphanet_1764,INDICATION,
CHEMBL2135460,EFO_0001422,INDICATION,
CHEMBL2135460,EFO_0006834,INDICATION,
CHEMBL2135460,EFO_1002048,INDICATION,
CHEMBL2135460,MONDO_0001382,INDICATION,
CHEMBL2135460,MONDO_0005053,CONTRAINDICATION,
CHEMBL2135460,MP_0001914,INDICATION,
CHEMBL2137530,EFO_0000616,INDICATION,
CHEMBL2138684,MONDO_0005277,INDICATION,
CHEMBL2140408,MONDO_0004643,INDICATION,
CHEMBL2140408,MONDO_0004992,INDICATION,
CHEMBL2141296,EFO_0000220,INDICATION,
CHEMBL2141296,EFO_0000222,INDICATION,
CHEMBL2141296,EFO_0000565,INDICATION,
CHEMBL2141296,EFO_0000574,INDICATION,
CHEMBL2141296,EFO_0000616,INDICATION,
CHEMBL2141296,EFO_0000681,INDICATION,
CHEMBL2141296,EFO_0000764,INDICATION,
CHEMBL2141296,EFO_0001378,INDICATION,
CHEMBL2141296,EFO_0003884,INDICATION,
CHEMBL2141296,EFO_0005537,INDICATION,
CHEMBL2141296,EFO_0005761,INDICATION,
CHEMBL2141296,EFO_0006738,INDICATION,
CHEMBL2141296,EFO_0007160,INDICATION,
CHEMBL2141296,EFO_0009441,INDICATION,
CHEMBL2141296,EFO_1001264,INDICATION,
CHEMBL2141296,EFO_1001469,INDICATION,
CHEMBL2141296,MONDO_0000873,INDICATION,
CHEMBL2141296,MONDO_0004992,INDICATION,
CHEMBL2141296,MONDO_0018906,INDICATION,
CHEMBL2141296,MONDO_0019438,INDICATION,
CHEMBL2141296,MONDO_0044881,INDICATION,
CHEMBL2141712,EFO_0001365,INDICATION,
CHEMBL2142592,EFO_0000616,INDICATION,
CHEMBL2142592,EFO_0000702,INDICATION,
CHEMBL2142592,EFO_0000768,INDICATION,
CHEMBL2142592,EFO_0009708,INDICATION,
CHEMBL2142592,MONDO_0004992,INDICATION,
CHEMBL2142890,EFO_0003888,INDICATION,
CHEMBL2145077,EFO_0000373,INDICATION,
CHEMBL2145077,EFO_0003144,INDICATION,
CHEMBL2145077,EFO_0003913,INDICATION,
CHEMBL2146086,EFO_0000222,INDICATION,
CHEMBL2146086,EFO_0000616,INDICATION,
CHEMBL2146086,MONDO_0011719,INDICATION,
CHEMBL2146102,EFO_0003956,INDICATION,
CHEMBL2146102,EFO_0005251,INDICATION,
CHEMBL2146102,EFO_0007214,INDICATION,
CHEMBL2146102,MONDO_0004979,INDICATION,
CHEMBL2146108,EFO_0001072,INDICATION,
CHEMBL2146108,EFO_0003100,INDICATION,
CHEMBL2146110,EFO_0004280,INDICATION,
CHEMBL2146110,MONDO_0005180,INDICATION,
CHEMBL2146123,EFO_0003102,INDICATION,
CHEMBL2146124,EFO_0000544,INDICATION,
CHEMBL2146124,EFO_0003102,INDICATION,
CHEMBL2146124,EFO_0003106,INDICATION,
CHEMBL2146125,EFO_0003843,INDICATION,
CHEMBL2146125,EFO_0009688,INDICATION,
CHEMBL2146125,EFO_1000905,INDICATION,
CHEMBL2146125,MONDO_0002974,INDICATION,
CHEMBL2146125,MONDO_0011382,INDICATION,
CHEMBL2146126,MONDO_0004985,INDICATION,
CHEMBL2146140,EFO_0003948,INDICATION,
CHEMBL2146140,EFO_0004607,INDICATION,
CHEMBL2146140,EFO_0007549,INDICATION,
CHEMBL2146140,EFO_0009454,INDICATION,
CHEMBL2146142,EFO_1000049,INDICATION,
CHEMBL2146142,MONDO_0018076,INDICATION,
CHEMBL2146146,EFO_0003956,INDICATION,
CHEMBL2146146,EFO_0005323,INDICATION,
CHEMBL2146146,EFO_0005854,INDICATION,
CHEMBL2146146,EFO_0010581,INDICATION,
CHEMBL2146146,MONDO_0005180,INDICATION,
CHEMBL2146883,EFO_0000222,INDICATION,
CHEMBL2146883,EFO_0000305,INDICATION,
CHEMBL2146883,EFO_0000389,INDICATION,
CHEMBL2146883,EFO_0000503,INDICATION,
CHEMBL2146883,EFO_0000616,INDICATION,
CHEMBL2146883,EFO_0000691,INDICATION,
CHEMBL2146883,EFO_0000756,INDICATION,
CHEMBL2146883,EFO_0001378,INDICATION,
CHEMBL2146883,EFO_0001642,INDICATION,
CHEMBL2146883,EFO_0002617,INDICATION,
CHEMBL2146883,EFO_0002892,INDICATION,
CHEMBL2146883,EFO_0002916,INDICATION,
CHEMBL2146883,EFO_0003060,INDICATION,
CHEMBL2146883,EFO_1000209,INDICATION,
CHEMBL2146883,EFO_1001779,INDICATION,
CHEMBL2146883,EFO_1001951,INDICATION,
CHEMBL2146883,EFO_1001956,INDICATION,
CHEMBL2146883,MONDO_0002898,INDICATION,
CHEMBL2146883,MONDO_0004992,INDICATION,
CHEMBL2146883,MONDO_0005184,INDICATION,
CHEMBL2146883,MONDO_0007254,INDICATION,
CHEMBL2146883,MONDO_0008170,INDICATION,
CHEMBL2146883,Orphanet_46724,INDICATION,
CHEMBL2147475,EFO_0001073,INDICATION,
CHEMBL2147777,EFO_0000400,INDICATION,
CHEMBL2147777,MONDO_0005148,INDICATION,
CHEMBL214796,EFO_0003843,INDICATION,
CHEMBL214920,EFO_1000049,INDICATION,
CHEMBL214920,MONDO_0018076,INDICATION,
CHEMBL2151197,EFO_0003888,INDICATION,
CHEMBL2151197,EFO_0004895,INDICATION,
CHEMBL2151197,EFO_0005854,INDICATION,
CHEMBL2151197,MONDO_0004975,INDICATION,
CHEMBL2151197,MONDO_0005090,INDICATION,
CHEMBL2151205,MONDO_0004975,INDICATION,
CHEMBL2151437,MONDO_0004975,INDICATION,
CHEMBL2151437,MONDO_0005090,INDICATION,
CHEMBL2151439,MONDO_0004975,INDICATION,
CHEMBL2151439,MONDO_0005090,INDICATION,
CHEMBL2151572,EFO_0001421,INDICATION,
CHEMBL2151572,EFO_0003086,INDICATION,
CHEMBL2151572,EFO_0005411,INDICATION,
CHEMBL2151572,MONDO_0004975,INDICATION,
CHEMBL2151572,MONDO_0005090,INDICATION,
CHEMBL2151591,MONDO_0004979,INDICATION,
CHEMBL2151591,MP_0001845,INDICATION,
CHEMBL2152047,EFO_0003888,INDICATION,
CHEMBL2152646,EFO_0000681,INDICATION,
CHEMBL2152922,EFO_0009854,INDICATION,
CHEMBL2152922,MONDO_0002009,INDICATION,
CHEMBL2152999,EFO_1000294,INDICATION,
CHEMBL215303,EFO_0000771,INDICATION,
CHEMBL215303,EFO_0007429,INDICATION,
CHEMBL215303,EFO_0007486,INDICATION,
CHEMBL215303,EFO_1001272,INDICATION,
CHEMBL2153191,EFO_0001073,INDICATION,
CHEMBL2153191,EFO_1001069,INDICATION,
CHEMBL2153191,EFO_1001110,INDICATION,
CHEMBL2153191,EFO_1001132,INDICATION,
CHEMBL2153191,MONDO_0005148,INDICATION,
CHEMBL21536,MONDO_0005090,INDICATION,
CHEMBL215645,EFO_0005252,INDICATION,
CHEMBL215645,MONDO_0005180,INDICATION,
CHEMBL2158051,EFO_0000181,INDICATION,
CHEMBL2158051,EFO_0000222,INDICATION,
CHEMBL2158051,EFO_0000574,INDICATION,
CHEMBL2158051,EFO_0000616,INDICATION,
CHEMBL2158051,EFO_0003060,INDICATION,
CHEMBL2158051,EFO_0006859,INDICATION,
CHEMBL2158051,MONDO_0004992,INDICATION,
CHEMBL2158614,MONDO_0004975,INDICATION,
CHEMBL2158685,EFO_0000182,INDICATION,
CHEMBL2158685,EFO_0000403,INDICATION,
CHEMBL2158685,EFO_0001378,INDICATION,
CHEMBL2158685,EFO_0002618,INDICATION,
CHEMBL2158685,EFO_0005221,INDICATION,
CHEMBL2158685,EFO_0007224,INDICATION,
CHEMBL2158685,MONDO_0008315,INDICATION,
CHEMBL2159122,EFO_0000555,INDICATION,
CHEMBL2159122,MONDO_0001673,INDICATION,
CHEMBL2160007,EFO_0003047,INDICATION,
CHEMBL2160007,EFO_0004220,INDICATION,
CHEMBL2163631,EFO_0000616,INDICATION,
CHEMBL2163631,EFO_0000694,INDICATION,
CHEMBL2163631,MONDO_0007254,INDICATION,
CHEMBL2163631,MONDO_0008315,INDICATION,
CHEMBL2163631,MONDO_0100130,INDICATION,
CHEMBL2165224,EFO_0006834,INDICATION,
CHEMBL2165224,EFO_0009431,INDICATION,
CHEMBL2165326,EFO_0000537,INDICATION,
CHEMBL2165326,EFO_0001421,INDICATION,
CHEMBL2165326,EFO_0003086,INDICATION,
CHEMBL2165326,MONDO_0001134,INDICATION,
CHEMBL2165402,EFO_0002496,INDICATION,
CHEMBL2165615,MONDO_0005148,INDICATION,
CHEMBL2165620,MONDO_0005148,INDICATION,
CHEMBL216913,EFO_0000574,INDICATION,
CHEMBL216913,EFO_0000616,INDICATION,
CHEMBL216981,EFO_0000341,INDICATION,
CHEMBL216981,EFO_0000676,INDICATION,
CHEMBL216981,MONDO_0004979,INDICATION,
CHEMBL2170582,MONDO_0004979,INDICATION,
CHEMBL217092,EFO_0000365,INDICATION,
CHEMBL217092,EFO_0000616,INDICATION,
CHEMBL217092,EFO_0000637,INDICATION,
CHEMBL217092,EFO_0000756,INDICATION,
CHEMBL217092,EFO_0002618,INDICATION,
CHEMBL217092,EFO_0003060,INDICATION,
CHEMBL217092,EFO_0004329,INDICATION,
CHEMBL217092,EFO_0006861,INDICATION,
CHEMBL217092,EFO_1000581,INDICATION,
CHEMBL217092,EFO_1000657,INDICATION,
CHEMBL217092,MONDO_0002158,INDICATION,
CHEMBL217092,MONDO_0004975,INDICATION,
CHEMBL217092,MONDO_0004992,INDICATION,
CHEMBL217092,MONDO_0007079,INDICATION,
CHEMBL217092,MONDO_0007254,INDICATION,
CHEMBL217092,MONDO_0007606,INDICATION,
CHEMBL217092,MONDO_0008170,INDICATION,
CHEMBL217092,MONDO_0008315,INDICATION,
CHEMBL217092,MONDO_0011705,INDICATION,
CHEMBL217092,MONDO_0021063,INDICATION,
CHEMBL21731,EFO_0000319,CONTRAINDICATION,
CHEMBL21731,EFO_0000474,CONTRAINDICATION,
CHEMBL21731,EFO_0000519,INDICATION,
CHEMBL21731,EFO_0000612,CONTRAINDICATION,
CHEMBL21731,EFO_0000712,CONTRAINDICATION,
CHEMBL21731,EFO_0003833,INDICATION,
CHEMBL21731,EFO_0005230,INDICATION,
CHEMBL21731,EFO_0009189,CONTRAINDICATION,
CHEMBL21731,EFO_0009430,OFF_LABEL_USE,
CHEMBL21731,EFO_1001069,CONTRAINDICATION,
CHEMBL21731,MONDO_0001744,CONTRAINDICATION,
CHEMBL21731,MONDO_0002009,INDICATION,
CHEMBL21731,MONDO_0002050,INDICATION,
CHEMBL21731,MONDO_0004985,CONTRAINDICATION,
CHEMBL21731,MONDO_0005090,INDICATION,
CHEMBL21731,MONDO_0007079,CONTRAINDICATION,
CHEMBL21731,MONDO_0041086,INDICATION,
CHEMBL2177390,EFO_0000196,INDICATION,
CHEMBL2177390,EFO_0000503,INDICATION,
CHEMBL2177390,EFO_0000616,INDICATION,
CHEMBL2177390,EFO_0001075,INDICATION,
CHEMBL2177390,EFO_0003060,INDICATION,
CHEMBL2177390,EFO_0003869,INDICATION,
CHEMBL2177390,EFO_0003893,INDICATION,
CHEMBL2177390,EFO_0005537,INDICATION,
CHEMBL2177390,EFO_1000251,INDICATION,
CHEMBL2177390,EFO_1001512,INDICATION,
CHEMBL2177390,MONDO_0001056,INDICATION,
CHEMBL2177390,MONDO_0004992,INDICATION,
CHEMBL2177390,MONDO_0007254,INDICATION,
CHEMBL2177390,MONDO_0008170,INDICATION,
CHEMBL2177390,MONDO_0008315,INDICATION,
CHEMBL2177390,MONDO_0011962,INDICATION,
CHEMBL2177913,MONDO_0004975,INDICATION,
CHEMBL2178422,EFO_0000676,INDICATION,
CHEMBL2178422,EFO_0003843,INDICATION,
CHEMBL2178422,EFO_0005279,INDICATION,
CHEMBL2178422,EFO_0007486,INDICATION,
CHEMBL2178422,EFO_1001219,INDICATION,
CHEMBL2178422,MONDO_0005277,INDICATION,
CHEMBL2178570,EFO_0000341,INDICATION,
CHEMBL2178573,EFO_0000401,INDICATION,
CHEMBL2178573,EFO_0004236,INDICATION,
CHEMBL2178573,MONDO_0005148,INDICATION,
CHEMBL2178575,MONDO_0004979,INDICATION,
CHEMBL2178578,EFO_0000384,INDICATION,
CHEMBL2178578,EFO_0000729,INDICATION,
CHEMBL2178578,EFO_0001060,INDICATION,
CHEMBL2178579,EFO_0000341,INDICATION,
CHEMBL2178579,EFO_0000729,INDICATION,
CHEMBL2178579,MONDO_0009061,INDICATION,
CHEMBL217899,EFO_0000341,INDICATION,
CHEMBL217899,MONDO_0004979,INDICATION,
CHEMBL2179105,MONDO_0004975,INDICATION,
CHEMBL2179529,EFO_0003888,INDICATION,
CHEMBL2179529,MONDO_0004975,INDICATION,
CHEMBL2180602,EFO_0000616,INDICATION,
CHEMBL2180604,EFO_0000616,INDICATION,
CHEMBL2181367,EFO_0000365,INDICATION,
CHEMBL2181367,EFO_0000616,INDICATION,
CHEMBL2181367,EFO_0004142,INDICATION,
CHEMBL2181367,MONDO_0004992,INDICATION,
CHEMBL218166,EFO_0005411,INDICATION,
CHEMBL218166,EFO_0009963,INDICATION,
CHEMBL218166,MONDO_0002050,INDICATION,
CHEMBL218166,MONDO_0004975,INDICATION,
CHEMBL218166,MONDO_0004985,INDICATION,
CHEMBL218166,MONDO_0005090,INDICATION,
CHEMBL2181776,EFO_0004220,INDICATION,
CHEMBL2181927,EFO_0000319,INDICATION,
CHEMBL2181927,EFO_0000401,INDICATION,
CHEMBL2181927,EFO_0003144,INDICATION,
CHEMBL2181927,EFO_0003884,INDICATION,
CHEMBL2181927,MONDO_0005148,INDICATION,
CHEMBL2181929,EFO_0000401,INDICATION,
CHEMBL2181929,EFO_1001249,INDICATION,
CHEMBL2181932,EFO_0000401,INDICATION,
CHEMBL2181932,EFO_0000537,INDICATION,
CHEMBL218227,EFO_0000764,INDICATION,
CHEMBL218291,EFO_0000094,INDICATION,
CHEMBL218291,EFO_0000095,INDICATION,
CHEMBL218291,EFO_0000565,INDICATION,
CHEMBL218291,EFO_0000574,INDICATION,
CHEMBL218291,EFO_0002913,INDICATION,
CHEMBL218291,EFO_0004289,INDICATION,
CHEMBL218291,MONDO_0000430,INDICATION,
CHEMBL218291,MONDO_0004992,INDICATION,
CHEMBL218394,EFO_0000763,INDICATION,
CHEMBL218394,EFO_0003047,INDICATION,
CHEMBL218394,EFO_0004220,INDICATION,
CHEMBL218394,MONDO_0002280,CONTRAINDICATION,
CHEMBL218427,EFO_0004616,INDICATION,
CHEMBL218490,EFO_0000400,CONTRAINDICATION,
CHEMBL218490,EFO_0000464,CONTRAINDICATION,
CHEMBL218490,EFO_0004190,INDICATION,
CHEMBL218490,EFO_0004683,INDICATION,
CHEMBL218490,EFO_0004991,CONTRAINDICATION,
CHEMBL218490,EFO_0009189,CONTRAINDICATION,
CHEMBL218490,EFO_1001069,INDICATION,
CHEMBL218490,MONDO_0000468,CONTRAINDICATION,
CHEMBL218490,MONDO_0005041,INDICATION,
CHEMBL218650,EFO_0007381,INDICATION,
CHEMBL218650,EFO_1000049,INDICATION,
CHEMBL218650,MONDO_0018076,INDICATION,
CHEMBL218650,MONDO_0041806,INDICATION,
CHEMBL219046,MONDO_0001718,INDICATION,
CHEMBL219376,EFO_0005755,INDICATION,
CHEMBL219568,EFO_0000272,INDICATION,
CHEMBL219568,EFO_0000389,INDICATION,
CHEMBL219568,EFO_0000519,INDICATION,
CHEMBL219568,EFO_0000574,INDICATION,
CHEMBL219568,EFO_0000616,INDICATION,
CHEMBL219568,EFO_0000630,INDICATION,
CHEMBL219568,EFO_0000632,INDICATION,
CHEMBL219568,EFO_0000691,INDICATION,
CHEMBL219568,EFO_0001378,INDICATION,
CHEMBL219568,EFO_0002913,INDICATION,
CHEMBL219568,EFO_1000158,INDICATION,
CHEMBL219568,EFO_1000785,INDICATION,
CHEMBL219568,EFO_1001051,INDICATION,
CHEMBL219568,EFO_1001465,INDICATION,
CHEMBL219568,EFO_1001951,INDICATION,
CHEMBL219586,Orphanet_309005,INDICATION,
CHEMBL219916,EFO_0003840,INDICATION,
CHEMBL219916,EFO_0003917,INDICATION,
CHEMBL219916,EFO_0003929,INDICATION,
CHEMBL219916,EFO_0003948,INDICATION,
CHEMBL219916,EFO_0005307,CONTRAINDICATION,
CHEMBL219916,EFO_0008533,INDICATION,
CHEMBL219916,EFO_0010282,INDICATION,
CHEMBL219916,EFO_1000948,INDICATION,
CHEMBL219916,EFO_1001463,INDICATION,
CHEMBL219916,MONDO_0005180,INDICATION,
CHEMBL219916,MONDO_0019171,CONTRAINDICATION,
CHEMBL22,EFO_0000094,INDICATION,
CHEMBL22,EFO_0000274,INDICATION,
CHEMBL22,EFO_0000341,INDICATION,
CHEMBL22,EFO_0000519,INDICATION,
CHEMBL22,EFO_0000544,INDICATION,
CHEMBL22,EFO_0000616,INDICATION,
CHEMBL22,EFO_0000650,OFF_LABEL_USE,
CHEMBL22,EFO_0000764,INDICATION,
CHEMBL22,EFO_0000768,INDICATION,
CHEMBL22,EFO_0000771,INDICATION,
CHEMBL22,EFO_0000775,OFF_LABEL_USE,
CHEMBL22,EFO_0001068,INDICATION,
CHEMBL22,EFO_0002499,INDICATION,
CHEMBL22,EFO_0003030,INDICATION,
CHEMBL22,EFO_0003033,INDICATION,
CHEMBL22,EFO_0003086,CONTRAINDICATION,
CHEMBL22,EFO_0003102,INDICATION,
CHEMBL22,EFO_0003103,INDICATION,
CHEMBL22,EFO_0003106,INDICATION,
CHEMBL22,EFO_0003833,INDICATION,
CHEMBL22,EFO_0004272,INDICATION,
CHEMBL22,EFO_0004992,INDICATION,
CHEMBL22,EFO_0005297,INDICATION,
CHEMBL22,EFO_0005585,INDICATION,
CHEMBL22,EFO_0005681,INDICATION,
CHEMBL22,EFO_0006789,OFF_LABEL_USE,
CHEMBL22,EFO_0007185,OFF_LABEL_USE,
CHEMBL22,EFO_0007287,CONTRAINDICATION,
CHEMBL22,EFO_0007291,OFF_LABEL_USE,
CHEMBL22,EFO_0007353,OFF_LABEL_USE,
CHEMBL22,EFO_0007397,OFF_LABEL_USE,
CHEMBL22,EFO_0007399,INDICATION,
CHEMBL22,EFO_0007417,OFF_LABEL_USE,
CHEMBL22,EFO_0007420,OFF_LABEL_USE,
CHEMBL22,EFO_0007448,INDICATION,
CHEMBL22,EFO_0007486,OFF_LABEL_USE,
CHEMBL22,EFO_1000690,INDICATION,
CHEMBL22,EFO_1000829,INDICATION,
CHEMBL22,EFO_1000830,OFF_LABEL_USE,
CHEMBL22,EFO_1001021,OFF_LABEL_USE,
CHEMBL22,EFO_1001141,INDICATION,
CHEMBL22,EFO_1001272,OFF_LABEL_USE,
CHEMBL22,EFO_1001365,INDICATION,
CHEMBL22,EFO_1002025,INDICATION,
CHEMBL22,MONDO_0002307,INDICATION,
CHEMBL22,MONDO_0005147,INDICATION,
CHEMBL22,MONDO_0005247,INDICATION,
CHEMBL22,MONDO_0009061,INDICATION,
CHEMBL22,MONDO_0018076,INDICATION,
CHEMBL22,MONDO_0018998,INDICATION,
CHEMBL22,MONDO_0037821,CONTRAINDICATION,
CHEMBL220050,EFO_0004286,INDICATION,
CHEMBL220360,EFO_0001073,INDICATION,
CHEMBL220360,EFO_0003768,INDICATION,
CHEMBL220360,MONDO_0005148,INDICATION,
CHEMBL2204263,MONDO_0005148,INDICATION,
CHEMBL220491,EFO_0004190,INDICATION,
CHEMBL220491,EFO_0009784,INDICATION,
CHEMBL220491,EFO_1001069,INDICATION,
CHEMBL220491,MONDO_0005041,INDICATION,
CHEMBL220492,EFO_0000195,INDICATION,
CHEMBL220492,EFO_0000400,INDICATION,
CHEMBL220492,EFO_0000474,INDICATION,
CHEMBL220492,EFO_0000537,INDICATION,
CHEMBL220492,EFO_0001063,INDICATION,
CHEMBL220492,EFO_0001073,INDICATION,
CHEMBL220492,EFO_0001358,INDICATION,
CHEMBL220492,EFO_0001421,INDICATION,
CHEMBL220492,EFO_0002610,INDICATION,
CHEMBL220492,EFO_0003086,CONTRAINDICATION,
CHEMBL220492,EFO_0003108,INDICATION,
CHEMBL220492,EFO_0003768,INDICATION,
CHEMBL220492,EFO_0003843,INDICATION,
CHEMBL220492,EFO_0004211,INDICATION,
CHEMBL220492,EFO_0004242,INDICATION,
CHEMBL220492,EFO_0004263,INDICATION,
CHEMBL220492,EFO_0004319,INDICATION,
CHEMBL220492,EFO_0004329,INDICATION,
CHEMBL220492,EFO_0004699,INDICATION,
CHEMBL220492,EFO_0004701,INDICATION,
CHEMBL220492,EFO_0004895,INDICATION,
CHEMBL220492,EFO_0005203,INDICATION,
CHEMBL220492,EFO_0005204,INDICATION,
CHEMBL220492,EFO_0005207,INDICATION,
CHEMBL220492,EFO_0005230,INDICATION,
CHEMBL220492,EFO_0005924,INDICATION,
CHEMBL220492,EFO_0007191,INDICATION,
CHEMBL220492,EFO_0007262,INDICATION,
CHEMBL220492,EFO_1001069,CONTRAINDICATION,
CHEMBL220492,EFO_1001176,INDICATION,
CHEMBL220492,MONDO_0000440,CONTRAINDICATION,
CHEMBL220492,MONDO_0002046,INDICATION,
CHEMBL220492,MONDO_0002050,CONTRAINDICATION,
CHEMBL220492,MONDO_0004985,INDICATION,
CHEMBL220492,MONDO_0005090,INDICATION,
CHEMBL220492,MONDO_0005148,INDICATION,
CHEMBL220492,MONDO_0005180,INDICATION,
CHEMBL220492,MONDO_0005277,INDICATION,
CHEMBL220492,MONDO_0005299,INDICATION,
CHEMBL220492,MONDO_0005301,INDICATION,
CHEMBL220492,MONDO_0007079,OFF_LABEL_USE,
CHEMBL220492,MONDO_0008300,INDICATION,
CHEMBL220492,MONDO_0016532,INDICATION,
CHEMBL220492,MONDO_0021187,INDICATION,
CHEMBL2205230,EFO_0004193,INDICATION,
CHEMBL2205807,EFO_0001067,INDICATION,
CHEMBL2205807,MONDO_0003472,INDICATION,
CHEMBL2206196,EFO_0000544,INDICATION,
CHEMBL2206196,EFO_0003102,INDICATION,
CHEMBL2206196,EFO_0005044,INDICATION,
CHEMBL2206196,EFO_0005045,INDICATION,
CHEMBL2206196,EFO_0007144,INDICATION,
CHEMBL2206292,EFO_0005854,INDICATION,
CHEMBL2207138,EFO_0000341,INDICATION,
CHEMBL220808,EFO_0004280,INDICATION,
CHEMBL220808,MONDO_0005180,INDICATION,
CHEMBL220808,MONDO_0010726,INDICATION,
CHEMBL22097,EFO_0005230,INDICATION,
CHEMBL22097,EFO_0008568,INDICATION,
CHEMBL22097,MONDO_0002050,INDICATION,
CHEMBL22097,MONDO_0005090,INDICATION,
CHEMBL22108,EFO_0004269,INDICATION,
CHEMBL22108,MONDO_0005271,INDICATION,
CHEMBL221186,EFO_0000616,INDICATION,
CHEMBL221326,EFO_1000906,INDICATION,
CHEMBL22150,EFO_0000400,CONTRAINDICATION,
CHEMBL22150,EFO_0000474,CONTRAINDICATION,
CHEMBL22150,EFO_0000537,CONTRAINDICATION,
CHEMBL22150,EFO_0000612,CONTRAINDICATION,
CHEMBL22150,EFO_0001645,CONTRAINDICATION,
CHEMBL22150,EFO_0003086,CONTRAINDICATION,
CHEMBL22150,EFO_0003767,CONTRAINDICATION,
CHEMBL22150,EFO_0003832,CONTRAINDICATION,
CHEMBL22150,EFO_0003875,CONTRAINDICATION,
CHEMBL22150,EFO_0003890,CONTRAINDICATION,
CHEMBL22150,EFO_0003956,INDICATION,
CHEMBL22150,EFO_0004220,INDICATION,
CHEMBL22150,EFO_0004705,CONTRAINDICATION,
CHEMBL22150,EFO_0005251,CONTRAINDICATION,
CHEMBL22150,EFO_0005306,CONTRAINDICATION,
CHEMBL22150,EFO_0005854,INDICATION,
CHEMBL22150,EFO_0007141,INDICATION,
CHEMBL22150,EFO_0007214,INDICATION,
CHEMBL22150,EFO_0007533,INDICATION,
CHEMBL22150,EFO_0009086,CONTRAINDICATION,
CHEMBL22150,EFO_0009189,CONTRAINDICATION,
CHEMBL22150,EFO_0009491,CONTRAINDICATION,
CHEMBL22150,EFO_1000014,CONTRAINDICATION,
CHEMBL22150,EFO_1000652,CONTRAINDICATION,
CHEMBL22150,EFO_1000766,CONTRAINDICATION,
CHEMBL22150,EFO_1001069,CONTRAINDICATION,
CHEMBL22150,EFO_1001132,CONTRAINDICATION,
CHEMBL22150,MONDO_0001576,CONTRAINDICATION,
CHEMBL22150,MONDO_0001744,CONTRAINDICATION,
CHEMBL22150,MONDO_0002277,CONTRAINDICATION,
CHEMBL22150,MONDO_0002491,CONTRAINDICATION,
CHEMBL22150,MONDO_0004247,CONTRAINDICATION,
CHEMBL22150,MONDO_0005271,INDICATION,
CHEMBL22150,MONDO_0015129,CONTRAINDICATION,
CHEMBL22150,MONDO_0021661,CONTRAINDICATION,
CHEMBL221572,EFO_0000771,INDICATION,
CHEMBL2216859,EFO_0000341,INDICATION,
CHEMBL2216859,MONDO_0004979,INDICATION,
CHEMBL2216870,EFO_0000095,INDICATION,
CHEMBL2216870,EFO_0000096,INDICATION,
CHEMBL2216870,EFO_0000183,INDICATION,
CHEMBL2216870,EFO_0000220,INDICATION,
CHEMBL2216870,EFO_0000222,INDICATION,
CHEMBL2216870,EFO_0000403,INDICATION,
CHEMBL2216870,EFO_0000574,INDICATION,
CHEMBL2216870,EFO_0000616,INDICATION,
CHEMBL2216870,EFO_0001378,INDICATION,
CHEMBL2216870,EFO_0005854,INDICATION,
CHEMBL2216870,EFO_0005952,INDICATION,
CHEMBL2216870,EFO_0009441,INDICATION,
CHEMBL2216870,EFO_1001469,INDICATION,
CHEMBL2216870,EFO_1001875,INDICATION,
CHEMBL2216870,MONDO_0000432,INDICATION,
CHEMBL2216870,MONDO_0004992,INDICATION,
CHEMBL2216870,MONDO_0005184,INDICATION,
CHEMBL2216870,MONDO_0018906,INDICATION,
CHEMBL2216870,MONDO_0044903,INDICATION,
CHEMBL221722,EFO_0000694,INDICATION,
CHEMBL221722,EFO_0000763,INDICATION,
CHEMBL221722,EFO_0001421,INDICATION,
CHEMBL221722,EFO_0007243,INDICATION,
CHEMBL221722,EFO_0007328,INDICATION,
CHEMBL221722,EFO_0007338,INDICATION,
CHEMBL221722,EFO_0007541,INDICATION,
CHEMBL221722,MONDO_0100096,INDICATION,
CHEMBL221886,EFO_0000771,INDICATION,
CHEMBL2218860,EFO_0000373,INDICATION,
CHEMBL2218860,EFO_0000685,INDICATION,
CHEMBL2218861,MONDO_0011972,INDICATION,
CHEMBL2218878,EFO_0000691,INDICATION,
CHEMBL2218878,EFO_0002618,INDICATION,
CHEMBL2218878,EFO_0007448,INDICATION,
CHEMBL2218878,EFO_1001951,INDICATION,
CHEMBL2218893,EFO_0000341,INDICATION,
CHEMBL2218893,EFO_0008590,INDICATION,
CHEMBL2218893,MONDO_0004979,INDICATION,
CHEMBL2218894,EFO_0004911,INDICATION,
CHEMBL2218894,MONDO_0007254,INDICATION,
CHEMBL2218896,EFO_0001073,INDICATION,
CHEMBL2218896,EFO_0004242,INDICATION,
CHEMBL2218896,EFO_0004320,INDICATION,
CHEMBL2218896,EFO_0004888,INDICATION,
CHEMBL2218896,EFO_0005687,INDICATION,
CHEMBL2218896,EFO_0005762,INDICATION,
CHEMBL2218896,EFO_0007191,INDICATION,
CHEMBL2218896,EFO_1000783,INDICATION,
CHEMBL2218896,MONDO_0004992,INDICATION,
CHEMBL2218896,MONDO_0005180,INDICATION,
CHEMBL2218898,EFO_0000545,INDICATION,
CHEMBL2218911,EFO_0000764,INDICATION,
CHEMBL2218913,MONDO_0018076,INDICATION,
CHEMBL2218917,EFO_0009869,INDICATION,
CHEMBL2219411,EFO_0000479,INDICATION,
CHEMBL2219411,EFO_0002429,INDICATION,
CHEMBL2219411,EFO_0002430,INDICATION,
CHEMBL2219413,MONDO_0100096,INDICATION,
CHEMBL2219414,EFO_0000544,INDICATION,
CHEMBL2219416,EFO_0003843,INDICATION,
CHEMBL2219416,EFO_0005611,INDICATION,
CHEMBL2219416,MONDO_0002203,INDICATION,
CHEMBL2219418,EFO_0003060,INDICATION,
CHEMBL2219418,EFO_0003843,INDICATION,
CHEMBL2219418,EFO_0005611,INDICATION,
CHEMBL2219418,MONDO_0002203,INDICATION,
CHEMBL2219418,MONDO_0004567,INDICATION,
CHEMBL2219418,MONDO_0043510,INDICATION,
CHEMBL2219422,EFO_0000616,INDICATION,
CHEMBL2219422,EFO_0001378,INDICATION,
CHEMBL2219422,EFO_1000318,INDICATION,
CHEMBL2219422,MONDO_0004992,INDICATION,
CHEMBL2219422,MONDO_0007254,INDICATION,
CHEMBL2219422,MONDO_0008170,INDICATION,
CHEMBL2219422,MONDO_0008315,INDICATION,
CHEMBL2219425,EFO_0005411,INDICATION,
CHEMBL2219425,MONDO_0005090,INDICATION,
CHEMBL2219536,EFO_0000319,INDICATION,
CHEMBL2219536,EFO_0004911,INDICATION,
CHEMBL221959,EFO_0000274,INDICATION,
CHEMBL221959,EFO_0000384,INDICATION,
CHEMBL221959,EFO_0000398,INDICATION,
CHEMBL221959,EFO_0000519,INDICATION,
CHEMBL221959,EFO_0000540,INDICATION,
CHEMBL221959,EFO_0000546,INDICATION,
CHEMBL221959,EFO_0000676,INDICATION,
CHEMBL221959,EFO_0000685,INDICATION,
CHEMBL221959,EFO_0000699,INDICATION,
CHEMBL221959,EFO_0000717,INDICATION,
CHEMBL221959,EFO_0000729,INDICATION,
CHEMBL221959,EFO_0000783,INDICATION,
CHEMBL221959,EFO_0001064,INDICATION,
CHEMBL221959,EFO_0002609,INDICATION,
CHEMBL221959,EFO_0003086,INDICATION,
CHEMBL221959,EFO_0003106,INDICATION,
CHEMBL221959,EFO_0003778,INDICATION,
CHEMBL221959,EFO_0003834,INDICATION,
CHEMBL221959,EFO_0003872,INDICATION,
CHEMBL221959,EFO_0003884,INDICATION,
CHEMBL221959,EFO_0003898,INDICATION,
CHEMBL221959,EFO_0003921,INDICATION,
CHEMBL221959,EFO_0004192,INDICATION,
CHEMBL221959,EFO_0004991,INDICATION,
CHEMBL221959,EFO_0008518,INDICATION,
CHEMBL221959,EFO_0009730,INDICATION,
CHEMBL221959,EFO_0009733,INDICATION,
CHEMBL221959,EFO_1000704,INDICATION,
CHEMBL221959,EFO_1000906,INDICATION,
CHEMBL221959,EFO_1001494,INDICATION,
CHEMBL221959,EFO_1001857,INDICATION,
CHEMBL221959,MONDO_0007915,INDICATION,
CHEMBL221959,MONDO_0018305,INDICATION,
CHEMBL221959,MONDO_0019338,INDICATION,
CHEMBL221959,MONDO_0019472,INDICATION,
CHEMBL221959,MONDO_0019558,INDICATION,
CHEMBL221959,MONDO_0100096,INDICATION,
CHEMBL2219640,EFO_0003843,INDICATION,
CHEMBL2219640,EFO_0009708,INDICATION,
CHEMBL2219642,EFO_0000574,INDICATION,
CHEMBL2219642,EFO_0000712,INDICATION,
CHEMBL2219642,EFO_0003086,CONTRAINDICATION,
CHEMBL2219642,EFO_0003777,CONTRAINDICATION,
CHEMBL2219642,EFO_0003833,INDICATION,
CHEMBL2219642,EFO_0004287,CONTRAINDICATION,
CHEMBL2219642,EFO_0009530,CONTRAINDICATION,
CHEMBL2219642,MONDO_0000468,CONTRAINDICATION,
CHEMBL2219642,MONDO_0001566,CONTRAINDICATION,
CHEMBL2219642,MONDO_0005147,INDICATION,
CHEMBL2219642,MONDO_0008224,CONTRAINDICATION,
CHEMBL2219642,MONDO_0016487,INDICATION,
CHEMBL2219642,MONDO_0018100,INDICATION,
CHEMBL2219642,MONDO_0019259,CONTRAINDICATION,
CHEMBL2219642,MONDO_0019338,CONTRAINDICATION,
CHEMBL2219642,MONDO_0024327,CONTRAINDICATION,
CHEMBL2219642,MP_0001914,INDICATION,
CHEMBL2219642,Orphanet_79254,CONTRAINDICATION,
CHEMBL2219773,EFO_0003060,INDICATION,
CHEMBL2219773,MONDO_0007254,INDICATION,
CHEMBL2219773,MONDO_0008315,INDICATION,
CHEMBL2219774,EFO_0000182,INDICATION,
CHEMBL2219774,EFO_0000222,INDICATION,
CHEMBL2219774,EFO_0003060,INDICATION,
CHEMBL2219774,MONDO_0008315,INDICATION,
CHEMBL2219776,EFO_0000095,INDICATION,
CHEMBL2220079,EFO_0000519,INDICATION,
CHEMBL2220384,EFO_0003843,INDICATION,
CHEMBL2220442,EFO_0000266,INDICATION,
CHEMBL2220442,EFO_0000319,INDICATION,
CHEMBL2220442,EFO_0000756,INDICATION,
CHEMBL2220442,EFO_0002689,INDICATION,
CHEMBL2220442,EFO_0003047,INDICATION,
CHEMBL2220442,EFO_0004220,INDICATION,
CHEMBL2220442,EFO_0004911,INDICATION,
CHEMBL2220442,EFO_0005543,INDICATION,
CHEMBL2220442,MONDO_0007254,INDICATION,
CHEMBL2220442,MONDO_0008315,INDICATION,
CHEMBL2220442,MONDO_0018965,INDICATION,
CHEMBL2220442,Orphanet_309005,INDICATION,
CHEMBL2220486,EFO_0000616,INDICATION,
CHEMBL2220486,EFO_0000702,INDICATION,
CHEMBL2220486,EFO_0003060,INDICATION,
CHEMBL2220486,MONDO_0004992,INDICATION,
CHEMBL2220486,MONDO_0007254,INDICATION,
CHEMBL2220486,MONDO_0021148,INDICATION,
CHEMBL2221249,EFO_0000544,INDICATION,
CHEMBL2221249,EFO_0000771,INDICATION,
CHEMBL2221249,EFO_0003033,INDICATION,
CHEMBL2221249,EFO_0003102,INDICATION,
CHEMBL2221249,EFO_0003106,INDICATION,
CHEMBL2221249,EFO_0009661,INDICATION,
CHEMBL2221249,EFO_1001272,INDICATION,
CHEMBL2221249,MONDO_0004992,INDICATION,
CHEMBL2221249,MONDO_0009061,INDICATION,
CHEMBL2221250,EFO_0003102,INDICATION,
CHEMBL2221250,MONDO_0018076,INDICATION,
CHEMBL2221312,EFO_0001421,INDICATION,
CHEMBL222280,EFO_0000565,INDICATION,
CHEMBL222280,MONDO_0008315,INDICATION,
CHEMBL222287,EFO_0005611,INDICATION,
CHEMBL222287,MONDO_0007079,INDICATION,
CHEMBL22242,EFO_0005407,INDICATION,
CHEMBL222559,EFO_0000400,CONTRAINDICATION,
CHEMBL222559,EFO_0000763,INDICATION,
CHEMBL222559,EFO_0000764,INDICATION,
CHEMBL222559,EFO_0003833,CONTRAINDICATION,
CHEMBL222559,EFO_0004239,CONTRAINDICATION,
CHEMBL222559,EFO_0009314,CONTRAINDICATION,
CHEMBL222559,MONDO_0010602,CONTRAINDICATION,
CHEMBL222559,MONDO_0010604,CONTRAINDICATION,
CHEMBL222559,MONDO_0100192,CONTRAINDICATION,
CHEMBL222559,MP_0001914,INDICATION,
CHEMBL222645,EFO_0000544,INDICATION,
CHEMBL222645,EFO_0000701,INDICATION,
CHEMBL222645,EFO_0000771,INDICATION,
CHEMBL222645,EFO_0003035,INDICATION,
CHEMBL222645,EFO_0003102,INDICATION,
CHEMBL222645,EFO_0003884,INDICATION,
CHEMBL222645,EFO_0005681,INDICATION,
CHEMBL222813,EFO_0000341,CONTRAINDICATION,
CHEMBL222813,EFO_0000474,CONTRAINDICATION,
CHEMBL222813,EFO_0000544,INDICATION,
CHEMBL222813,EFO_0000763,INDICATION,
CHEMBL222813,EFO_0005547,INDICATION,
CHEMBL222813,EFO_0007328,INDICATION,
CHEMBL222813,EFO_0009267,CONTRAINDICATION,
CHEMBL222813,MONDO_0005148,INDICATION,
CHEMBL222863,EFO_0000319,INDICATION,
CHEMBL223228,EFO_0000180,INDICATION,
CHEMBL223228,EFO_0000319,CONTRAINDICATION,
CHEMBL223228,EFO_0000474,CONTRAINDICATION,
CHEMBL223228,EFO_0000544,INDICATION,
CHEMBL223228,EFO_0000616,INDICATION,
CHEMBL223228,EFO_0000763,INDICATION,
CHEMBL223228,EFO_0000764,INDICATION,
CHEMBL223228,EFO_0000765,INDICATION,
CHEMBL223228,EFO_0001068,INDICATION,
CHEMBL223228,EFO_0001073,CONTRAINDICATION,
CHEMBL223228,EFO_0002618,INDICATION,
CHEMBL223228,EFO_0003047,INDICATION,
CHEMBL223228,EFO_0003086,CONTRAINDICATION,
CHEMBL223228,EFO_0004239,CONTRAINDICATION,
CHEMBL223228,EFO_0005537,INDICATION,
CHEMBL223228,EFO_0005952,INDICATION,
CHEMBL223228,EFO_1000036,CONTRAINDICATION,
CHEMBL223228,MONDO_0000313,CONTRAINDICATION,
CHEMBL223228,MONDO_0001083,CONTRAINDICATION,
CHEMBL223228,MONDO_0002050,CONTRAINDICATION,
CHEMBL223228,MONDO_0004790,CONTRAINDICATION,
CHEMBL223228,MONDO_0005148,INDICATION,
CHEMBL223228,MONDO_0008315,INDICATION,
CHEMBL223228,MONDO_0018076,INDICATION,
CHEMBL223228,MONDO_0018100,CONTRAINDICATION,
CHEMBL223228,MONDO_0021094,INDICATION,
CHEMBL223228,MONDO_0100192,CONTRAINDICATION,
CHEMBL223360,EFO_0000182,INDICATION,
CHEMBL223360,EFO_0000365,INDICATION,
CHEMBL223360,EFO_0000616,INDICATION,
CHEMBL223360,EFO_0000681,INDICATION,
CHEMBL223360,EFO_0001065,INDICATION,
CHEMBL223360,EFO_0001365,INDICATION,
CHEMBL223360,EFO_0003060,INDICATION,
CHEMBL223360,EFO_1000657,INDICATION,
CHEMBL223360,MONDO_0007254,INDICATION,
CHEMBL223360,MONDO_0021063,INDICATION,
CHEMBL223402,EFO_1001413,INDICATION,
CHEMBL223448,EFO_0007144,INDICATION,
CHEMBL224060,EFO_0000616,INDICATION,
CHEMBL224128,DOID_10718,INDICATION,
CHEMBL224128,EFO_1000653,INDICATION,
CHEMBL224128,MONDO_0100096,INDICATION,
CHEMBL224325,EFO_0007144,INDICATION,
CHEMBL224436,EFO_0000771,INDICATION,
CHEMBL224436,EFO_0003917,INDICATION,
CHEMBL225071,EFO_0000182,INDICATION,
CHEMBL225071,EFO_0000365,INDICATION,
CHEMBL225071,EFO_0000588,INDICATION,
CHEMBL225071,EFO_0000616,INDICATION,
CHEMBL225071,EFO_0000707,INDICATION,
CHEMBL225071,EFO_0002618,INDICATION,
CHEMBL225071,EFO_0004142,INDICATION,
CHEMBL225071,EFO_0004252,INDICATION,
CHEMBL225071,EFO_0005922,INDICATION,
CHEMBL225071,EFO_1000123,INDICATION,
CHEMBL225071,EFO_1000657,INDICATION,
CHEMBL225071,EFO_1001951,INDICATION,
CHEMBL225071,MONDO_0000870,INDICATION,
CHEMBL225071,MONDO_0001056,INDICATION,
CHEMBL225071,MONDO_0002691,INDICATION,
CHEMBL225071,MONDO_0005575,INDICATION,
CHEMBL225071,MONDO_0007576,INDICATION,
CHEMBL225072,EFO_0000178,INDICATION,
CHEMBL225072,EFO_0000181,INDICATION,
CHEMBL225072,EFO_0000228,INDICATION,
CHEMBL225072,EFO_0000308,INDICATION,
CHEMBL225072,EFO_0000313,INDICATION,
CHEMBL225072,EFO_0000365,INDICATION,
CHEMBL225072,EFO_0000389,INDICATION,
CHEMBL225072,EFO_0000403,INDICATION,
CHEMBL225072,EFO_0000571,INDICATION,
CHEMBL225072,EFO_0000574,INDICATION,
CHEMBL225072,EFO_0000588,INDICATION,
CHEMBL225072,EFO_0000616,INDICATION,
CHEMBL225072,EFO_0000637,INDICATION,
CHEMBL225072,EFO_0000681,INDICATION,
CHEMBL225072,EFO_0000691,INDICATION,
CHEMBL225072,EFO_0000702,INDICATION,
CHEMBL225072,EFO_0000707,INDICATION,
CHEMBL225072,EFO_0000708,INDICATION,
CHEMBL225072,EFO_0000770,INDICATION,
CHEMBL225072,EFO_0001075,INDICATION,
CHEMBL225072,EFO_0001416,INDICATION,
CHEMBL225072,EFO_0002617,INDICATION,
CHEMBL225072,EFO_0002618,INDICATION,
CHEMBL225072,EFO_0002916,INDICATION,
CHEMBL225072,EFO_0002939,INDICATION,
CHEMBL225072,EFO_0003050,INDICATION,
CHEMBL225072,EFO_0003060,INDICATION,
CHEMBL225072,EFO_0003086,CONTRAINDICATION,
CHEMBL225072,EFO_0003860,INDICATION,
CHEMBL225072,EFO_0003863,INDICATION,
CHEMBL225072,EFO_0003869,INDICATION,
CHEMBL225072,EFO_0003897,INDICATION,
CHEMBL225072,EFO_0004142,INDICATION,
CHEMBL225072,EFO_0004252,INDICATION,
CHEMBL225072,EFO_0004284,INDICATION,
CHEMBL225072,EFO_0005537,INDICATION,
CHEMBL225072,EFO_0005567,INDICATION,
CHEMBL225072,EFO_0005952,INDICATION,
CHEMBL225072,EFO_0006859,INDICATION,
CHEMBL225072,EFO_0006861,INDICATION,
CHEMBL225072,EFO_0008528,INDICATION,
CHEMBL225072,EFO_0009708,INDICATION,
CHEMBL225072,EFO_1000251,INDICATION,
CHEMBL225072,EFO_1000576,INDICATION,
CHEMBL225072,EFO_1000581,INDICATION,
CHEMBL225072,EFO_1000657,INDICATION,
CHEMBL225072,EFO_1001012,INDICATION,
CHEMBL225072,EFO_1001901,INDICATION,
CHEMBL225072,EFO_1001951,INDICATION,
CHEMBL225072,MONDO_0000521,INDICATION,
CHEMBL225072,MONDO_0001056,INDICATION,
CHEMBL225072,MONDO_0001187,INDICATION,
CHEMBL225072,MONDO_0001343,CONTRAINDICATION,
CHEMBL225072,MONDO_0002087,INDICATION,
CHEMBL225072,MONDO_0002108,INDICATION,
CHEMBL225072,MONDO_0002158,INDICATION,
CHEMBL225072,MONDO_0002280,CONTRAINDICATION,
CHEMBL225072,MONDO_0002586,INDICATION,
CHEMBL225072,MONDO_0002691,INDICATION,
CHEMBL225072,MONDO_0002974,INDICATION,
CHEMBL225072,MONDO_0003060,INDICATION,
CHEMBL225072,MONDO_0004192,INDICATION,
CHEMBL225072,MONDO_0004992,INDICATION,
CHEMBL225072,MONDO_0007254,INDICATION,
CHEMBL225072,MONDO_0007576,INDICATION,
CHEMBL225072,MONDO_0008170,INDICATION,
CHEMBL225072,MONDO_0008315,INDICATION,
CHEMBL225072,MONDO_0008903,INDICATION,
CHEMBL225072,MONDO_0008978,INDICATION,
CHEMBL225072,MONDO_0011962,INDICATION,
CHEMBL225072,MONDO_0018944,INDICATION,
CHEMBL225072,MONDO_0021117,INDICATION,
CHEMBL225072,MONDO_0044903,INDICATION,
CHEMBL225072,MONDO_0100342,INDICATION,
CHEMBL2251240,EFO_0000544,INDICATION,
CHEMBL2251240,EFO_0003843,INDICATION,
CHEMBL2251240,EFO_0006928,INDICATION,
CHEMBL225157,EFO_0007949,INDICATION,
CHEMBL2251727,MONDO_0008903,INDICATION,
CHEMBL225304,EFO_0003770,INDICATION,
CHEMBL225304,EFO_0600064,INDICATION,
CHEMBL225411,EFO_0003843,INDICATION,
CHEMBL225411,EFO_0004616,INDICATION,
CHEMBL225411,MONDO_0005178,INDICATION,
CHEMBL226267,EFO_0003854,INDICATION,
CHEMBL226267,EFO_0003869,INDICATION,
CHEMBL226267,EFO_0003882,INDICATION,
CHEMBL226267,MONDO_0002087,INDICATION,
CHEMBL226267,MONDO_0007254,INDICATION,
CHEMBL226267,MONDO_0008170,INDICATION,
CHEMBL226267,MONDO_0011962,INDICATION,
CHEMBL226267,Orphanet_145,INDICATION,
CHEMBL226335,EFO_0000319,INDICATION,
CHEMBL226335,MONDO_0001117,OFF_LABEL_USE,
CHEMBL226335,MONDO_0002474,CONTRAINDICATION,
CHEMBL226335,MONDO_0008315,INDICATION,
CHEMBL226335,MONDO_0011382,CONTRAINDICATION,
CHEMBL226345,EFO_0006834,INDICATION,
CHEMBL2263632,EFO_0000222,INDICATION,
CHEMBL2263632,EFO_0004192,INDICATION,
CHEMBL227529,MONDO_0005148,INDICATION,
CHEMBL227875,EFO_0007381,INDICATION,
CHEMBL227875,EFO_1000049,INDICATION,
CHEMBL227875,MONDO_0018076,INDICATION,
CHEMBL227875,MONDO_0041806,INDICATION,
CHEMBL228814,EFO_0000389,INDICATION,
CHEMBL228814,EFO_0000673,INDICATION,
CHEMBL228814,EFO_0000681,INDICATION,
CHEMBL228814,EFO_0003060,INDICATION,
CHEMBL228814,EFO_0003869,INDICATION,
CHEMBL228814,EFO_1000657,INDICATION,
CHEMBL228814,MONDO_0002691,INDICATION,
CHEMBL228814,MONDO_0004992,INDICATION,
CHEMBL228814,MONDO_0008170,INDICATION,
CHEMBL228814,MONDO_0021063,INDICATION,
CHEMBL23,EFO_0000195,INDICATION,
CHEMBL23,EFO_0000275,INDICATION,
CHEMBL23,EFO_0000319,INDICATION,
CHEMBL23,EFO_0000537,INDICATION,
CHEMBL23,EFO_0000538,CONTRAINDICATION,
CHEMBL23,EFO_0000701,INDICATION,
CHEMBL23,EFO_0000764,INDICATION,
CHEMBL23,EFO_0001645,INDICATION,
CHEMBL23,EFO_0002687,INDICATION,
CHEMBL23,EFO_0003086,CONTRAINDICATION,
CHEMBL23,EFO_0003144,INDICATION,
CHEMBL23,EFO_0003890,INDICATION,
CHEMBL23,EFO_0003913,INDICATION,
CHEMBL23,EFO_0003914,INDICATION,
CHEMBL23,EFO_0004225,INDICATION,
CHEMBL23,EFO_0004888,INDICATION,
CHEMBL23,EFO_0005251,CONTRAINDICATION,
CHEMBL23,EFO_0005306,CONTRAINDICATION,
CHEMBL23,EFO_0005532,CONTRAINDICATION,
CHEMBL23,EFO_0007328,INDICATION,
CHEMBL23,EFO_0009552,INDICATION,
CHEMBL23,EFO_0009660,INDICATION,
CHEMBL23,EFO_1000013,INDICATION,
CHEMBL23,EFO_1000899,OFF_LABEL_USE,
CHEMBL23,EFO_1001375,INDICATION,
CHEMBL23,EFO_1001450,CONTRAINDICATION,
CHEMBL23,EFO_1001951,INDICATION,
CHEMBL23,EFO_1001986,CONTRAINDICATION,
CHEMBL23,MONDO_0000468,CONTRAINDICATION,
CHEMBL23,MONDO_0000831,INDICATION,
CHEMBL23,MONDO_0001823,CONTRAINDICATION,
CHEMBL23,MONDO_0004992,INDICATION,
CHEMBL23,MONDO_0005148,INDICATION,
CHEMBL23,MONDO_0019623,CONTRAINDICATION,
CHEMBL23,MONDO_0042981,CONTRAINDICATION,
CHEMBL23,MONDO_0100096,INDICATION,
CHEMBL23,Orphanet_844,CONTRAINDICATION,
CHEMBL23,Orphanet_98702,CONTRAINDICATION,
CHEMBL230006,MONDO_0009025,INDICATION,
CHEMBL230011,EFO_0000612,INDICATION,
CHEMBL23013,EFO_0007126,INDICATION,
CHEMBL23013,EFO_1001888,INDICATION,
CHEMBL230158,EFO_0001421,INDICATION,
CHEMBL230158,EFO_0004268,INDICATION,
CHEMBL230158,EFO_1001249,INDICATION,
CHEMBL230158,EFO_1001486,INDICATION,
CHEMBL230158,MONDO_0018328,INDICATION,
CHEMBL230158,MONDO_0021187,INDICATION,
CHEMBL2303613,EFO_0000771,INDICATION,
CHEMBL2303614,MONDO_0005178,INDICATION,
CHEMBL2303621,EFO_0004220,INDICATION,
CHEMBL2304041,EFO_0000519,INDICATION,
CHEMBL2304041,EFO_0000616,INDICATION,
CHEMBL2304041,EFO_0000702,INDICATION,
CHEMBL2304041,EFO_0000756,INDICATION,
CHEMBL2304041,EFO_0003060,INDICATION,
CHEMBL2304041,EFO_0003869,INDICATION,
CHEMBL2304041,EFO_0003893,INDICATION,
CHEMBL2304041,EFO_1000158,INDICATION,
CHEMBL2304041,MONDO_0007254,INDICATION,
CHEMBL2304041,MONDO_0008315,INDICATION,
CHEMBL2304327,EFO_0003102,INDICATION,
CHEMBL2308782,EFO_0000341,INDICATION,
CHEMBL2308885,EFO_0005752,INDICATION,
CHEMBL231068,EFO_0000673,INDICATION,
CHEMBL231068,EFO_0000677,INDICATION,
CHEMBL231068,EFO_0004714,INDICATION,
CHEMBL2311030,EFO_0000319,INDICATION,
CHEMBL2311030,EFO_0004718,INDICATION,
CHEMBL2311030,MONDO_0010383,INDICATION,
CHEMBL2311157,EFO_0010702,INDICATION,
CHEMBL2312181,EFO_0000181,INDICATION,
CHEMBL2312181,EFO_0000616,INDICATION,
CHEMBL2312181,EFO_0000756,INDICATION,
CHEMBL2312181,EFO_0001378,INDICATION,
CHEMBL2312181,EFO_0002618,INDICATION,
CHEMBL2312181,EFO_0006859,INDICATION,
CHEMBL2312181,EFO_1001469,INDICATION,
CHEMBL2315212,EFO_0000616,INDICATION,
CHEMBL2315212,MONDO_0002974,INDICATION,
CHEMBL2315212,MONDO_0007254,INDICATION,
CHEMBL2315212,MONDO_0008170,INDICATION,
CHEMBL231616,EFO_0000616,INDICATION,
CHEMBL231616,EFO_0002618,INDICATION,
CHEMBL231616,EFO_0003060,INDICATION,
CHEMBL231616,EFO_0006861,INDICATION,
CHEMBL231616,EFO_1001901,INDICATION,
CHEMBL231616,MONDO_0002367,INDICATION,
CHEMBL231616,MONDO_0005411,INDICATION,
CHEMBL231616,MONDO_0008315,INDICATION,
CHEMBL231616,MONDO_0008903,INDICATION,
CHEMBL231616,MONDO_0024503,INDICATION,
CHEMBL2316582,EFO_0000220,INDICATION,
CHEMBL2316582,EFO_0000339,INDICATION,
CHEMBL2316582,EFO_0000616,INDICATION,
CHEMBL2316582,MONDO_0011719,INDICATION,
CHEMBL231779,EFO_0000220,INDICATION,
CHEMBL231779,EFO_0000266,INDICATION,
CHEMBL231779,EFO_0000275,INDICATION,
CHEMBL231779,EFO_0000556,INDICATION,
CHEMBL231779,EFO_0000712,INDICATION,
CHEMBL231779,EFO_0001422,INDICATION,
CHEMBL231779,EFO_0003144,INDICATION,
CHEMBL231779,EFO_0003827,INDICATION,
CHEMBL231779,EFO_0003884,INDICATION,
CHEMBL231779,EFO_0003907,INDICATION,
CHEMBL231779,EFO_0003911,INDICATION,
CHEMBL231779,EFO_0004255,INDICATION,
CHEMBL231779,EFO_0004286,INDICATION,
CHEMBL231779,EFO_0005672,INDICATION,
CHEMBL231779,EFO_0009314,INDICATION,
CHEMBL231779,EFO_0010680,INDICATION,
CHEMBL231779,EFO_1002000,INDICATION,
CHEMBL231779,MONDO_0000831,INDICATION,
CHEMBL231779,MONDO_0004992,INDICATION,
CHEMBL231779,MONDO_0011382,INDICATION,
CHEMBL231779,MONDO_0100096,INDICATION,
CHEMBL231779,MP_0001914,INDICATION,
CHEMBL231813,EFO_0000544,INDICATION,
CHEMBL231813,EFO_0000763,INDICATION,
CHEMBL231813,EFO_0000764,INDICATION,
CHEMBL231813,EFO_0001421,INDICATION,
CHEMBL231813,EFO_0003047,INDICATION,
CHEMBL231813,EFO_0004220,INDICATION,
CHEMBL231813,MONDO_0002280,CONTRAINDICATION,
CHEMBL231884,EFO_0000319,INDICATION,
CHEMBL231884,EFO_0000545,INDICATION,
CHEMBL231884,EFO_0000685,INDICATION,
CHEMBL231884,EFO_0000729,INDICATION,
CHEMBL231884,MONDO_0000945,INDICATION,
CHEMBL23194,EFO_0003917,INDICATION,
CHEMBL232201,EFO_0000319,INDICATION,
CHEMBL232202,EFO_0003963,INDICATION,
CHEMBL232211,EFO_0020003,INDICATION,
CHEMBL2322189,EFO_0000544,INDICATION,
CHEMBL2323775,MONDO_0004992,INDICATION,
CHEMBL2325014,EFO_0003843,INDICATION,
CHEMBL2325014,EFO_0010072,INDICATION,
CHEMBL2325014,EFO_1000783,INDICATION,
CHEMBL2325014,MONDO_0016028,INDICATION,
CHEMBL2325429,EFO_0000183,INDICATION,
CHEMBL2325429,EFO_0005952,INDICATION,
CHEMBL2325429,MONDO_0004992,INDICATION,
CHEMBL2325741,EFO_0000096,INDICATION,
CHEMBL2325741,EFO_0000228,INDICATION,
CHEMBL2325741,EFO_0000503,INDICATION,
CHEMBL2325741,EFO_0000616,INDICATION,
CHEMBL2325741,EFO_0000673,INDICATION,
CHEMBL2325741,EFO_0000707,INDICATION,
CHEMBL2325741,EFO_0001378,INDICATION,
CHEMBL2325741,EFO_0001642,INDICATION,
CHEMBL2325741,EFO_0003060,INDICATION,
CHEMBL2325741,EFO_0003869,INDICATION,
CHEMBL2325741,EFO_0005537,INDICATION,
CHEMBL2325741,EFO_0007532,INDICATION,
CHEMBL2325741,EFO_1000251,INDICATION,
CHEMBL2325741,MONDO_0001056,INDICATION,
CHEMBL2325741,MONDO_0002974,INDICATION,
CHEMBL2325741,MONDO_0004992,INDICATION,
CHEMBL2325741,MONDO_0007254,INDICATION,
CHEMBL2325741,MONDO_0008170,INDICATION,
CHEMBL2325741,MONDO_0008315,INDICATION,
CHEMBL2325741,MONDO_0011962,INDICATION,
CHEMBL2325741,MONDO_0016642,INDICATION,
CHEMBL2325741,Orphanet_145,INDICATION,
CHEMBL23261,EFO_0000537,INDICATION,
CHEMBL232656,EFO_0001065,INDICATION,
CHEMBL2326966,EFO_0000181,INDICATION,
CHEMBL2326966,EFO_0000182,INDICATION,
CHEMBL2326966,EFO_0000621,INDICATION,
CHEMBL2326966,MONDO_0004992,INDICATION,
CHEMBL232943,EFO_0003843,INDICATION,
CHEMBL232943,MONDO_0005178,INDICATION,
CHEMBL232943,MONDO_0041052,INDICATION,
CHEMBL2331680,EFO_0005952,INDICATION,
CHEMBL233248,EFO_0009448,INDICATION,
CHEMBL23330,EFO_0000182,INDICATION,
CHEMBL2333941,MONDO_0004975,INDICATION,
CHEMBL233406,EFO_0000474,CONTRAINDICATION,
CHEMBL233406,EFO_0003086,CONTRAINDICATION,
CHEMBL233406,EFO_0007149,CONTRAINDICATION,
CHEMBL233406,EFO_0009530,CONTRAINDICATION,
CHEMBL233406,EFO_1000948,CONTRAINDICATION,
CHEMBL233406,EFO_1000987,CONTRAINDICATION,
CHEMBL233406,MONDO_0000468,CONTRAINDICATION,
CHEMBL233406,MONDO_0002474,CONTRAINDICATION,
CHEMBL233406,MONDO_0004567,CONTRAINDICATION,
CHEMBL233406,MONDO_0008224,CONTRAINDICATION,
CHEMBL233406,MONDO_0011382,CONTRAINDICATION,
CHEMBL233406,MONDO_0044751,CONTRAINDICATION,
CHEMBL2336050,MONDO_0005090,INDICATION,
CHEMBL2336071,EFO_0000398,INDICATION,
CHEMBL2336071,EFO_0000540,INDICATION,
CHEMBL2336071,EFO_0001421,INDICATION,
CHEMBL2336071,EFO_0003063,INDICATION,
CHEMBL2336071,EFO_0003086,INDICATION,
CHEMBL2336071,EFO_0003840,INDICATION,
CHEMBL2336071,EFO_0003929,INDICATION,
CHEMBL2336071,EFO_0008522,INDICATION,
CHEMBL2336071,MONDO_0000465,CONTRAINDICATION,
CHEMBL2336071,MONDO_0001823,CONTRAINDICATION,
CHEMBL2336071,MONDO_0005301,INDICATION,
CHEMBL2336325,EFO_0000228,INDICATION,
CHEMBL2336325,EFO_0000349,INDICATION,
CHEMBL2336325,EFO_0000403,INDICATION,
CHEMBL2336325,EFO_0000503,INDICATION,
CHEMBL2336325,EFO_0000519,INDICATION,
CHEMBL2336325,EFO_0000616,INDICATION,
CHEMBL2336325,EFO_0000702,INDICATION,
CHEMBL2336325,EFO_0000707,INDICATION,
CHEMBL2336325,EFO_0000708,INDICATION,
CHEMBL2336325,EFO_0003060,INDICATION,
CHEMBL2336325,EFO_0003897,INDICATION,
CHEMBL2336325,EFO_0005537,INDICATION,
CHEMBL2336325,EFO_0007532,INDICATION,
CHEMBL2336325,EFO_1000251,INDICATION,
CHEMBL2336325,EFO_1001512,INDICATION,
CHEMBL2336325,MONDO_0001187,INDICATION,
CHEMBL2336325,MONDO_0004992,INDICATION,
CHEMBL2336325,MONDO_0007254,INDICATION,
CHEMBL2336325,MONDO_0008315,INDICATION,
CHEMBL2336325,MONDO_0016642,INDICATION,
CHEMBL2336325,Orphanet_145,INDICATION,
CHEMBL2338329,EFO_0000198,INDICATION,
CHEMBL2338329,EFO_0003086,INDICATION,
CHEMBL2338329,EFO_0003884,INDICATION,
CHEMBL2338329,EFO_0004272,INDICATION,
CHEMBL2338329,EFO_0008585,INDICATION,
CHEMBL2338397,EFO_0000616,INDICATION,
CHEMBL2338397,EFO_0001378,INDICATION,
CHEMBL2338675,MONDO_0004689,INDICATION,
CHEMBL2338675,MONDO_0009643,INDICATION,
CHEMBL2338801,MONDO_0005090,INDICATION,
CHEMBL2338801,MONDO_0100339,INDICATION,
CHEMBL23393,EFO_0000544,INDICATION,
CHEMBL23393,EFO_0000701,INDICATION,
CHEMBL23393,EFO_0003843,INDICATION,
CHEMBL23393,EFO_0007512,INDICATION,
CHEMBL23393,EFO_1001434,INDICATION,
CHEMBL23393,MONDO_0003472,INDICATION,
CHEMBL23393,MONDO_0005271,INDICATION,
CHEMBL2346738,MONDO_0005180,INDICATION,
CHEMBL2346738,MONDO_0011728,INDICATION,
CHEMBL2346976,MONDO_0008315,INDICATION,
CHEMBL2347597,EFO_0000616,INDICATION,
CHEMBL2347655,EFO_0000198,INDICATION,
CHEMBL2347655,EFO_0000222,INDICATION,
CHEMBL2347655,EFO_0000616,INDICATION,
CHEMBL2347655,EFO_0001378,INDICATION,
CHEMBL2347655,EFO_0006475,INDICATION,
CHEMBL2347704,EFO_0005225,INDICATION,
CHEMBL2348292,EFO_0000373,INDICATION,
CHEMBL235191,EFO_0001378,INDICATION,
CHEMBL235191,EFO_0002618,INDICATION,
CHEMBL235191,MONDO_0008903,INDICATION,
CHEMBL235363,EFO_0003956,INDICATION,
CHEMBL235363,MONDO_0005147,INDICATION,
CHEMBL2354444,EFO_0000182,INDICATION,
CHEMBL2354444,EFO_0000220,INDICATION,
CHEMBL2354444,EFO_0000574,INDICATION,
CHEMBL2354444,EFO_0000616,INDICATION,
CHEMBL2354444,EFO_0003869,INDICATION,
CHEMBL2354444,EFO_1001968,INDICATION,
CHEMBL2354773,EFO_0005755,INDICATION,
CHEMBL2355051,EFO_0000279,INDICATION,
CHEMBL2355051,EFO_0000512,INDICATION,
CHEMBL2355051,EFO_0000545,INDICATION,
CHEMBL2355051,EFO_0000660,CONTRAINDICATION,
CHEMBL2355051,EFO_0000731,INDICATION,
CHEMBL2355051,EFO_0001065,CONTRAINDICATION,
CHEMBL2355051,EFO_0001073,INDICATION,
CHEMBL2355051,EFO_0004248,OFF_LABEL_USE,
CHEMBL2355051,EFO_0004705,CONTRAINDICATION,
CHEMBL2355051,EFO_0008560,INDICATION,
CHEMBL2355051,EFO_0009190,CONTRAINDICATION,
CHEMBL2355051,EFO_1001485,INDICATION,
CHEMBL2355051,EFO_1001512,CONTRAINDICATION,
CHEMBL2355051,MONDO_0002050,CONTRAINDICATION,
CHEMBL2355051,MONDO_0002146,INDICATION,
CHEMBL2355051,MONDO_0002775,INDICATION,
CHEMBL2355051,MONDO_0011972,CONTRAINDICATION,
CHEMBL2355051,MONDO_0017611,CONTRAINDICATION,
CHEMBL2355051,MONDO_0018555,INDICATION,
CHEMBL2355051,MONDO_0019801,CONTRAINDICATION,
CHEMBL2355051,MP_0001914,INDICATION,
CHEMBL2355839,MONDO_0005277,INDICATION,
CHEMBL2356023,EFO_0003086,CONTRAINDICATION,
CHEMBL2356023,EFO_0005583,INDICATION,
CHEMBL2356023,EFO_0009451,INDICATION,
CHEMBL2356023,EFO_1000820,CONTRAINDICATION,
CHEMBL2356023,EFO_1001152,OFF_LABEL_USE,
CHEMBL2356023,MONDO_0000313,INDICATION,
CHEMBL2356023,MONDO_0000328,CONTRAINDICATION,
CHEMBL2356023,MONDO_0001566,CONTRAINDICATION,
CHEMBL2356023,MONDO_0019338,CONTRAINDICATION,
CHEMBL2356097,EFO_0000266,INDICATION,
CHEMBL2356097,EFO_0000275,INDICATION,
CHEMBL2356097,EFO_0000341,INDICATION,
CHEMBL2356097,EFO_0000373,INDICATION,
CHEMBL2356097,EFO_0000537,INDICATION,
CHEMBL2356097,EFO_0000538,INDICATION,
CHEMBL2356097,EFO_0000612,INDICATION,
CHEMBL2356097,EFO_0000712,INDICATION,
CHEMBL2356097,EFO_0003144,INDICATION,
CHEMBL2356097,EFO_0003913,INDICATION,
CHEMBL2356097,MONDO_0010679,INDICATION,
CHEMBL2356097,Orphanet_79292,INDICATION,
CHEMBL2356648,EFO_0005761,INDICATION,
CHEMBL235668,EFO_0000365,INDICATION,
CHEMBL235668,EFO_0000616,INDICATION,
CHEMBL235668,EFO_0000702,INDICATION,
CHEMBL235668,EFO_0000708,INDICATION,
CHEMBL235668,EFO_0002618,INDICATION,
CHEMBL235668,EFO_0003860,INDICATION,
CHEMBL235668,EFO_0003869,INDICATION,
CHEMBL235668,EFO_0004142,INDICATION,
CHEMBL235668,EFO_0004252,INDICATION,
CHEMBL235668,EFO_0005221,INDICATION,
CHEMBL235668,EFO_1000657,INDICATION,
CHEMBL235668,EFO_1001949,INDICATION,
CHEMBL235668,EFO_1001951,INDICATION,
CHEMBL235668,MONDO_0001056,INDICATION,
CHEMBL235668,MONDO_0001187,INDICATION,
CHEMBL235668,MONDO_0005575,INDICATION,
CHEMBL235668,MONDO_0007254,INDICATION,
CHEMBL235668,MONDO_0021063,INDICATION,
CHEMBL235668,MONDO_0044937,INDICATION,
CHEMBL2357792,MONDO_0007263,INDICATION,
CHEMBL23588,EFO_0005755,INDICATION,
CHEMBL2359248,MONDO_0004992,INDICATION,
CHEMBL2359248,MONDO_0005041,INDICATION,
CHEMBL2359370,EFO_0000734,INDICATION,
CHEMBL2359370,EFO_0004272,INDICATION,
CHEMBL2359370,EFO_0005687,INDICATION,
CHEMBL2359370,EFO_1001893,INDICATION,
CHEMBL2359370,MONDO_0004976,INDICATION,
CHEMBL2359370,MONDO_0005148,INDICATION,
CHEMBL2359966,EFO_0003086,INDICATION,
CHEMBL2359966,EFO_0007444,INDICATION,
CHEMBL2359966,EFO_0009846,INDICATION,
CHEMBL2360464,EFO_0000308,INDICATION,
CHEMBL2360464,EFO_0000365,INDICATION,
CHEMBL2360464,EFO_0000571,INDICATION,
CHEMBL2360464,EFO_0000574,INDICATION,
CHEMBL2360464,EFO_0000588,INDICATION,
CHEMBL2360464,EFO_0000616,INDICATION,
CHEMBL2360464,EFO_0000691,INDICATION,
CHEMBL2360464,EFO_0000708,INDICATION,
CHEMBL2360464,EFO_0000770,INDICATION,
CHEMBL2360464,EFO_0002618,INDICATION,
CHEMBL2360464,EFO_0003050,INDICATION,
CHEMBL2360464,EFO_0003060,INDICATION,
CHEMBL2360464,EFO_0003860,INDICATION,
CHEMBL2360464,EFO_0003863,INDICATION,
CHEMBL2360464,EFO_0006859,INDICATION,
CHEMBL2360464,EFO_0008528,INDICATION,
CHEMBL2360464,EFO_0009708,INDICATION,
CHEMBL2360464,EFO_1000576,INDICATION,
CHEMBL2360464,EFO_1000581,INDICATION,
CHEMBL2360464,EFO_1001951,INDICATION,
CHEMBL2360464,MONDO_0000521,INDICATION,
CHEMBL2360464,MONDO_0001056,INDICATION,
CHEMBL2360464,MONDO_0001187,INDICATION,
CHEMBL2360464,MONDO_0002087,INDICATION,
CHEMBL2360464,MONDO_0002158,INDICATION,
CHEMBL2360464,MONDO_0002974,INDICATION,
CHEMBL2360464,MONDO_0004192,INDICATION,
CHEMBL2360464,MONDO_0004992,INDICATION,
CHEMBL2360464,MONDO_0007254,INDICATION,
CHEMBL2360464,MONDO_0008170,INDICATION,
CHEMBL2360464,MONDO_0008315,INDICATION,
CHEMBL2360464,MONDO_0008903,INDICATION,
CHEMBL2360464,MONDO_0011962,INDICATION,
CHEMBL2360464,MONDO_0018944,INDICATION,
CHEMBL2360464,MONDO_0021117,INDICATION,
CHEMBL2360841,EFO_0000764,INDICATION,
CHEMBL2362410,EFO_0000275,INDICATION,
CHEMBL2362410,EFO_0003911,INDICATION,
CHEMBL236297,EFO_0003876,INDICATION,
CHEMBL236297,EFO_0007205,INDICATION,
CHEMBL236345,EFO_0009130,INDICATION,
CHEMBL2364574,EFO_0003102,INDICATION,
CHEMBL2364603,EFO_0000544,INDICATION,
CHEMBL2364603,EFO_1001272,INDICATION,
CHEMBL2364605,EFO_0003843,INDICATION,
CHEMBL2364605,EFO_0003890,INDICATION,
CHEMBL2364605,EFO_0004616,INDICATION,
CHEMBL2364605,MONDO_0001583,INDICATION,
CHEMBL2364607,EFO_0000756,INDICATION,
CHEMBL2364607,EFO_0002617,INDICATION,
CHEMBL2364608,EFO_0000180,INDICATION,
CHEMBL2364608,EFO_0000763,INDICATION,
CHEMBL2364608,EFO_0000764,INDICATION,
CHEMBL2364608,EFO_0003086,INDICATION,
CHEMBL2364609,EFO_0003843,INDICATION,
CHEMBL2364609,MONDO_0002009,INDICATION,
CHEMBL2364609,MONDO_0002050,INDICATION,
CHEMBL2364611,EFO_0000182,INDICATION,
CHEMBL2364611,EFO_0000198,INDICATION,
CHEMBL2364611,EFO_0000519,INDICATION,
CHEMBL2364611,EFO_0000616,INDICATION,
CHEMBL2364611,EFO_0002618,INDICATION,
CHEMBL2364611,EFO_0003860,INDICATION,
CHEMBL2364611,EFO_0004252,INDICATION,
CHEMBL2364611,EFO_0005537,INDICATION,
CHEMBL2364611,EFO_0005543,INDICATION,
CHEMBL2364611,EFO_0009708,INDICATION,
CHEMBL2364611,EFO_1000657,INDICATION,
CHEMBL2364611,MONDO_0008315,INDICATION,
CHEMBL2364612,EFO_0004190,INDICATION,
CHEMBL2364612,EFO_1001069,INDICATION,
CHEMBL2364612,MONDO_0005041,INDICATION,
CHEMBL2364614,EFO_0009854,INDICATION,
CHEMBL2364614,MONDO_0002050,INDICATION,
CHEMBL2364618,EFO_0004616,INDICATION,
CHEMBL2364621,EFO_0000616,INDICATION,
CHEMBL2364623,EFO_0003103,INDICATION,
CHEMBL2364623,EFO_1001141,INDICATION,
CHEMBL2364624,EFO_0001421,INDICATION,
CHEMBL2364624,EFO_0003047,INDICATION,
CHEMBL2364624,EFO_0003086,INDICATION,
CHEMBL2364624,EFO_0003095,INDICATION,
CHEMBL2364624,MONDO_0005148,INDICATION,
CHEMBL2364624,MONDO_0037748,INDICATION,
CHEMBL2364625,MONDO_0005148,INDICATION,
CHEMBL2364626,EFO_0000519,INDICATION,
CHEMBL2364626,MONDO_0002158,INDICATION,
CHEMBL2364626,MONDO_0004992,INDICATION,
CHEMBL2364626,MONDO_0007254,INDICATION,
CHEMBL2364626,MONDO_0008170,INDICATION,
CHEMBL2364628,EFO_0000095,INDICATION,
CHEMBL2364628,EFO_0000305,INDICATION,
CHEMBL2364628,EFO_0000574,INDICATION,
CHEMBL2364628,EFO_0001378,INDICATION,
CHEMBL2364628,EFO_0009387,INDICATION,
CHEMBL2364628,EFO_1000783,INDICATION,
CHEMBL2364628,EFO_1001959,INDICATION,
CHEMBL2364629,MONDO_0005277,INDICATION,
CHEMBL2364632,EFO_0000544,INDICATION,
CHEMBL2364632,EFO_0000771,INDICATION,
CHEMBL2364632,EFO_0003894,INDICATION,
CHEMBL2364633,EFO_0000544,INDICATION,
CHEMBL2364633,EFO_0003894,INDICATION,
CHEMBL2364635,EFO_0001068,INDICATION,
CHEMBL2364635,EFO_0007445,INDICATION,
CHEMBL2364637,EFO_0000180,INDICATION,
CHEMBL2364637,EFO_0000764,INDICATION,
CHEMBL2364637,EFO_0000765,INDICATION,
CHEMBL2364637,EFO_0004197,INDICATION,
CHEMBL2364637,EFO_0004239,INDICATION,
CHEMBL2364638,MONDO_0005277,INDICATION,
CHEMBL2364639,EFO_0004280,INDICATION,
CHEMBL2364639,EFO_0004895,INDICATION,
CHEMBL2364639,MONDO_0005090,INDICATION,
CHEMBL2364639,MONDO_0007739,INDICATION,
CHEMBL2364642,EFO_0000616,INDICATION,
CHEMBL2364648,EFO_0000384,INDICATION,
CHEMBL2364648,EFO_0000540,INDICATION,
CHEMBL2364648,EFO_0000676,INDICATION,
CHEMBL2364648,EFO_0000685,INDICATION,
CHEMBL2364648,EFO_0000717,INDICATION,
CHEMBL2364648,EFO_0000729,INDICATION,
CHEMBL2364648,EFO_0001060,INDICATION,
CHEMBL2364648,EFO_0002609,INDICATION,
CHEMBL2364648,EFO_0003778,INDICATION,
CHEMBL2364648,EFO_0005761,INDICATION,
CHEMBL2364648,EFO_0008573,INDICATION,
CHEMBL2364648,EFO_1000710,INDICATION,
CHEMBL2364648,EFO_1001209,INDICATION,
CHEMBL2364648,EFO_1001494,INDICATION,
CHEMBL2364648,MONDO_0015597,INDICATION,
CHEMBL2364648,MONDO_0100017,INDICATION,
CHEMBL2364648,Orphanet_733,INDICATION,
CHEMBL2364649,EFO_0000616,INDICATION,
CHEMBL2364649,MONDO_0007254,INDICATION,
CHEMBL2364651,EFO_0000519,INDICATION,
CHEMBL2364651,EFO_0003060,INDICATION,
CHEMBL2364651,MONDO_0004992,INDICATION,
CHEMBL2364652,EFO_0000616,INDICATION,
CHEMBL2364652,EFO_0002618,INDICATION,
CHEMBL2364652,MONDO_0007254,INDICATION,
CHEMBL2364653,EFO_0000540,INDICATION,
CHEMBL2364653,EFO_0000685,INDICATION,
CHEMBL2364653,EFO_0000699,INDICATION,
CHEMBL2364653,EFO_0000717,INDICATION,
CHEMBL2364653,EFO_0004208,INDICATION,
CHEMBL2364653,EFO_0005761,INDICATION,
CHEMBL2364653,EFO_1001993,INDICATION,
CHEMBL2364653,MONDO_0007915,INDICATION,
CHEMBL2364655,EFO_0000319,INDICATION,
CHEMBL2364655,EFO_0000519,INDICATION,
CHEMBL2364655,EFO_0000612,INDICATION,
CHEMBL2364655,EFO_0000712,INDICATION,
CHEMBL2364655,EFO_0001645,INDICATION,
CHEMBL2364655,EFO_0003060,INDICATION,
CHEMBL2364655,EFO_0003144,INDICATION,
CHEMBL2364655,EFO_0004911,INDICATION,
CHEMBL2364655,EFO_0005672,INDICATION,
CHEMBL2364655,EFO_0008585,INDICATION,
CHEMBL2364655,MONDO_0008903,INDICATION,
CHEMBL2364655,MONDO_0018328,INDICATION,
CHEMBL2364655,MONDO_0021187,INDICATION,
CHEMBL2364655,MONDO_0100096,INDICATION,
CHEMBL2364655,Orphanet_309005,INDICATION,
CHEMBL2364655,Orphanet_79211,INDICATION,
CHEMBL2364656,EFO_0000284,INDICATION,
CHEMBL2364656,MONDO_0008315,INDICATION,
CHEMBL2364659,EFO_0000616,INDICATION,
CHEMBL2364659,EFO_0002617,INDICATION,
CHEMBL2364659,EFO_1001968,INDICATION,
CHEMBL2364665,EFO_0000764,INDICATION,
CHEMBL2364665,EFO_0003932,INDICATION,
CHEMBL2364665,EFO_0007282,INDICATION,
CHEMBL2364666,EFO_0000764,INDICATION,
CHEMBL2364666,EFO_0007282,INDICATION,
CHEMBL2364968,EFO_0000319,INDICATION,
CHEMBL2364968,EFO_0004718,INDICATION,
CHEMBL2364968,MONDO_0010383,INDICATION,
CHEMBL2365665,MONDO_0000088,INDICATION,
CHEMBL2365665,MONDO_0015514,INDICATION,
CHEMBL2365665,Orphanet_145,INDICATION,
CHEMBL2365712,MONDO_0001627,INDICATION,
CHEMBL236593,MONDO_0005277,INDICATION,
CHEMBL2365940,EFO_0000341,INDICATION,
CHEMBL236687,EFO_0000519,INDICATION,
CHEMBL236687,EFO_0000574,INDICATION,
CHEMBL236687,EFO_0002496,INDICATION,
CHEMBL236687,EFO_0002618,INDICATION,
CHEMBL236687,MONDO_0007254,INDICATION,
CHEMBL236687,MONDO_0008315,INDICATION,
CHEMBL236687,MONDO_0016642,INDICATION,
CHEMBL2367706,EFO_0003948,INDICATION,
CHEMBL2367706,EFO_0004232,INDICATION,
CHEMBL2367706,EFO_0004607,INDICATION,
CHEMBL2367706,MP_0001914,INDICATION,
CHEMBL2368861,EFO_0003890,INDICATION,
CHEMBL2368861,EFO_0005611,INDICATION,
CHEMBL2368924,EFO_0004888,INDICATION,
CHEMBL2368924,MONDO_0004992,INDICATION,
CHEMBL2368925,EFO_0003086,CONTRAINDICATION,
CHEMBL2368925,EFO_0004888,INDICATION,
CHEMBL2368925,EFO_0005307,CONTRAINDICATION,
CHEMBL2368925,EFO_0005687,INDICATION,
CHEMBL2368925,EFO_0006911,INDICATION,
CHEMBL2368925,MONDO_0004992,INDICATION,
CHEMBL2368925,MONDO_0018100,CONTRAINDICATION,
CHEMBL2368925,MONDO_0019171,CONTRAINDICATION,
CHEMBL2369994,MONDO_0008315,INDICATION,
CHEMBL2374220,EFO_0000544,INDICATION,
CHEMBL2374220,EFO_0000574,INDICATION,
CHEMBL2374220,EFO_0003047,INDICATION,
CHEMBL2374220,EFO_0004197,INDICATION,
CHEMBL2374220,EFO_0004220,INDICATION,
CHEMBL2374220,MONDO_0100096,INDICATION,
CHEMBL237500,EFO_0000278,CONTRAINDICATION,
CHEMBL237500,EFO_0000400,INDICATION,
CHEMBL237500,EFO_0000503,INDICATION,
CHEMBL237500,EFO_0000537,INDICATION,
CHEMBL237500,EFO_0000684,INDICATION,
CHEMBL237500,EFO_0002916,INDICATION,
CHEMBL237500,EFO_0003060,INDICATION,
CHEMBL237500,MONDO_0005090,INDICATION,
CHEMBL237500,MONDO_0005148,INDICATION,
CHEMBL237500,MONDO_0100096,INDICATION,
CHEMBL2375161,EFO_0009130,INDICATION,
CHEMBL238071,EFO_0000096,INDICATION,
CHEMBL238071,EFO_0000211,INDICATION,
CHEMBL238071,EFO_0000220,INDICATION,
CHEMBL238071,EFO_0000339,INDICATION,
CHEMBL238071,EFO_0000403,INDICATION,
CHEMBL238071,EFO_0000565,INDICATION,
CHEMBL238071,EFO_0000574,INDICATION,
CHEMBL238071,EFO_0000616,INDICATION,
CHEMBL238071,EFO_0000621,INDICATION,
CHEMBL238071,EFO_0000702,INDICATION,
CHEMBL238071,EFO_0005952,INDICATION,
CHEMBL238071,MONDO_0000873,INDICATION,
CHEMBL238071,MONDO_0002974,INDICATION,
CHEMBL238071,MONDO_0008903,INDICATION,
CHEMBL238071,MONDO_0019471,INDICATION,
CHEMBL238071,MONDO_0021117,INDICATION,
CHEMBL238071,MONDO_0044917,INDICATION,
CHEMBL2381408,EFO_0000616,INDICATION,
CHEMBL2381848,MONDO_0005148,INDICATION,
CHEMBL23832,EFO_0002618,INDICATION,
CHEMBL23838,MONDO_0005041,INDICATION,
CHEMBL238465,EFO_0000401,INDICATION,
CHEMBL238465,EFO_0003888,INDICATION,
CHEMBL238465,EFO_0005762,INDICATION,
CHEMBL238465,MONDO_0001583,INDICATION,
CHEMBL2386081,EFO_0003956,INDICATION,
CHEMBL2386081,MONDO_0004907,INDICATION,
CHEMBL2386081,MONDO_0004979,INDICATION,
CHEMBL2386346,EFO_0000616,INDICATION,
CHEMBL2386346,EFO_0000691,INDICATION,
CHEMBL2386346,MONDO_0044881,INDICATION,
CHEMBL2386889,EFO_0000183,INDICATION,
CHEMBL2386889,EFO_0000220,INDICATION,
CHEMBL2386889,EFO_0000222,INDICATION,
CHEMBL2386889,EFO_0000339,INDICATION,
CHEMBL2386889,EFO_0005952,INDICATION,
CHEMBL2387080,EFO_0000708,INDICATION,
CHEMBL2387080,EFO_0001378,INDICATION,
CHEMBL2387080,EFO_0005537,INDICATION,
CHEMBL2387080,EFO_0005952,INDICATION,
CHEMBL2387080,MONDO_0007254,INDICATION,
CHEMBL2387080,MONDO_0008903,INDICATION,
CHEMBL2387144,MONDO_0004975,INDICATION,
CHEMBL2387408,MONDO_0001751,INDICATION,
CHEMBL2387408,MONDO_0005148,INDICATION,
CHEMBL2387408,MONDO_0019072,INDICATION,
CHEMBL2387541,MONDO_0005148,INDICATION,
CHEMBL2387742,EFO_0000474,INDICATION,
CHEMBL2387742,EFO_0003756,INDICATION,
CHEMBL2387742,MONDO_0008300,INDICATION,
CHEMBL238804,EFO_0001361,INDICATION,
CHEMBL238804,MONDO_0005149,INDICATION,
CHEMBL238804,MONDO_0017147,INDICATION,
CHEMBL2391146,EFO_0000537,INDICATION,
CHEMBL2391146,EFO_0003884,INDICATION,
CHEMBL239129,DOID_10113,INDICATION,
CHEMBL239129,EFO_0005044,INDICATION,
CHEMBL239129,EFO_0005046,INDICATION,
CHEMBL239129,EFO_0007379,INDICATION,
CHEMBL239243,EFO_0000537,INDICATION,
CHEMBL239243,EFO_0000677,INDICATION,
CHEMBL239243,EFO_0009869,INDICATION,
CHEMBL239243,MONDO_0004737,INDICATION,
CHEMBL239243,MONDO_0004985,INDICATION,
CHEMBL239243,MONDO_0005148,INDICATION,
CHEMBL239243,MONDO_0005301,INDICATION,
CHEMBL239243,MONDO_0010789,INDICATION,
CHEMBL239243,Orphanet_550,INDICATION,
CHEMBL2392545,MONDO_0004992,INDICATION,
CHEMBL2393130,EFO_0000400,INDICATION,
CHEMBL2393130,EFO_0001361,INDICATION,
CHEMBL2393130,EFO_0001645,INDICATION,
CHEMBL2393130,EFO_0003884,INDICATION,
CHEMBL2393130,MONDO_0010526,INDICATION,
CHEMBL2393130,MONDO_0100096,INDICATION,
CHEMBL2396661,EFO_0000181,INDICATION,
CHEMBL2396661,EFO_0000305,INDICATION,
CHEMBL2396661,EFO_0000616,INDICATION,
CHEMBL2396661,EFO_0000707,INDICATION,
CHEMBL2396661,EFO_0001378,INDICATION,
CHEMBL2396661,EFO_0001421,INDICATION,
CHEMBL2396661,EFO_0002618,INDICATION,
CHEMBL2396661,EFO_0003869,INDICATION,
CHEMBL2396661,EFO_0004284,INDICATION,
CHEMBL2396661,EFO_0005537,INDICATION,
CHEMBL2396661,EFO_0005922,INDICATION,
CHEMBL2396661,EFO_1000657,INDICATION,
CHEMBL2396661,EFO_1001931,INDICATION,
CHEMBL2396661,EFO_1001951,INDICATION,
CHEMBL2396661,MONDO_0001056,INDICATION,
CHEMBL2396661,MONDO_0004992,INDICATION,
CHEMBL2396661,MONDO_0007254,INDICATION,
CHEMBL2396661,MONDO_0008170,INDICATION,
CHEMBL2396661,MONDO_0011719,INDICATION,
CHEMBL2396661,MONDO_0011962,INDICATION,
CHEMBL2396661,MONDO_0016642,INDICATION,
CHEMBL2396661,MONDO_0044704,INDICATION,
CHEMBL2396989,MONDO_0004975,INDICATION,
CHEMBL2397415,MONDO_0004979,INDICATION,
CHEMBL2397415,MONDO_0005277,INDICATION,
CHEMBL2397415,MONDO_0100096,INDICATION,
CHEMBL2397450,MONDO_0005148,INDICATION,
CHEMBL2397751,EFO_1001069,INDICATION,
CHEMBL239800,MONDO_0010383,INDICATION,
CHEMBL24,EFO_0000275,OFF_LABEL_USE,
CHEMBL24,EFO_0000319,INDICATION,
CHEMBL24,EFO_0000400,INDICATION,
CHEMBL24,EFO_0000537,INDICATION,
CHEMBL24,EFO_0000612,INDICATION,
CHEMBL24,EFO_0000676,CONTRAINDICATION,
CHEMBL24,EFO_0000712,INDICATION,
CHEMBL24,EFO_0001358,INDICATION,
CHEMBL24,EFO_0003144,INDICATION,
CHEMBL24,EFO_0003763,INDICATION,
CHEMBL24,EFO_0003777,INDICATION,
CHEMBL24,EFO_0003882,INDICATION,
CHEMBL24,EFO_0003896,INDICATION,
CHEMBL24,EFO_0003913,INDICATION,
CHEMBL24,EFO_0004274,CONTRAINDICATION,
CHEMBL24,EFO_0007372,INDICATION,
CHEMBL24,EFO_0009190,OFF_LABEL_USE,
CHEMBL24,EFO_0009530,CONTRAINDICATION,
CHEMBL24,EFO_1000635,INDICATION,
CHEMBL24,EFO_1000645,INDICATION,
CHEMBL24,EFO_1000652,CONTRAINDICATION,
CHEMBL24,EFO_1000899,OFF_LABEL_USE,
CHEMBL24,EFO_1001375,INDICATION,
CHEMBL24,MONDO_0000468,CONTRAINDICATION,
CHEMBL24,MONDO_0001134,INDICATION,
CHEMBL24,MONDO_0001566,CONTRAINDICATION,
CHEMBL24,MONDO_0002050,CONTRAINDICATION,
CHEMBL24,MONDO_0004910,OFF_LABEL_USE,
CHEMBL24,MONDO_0004979,CONTRAINDICATION,
CHEMBL24,MONDO_0005147,CONTRAINDICATION,
CHEMBL24,MONDO_0005148,CONTRAINDICATION,
CHEMBL24,MONDO_0007915,CONTRAINDICATION,
CHEMBL24,MONDO_0007947,INDICATION,
CHEMBL24,MONDO_0018100,CONTRAINDICATION,
CHEMBL24,MONDO_0021661,INDICATION,
CHEMBL24,MONDO_0100192,CONTRAINDICATION,
CHEMBL240163,EFO_0000771,INDICATION,
CHEMBL240163,EFO_0004992,INDICATION,
CHEMBL240163,EFO_1000829,INDICATION,
CHEMBL2401865,EFO_0001073,INDICATION,
CHEMBL2401865,MONDO_0005148,INDICATION,
CHEMBL2402737,EFO_0000222,INDICATION,
CHEMBL2402737,EFO_0000403,INDICATION,
CHEMBL2402737,EFO_0000479,INDICATION,
CHEMBL2402737,EFO_0000519,INDICATION,
CHEMBL2402737,EFO_0000616,INDICATION,
CHEMBL2402737,EFO_0001378,INDICATION,
CHEMBL2402737,EFO_0002429,INDICATION,
CHEMBL2402737,EFO_0005952,INDICATION,
CHEMBL2402737,EFO_1001951,INDICATION,
CHEMBL2402737,MONDO_0007254,INDICATION,
CHEMBL2402737,MONDO_0018906,INDICATION,
CHEMBL2402904,EFO_0001421,INDICATION,
CHEMBL2402904,EFO_0003086,INDICATION,
CHEMBL2402904,EFO_1000948,INDICATION,
CHEMBL2403108,EFO_0000389,INDICATION,
CHEMBL2403108,EFO_0000519,INDICATION,
CHEMBL2403108,EFO_0000616,INDICATION,
CHEMBL2403108,EFO_0000621,INDICATION,
CHEMBL2403108,EFO_0000756,INDICATION,
CHEMBL2403108,EFO_0001421,INDICATION,
CHEMBL2403108,EFO_0003032,INDICATION,
CHEMBL2403108,EFO_0003060,INDICATION,
CHEMBL2403108,EFO_0005221,INDICATION,
CHEMBL2403108,EFO_1001968,INDICATION,
CHEMBL2403108,MONDO_0002108,INDICATION,
CHEMBL2403108,MONDO_0004992,INDICATION,
CHEMBL2403108,MONDO_0015798,INDICATION,
CHEMBL2403238,EFO_0000180,INDICATION,
CHEMBL2403238,EFO_0000763,INDICATION,
CHEMBL2403238,EFO_0000764,INDICATION,
CHEMBL2403238,EFO_1001348,INDICATION,
CHEMBL2403318,EFO_0004220,INDICATION,
CHEMBL240597,EFO_0000555,INDICATION,
CHEMBL240597,EFO_0004268,CONTRAINDICATION,
CHEMBL240597,EFO_0004799,INDICATION,
CHEMBL240597,EFO_1001486,CONTRAINDICATION,
CHEMBL240597,MONDO_0001751,CONTRAINDICATION,
CHEMBL240597,MONDO_0008948,INDICATION,
CHEMBL240597,MONDO_0019052,INDICATION,
CHEMBL240624,EFO_0000616,INDICATION,
CHEMBL240624,EFO_0001421,INDICATION,
CHEMBL240624,MONDO_0005180,INDICATION,
CHEMBL24072,EFO_0000319,INDICATION,
CHEMBL2408045,EFO_0000365,INDICATION,
CHEMBL2408045,EFO_0003060,INDICATION,
CHEMBL2408045,EFO_0003869,INDICATION,
CHEMBL2408045,MONDO_0004992,INDICATION,
CHEMBL2408045,MONDO_0007254,INDICATION,
CHEMBL24147,EFO_0000400,CONTRAINDICATION,
CHEMBL24147,EFO_0000474,CONTRAINDICATION,
CHEMBL24147,EFO_0003086,CONTRAINDICATION,
CHEMBL24147,EFO_0003875,CONTRAINDICATION,
CHEMBL24147,EFO_0003894,INDICATION,
CHEMBL24147,EFO_0007287,CONTRAINDICATION,
CHEMBL24147,EFO_1000697,CONTRAINDICATION,
CHEMBL24147,EFO_1000702,CONTRAINDICATION,
CHEMBL24147,EFO_1001888,INDICATION,
CHEMBL24147,MONDO_0001117,CONTRAINDICATION,
CHEMBL24147,MONDO_0002406,CONTRAINDICATION,
CHEMBL24171,EFO_0000274,INDICATION,
CHEMBL24171,EFO_0000676,INDICATION,
CHEMBL2419346,EFO_0000574,INDICATION,
CHEMBL2419346,EFO_0003060,INDICATION,
CHEMBL2419346,EFO_1001494,INDICATION,
CHEMBL2419346,MONDO_0004992,INDICATION,
CHEMBL242341,EFO_0003882,INDICATION,
CHEMBL2424780,EFO_0000180,INDICATION,
CHEMBL2424780,EFO_0000764,INDICATION,
CHEMBL2424780,EFO_0000765,INDICATION,
CHEMBL2424780,EFO_0003047,INDICATION,
CHEMBL2424780,EFO_0004197,INDICATION,
CHEMBL2424780,EFO_0004239,INDICATION,
CHEMBL242580,EFO_0007512,INDICATION,
CHEMBL242580,EFO_1000764,INDICATION,
CHEMBL242948,EFO_0004265,INDICATION,
CHEMBL242948,EFO_0007430,INDICATION,
CHEMBL242948,MONDO_0005090,INDICATION,
CHEMBL242948,MONDO_0008315,INDICATION,
CHEMBL2431768,EFO_0000616,INDICATION,
CHEMBL2431768,EFO_0001378,INDICATION,
CHEMBL2431768,EFO_0002429,INDICATION,
CHEMBL2431768,EFO_0002430,INDICATION,
CHEMBL2431768,EFO_0002618,INDICATION,
CHEMBL2431768,MONDO_0007254,INDICATION,
CHEMBL2431768,MONDO_0044903,INDICATION,
CHEMBL2435707,EFO_1001347,INDICATION,
CHEMBL2435707,MONDO_0044792,INDICATION,
CHEMBL243712,EFO_0003884,INDICATION,
CHEMBL243712,EFO_0004242,INDICATION,
CHEMBL243712,EFO_0004888,INDICATION,
CHEMBL243712,EFO_0005230,INDICATION,
CHEMBL243712,EFO_0005407,INDICATION,
CHEMBL243712,EFO_0006911,INDICATION,
CHEMBL243712,EFO_0008623,OFF_LABEL_USE,
CHEMBL243712,MONDO_0002009,INDICATION,
CHEMBL243712,MONDO_0002050,INDICATION,
CHEMBL243712,MONDO_0004985,INDICATION,
CHEMBL243712,MONDO_0005090,INDICATION,
CHEMBL243712,MONDO_0005351,INDICATION,
CHEMBL243716,EFO_0004239,INDICATION,
CHEMBL244243,EFO_0001358,INDICATION,
CHEMBL244243,EFO_0004247,INDICATION,
CHEMBL244243,EFO_0005230,INDICATION,
CHEMBL244243,MONDO_0007739,INDICATION,
CHEMBL2442750,EFO_0003956,INDICATION,
CHEMBL2442750,EFO_0005854,INDICATION,
CHEMBL2442750,MONDO_0004979,INDICATION,
CHEMBL2443262,EFO_0003843,INDICATION,
CHEMBL2443262,MONDO_0004979,CONTRAINDICATION,
CHEMBL24441,EFO_0001073,INDICATION,
CHEMBL24441,EFO_0003888,INDICATION,
CHEMBL24441,EFO_0004566,INDICATION,
CHEMBL24441,EFO_0006862,INDICATION,
CHEMBL24441,MONDO_0002009,INDICATION,
CHEMBL2447938,EFO_0000400,INDICATION,
CHEMBL2447938,EFO_0008507,INDICATION,
CHEMBL2447938,EFO_0009449,INDICATION,
CHEMBL2447938,EFO_1001216,INDICATION,
CHEMBL2447938,EFO_1001375,INDICATION,
CHEMBL2447938,MONDO_0100096,INDICATION,
CHEMBL2448612,MONDO_0005277,INDICATION,
CHEMBL2448613,EFO_0005407,INDICATION,
CHEMBL2448613,MONDO_0004975,INDICATION,
CHEMBL2448613,MONDO_0005090,INDICATION,
CHEMBL2448613,MONDO_0005180,INDICATION,
CHEMBL245019,EFO_0000685,INDICATION,
CHEMBL245019,EFO_0004255,INDICATION,
CHEMBL245019,EFO_0005761,INDICATION,
CHEMBL245807,MONDO_0002203,INDICATION,
CHEMBL246600,EFO_0000616,INDICATION,
CHEMBL24778,EFO_0000284,INDICATION,
CHEMBL24778,EFO_0003086,CONTRAINDICATION,
CHEMBL24778,EFO_0003830,INDICATION,
CHEMBL24778,EFO_0004253,INDICATION,
CHEMBL24778,EFO_0005252,CONTRAINDICATION,
CHEMBL24778,EFO_0803321,INDICATION,
CHEMBL24778,MONDO_0008315,INDICATION,
CHEMBL24778,MONDO_0024647,INDICATION,
CHEMBL24778,MONDO_0100192,CONTRAINDICATION,
CHEMBL248095,EFO_0004616,INDICATION,
CHEMBL24828,EFO_0000181,INDICATION,
CHEMBL24828,EFO_0000182,INDICATION,
CHEMBL24828,EFO_0000222,INDICATION,
CHEMBL24828,EFO_0000349,INDICATION,
CHEMBL24828,EFO_0000365,INDICATION,
CHEMBL24828,EFO_0000501,INDICATION,
CHEMBL24828,EFO_0000519,INDICATION,
CHEMBL24828,EFO_0000537,CONTRAINDICATION,
CHEMBL24828,EFO_0000588,INDICATION,
CHEMBL24828,EFO_0000616,INDICATION,
CHEMBL24828,EFO_0000621,INDICATION,
CHEMBL24828,EFO_0000630,INDICATION,
CHEMBL24828,EFO_0000641,INDICATION,
CHEMBL24828,EFO_0000702,INDICATION,
CHEMBL24828,EFO_0001378,INDICATION,
CHEMBL24828,EFO_0001663,INDICATION,
CHEMBL24828,EFO_0002499,INDICATION,
CHEMBL24828,EFO_0002501,INDICATION,
CHEMBL24828,EFO_0002618,INDICATION,
CHEMBL24828,EFO_0002892,INDICATION,
CHEMBL24828,EFO_0002916,INDICATION,
CHEMBL24828,EFO_0003060,INDICATION,
CHEMBL24828,EFO_0003144,CONTRAINDICATION,
CHEMBL24828,EFO_0003841,INDICATION,
CHEMBL24828,EFO_0003869,INDICATION,
CHEMBL24828,EFO_0003897,INDICATION,
CHEMBL24828,EFO_0004705,CONTRAINDICATION,
CHEMBL24828,EFO_0005307,CONTRAINDICATION,
CHEMBL24828,EFO_0006859,INDICATION,
CHEMBL24828,EFO_0007535,INDICATION,
CHEMBL24828,EFO_0009708,INDICATION,
CHEMBL24828,EFO_1000026,INDICATION,
CHEMBL24828,EFO_1000158,INDICATION,
CHEMBL24828,EFO_1000657,INDICATION,
CHEMBL24828,EFO_1001465,INDICATION,
CHEMBL24828,EFO_1001951,INDICATION,
CHEMBL24828,MONDO_0001056,INDICATION,
CHEMBL24828,MONDO_0001187,INDICATION,
CHEMBL24828,MONDO_0001343,CONTRAINDICATION,
CHEMBL24828,MONDO_0002087,INDICATION,
CHEMBL24828,MONDO_0002108,INDICATION,
CHEMBL24828,MONDO_0002158,INDICATION,
CHEMBL24828,MONDO_0002367,INDICATION,
CHEMBL24828,MONDO_0004192,INDICATION,
CHEMBL24828,MONDO_0004992,INDICATION,
CHEMBL24828,MONDO_0005299,CONTRAINDICATION,
CHEMBL24828,MONDO_0007254,INDICATION,
CHEMBL24828,MONDO_0008170,INDICATION,
CHEMBL24828,MONDO_0008315,INDICATION,
CHEMBL24828,MONDO_0008627,INDICATION,
CHEMBL24828,MONDO_0008903,INDICATION,
CHEMBL24828,MONDO_0011719,INDICATION,
CHEMBL24828,MONDO_0015277,INDICATION,
CHEMBL24828,MONDO_0018100,CONTRAINDICATION,
CHEMBL24828,MONDO_0019171,CONTRAINDICATION,
CHEMBL24828,MONDO_0100342,INDICATION,
CHEMBL248594,EFO_0000712,INDICATION,
CHEMBL248594,EFO_0004718,INDICATION,
CHEMBL248702,EFO_0000537,CONTRAINDICATION,
CHEMBL248702,EFO_0001073,INDICATION,
CHEMBL248702,MONDO_0005041,CONTRAINDICATION,
CHEMBL248702,MONDO_0005147,CONTRAINDICATION,
CHEMBL248702,MONDO_0005148,CONTRAINDICATION,
CHEMBL248702,MONDO_0005149,CONTRAINDICATION,
CHEMBL248702,MONDO_0007079,CONTRAINDICATION,
CHEMBL249420,EFO_1001467,INDICATION,
CHEMBL249420,MONDO_0004976,INDICATION,
CHEMBL249420,MONDO_0004979,INDICATION,
CHEMBL249837,EFO_0000771,INDICATION,
CHEMBL249837,EFO_0003086,CONTRAINDICATION,
CHEMBL249837,EFO_0003102,INDICATION,
CHEMBL249856,EFO_0000319,INDICATION,
CHEMBL249856,EFO_0000373,INDICATION,
CHEMBL249856,EFO_0001645,INDICATION,
CHEMBL25,EFO_0000180,INDICATION,
CHEMBL25,EFO_0000182,INDICATION,
CHEMBL25,EFO_0000195,INDICATION,
CHEMBL25,EFO_0000266,INDICATION,
CHEMBL25,EFO_0000275,INDICATION,
CHEMBL25,EFO_0000280,INDICATION,
CHEMBL25,EFO_0000319,INDICATION,
CHEMBL25,EFO_0000339,INDICATION,
CHEMBL25,EFO_0000341,INDICATION,
CHEMBL25,EFO_0000389,INDICATION,
CHEMBL25,EFO_0000400,INDICATION,
CHEMBL25,EFO_0000479,INDICATION,
CHEMBL25,EFO_0000495,INDICATION,
CHEMBL25,EFO_0000519,INDICATION,
CHEMBL25,EFO_0000537,INDICATION,
CHEMBL25,EFO_0000538,INDICATION,
CHEMBL25,EFO_0000545,INDICATION,
CHEMBL25,EFO_0000546,INDICATION,
CHEMBL25,EFO_0000556,INDICATION,
CHEMBL25,EFO_0000571,INDICATION,
CHEMBL25,EFO_0000612,INDICATION,
CHEMBL25,EFO_0000616,INDICATION,
CHEMBL25,EFO_0000649,INDICATION,
CHEMBL25,EFO_0000668,INDICATION,
CHEMBL25,EFO_0000673,INDICATION,
CHEMBL25,EFO_0000684,INDICATION,
CHEMBL25,EFO_0000685,INDICATION,
CHEMBL25,EFO_0000694,INDICATION,
CHEMBL25,EFO_0000707,INDICATION,
CHEMBL25,EFO_0000712,INDICATION,
CHEMBL25,EFO_0000729,INDICATION,
CHEMBL25,EFO_0000764,INDICATION,
CHEMBL25,EFO_0001361,INDICATION,
CHEMBL25,EFO_0001378,INDICATION,
CHEMBL25,EFO_0001645,INDICATION,
CHEMBL25,EFO_0001663,INDICATION,
CHEMBL25,EFO_0002429,INDICATION,
CHEMBL25,EFO_0002615,INDICATION,
CHEMBL25,EFO_0002618,INDICATION,
CHEMBL25,EFO_0002950,INDICATION,
CHEMBL25,EFO_0003060,INDICATION,
CHEMBL25,EFO_0003106,INDICATION,
CHEMBL25,EFO_0003144,INDICATION,
CHEMBL25,EFO_0003762,INDICATION,
CHEMBL25,EFO_0003763,INDICATION,
CHEMBL25,EFO_0003764,INDICATION,
CHEMBL25,EFO_0003768,INDICATION,
CHEMBL25,EFO_0003770,INDICATION,
CHEMBL25,EFO_0003777,INDICATION,
CHEMBL25,EFO_0003843,INDICATION,
CHEMBL25,EFO_0003868,INDICATION,
CHEMBL25,EFO_0003869,INDICATION,
CHEMBL25,EFO_0003870,INDICATION,
CHEMBL25,EFO_0003875,INDICATION,
CHEMBL25,EFO_0003884,INDICATION,
CHEMBL25,EFO_0003893,INDICATION,
CHEMBL25,EFO_0003913,INDICATION,
CHEMBL25,EFO_0003914,INDICATION,
CHEMBL25,EFO_0003931,INDICATION,
CHEMBL25,EFO_0003964,INDICATION,
CHEMBL25,EFO_0004211,INDICATION,
CHEMBL25,EFO_0004246,INDICATION,
CHEMBL25,EFO_0004252,INDICATION,
CHEMBL25,EFO_0004259,INDICATION,
CHEMBL25,EFO_0004264,INDICATION,
CHEMBL25,EFO_0004265,INDICATION,
CHEMBL25,EFO_0004277,INDICATION,
CHEMBL25,EFO_0004286,INDICATION,
CHEMBL25,EFO_0004607,INDICATION,
CHEMBL25,EFO_0004610,INDICATION,
CHEMBL25,EFO_0004698,INDICATION,
CHEMBL25,EFO_0005406,INDICATION,
CHEMBL25,EFO_0005407,INDICATION,
CHEMBL25,EFO_0005411,INDICATION,
CHEMBL25,EFO_0005672,INDICATION,
CHEMBL25,EFO_0005856,INDICATION,
CHEMBL25,EFO_0006859,INDICATION,
CHEMBL25,EFO_0007129,INDICATION,
CHEMBL25,EFO_0007214,INDICATION,
CHEMBL25,EFO_0007328,INDICATION,
CHEMBL25,EFO_0007443,INDICATION,
CHEMBL25,EFO_0007541,INDICATION,
CHEMBL25,EFO_0008573,INDICATION,
CHEMBL25,EFO_0008583,INDICATION,
CHEMBL25,EFO_0008585,INDICATION,
CHEMBL25,EFO_0008586,INDICATION,
CHEMBL25,EFO_0009314,INDICATION,
CHEMBL25,EFO_0009315,INDICATION,
CHEMBL25,EFO_0009364,INDICATION,
CHEMBL25,EFO_0009454,INDICATION,
CHEMBL25,EFO_0009550,INDICATION,
CHEMBL25,EFO_0009606,INDICATION,
CHEMBL25,EFO_0009686,INDICATION,
CHEMBL25,EFO_0009846,INDICATION,
CHEMBL25,EFO_0009854,INDICATION,
CHEMBL25,EFO_0010072,INDICATION,
CHEMBL25,EFO_0010282,INDICATION,
CHEMBL25,EFO_1000637,INDICATION,
CHEMBL25,EFO_1000657,INDICATION,
CHEMBL25,EFO_1000860,INDICATION,
CHEMBL25,EFO_1000954,INDICATION,
CHEMBL25,EFO_1001154,INDICATION,
CHEMBL25,EFO_1001157,INDICATION,
CHEMBL25,EFO_1001161,INDICATION,
CHEMBL25,EFO_1001375,INDICATION,
CHEMBL25,EFO_1001923,INDICATION,
CHEMBL25,EFO_1001951,INDICATION,
CHEMBL25,EFO_1002022,INDICATION,
CHEMBL25,MONDO_0000831,INDICATION,
CHEMBL25,MONDO_0001056,INDICATION,
CHEMBL25,MONDO_0002009,INDICATION,
CHEMBL25,MONDO_0002258,INDICATION,
CHEMBL25,MONDO_0002679,INDICATION,
CHEMBL25,MONDO_0002974,INDICATION,
CHEMBL25,MONDO_0004247,INDICATION,
CHEMBL25,MONDO_0004979,INDICATION,
CHEMBL25,MONDO_0004985,INDICATION,
CHEMBL25,MONDO_0004992,INDICATION,
CHEMBL25,MONDO_0005090,INDICATION,
CHEMBL25,MONDO_0005129,INDICATION,
CHEMBL25,MONDO_0005148,INDICATION,
CHEMBL25,MONDO_0005178,INDICATION,
CHEMBL25,MONDO_0005277,INDICATION,
CHEMBL25,MONDO_0005301,INDICATION,
CHEMBL25,MONDO_0005835,INDICATION,
CHEMBL25,MONDO_0007254,INDICATION,
CHEMBL25,MONDO_0007576,INDICATION,
CHEMBL25,MONDO_0007915,INDICATION,
CHEMBL25,MONDO_0008170,INDICATION,
CHEMBL25,MONDO_0008315,INDICATION,
CHEMBL25,MONDO_0010888,INDICATION,
CHEMBL25,MONDO_0011382,INDICATION,
CHEMBL25,MONDO_0011962,INDICATION,
CHEMBL25,MONDO_0018076,INDICATION,
CHEMBL25,MONDO_0018896,INDICATION,
CHEMBL25,MONDO_0021063,INDICATION,
CHEMBL25,MONDO_0021108,INDICATION,
CHEMBL25,MONDO_0041052,INDICATION,
CHEMBL25,MONDO_0043839,INDICATION,
CHEMBL25,MONDO_0100096,INDICATION,
CHEMBL25,MP_0001845,INDICATION,
CHEMBL25,MP_0001914,INDICATION,
CHEMBL25,Orphanet_309005,INDICATION,
CHEMBL25,Orphanet_733,INDICATION,
CHEMBL250270,EFO_0000319,INDICATION,
CHEMBL250270,EFO_0000537,INDICATION,
CHEMBL250270,MONDO_0001134,INDICATION,
CHEMBL250450,EFO_0000681,INDICATION,
CHEMBL250450,EFO_0003884,INDICATION,
CHEMBL250450,MONDO_0011382,INDICATION,
CHEMBL250450,MONDO_0100096,INDICATION,
CHEMBL250892,EFO_0000174,INDICATION,
CHEMBL250892,EFO_0001378,INDICATION,
CHEMBL25105,EFO_0007126,INDICATION,
CHEMBL25105,EFO_1001888,INDICATION,
CHEMBL251634,EFO_0009552,INDICATION,
CHEMBL251940,EFO_0005407,INDICATION,
CHEMBL25202,EFO_0000198,INDICATION,
CHEMBL25202,EFO_0000222,INDICATION,
CHEMBL25202,EFO_0000224,INDICATION,
CHEMBL25202,EFO_0000384,INDICATION,
CHEMBL25202,EFO_0002618,INDICATION,
CHEMBL25202,EFO_0005761,INDICATION,
CHEMBL25202,EFO_0007527,INDICATION,
CHEMBL25202,MONDO_0004975,INDICATION,
CHEMBL252164,EFO_0000365,INDICATION,
CHEMBL252164,EFO_0000571,INDICATION,
CHEMBL252164,EFO_0000574,INDICATION,
CHEMBL252164,EFO_0000616,INDICATION,
CHEMBL252164,EFO_0000708,INDICATION,
CHEMBL252164,EFO_0001378,INDICATION,
CHEMBL252164,EFO_0003060,INDICATION,
CHEMBL252164,EFO_0004251,INDICATION,
CHEMBL252164,EFO_1000657,INDICATION,
CHEMBL252164,MONDO_0001056,INDICATION,
CHEMBL252164,MONDO_0007254,INDICATION,
CHEMBL252164,MONDO_0011719,INDICATION,
CHEMBL252164,MONDO_0021063,INDICATION,
CHEMBL252518,EFO_0001068,INDICATION,
CHEMBL252518,EFO_0003060,INDICATION,
CHEMBL252518,EFO_0007444,INDICATION,
CHEMBL252518,EFO_0007445,INDICATION,
CHEMBL252518,MONDO_0007915,INDICATION,
CHEMBL252556,EFO_0003095,INDICATION,
CHEMBL252556,EFO_0003888,INDICATION,
CHEMBL252556,EFO_0008520,INDICATION,
CHEMBL252556,MONDO_0007739,INDICATION,
CHEMBL252556,MONDO_0010679,INDICATION,
CHEMBL252556,MONDO_0010788,INDICATION,
CHEMBL252556,MONDO_0100339,INDICATION,
CHEMBL252556,Orphanet_550,INDICATION,
CHEMBL252557,EFO_0003894,INDICATION,
CHEMBL252557,EFO_0003963,INDICATION,
CHEMBL252557,EFO_1001347,INDICATION,
CHEMBL25263,EFO_0000764,INDICATION,
CHEMBL25263,EFO_1001875,INDICATION,
CHEMBL25263,MONDO_0017816,INDICATION,
CHEMBL25336,EFO_0000222,INDICATION,
CHEMBL253363,MONDO_0002009,INDICATION,
CHEMBL253371,EFO_0000666,INDICATION,
CHEMBL253371,EFO_0010282,INDICATION,
CHEMBL253376,EFO_0001068,INDICATION,
CHEMBL253376,MONDO_0100096,INDICATION,
CHEMBL253582,EFO_0000373,INDICATION,
CHEMBL253582,EFO_0003843,INDICATION,
CHEMBL253582,EFO_0003888,INDICATION,
CHEMBL253582,EFO_0003917,INDICATION,
CHEMBL253582,EFO_1000637,INDICATION,
CHEMBL253582,EFO_1000645,INDICATION,
CHEMBL253582,EFO_1001158,INDICATION,
CHEMBL253592,EFO_0010282,INDICATION,
CHEMBL253896,EFO_0000384,INDICATION,
CHEMBL253969,EFO_0001365,INDICATION,
CHEMBL253969,EFO_0003770,INDICATION,
CHEMBL253969,MONDO_0002087,INDICATION,
CHEMBL253969,MONDO_0002158,INDICATION,
CHEMBL253969,MONDO_0008170,INDICATION,
CHEMBL253969,MONDO_0021117,INDICATION,
CHEMBL253978,EFO_0001073,INDICATION,
CHEMBL254193,EFO_0000537,INDICATION,
CHEMBL254219,EFO_0000319,INDICATION,
CHEMBL254219,MONDO_0009061,INDICATION,
CHEMBL254316,EFO_0000180,INDICATION,
CHEMBL254316,EFO_0000209,INDICATION,
CHEMBL254316,EFO_0000544,INDICATION,
CHEMBL254316,EFO_0000763,INDICATION,
CHEMBL254316,EFO_0000764,INDICATION,
CHEMBL254316,EFO_0000765,INDICATION,
CHEMBL254316,EFO_0003047,INDICATION,
CHEMBL254316,EFO_0003929,INDICATION,
CHEMBL254316,EFO_0004145,CONTRAINDICATION,
CHEMBL254316,EFO_0006859,INDICATION,
CHEMBL254316,EFO_0007316,INDICATION,
CHEMBL254316,EFO_0007527,INDICATION,
CHEMBL254316,EFO_1001486,INDICATION,
CHEMBL254316,MONDO_0021094,INDICATION,
CHEMBL254328,EFO_0000196,INDICATION,
CHEMBL254328,EFO_0000616,INDICATION,
CHEMBL254328,EFO_0000673,INDICATION,
CHEMBL254328,EFO_0001663,INDICATION,
CHEMBL254328,MONDO_0004992,INDICATION,
CHEMBL254328,MONDO_0008315,INDICATION,
CHEMBL254468,EFO_0000519,INDICATION,
CHEMBL254468,EFO_0000673,INDICATION,
CHEMBL254468,EFO_0005543,INDICATION,
CHEMBL254468,EFO_0006887,INDICATION,
CHEMBL254468,MONDO_0008315,INDICATION,
CHEMBL254832,EFO_0000319,INDICATION,
CHEMBL254832,EFO_1001375,INDICATION,
CHEMBL254857,EFO_0003888,INDICATION,
CHEMBL255044,EFO_0003843,INDICATION,
CHEMBL255044,EFO_0003929,INDICATION,
CHEMBL255863,EFO_0000220,INDICATION,
CHEMBL255863,EFO_0000222,INDICATION,
CHEMBL255863,EFO_0000278,CONTRAINDICATION,
CHEMBL255863,EFO_0000339,INDICATION,
CHEMBL255863,EFO_0000389,INDICATION,
CHEMBL255863,EFO_0000400,CONTRAINDICATION,
CHEMBL255863,EFO_0000537,CONTRAINDICATION,
CHEMBL255863,EFO_0000565,INDICATION,
CHEMBL255863,EFO_0000616,INDICATION,
CHEMBL255863,EFO_0000717,INDICATION,
CHEMBL255863,EFO_0000756,INDICATION,
CHEMBL255863,EFO_0001075,INDICATION,
CHEMBL255863,EFO_0001361,INDICATION,
CHEMBL255863,EFO_0002617,INDICATION,
CHEMBL255863,EFO_0005307,CONTRAINDICATION,
CHEMBL255863,EFO_0005543,INDICATION,
CHEMBL255863,EFO_1000251,INDICATION,
CHEMBL255863,EFO_1001106,INDICATION,
CHEMBL255863,EFO_1001512,INDICATION,
CHEMBL255863,EFO_1001968,INDICATION,
CHEMBL255863,MONDO_0000313,CONTRAINDICATION,
CHEMBL255863,MONDO_0000437,INDICATION,
CHEMBL255863,MONDO_0002171,INDICATION,
CHEMBL255863,MONDO_0002280,CONTRAINDICATION,
CHEMBL255863,MONDO_0004643,INDICATION,
CHEMBL255863,MONDO_0004975,INDICATION,
CHEMBL255863,MONDO_0004992,INDICATION,
CHEMBL255863,MONDO_0005180,INDICATION,
CHEMBL255863,MONDO_0007254,INDICATION,
CHEMBL255863,MONDO_0007739,INDICATION,
CHEMBL255863,MONDO_0008978,INDICATION,
CHEMBL255863,MONDO_0011719,INDICATION,
CHEMBL255863,MONDO_0013730,INDICATION,
CHEMBL255863,MONDO_0018100,CONTRAINDICATION,
CHEMBL255863,MONDO_0019171,CONTRAINDICATION,
CHEMBL255863,MONDO_0020547,INDICATION,
CHEMBL255863,MONDO_0021063,INDICATION,
CHEMBL256087,EFO_0000537,INDICATION,
CHEMBL256087,EFO_0000546,INDICATION,
CHEMBL256087,EFO_0003768,INDICATION,
CHEMBL256087,EFO_0003843,INDICATION,
CHEMBL256087,EFO_0003958,INDICATION,
CHEMBL256087,EFO_0005856,INDICATION,
CHEMBL256087,EFO_0007214,INDICATION,
CHEMBL256087,EFO_0009516,INDICATION,
CHEMBL256087,EFO_0009552,INDICATION,
CHEMBL256087,EFO_0009582,INDICATION,
CHEMBL256087,EFO_0009661,INDICATION,
CHEMBL256087,EFO_0009846,INDICATION,
CHEMBL256087,EFO_1000783,INDICATION,
CHEMBL256087,EFO_1000941,INDICATION,
CHEMBL256087,EFO_1001347,INDICATION,
CHEMBL256087,EFO_1001434,INDICATION,
CHEMBL256087,MONDO_0001056,INDICATION,
CHEMBL256087,MONDO_0002258,INDICATION,
CHEMBL256087,MONDO_0002471,INDICATION,
CHEMBL256087,MONDO_0004857,INDICATION,
CHEMBL256087,MONDO_0004979,INDICATION,
CHEMBL256087,MONDO_0005178,INDICATION,
CHEMBL256087,MONDO_0021201,INDICATION,
CHEMBL256147,EFO_0000764,INDICATION,
CHEMBL256147,EFO_0004272,INDICATION,
CHEMBL256147,EFO_0009444,INDICATION,
CHEMBL256147,EFO_0600064,INDICATION,
CHEMBL256147,EFO_1000653,INDICATION,
CHEMBL256147,EFO_1000859,INDICATION,
CHEMBL256147,MONDO_0007254,INDICATION,
CHEMBL256147,MONDO_0011382,INDICATION,
CHEMBL256147,MONDO_0021187,INDICATION,
CHEMBL256563,EFO_0003782,INDICATION,
CHEMBL256705,EFO_0000676,INDICATION,
CHEMBL256997,EFO_0000474,INDICATION,
CHEMBL256997,MONDO_0009061,INDICATION,
CHEMBL256997,MONDO_0010311,INDICATION,
CHEMBL256997,MONDO_0010602,INDICATION,
CHEMBL256997,MONDO_0010604,INDICATION,
CHEMBL256997,MONDO_0010679,INDICATION,
CHEMBL256997,MONDO_0019172,INDICATION,
CHEMBL257619,EFO_0005088,INDICATION,
CHEMBL257662,EFO_0000681,INDICATION,
CHEMBL257662,EFO_0004142,INDICATION,
CHEMBL257662,EFO_0009708,INDICATION,
CHEMBL257704,EFO_0004698,INDICATION,
CHEMBL257704,EFO_0008568,INDICATION,
CHEMBL25856,EFO_0002610,INDICATION,
CHEMBL258734,EFO_0003047,INDICATION,
CHEMBL258734,EFO_0004220,INDICATION,
CHEMBL258940,EFO_0000616,INDICATION,
CHEMBL259084,EFO_0003860,INDICATION,
CHEMBL259084,EFO_0003869,INDICATION,
CHEMBL259084,EFO_0004288,INDICATION,
CHEMBL259084,MONDO_0004992,INDICATION,
CHEMBL259209,EFO_0000319,CONTRAINDICATION,
CHEMBL259209,EFO_0000474,CONTRAINDICATION,
CHEMBL259209,EFO_0000537,CONTRAINDICATION,
CHEMBL259209,EFO_0000555,INDICATION,
CHEMBL259209,EFO_0003100,INDICATION,
CHEMBL259209,EFO_0005687,INDICATION,
CHEMBL259209,EFO_0005762,INDICATION,
CHEMBL259209,EFO_0009314,CONTRAINDICATION,
CHEMBL259209,EFO_0009571,CONTRAINDICATION,
CHEMBL259209,EFO_1000982,CONTRAINDICATION,
CHEMBL259209,EFO_1001842,CONTRAINDICATION,
CHEMBL259209,MONDO_0001744,CONTRAINDICATION,
CHEMBL259209,MONDO_0002009,INDICATION,
CHEMBL259209,MONDO_0002050,INDICATION,
CHEMBL259209,MONDO_0007079,CONTRAINDICATION,
CHEMBL259223,EFO_0000182,INDICATION,
CHEMBL259223,EFO_0003854,INDICATION,
CHEMBL259223,EFO_0003882,INDICATION,
CHEMBL259223,EFO_0004260,INDICATION,
CHEMBL259223,EFO_1000964,INDICATION,
CHEMBL259571,EFO_0000274,INDICATION,
CHEMBL259571,EFO_0000676,INDICATION,
CHEMBL26,EFO_0005230,INDICATION,
CHEMBL26,EFO_0005407,INDICATION,
CHEMBL26,MONDO_0002050,INDICATION,
CHEMBL26,MONDO_0005090,INDICATION,
CHEMBL260046,EFO_0000519,INDICATION,
CHEMBL260046,EFO_0000616,INDICATION,
CHEMBL260046,EFO_0001378,INDICATION,
CHEMBL260046,EFO_0002617,INDICATION,
CHEMBL260046,EFO_0002618,INDICATION,
CHEMBL260046,EFO_1001968,INDICATION,
CHEMBL260046,MONDO_0003060,INDICATION,
CHEMBL260046,MONDO_0007576,INDICATION,
CHEMBL260538,EFO_0000731,INDICATION,
CHEMBL260538,EFO_0009520,INDICATION,
CHEMBL260538,EFO_1001757,INDICATION,
CHEMBL260538,MONDO_0001572,INDICATION,
CHEMBL260538,MONDO_0002050,INDICATION,
CHEMBL260538,MONDO_0004169,INDICATION,
CHEMBL260538,MONDO_0007254,INDICATION,
CHEMBL260538,MONDO_0007309,INDICATION,
CHEMBL260538,MP_0001914,INDICATION,
CHEMBL260829,MONDO_0004975,INDICATION,
CHEMBL261244,EFO_0000319,INDICATION,
CHEMBL261244,EFO_0001645,INDICATION,
CHEMBL261772,EFO_0009688,INDICATION,
CHEMBL261772,EFO_1001904,INDICATION,
CHEMBL262075,EFO_0004698,INDICATION,
CHEMBL262075,MONDO_0002050,INDICATION,
CHEMBL262101,EFO_1000785,INDICATION,
CHEMBL262101,EFO_1001051,INDICATION,
CHEMBL262135,EFO_0000501,INDICATION,
CHEMBL262135,EFO_0000641,INDICATION,
CHEMBL262135,EFO_1001901,INDICATION,
CHEMBL262135,MONDO_0020634,INDICATION,
CHEMBL262135,MONDO_0024503,INDICATION,
CHEMBL26215,EFO_0003108,INDICATION,
CHEMBL262747,MONDO_0002146,INDICATION,
CHEMBL262777,EFO_0000182,INDICATION,
CHEMBL262777,EFO_0000384,INDICATION,
CHEMBL262777,EFO_0000465,INDICATION,
CHEMBL262777,EFO_0000544,INDICATION,
CHEMBL262777,EFO_0000546,INDICATION,
CHEMBL262777,EFO_0000701,INDICATION,
CHEMBL262777,EFO_0000729,INDICATION,
CHEMBL262777,EFO_0000771,INDICATION,
CHEMBL262777,EFO_0000778,OFF_LABEL_USE,
CHEMBL262777,EFO_0001073,INDICATION,
CHEMBL262777,EFO_0002617,INDICATION,
CHEMBL262777,EFO_0003030,INDICATION,
CHEMBL262777,EFO_0003033,INDICATION,
CHEMBL262777,EFO_0003035,INDICATION,
CHEMBL262777,EFO_0003060,INDICATION,
CHEMBL262777,EFO_0003086,CONTRAINDICATION,
CHEMBL262777,EFO_0003102,INDICATION,
CHEMBL262777,EFO_0003106,INDICATION,
CHEMBL262777,EFO_0003756,INDICATION,
CHEMBL262777,EFO_0003884,INDICATION,
CHEMBL262777,EFO_0003931,INDICATION,
CHEMBL262777,EFO_0004268,INDICATION,
CHEMBL262777,EFO_0004599,INDICATION,
CHEMBL262777,EFO_0005323,INDICATION,
CHEMBL262777,EFO_0005681,INDICATION,
CHEMBL262777,EFO_0007486,INDICATION,
CHEMBL262777,EFO_0007496,INDICATION,
CHEMBL262777,EFO_0008588,INDICATION,
CHEMBL262777,EFO_0009130,INDICATION,
CHEMBL262777,EFO_1000829,INDICATION,
CHEMBL262777,EFO_1000830,INDICATION,
CHEMBL262777,EFO_1000874,INDICATION,
CHEMBL262777,EFO_1001121,INDICATION,
CHEMBL262777,EFO_1001272,INDICATION,
CHEMBL262777,EFO_1001459,INDICATION,
CHEMBL262777,EFO_1001462,OFF_LABEL_USE,
CHEMBL262777,EFO_1001481,INDICATION,
CHEMBL262777,EFO_1001849,INDICATION,
CHEMBL262777,EFO_1001865,INDICATION,
CHEMBL262777,EFO_1001888,INDICATION,
CHEMBL262777,EFO_1002048,INDICATION,
CHEMBL262777,MONDO_0000565,INDICATION,
CHEMBL262777,MONDO_0001316,OFF_LABEL_USE,
CHEMBL262777,MONDO_0001701,OFF_LABEL_USE,
CHEMBL262777,MONDO_0004215,OFF_LABEL_USE,
CHEMBL262777,MONDO_0005178,INDICATION,
CHEMBL262777,MONDO_0005301,INDICATION,
CHEMBL262777,MONDO_0009061,INDICATION,
CHEMBL262777,MONDO_0021201,INDICATION,
CHEMBL262777,MONDO_0021679,INDICATION,
CHEMBL262777,MONDO_0021945,CONTRAINDICATION,
CHEMBL262777,MONDO_0024355,INDICATION,
CHEMBL262777,MONDO_0041259,OFF_LABEL_USE,
CHEMBL262777,MONDO_0043544,INDICATION,
CHEMBL262777,MONDO_0044881,INDICATION,
CHEMBL262777,MP_0001845,INDICATION,
CHEMBL263198,MONDO_0004975,INDICATION,
CHEMBL263429,EFO_0000389,INDICATION,
CHEMBL263429,EFO_0000756,INDICATION,
CHEMBL263441,EFO_0000389,INDICATION,
CHEMBL263441,EFO_0000756,INDICATION,
CHEMBL263881,EFO_0003843,INDICATION,
CHEMBL263881,EFO_0005230,INDICATION,
CHEMBL263881,MONDO_0002009,INDICATION,
CHEMBL263881,MONDO_0007079,INDICATION,
CHEMBL26424,MONDO_0007254,INDICATION,
CHEMBL264241,EFO_0000198,INDICATION,
CHEMBL264241,EFO_0000222,INDICATION,
CHEMBL264241,EFO_0007157,INDICATION,
CHEMBL264241,EFO_0007393,INDICATION,
CHEMBL264241,EFO_0008588,INDICATION,
CHEMBL264241,EFO_1001282,INDICATION,
CHEMBL264241,EFO_1001283,INDICATION,
CHEMBL264241,MONDO_0001475,INDICATION,
CHEMBL264241,MONDO_0002026,INDICATION,
CHEMBL264241,MONDO_0002041,INDICATION,
CHEMBL264241,MONDO_0004992,INDICATION,
CHEMBL264241,MONDO_0042233,INDICATION,
CHEMBL264374,EFO_0000198,INDICATION,
CHEMBL264374,EFO_0000319,INDICATION,
CHEMBL264374,EFO_0004268,INDICATION,
CHEMBL264374,EFO_1001486,INDICATION,
CHEMBL264374,MONDO_0004985,INDICATION,
CHEMBL264374,MONDO_0005148,INDICATION,
CHEMBL264374,MONDO_0021187,INDICATION,
CHEMBL264374,MONDO_0024327,CONTRAINDICATION,
CHEMBL264374,MONDO_0044970,INDICATION,
CHEMBL264374,Orphanet_79211,INDICATION,
CHEMBL265502,DOID_10113,INDICATION,
CHEMBL265502,EFO_0000673,INDICATION,
CHEMBL265502,EFO_0000681,INDICATION,
CHEMBL265502,EFO_0001378,INDICATION,
CHEMBL265502,EFO_0003060,INDICATION,
CHEMBL265502,EFO_0003756,INDICATION,
CHEMBL265502,EFO_0005044,INDICATION,
CHEMBL265502,EFO_0005225,INDICATION,
CHEMBL265502,EFO_0007294,INDICATION,
CHEMBL265502,EFO_1000158,INDICATION,
CHEMBL265502,EFO_1000796,INDICATION,
CHEMBL265502,EFO_1001951,INDICATION,
CHEMBL265502,MONDO_0001187,INDICATION,
CHEMBL265502,MONDO_0007254,INDICATION,
CHEMBL265502,MONDO_0008315,INDICATION,
CHEMBL266125,EFO_0000555,INDICATION,
CHEMBL266195,EFO_0000319,INDICATION,
CHEMBL266497,EFO_0003770,INDICATION,
CHEMBL267044,EFO_0005407,INDICATION,
CHEMBL267044,EFO_0008533,INDICATION,
CHEMBL267225,EFO_0003929,INDICATION,
CHEMBL267227,MONDO_0004992,INDICATION,
CHEMBL267345,DOID_7551,INDICATION,
CHEMBL267345,EFO_0000198,INDICATION,
CHEMBL267345,EFO_0000220,INDICATION,
CHEMBL267345,EFO_0000222,INDICATION,
CHEMBL267345,EFO_0000544,INDICATION,
CHEMBL267345,EFO_0000565,INDICATION,
CHEMBL267345,EFO_0000778,INDICATION,
CHEMBL267345,EFO_0001068,OFF_LABEL_USE,
CHEMBL267345,EFO_0001378,INDICATION,
CHEMBL267345,EFO_0002428,INDICATION,
CHEMBL267345,EFO_0003086,CONTRAINDICATION,
CHEMBL267345,EFO_0003103,INDICATION,
CHEMBL267345,EFO_0003106,INDICATION,
CHEMBL267345,EFO_0003818,INDICATION,
CHEMBL267345,EFO_0003932,INDICATION,
CHEMBL267345,EFO_0005044,INDICATION,
CHEMBL267345,EFO_0005045,INDICATION,
CHEMBL267345,EFO_0005046,INDICATION,
CHEMBL267345,EFO_0005224,INDICATION,
CHEMBL267345,EFO_0007128,INDICATION,
CHEMBL267345,EFO_0007140,INDICATION,
CHEMBL267345,EFO_0007157,INDICATION,
CHEMBL267345,EFO_0007174,INDICATION,
CHEMBL267345,EFO_0007185,INDICATION,
CHEMBL267345,EFO_0007211,INDICATION,
CHEMBL267345,EFO_0007228,OFF_LABEL_USE,
CHEMBL267345,EFO_0007229,INDICATION,
CHEMBL267345,EFO_0007291,INDICATION,
CHEMBL267345,EFO_0007310,INDICATION,
CHEMBL267345,EFO_0007324,INDICATION,
CHEMBL267345,EFO_0007353,INDICATION,
CHEMBL267345,EFO_0007379,INDICATION,
CHEMBL267345,EFO_0007380,INDICATION,
CHEMBL267345,EFO_0007387,OFF_LABEL_USE,
CHEMBL267345,EFO_0007406,INDICATION,
CHEMBL267345,EFO_0007410,INDICATION,
CHEMBL267345,EFO_0007417,OFF_LABEL_USE,
CHEMBL267345,EFO_0007486,INDICATION,
CHEMBL267345,EFO_0007494,INDICATION,
CHEMBL267345,EFO_0007504,INDICATION,
CHEMBL267345,EFO_0007543,INDICATION,
CHEMBL267345,EFO_0007548,INDICATION,
CHEMBL267345,EFO_0009425,OFF_LABEL_USE,
CHEMBL267345,EFO_0009661,INDICATION,
CHEMBL267345,EFO_1000760,OFF_LABEL_USE,
CHEMBL267345,EFO_1000942,INDICATION,
CHEMBL267345,EFO_1000992,INDICATION,
CHEMBL267345,EFO_1001283,INDICATION,
CHEMBL267345,EFO_1001444,OFF_LABEL_USE,
CHEMBL267345,MONDO_0000879,INDICATION,
CHEMBL267345,MONDO_0001078,OFF_LABEL_USE,
CHEMBL267345,MONDO_0001080,INDICATION,
CHEMBL267345,MONDO_0002026,INDICATION,
CHEMBL267345,MONDO_0002041,INDICATION,
CHEMBL267345,MONDO_0002258,INDICATION,
CHEMBL267345,MONDO_0004789,OFF_LABEL_USE,
CHEMBL267345,MONDO_0004992,INDICATION,
CHEMBL267345,MONDO_0018100,CONTRAINDICATION,
CHEMBL267345,MONDO_0042233,INDICATION,
CHEMBL267345,MONDO_0042433,INDICATION,
CHEMBL267345,MONDO_0042484,INDICATION,
CHEMBL267345,Orphanet_1334,INDICATION,
CHEMBL267345,Orphanet_98974,INDICATION,
CHEMBL267431,EFO_0000731,INDICATION,
CHEMBL267431,EFO_0001065,INDICATION,
CHEMBL267431,MONDO_0001572,INDICATION,
CHEMBL267476,EFO_0000616,INDICATION,
CHEMBL267476,EFO_0001073,INDICATION,
CHEMBL267476,MONDO_0004979,INDICATION,
CHEMBL267476,MONDO_0005148,INDICATION,
CHEMBL267476,MONDO_0007254,INDICATION,
CHEMBL267495,EFO_0001421,INDICATION,
CHEMBL267495,EFO_0003884,INDICATION,
CHEMBL267648,EFO_0000771,INDICATION,
CHEMBL267744,EFO_0000319,INDICATION,
CHEMBL267744,EFO_0000537,INDICATION,
CHEMBL267777,EFO_0002610,INDICATION,
CHEMBL267894,EFO_0000341,CONTRAINDICATION,
CHEMBL267894,EFO_0000474,INDICATION,
CHEMBL267894,EFO_0000537,CONTRAINDICATION,
CHEMBL267894,EFO_0003086,CONTRAINDICATION,
CHEMBL267894,EFO_0003106,CONTRAINDICATION,
CHEMBL267894,EFO_0003777,CONTRAINDICATION,
CHEMBL267894,EFO_0003818,CONTRAINDICATION,
CHEMBL267894,EFO_0003877,CONTRAINDICATION,
CHEMBL267894,EFO_0004698,INDICATION,
CHEMBL267894,EFO_0005251,CONTRAINDICATION,
CHEMBL267894,EFO_0008526,INDICATION,
CHEMBL267894,MONDO_0002050,CONTRAINDICATION,
CHEMBL267894,MONDO_0002280,CONTRAINDICATION,
CHEMBL267894,MONDO_0002491,CONTRAINDICATION,
CHEMBL267894,MONDO_0005178,INDICATION,
CHEMBL267894,MONDO_0007079,CONTRAINDICATION,
CHEMBL267894,MONDO_0037821,CONTRAINDICATION,
CHEMBL267894,MONDO_0100192,CONTRAINDICATION,
CHEMBL267936,EFO_0000537,INDICATION,
CHEMBL267936,EFO_0001365,INDICATION,
CHEMBL267936,EFO_0003758,INDICATION,
CHEMBL267936,EFO_0003768,INDICATION,
CHEMBL267936,EFO_0009606,INDICATION,
CHEMBL267936,MONDO_0002009,INDICATION,
CHEMBL267936,MONDO_0002050,INDICATION,
CHEMBL267936,MONDO_0007079,INDICATION,
CHEMBL268501,EFO_0005755,INDICATION,
CHEMBL268869,EFO_0000771,INDICATION,
CHEMBL269259,EFO_0000095,INDICATION,
CHEMBL269259,EFO_0000196,INDICATION,
CHEMBL269259,EFO_0000198,INDICATION,
CHEMBL269259,EFO_0000220,INDICATION,
CHEMBL269259,EFO_0000222,INDICATION,
CHEMBL269259,EFO_0001378,INDICATION,
CHEMBL269259,MONDO_0004992,INDICATION,
CHEMBL269259,MONDO_0007254,INDICATION,
CHEMBL269259,MONDO_0008315,INDICATION,
CHEMBL269259,MONDO_0044881,INDICATION,
CHEMBL269277,EFO_0000756,INDICATION,
CHEMBL269277,EFO_0004199,INDICATION,
CHEMBL269538,EFO_0000400,INDICATION,
CHEMBL269671,EFO_0007444,INDICATION,
CHEMBL269732,EFO_0000095,INDICATION,
CHEMBL269732,EFO_0000096,INDICATION,
CHEMBL269732,EFO_0000182,INDICATION,
CHEMBL269732,EFO_0000183,INDICATION,
CHEMBL269732,EFO_0000191,INDICATION,
CHEMBL269732,EFO_0000198,INDICATION,
CHEMBL269732,EFO_0000211,INDICATION,
CHEMBL269732,EFO_0000220,INDICATION,
CHEMBL269732,EFO_0000222,INDICATION,
CHEMBL269732,EFO_0000255,INDICATION,
CHEMBL269732,EFO_0000274,INDICATION,
CHEMBL269732,EFO_0000309,INDICATION,
CHEMBL269732,EFO_0000339,INDICATION,
CHEMBL269732,EFO_0000384,INDICATION,
CHEMBL269732,EFO_0000400,CONTRAINDICATION,
CHEMBL269732,EFO_0000403,INDICATION,
CHEMBL269732,EFO_0000474,CONTRAINDICATION,
CHEMBL269732,EFO_0000512,INDICATION,
CHEMBL269732,EFO_0000537,CONTRAINDICATION,
CHEMBL269732,EFO_0000540,INDICATION,
CHEMBL269732,EFO_0000544,INDICATION,
CHEMBL269732,EFO_0000545,INDICATION,
CHEMBL269732,EFO_0000546,INDICATION,
CHEMBL269732,EFO_0000565,INDICATION,
CHEMBL269732,EFO_0000574,CONTRAINDICATION,
CHEMBL269732,EFO_0000616,INDICATION,
CHEMBL269732,EFO_0000621,INDICATION,
CHEMBL269732,EFO_0000676,INDICATION,
CHEMBL269732,EFO_0000685,INDICATION,
CHEMBL269732,EFO_0000691,INDICATION,
CHEMBL269732,EFO_0000699,INDICATION,
CHEMBL269732,EFO_0000701,INDICATION,
CHEMBL269732,EFO_0000717,INDICATION,
CHEMBL269732,EFO_0000729,INDICATION,
CHEMBL269732,EFO_0001361,INDICATION,
CHEMBL269732,EFO_0001365,INDICATION,
CHEMBL269732,EFO_0001378,INDICATION,
CHEMBL269732,EFO_0001421,INDICATION,
CHEMBL269732,EFO_0001423,INDICATION,
CHEMBL269732,EFO_0001642,INDICATION,
CHEMBL269732,EFO_0002428,INDICATION,
CHEMBL269732,EFO_0002429,INDICATION,
CHEMBL269732,EFO_0002430,INDICATION,
CHEMBL269732,EFO_0002687,INDICATION,
CHEMBL269732,EFO_0003032,INDICATION,
CHEMBL269732,EFO_0003047,INDICATION,
CHEMBL269732,EFO_0003086,CONTRAINDICATION,
CHEMBL269732,EFO_0003777,INDICATION,
CHEMBL269732,EFO_0003818,INDICATION,
CHEMBL269732,EFO_0003834,INDICATION,
CHEMBL269732,EFO_0003872,INDICATION,
CHEMBL269732,EFO_0003884,INDICATION,
CHEMBL269732,EFO_0004192,INDICATION,
CHEMBL269732,EFO_0004194,INDICATION,
CHEMBL269732,EFO_0004208,INDICATION,
CHEMBL269732,EFO_0004220,INDICATION,
CHEMBL269732,EFO_0004236,INDICATION,
CHEMBL269732,EFO_0004251,INDICATION,
CHEMBL269732,EFO_0004254,INDICATION,
CHEMBL269732,EFO_0004255,INDICATION,
CHEMBL269732,EFO_0004286,INDICATION,
CHEMBL269732,EFO_0004599,INDICATION,
CHEMBL269732,EFO_0004991,INDICATION,
CHEMBL269732,EFO_0005307,CONTRAINDICATION,
CHEMBL269732,EFO_0005676,INDICATION,
CHEMBL269732,EFO_0005741,CONTRAINDICATION,
CHEMBL269732,EFO_0005761,INDICATION,
CHEMBL269732,EFO_0005803,INDICATION,
CHEMBL269732,EFO_0005952,INDICATION,
CHEMBL269732,EFO_0006344,INDICATION,
CHEMBL269732,EFO_0006475,INDICATION,
CHEMBL269732,EFO_0006510,CONTRAINDICATION,
CHEMBL269732,EFO_0006803,INDICATION,
CHEMBL269732,EFO_0006927,INDICATION,
CHEMBL269732,EFO_0007141,INDICATION,
CHEMBL269732,EFO_0007157,INDICATION,
CHEMBL269732,EFO_0007160,INDICATION,
CHEMBL269732,EFO_0007183,INDICATION,
CHEMBL269732,EFO_0007326,CONTRAINDICATION,
CHEMBL269732,EFO_0007455,CONTRAINDICATION,
CHEMBL269732,EFO_0008517,INDICATION,
CHEMBL269732,EFO_0009267,CONTRAINDICATION,
CHEMBL269732,EFO_0009373,INDICATION,
CHEMBL269732,EFO_0009441,INDICATION,
CHEMBL269732,EFO_0009510,INDICATION,
CHEMBL269732,EFO_1000131,INDICATION,
CHEMBL269732,EFO_1000309,INDICATION,
CHEMBL269732,EFO_1000318,INDICATION,
CHEMBL269732,EFO_1000623,INDICATION,
CHEMBL269732,EFO_1000652,INDICATION,
CHEMBL269732,EFO_1000690,INDICATION,
CHEMBL269732,EFO_1000764,INDICATION,
CHEMBL269732,EFO_1000785,INDICATION,
CHEMBL269732,EFO_1000794,INDICATION,
CHEMBL269732,EFO_1000956,INDICATION,
CHEMBL269732,EFO_1001020,INDICATION,
CHEMBL269732,EFO_1001051,INDICATION,
CHEMBL269732,EFO_1001413,INDICATION,
CHEMBL269732,EFO_1001469,INDICATION,
CHEMBL269732,EFO_1001779,INDICATION,
CHEMBL269732,EFO_1001993,INDICATION,
CHEMBL269732,EFO_1001996,INDICATION,
CHEMBL269732,EFO_1002022,CONTRAINDICATION,
CHEMBL269732,EFO_1002048,INDICATION,
CHEMBL269732,MONDO_0000159,INDICATION,
CHEMBL269732,MONDO_0000870,INDICATION,
CHEMBL269732,MONDO_0000873,INDICATION,
CHEMBL269732,MONDO_0002334,INDICATION,
CHEMBL269732,MONDO_0002367,INDICATION,
CHEMBL269732,MONDO_0002898,INDICATION,
CHEMBL269732,MONDO_0004768,INDICATION,
CHEMBL269732,MONDO_0004907,INDICATION,
CHEMBL269732,MONDO_0004976,INDICATION,
CHEMBL269732,MONDO_0004979,INDICATION,
CHEMBL269732,MONDO_0004992,INDICATION,
CHEMBL269732,MONDO_0005147,INDICATION,
CHEMBL269732,MONDO_0005301,INDICATION,
CHEMBL269732,MONDO_0008315,INDICATION,
CHEMBL269732,MONDO_0009833,INDICATION,
CHEMBL269732,MONDO_0010518,INDICATION,
CHEMBL269732,MONDO_0011382,INDICATION,
CHEMBL269732,MONDO_0013730,INDICATION,
CHEMBL269732,MONDO_0015253,INDICATION,
CHEMBL269732,MONDO_0015760,INDICATION,
CHEMBL269732,MONDO_0015974,INDICATION,
CHEMBL269732,MONDO_0018906,INDICATION,
CHEMBL269732,MONDO_0018923,INDICATION,
CHEMBL269732,MONDO_0019088,CONTRAINDICATION,
CHEMBL269732,MONDO_0019171,CONTRAINDICATION,
CHEMBL269732,MONDO_0019297,INDICATION,
CHEMBL269732,MONDO_0019469,INDICATION,
CHEMBL269732,MONDO_0019471,INDICATION,
CHEMBL269732,MONDO_0019472,INDICATION,
CHEMBL269732,MONDO_0020077,INDICATION,
CHEMBL269732,MONDO_0020547,INDICATION,
CHEMBL269732,MONDO_0021193,INDICATION,
CHEMBL269732,MONDO_0043106,CONTRAINDICATION,
CHEMBL269732,MONDO_0044881,INDICATION,
CHEMBL269732,MONDO_0044903,INDICATION,
CHEMBL269732,MONDO_0100096,INDICATION,
CHEMBL269732,MONDO_0100192,CONTRAINDICATION,
CHEMBL269732,MONDO_0100244,INDICATION,
CHEMBL269732,Orphanet_848,INDICATION,
CHEMBL269864,EFO_0004274,INDICATION,
CHEMBL269864,EFO_0009104,INDICATION,
CHEMBL269864,MONDO_0005178,INDICATION,
CHEMBL27,EFO_0000182,INDICATION,
CHEMBL27,EFO_0000275,INDICATION,
CHEMBL27,EFO_0000319,INDICATION,
CHEMBL27,EFO_0000341,INDICATION,
CHEMBL27,EFO_0000389,INDICATION,
CHEMBL27,EFO_0000400,CONTRAINDICATION,
CHEMBL27,EFO_0000464,CONTRAINDICATION,
CHEMBL27,EFO_0000537,INDICATION,
CHEMBL27,EFO_0000538,INDICATION,
CHEMBL27,EFO_0000546,INDICATION,
CHEMBL27,EFO_0000558,INDICATION,
CHEMBL27,EFO_0000612,INDICATION,
CHEMBL27,EFO_0000666,INDICATION,
CHEMBL27,EFO_0000681,INDICATION,
CHEMBL27,EFO_0000712,INDICATION,
CHEMBL27,EFO_0000756,INDICATION,
CHEMBL27,EFO_0001072,INDICATION,
CHEMBL27,EFO_0001073,INDICATION,
CHEMBL27,EFO_0001358,INDICATION,
CHEMBL27,EFO_0001365,INDICATION,
CHEMBL27,EFO_0001378,INDICATION,
CHEMBL27,EFO_0001422,INDICATION,
CHEMBL27,EFO_0001663,INDICATION,
CHEMBL27,EFO_0002610,INDICATION,
CHEMBL27,EFO_0003086,CONTRAINDICATION,
CHEMBL27,EFO_0003756,INDICATION,
CHEMBL27,EFO_0003843,INDICATION,
CHEMBL27,EFO_0003860,INDICATION,
CHEMBL27,EFO_0003882,INDICATION,
CHEMBL27,EFO_0003913,INDICATION,
CHEMBL27,EFO_0003918,INDICATION,
CHEMBL27,EFO_0003968,INDICATION,
CHEMBL27,EFO_0004142,INDICATION,
CHEMBL27,EFO_0004145,CONTRAINDICATION,
CHEMBL27,EFO_0004262,INDICATION,
CHEMBL27,EFO_0004269,INDICATION,
CHEMBL27,EFO_0004274,CONTRAINDICATION,
CHEMBL27,EFO_0004278,INDICATION,
CHEMBL27,EFO_0004280,INDICATION,
CHEMBL27,EFO_0004287,INDICATION,
CHEMBL27,EFO_0004319,INDICATION,
CHEMBL27,EFO_0004329,INDICATION,
CHEMBL27,EFO_0004991,CONTRAINDICATION,
CHEMBL27,EFO_0005223,INDICATION,
CHEMBL27,EFO_0005230,INDICATION,
CHEMBL27,EFO_0005251,INDICATION,
CHEMBL27,EFO_0005252,INDICATION,
CHEMBL27,EFO_0005537,INDICATION,
CHEMBL27,EFO_0005687,INDICATION,
CHEMBL27,EFO_0006505,CONTRAINDICATION,
CHEMBL27,EFO_0008506,CONTRAINDICATION,
CHEMBL27,EFO_0009190,OFF_LABEL_USE,
CHEMBL27,EFO_0009444,INDICATION,
CHEMBL27,EFO_0009516,INDICATION,
CHEMBL27,EFO_0009530,CONTRAINDICATION,
CHEMBL27,EFO_0009545,INDICATION,
CHEMBL27,EFO_1000635,INDICATION,
CHEMBL27,EFO_1000645,INDICATION,
CHEMBL27,EFO_1000652,CONTRAINDICATION,
CHEMBL27,EFO_1000911,INDICATION,
CHEMBL27,EFO_1001158,INDICATION,
CHEMBL27,EFO_1001375,INDICATION,
CHEMBL27,EFO_1001450,CONTRAINDICATION,
CHEMBL27,EFO_1001884,INDICATION,
CHEMBL27,EFO_1001968,INDICATION,
CHEMBL27,MONDO_0000468,CONTRAINDICATION,
CHEMBL27,MONDO_0001056,INDICATION,
CHEMBL27,MONDO_0001187,INDICATION,
CHEMBL27,MONDO_0001566,CONTRAINDICATION,
CHEMBL27,MONDO_0001823,CONTRAINDICATION,
CHEMBL27,MONDO_0002009,INDICATION,
CHEMBL27,MONDO_0002050,CONTRAINDICATION,
CHEMBL27,MONDO_0002363,INDICATION,
CHEMBL27,MONDO_0004910,OFF_LABEL_USE,
CHEMBL27,MONDO_0004938,INDICATION,
CHEMBL27,MONDO_0004979,INDICATION,
CHEMBL27,MONDO_0005147,INDICATION,
CHEMBL27,MONDO_0005148,INDICATION,
CHEMBL27,MONDO_0005277,INDICATION,
CHEMBL27,MONDO_0005475,INDICATION,
CHEMBL27,MONDO_0007254,INDICATION,
CHEMBL27,MONDO_0007915,CONTRAINDICATION,
CHEMBL27,MONDO_0007947,INDICATION,
CHEMBL27,MONDO_0008315,INDICATION,
CHEMBL27,MONDO_0011382,INDICATION,
CHEMBL27,MONDO_0018089,INDICATION,
CHEMBL27,MONDO_0018100,CONTRAINDICATION,
CHEMBL27,MONDO_0019180,INDICATION,
CHEMBL27,MONDO_0019297,INDICATION,
CHEMBL27,MONDO_0021661,INDICATION,
CHEMBL27,MONDO_0031037,INDICATION,
CHEMBL27,MONDO_0043510,INDICATION,
CHEMBL27,MONDO_0100431,INDICATION,
CHEMBL270190,EFO_0000612,CONTRAINDICATION,
CHEMBL270190,MONDO_0001187,INDICATION,
CHEMBL270190,MONDO_0002087,INDICATION,
CHEMBL270190,MONDO_0002158,INDICATION,
CHEMBL270190,MONDO_0004567,INDICATION,
CHEMBL270190,MONDO_0008170,INDICATION,
CHEMBL270190,MONDO_0024327,CONTRAINDICATION,
CHEMBL270190,MONDO_0100192,CONTRAINDICATION,
CHEMBL270271,EFO_0000673,INDICATION,
CHEMBL270271,MONDO_0004992,INDICATION,
CHEMBL270362,EFO_0000764,INDICATION,
CHEMBL270515,EFO_0001378,INDICATION,
CHEMBL270515,EFO_0005952,INDICATION,
CHEMBL270995,EFO_0000182,INDICATION,
CHEMBL270995,EFO_0000616,INDICATION,
CHEMBL270995,EFO_0000681,INDICATION,
CHEMBL270995,EFO_1001951,INDICATION,
CHEMBL270995,MONDO_0004992,INDICATION,
CHEMBL271068,EFO_0000565,INDICATION,
CHEMBL271068,EFO_0000574,INDICATION,
CHEMBL271068,EFO_0000616,INDICATION,
CHEMBL271227,EFO_0000196,INDICATION,
CHEMBL271227,EFO_0000673,INDICATION,
CHEMBL271227,EFO_0001421,INDICATION,
CHEMBL271227,EFO_0001663,INDICATION,
CHEMBL271227,EFO_0003060,INDICATION,
CHEMBL271227,EFO_0003826,INDICATION,
CHEMBL271227,MONDO_0004992,INDICATION,
CHEMBL271227,MONDO_0007254,INDICATION,
CHEMBL271227,MONDO_0008315,INDICATION,
CHEMBL271227,MONDO_0008728,INDICATION,
CHEMBL271227,MONDO_0018479,INDICATION,
CHEMBL271475,EFO_0004197,INDICATION,
CHEMBL271475,EFO_1002022,INDICATION,
CHEMBL272080,EFO_0000771,INDICATION,
CHEMBL272427,EFO_0005772,INDICATION,
CHEMBL272427,MONDO_0004976,INDICATION,
CHEMBL272485,EFO_0001067,INDICATION,
CHEMBL272980,EFO_0000095,INDICATION,
CHEMBL272980,EFO_0000183,INDICATION,
CHEMBL272980,EFO_0000198,INDICATION,
CHEMBL272980,EFO_0000199,INDICATION,
CHEMBL272980,EFO_0000222,INDICATION,
CHEMBL272980,EFO_0000564,INDICATION,
CHEMBL272980,EFO_0000565,INDICATION,
CHEMBL272980,EFO_0000574,INDICATION,
CHEMBL272980,EFO_0000616,INDICATION,
CHEMBL272980,EFO_0000756,INDICATION,
CHEMBL272980,EFO_0002918,INDICATION,
CHEMBL272980,EFO_0003060,INDICATION,
CHEMBL272980,EFO_0008528,INDICATION,
CHEMBL272980,MONDO_0004992,INDICATION,
CHEMBL272980,MONDO_0008903,INDICATION,
CHEMBL272980,MONDO_0018906,INDICATION,
CHEMBL273124,EFO_0000574,INDICATION,
CHEMBL273124,EFO_0000616,INDICATION,
CHEMBL273264,MONDO_0009061,INDICATION,
CHEMBL273264,MONDO_0100096,INDICATION,
CHEMBL273348,EFO_0000771,INDICATION,
CHEMBL273348,EFO_1001888,INDICATION,
CHEMBL273481,EFO_0000474,INDICATION,
CHEMBL273481,MONDO_0005180,INDICATION,
CHEMBL273575,MONDO_0002009,INDICATION,
CHEMBL273862,EFO_0000182,INDICATION,
CHEMBL274047,MONDO_0002443,INDICATION,
CHEMBL274070,EFO_0000220,INDICATION,
CHEMBL274070,EFO_0000222,INDICATION,
CHEMBL274070,EFO_0000574,INDICATION,
CHEMBL274070,EFO_0003893,INDICATION,
CHEMBL274070,MONDO_0001056,INDICATION,
CHEMBL274070,MONDO_0002087,INDICATION,
CHEMBL274070,MONDO_0002367,INDICATION,
CHEMBL274070,MONDO_0004992,INDICATION,
CHEMBL274070,MONDO_0007576,INDICATION,
CHEMBL274070,MONDO_0008170,INDICATION,
CHEMBL274070,MONDO_0008903,INDICATION,
CHEMBL274323,EFO_0003086,CONTRAINDICATION,
CHEMBL274323,EFO_1000948,CONTRAINDICATION,
CHEMBL274323,MONDO_0000468,CONTRAINDICATION,
CHEMBL274323,MONDO_0008224,CONTRAINDICATION,
CHEMBL274323,MONDO_0044751,CONTRAINDICATION,
CHEMBL274654,EFO_0000182,INDICATION,
CHEMBL274654,EFO_0000616,INDICATION,
CHEMBL274654,EFO_0001378,INDICATION,
CHEMBL274654,EFO_0002618,INDICATION,
CHEMBL274654,EFO_1001951,INDICATION,
CHEMBL274654,MONDO_0001056,INDICATION,
CHEMBL274654,MONDO_0002367,INDICATION,
CHEMBL274654,MONDO_0007254,INDICATION,
CHEMBL274654,MONDO_0008315,INDICATION,
CHEMBL274654,MONDO_0008903,INDICATION,
CHEMBL275638,EFO_0003869,INDICATION,
CHEMBL275661,MONDO_0002474,INDICATION,
CHEMBL27577,EFO_0000217,CONTRAINDICATION,
CHEMBL27577,EFO_0000319,CONTRAINDICATION,
CHEMBL27577,EFO_0000341,CONTRAINDICATION,
CHEMBL27577,EFO_0000400,CONTRAINDICATION,
CHEMBL27577,EFO_0000474,CONTRAINDICATION,
CHEMBL27577,EFO_0000537,CONTRAINDICATION,
CHEMBL27577,EFO_0003086,CONTRAINDICATION,
CHEMBL27577,EFO_0003767,CONTRAINDICATION,
CHEMBL27577,EFO_0003832,CONTRAINDICATION,
CHEMBL27577,EFO_0003843,INDICATION,
CHEMBL27577,EFO_0003890,CONTRAINDICATION,
CHEMBL27577,EFO_0003928,CONTRAINDICATION,
CHEMBL27577,EFO_0003948,CONTRAINDICATION,
CHEMBL27577,EFO_0004242,CONTRAINDICATION,
CHEMBL27577,EFO_0004262,CONTRAINDICATION,
CHEMBL27577,EFO_0004274,CONTRAINDICATION,
CHEMBL27577,EFO_0004698,CONTRAINDICATION,
CHEMBL27577,EFO_0004705,CONTRAINDICATION,
CHEMBL27577,EFO_0005251,CONTRAINDICATION,
CHEMBL27577,EFO_0007467,CONTRAINDICATION,
CHEMBL27577,EFO_0009189,CONTRAINDICATION,
CHEMBL27577,EFO_0009190,CONTRAINDICATION,
CHEMBL27577,EFO_0009314,CONTRAINDICATION,
CHEMBL27577,EFO_0009550,INDICATION,
CHEMBL27577,EFO_0009552,CONTRAINDICATION,
CHEMBL27577,EFO_1000391,CONTRAINDICATION,
CHEMBL27577,EFO_1000826,CONTRAINDICATION,
CHEMBL27577,EFO_1001069,CONTRAINDICATION,
CHEMBL27577,EFO_1001132,CONTRAINDICATION,
CHEMBL27577,EFO_1001375,CONTRAINDICATION,
CHEMBL27577,EFO_1001872,CONTRAINDICATION,
CHEMBL27577,MONDO_0000313,CONTRAINDICATION,
CHEMBL27577,MONDO_0001343,CONTRAINDICATION,
CHEMBL27577,MONDO_0001744,CONTRAINDICATION,
CHEMBL27577,MONDO_0002203,CONTRAINDICATION,
CHEMBL27577,MONDO_0002280,CONTRAINDICATION,
CHEMBL27577,MONDO_0002491,CONTRAINDICATION,
CHEMBL27577,MONDO_0004247,CONTRAINDICATION,
CHEMBL27577,MONDO_0007079,CONTRAINDICATION,
CHEMBL27577,MONDO_0010788,CONTRAINDICATION,
CHEMBL27577,MONDO_0015129,CONTRAINDICATION,
CHEMBL27577,MONDO_0018660,CONTRAINDICATION,
CHEMBL27577,MONDO_0018896,CONTRAINDICATION,
CHEMBL27577,MONDO_0024574,CONTRAINDICATION,
CHEMBL27577,MONDO_0044751,CONTRAINDICATION,
CHEMBL27577,MONDO_0100192,CONTRAINDICATION,
CHEMBL27577,Orphanet_903,CONTRAINDICATION,
CHEMBL276443,EFO_0001073,INDICATION,
CHEMBL276568,EFO_0000544,INDICATION,
CHEMBL276568,EFO_0000771,INDICATION,
CHEMBL276568,EFO_0003102,INDICATION,
CHEMBL276568,EFO_0004992,INDICATION,
CHEMBL276568,EFO_0006505,INDICATION,
CHEMBL276568,EFO_0007486,INDICATION,
CHEMBL276568,MONDO_0002258,INDICATION,
CHEMBL276711,EFO_0000365,INDICATION,
CHEMBL276711,EFO_0000389,INDICATION,
CHEMBL276711,EFO_0000588,INDICATION,
CHEMBL276711,EFO_0000616,INDICATION,
CHEMBL276711,EFO_0000681,INDICATION,
CHEMBL276711,EFO_0000691,INDICATION,
CHEMBL276711,EFO_0000756,INDICATION,
CHEMBL276711,EFO_0001378,INDICATION,
CHEMBL276711,EFO_0006859,INDICATION,
CHEMBL276711,EFO_1000158,INDICATION,
CHEMBL276711,EFO_1000657,INDICATION,
CHEMBL276711,EFO_1001951,INDICATION,
CHEMBL276711,MONDO_0002367,INDICATION,
CHEMBL276711,MONDO_0002974,INDICATION,
CHEMBL276711,MONDO_0007254,INDICATION,
CHEMBL276711,MONDO_0008315,INDICATION,
CHEMBL276711,MONDO_0021063,INDICATION,
CHEMBL276832,EFO_0000373,INDICATION,
CHEMBL276832,EFO_0000400,CONTRAINDICATION,
CHEMBL276832,EFO_0000474,CONTRAINDICATION,
CHEMBL276832,EFO_0000537,INDICATION,
CHEMBL276832,EFO_0000538,CONTRAINDICATION,
CHEMBL276832,EFO_0000612,CONTRAINDICATION,
CHEMBL276832,EFO_0000616,INDICATION,
CHEMBL276832,EFO_0000668,INDICATION,
CHEMBL276832,EFO_0000712,CONTRAINDICATION,
CHEMBL276832,EFO_0000729,CONTRAINDICATION,
CHEMBL276832,EFO_0001365,INDICATION,
CHEMBL276832,EFO_0001645,CONTRAINDICATION,
CHEMBL276832,EFO_0003086,CONTRAINDICATION,
CHEMBL276832,EFO_0003777,INDICATION,
CHEMBL276832,EFO_0003914,INDICATION,
CHEMBL276832,EFO_0004274,CONTRAINDICATION,
CHEMBL276832,EFO_0004799,CONTRAINDICATION,
CHEMBL276832,EFO_0005251,CONTRAINDICATION,
CHEMBL276832,EFO_0005669,CONTRAINDICATION,
CHEMBL276832,EFO_0008506,CONTRAINDICATION,
CHEMBL276832,EFO_0008620,INDICATION,
CHEMBL276832,EFO_0009189,CONTRAINDICATION,
CHEMBL276832,EFO_0009530,CONTRAINDICATION,
CHEMBL276832,EFO_1000652,CONTRAINDICATION,
CHEMBL276832,EFO_1000657,INDICATION,
CHEMBL276832,EFO_1001132,CONTRAINDICATION,
CHEMBL276832,MONDO_0001566,CONTRAINDICATION,
CHEMBL276832,MONDO_0002050,CONTRAINDICATION,
CHEMBL276832,MONDO_0002280,CONTRAINDICATION,
CHEMBL276832,MONDO_0002974,INDICATION,
CHEMBL276832,MONDO_0004247,CONTRAINDICATION,
CHEMBL276832,MONDO_0004975,INDICATION,
CHEMBL276832,MONDO_0005148,INDICATION,
CHEMBL276832,MONDO_0007254,INDICATION,
CHEMBL276832,MONDO_0007915,CONTRAINDICATION,
CHEMBL276832,MONDO_0008170,INDICATION,
CHEMBL276832,MONDO_0008903,INDICATION,
CHEMBL276832,MONDO_0018100,CONTRAINDICATION,
CHEMBL277062,EFO_0005230,INDICATION,
CHEMBL277062,MONDO_0002050,INDICATION,
CHEMBL277062,MONDO_0005090,INDICATION,
CHEMBL277100,EFO_0000771,INDICATION,
CHEMBL277474,EFO_0000400,CONTRAINDICATION,
CHEMBL277474,EFO_0000537,CONTRAINDICATION,
CHEMBL277474,EFO_0001645,CONTRAINDICATION,
CHEMBL277474,EFO_0003777,CONTRAINDICATION,
CHEMBL277474,EFO_0003843,INDICATION,
CHEMBL277474,EFO_0003875,CONTRAINDICATION,
CHEMBL277474,EFO_0004992,INDICATION,
CHEMBL277474,EFO_0009086,CONTRAINDICATION,
CHEMBL277474,EFO_0009189,CONTRAINDICATION,
CHEMBL277474,MONDO_0001744,CONTRAINDICATION,
CHEMBL277474,MONDO_0002277,CONTRAINDICATION,
CHEMBL277474,MONDO_0004979,INDICATION,
CHEMBL277474,MONDO_0005041,CONTRAINDICATION,
CHEMBL277474,MONDO_0005277,OFF_LABEL_USE,
CHEMBL277474,MONDO_0007079,CONTRAINDICATION,
CHEMBL277474,MONDO_0037821,CONTRAINDICATION,
CHEMBL277474,MONDO_0100192,CONTRAINDICATION,
CHEMBL277522,EFO_0005755,INDICATION,
CHEMBL277535,EFO_0007512,INDICATION,
CHEMBL27759,EFO_0000183,INDICATION,
CHEMBL27759,EFO_0000198,INDICATION,
CHEMBL27759,EFO_0000222,INDICATION,
CHEMBL27759,EFO_0000305,INDICATION,
CHEMBL27759,EFO_0000326,INDICATION,
CHEMBL27759,EFO_0000349,INDICATION,
CHEMBL27759,EFO_0000574,INDICATION,
CHEMBL27759,EFO_0000616,INDICATION,
CHEMBL27759,EFO_0000673,INDICATION,
CHEMBL27759,EFO_0000681,INDICATION,
CHEMBL27759,EFO_0000756,INDICATION,
CHEMBL27759,EFO_0002618,INDICATION,
CHEMBL27759,EFO_0002916,INDICATION,
CHEMBL27759,EFO_0003060,INDICATION,
CHEMBL27759,EFO_0003086,INDICATION,
CHEMBL27759,EFO_0003869,INDICATION,
CHEMBL27759,EFO_0005537,INDICATION,
CHEMBL27759,EFO_0006861,INDICATION,
CHEMBL27759,EFO_1000657,INDICATION,
CHEMBL27759,EFO_1001901,INDICATION,
CHEMBL27759,EFO_1001931,INDICATION,
CHEMBL27759,EFO_1001951,INDICATION,
CHEMBL27759,MONDO_0001187,INDICATION,
CHEMBL27759,MONDO_0001325,INDICATION,
CHEMBL27759,MONDO_0001402,INDICATION,
CHEMBL27759,MONDO_0001528,INDICATION,
CHEMBL27759,MONDO_0001879,INDICATION,
CHEMBL27759,MONDO_0002087,INDICATION,
CHEMBL27759,MONDO_0002158,INDICATION,
CHEMBL27759,MONDO_0002367,INDICATION,
CHEMBL27759,MONDO_0002974,INDICATION,
CHEMBL27759,MONDO_0004992,INDICATION,
CHEMBL27759,MONDO_0007254,INDICATION,
CHEMBL27759,MONDO_0008170,INDICATION,
CHEMBL27759,MONDO_0021063,INDICATION,
CHEMBL27769,EFO_0000400,CONTRAINDICATION,
CHEMBL27769,EFO_0000612,CONTRAINDICATION,
CHEMBL27769,EFO_0001645,CONTRAINDICATION,
CHEMBL27769,EFO_0003086,CONTRAINDICATION,
CHEMBL27769,EFO_0003144,CONTRAINDICATION,
CHEMBL27769,EFO_0003777,CONTRAINDICATION,
CHEMBL27769,EFO_0004255,CONTRAINDICATION,
CHEMBL27769,EFO_0009086,CONTRAINDICATION,
CHEMBL27769,EFO_0009314,CONTRAINDICATION,
CHEMBL27769,EFO_1001387,CONTRAINDICATION,
CHEMBL27769,EFO_1002048,CONTRAINDICATION,
CHEMBL27769,MONDO_0001566,CONTRAINDICATION,
CHEMBL27769,MONDO_0001751,CONTRAINDICATION,
CHEMBL27769,MONDO_0002146,INDICATION,
CHEMBL27769,MONDO_0002277,CONTRAINDICATION,
CHEMBL27769,MONDO_0011382,OFF_LABEL_USE,
CHEMBL27769,MONDO_0015253,OFF_LABEL_USE,
CHEMBL27769,MONDO_0019499,OFF_LABEL_USE,
CHEMBL27769,MONDO_0021259,CONTRAINDICATION,
CHEMBL27769,Orphanet_124,OFF_LABEL_USE,
CHEMBL277945,EFO_0005407,INDICATION,
CHEMBL278020,EFO_0000474,CONTRAINDICATION,
CHEMBL278020,EFO_0001074,INDICATION,
CHEMBL278020,EFO_0003843,INDICATION,
CHEMBL278020,EFO_0004209,INDICATION,
CHEMBL278020,EFO_0004888,INDICATION,
CHEMBL278020,EFO_0004991,INDICATION,
CHEMBL278020,EFO_0005323,INDICATION,
CHEMBL278020,EFO_0008588,CONTRAINDICATION,
CHEMBL278020,EFO_0009189,CONTRAINDICATION,
CHEMBL278020,EFO_0009516,INDICATION,
CHEMBL278020,EFO_0009571,CONTRAINDICATION,
CHEMBL278020,EFO_1000948,INDICATION,
CHEMBL278020,MONDO_0004247,CONTRAINDICATION,
CHEMBL278020,MONDO_0004979,CONTRAINDICATION,
CHEMBL278020,MONDO_0005041,INDICATION,
CHEMBL278020,MONDO_0007254,INDICATION,
CHEMBL278020,MONDO_0018309,CONTRAINDICATION,
CHEMBL27810,EFO_0000319,INDICATION,
CHEMBL27810,EFO_0000537,INDICATION,
CHEMBL27810,MONDO_0020066,INDICATION,
CHEMBL278172,EFO_0000217,CONTRAINDICATION,
CHEMBL278172,EFO_0000319,CONTRAINDICATION,
CHEMBL278172,EFO_0000400,CONTRAINDICATION,
CHEMBL278172,EFO_0000474,CONTRAINDICATION,
CHEMBL278172,EFO_0000701,CONTRAINDICATION,
CHEMBL278172,EFO_0001073,INDICATION,
CHEMBL278172,EFO_0003086,CONTRAINDICATION,
CHEMBL278172,EFO_0003843,INDICATION,
CHEMBL278172,EFO_0003854,OFF_LABEL_USE,
CHEMBL278172,EFO_0003877,CONTRAINDICATION,
CHEMBL278172,EFO_0003882,OFF_LABEL_USE,
CHEMBL278172,EFO_0003948,CONTRAINDICATION,
CHEMBL278172,EFO_0003958,INDICATION,
CHEMBL278172,EFO_0004992,INDICATION,
CHEMBL278172,EFO_0007149,CONTRAINDICATION,
CHEMBL278172,EFO_0007281,CONTRAINDICATION,
CHEMBL278172,EFO_0007287,CONTRAINDICATION,
CHEMBL278172,EFO_0007512,INDICATION,
CHEMBL278172,EFO_0008506,CONTRAINDICATION,
CHEMBL278172,EFO_0008533,OFF_LABEL_USE,
CHEMBL278172,EFO_0009190,CONTRAINDICATION,
CHEMBL278172,EFO_0009314,CONTRAINDICATION,
CHEMBL278172,EFO_0009516,INDICATION,
CHEMBL278172,EFO_0009552,INDICATION,
CHEMBL278172,EFO_0010072,INDICATION,
CHEMBL278172,EFO_0803321,INDICATION,
CHEMBL278172,EFO_1000391,CONTRAINDICATION,
CHEMBL278172,EFO_1000697,CONTRAINDICATION,
CHEMBL278172,EFO_1002022,CONTRAINDICATION,
CHEMBL278172,MONDO_0001117,CONTRAINDICATION,
CHEMBL278172,MONDO_0001566,CONTRAINDICATION,
CHEMBL278172,MONDO_0002050,CONTRAINDICATION,
CHEMBL278172,MONDO_0002203,CONTRAINDICATION,
CHEMBL278172,MONDO_0002258,INDICATION,
CHEMBL278172,MONDO_0002280,CONTRAINDICATION,
CHEMBL278172,MONDO_0002491,CONTRAINDICATION,
CHEMBL278172,MONDO_0004979,INDICATION,
CHEMBL278172,MONDO_0007079,CONTRAINDICATION,
CHEMBL278172,MONDO_0018660,CONTRAINDICATION,
CHEMBL278172,MONDO_0018896,CONTRAINDICATION,
CHEMBL278172,MONDO_0019338,CONTRAINDICATION,
CHEMBL278172,MONDO_0019956,CONTRAINDICATION,
CHEMBL278172,MONDO_0037821,CONTRAINDICATION,
CHEMBL278172,MONDO_0100192,CONTRAINDICATION,
CHEMBL278172,MP_0001845,INDICATION,
CHEMBL278315,MONDO_0002367,INDICATION,
CHEMBL278315,MONDO_0008667,INDICATION,
CHEMBL278398,EFO_0005531,INDICATION,
CHEMBL278398,EFO_0005854,INDICATION,
CHEMBL278398,EFO_0007141,INDICATION,
CHEMBL278398,EFO_0007533,INDICATION,
CHEMBL278398,MONDO_0005271,INDICATION,
CHEMBL278703,EFO_0000284,INDICATION,
CHEMBL278703,MONDO_0005090,INDICATION,
CHEMBL278819,MONDO_0002009,INDICATION,
CHEMBL279014,EFO_0000519,INDICATION,
CHEMBL279115,EFO_0000198,INDICATION,
CHEMBL279115,EFO_0000222,INDICATION,
CHEMBL279115,EFO_0000565,INDICATION,
CHEMBL279229,EFO_0000537,INDICATION,
CHEMBL279229,EFO_0000668,INDICATION,
CHEMBL279229,EFO_0000712,INDICATION,
CHEMBL279433,EFO_0000574,INDICATION,
CHEMBL279433,EFO_0006859,INDICATION,
CHEMBL279516,EFO_0000537,INDICATION,
CHEMBL279597,EFO_0003086,CONTRAINDICATION,
CHEMBL279597,EFO_0003777,CONTRAINDICATION,
CHEMBL279597,EFO_0004287,CONTRAINDICATION,
CHEMBL279597,MONDO_0001566,CONTRAINDICATION,
CHEMBL279597,MONDO_0019259,CONTRAINDICATION,
CHEMBL279597,MONDO_0019338,CONTRAINDICATION,
CHEMBL279597,MONDO_0024327,CONTRAINDICATION,
CHEMBL279597,Orphanet_79254,CONTRAINDICATION,
CHEMBL279785,MONDO_0007254,INDICATION,
CHEMBL279785,MONDO_0008903,INDICATION,
CHEMBL280527,EFO_0000764,INDICATION,
CHEMBL281398,EFO_0001361,INDICATION,
CHEMBL281594,EFO_0000275,INDICATION,
CHEMBL281594,EFO_0002610,INDICATION,
CHEMBL281594,EFO_0003911,INDICATION,
CHEMBL282042,EFO_0000691,INDICATION,
CHEMBL282042,EFO_0000764,INDICATION,
CHEMBL282121,EFO_0000555,INDICATION,
CHEMBL282121,EFO_0010282,INDICATION,
CHEMBL28218,EFO_0005230,INDICATION,
CHEMBL28218,EFO_0005407,INDICATION,
CHEMBL28218,MONDO_0002050,INDICATION,
CHEMBL28218,MONDO_0005090,INDICATION,
CHEMBL282468,EFO_0000673,INDICATION,
CHEMBL282468,EFO_0001421,INDICATION,
CHEMBL282468,EFO_0002950,INDICATION,
CHEMBL282468,EFO_0005537,INDICATION,
CHEMBL282468,MONDO_0004975,INDICATION,
CHEMBL282468,MONDO_0004979,INDICATION,
CHEMBL282468,MONDO_0008315,INDICATION,
CHEMBL282686,MONDO_0005148,INDICATION,
CHEMBL282724,EFO_0000537,INDICATION,
CHEMBL282724,EFO_0001361,INDICATION,
CHEMBL282724,EFO_0003884,INDICATION,
CHEMBL282724,EFO_1000899,INDICATION,
CHEMBL282724,MONDO_0004979,INDICATION,
CHEMBL282724,MONDO_0005149,INDICATION,
CHEMBL283120,EFO_0000571,INDICATION,
CHEMBL283120,EFO_0000616,INDICATION,
CHEMBL283120,EFO_0000707,INDICATION,
CHEMBL283120,EFO_0001642,INDICATION,
CHEMBL283120,EFO_0002499,INDICATION,
CHEMBL283120,EFO_0002501,INDICATION,
CHEMBL283120,EFO_0003060,INDICATION,
CHEMBL283120,EFO_1001465,INDICATION,
CHEMBL28318,EFO_0003843,INDICATION,
CHEMBL28333,EFO_0005230,INDICATION,
CHEMBL283800,EFO_0000729,INDICATION,
CHEMBL283800,EFO_0002970,INDICATION,
CHEMBL283800,EFO_0004265,INDICATION,
CHEMBL283800,EFO_0004540,INDICATION,
CHEMBL283800,EFO_1000653,INDICATION,
CHEMBL283800,MONDO_0002009,INDICATION,
CHEMBL283800,MONDO_0004976,INDICATION,
CHEMBL283800,MONDO_0004985,INDICATION,
CHEMBL283800,MONDO_0005090,INDICATION,
CHEMBL283800,MONDO_0005180,INDICATION,
CHEMBL283800,MONDO_0005301,INDICATION,
CHEMBL283800,MONDO_0007739,INDICATION,
CHEMBL283800,MONDO_0010679,INDICATION,
CHEMBL284092,EFO_0002610,INDICATION,
CHEMBL284092,MONDO_0002009,INDICATION,
CHEMBL284348,EFO_0000474,CONTRAINDICATION,
CHEMBL284348,EFO_0000712,INDICATION,
CHEMBL284348,EFO_0003782,INDICATION,
CHEMBL284348,EFO_0003918,INDICATION,
CHEMBL284348,EFO_0003929,INDICATION,
CHEMBL284348,EFO_0004335,INDICATION,
CHEMBL284348,EFO_0007292,INDICATION,
CHEMBL284348,EFO_0007405,INDICATION,
CHEMBL284348,EFO_0008522,INDICATION,
CHEMBL284348,EFO_0009490,INDICATION,
CHEMBL284348,EFO_0009602,INDICATION,
CHEMBL284348,EFO_1000632,INDICATION,
CHEMBL284348,EFO_1001919,INDICATION,
CHEMBL284348,MONDO_0001343,CONTRAINDICATION,
CHEMBL284348,MONDO_0005301,INDICATION,
CHEMBL284348,Orphanet_83419,INDICATION,
CHEMBL284483,EFO_0000565,INDICATION,
CHEMBL284616,EFO_0000519,INDICATION,
CHEMBL284616,EFO_0002546,INDICATION,
CHEMBL284616,MONDO_0004992,INDICATION,
CHEMBL284616,MONDO_0008903,INDICATION,
CHEMBL284642,EFO_0000616,INDICATION,
CHEMBL284838,EFO_0003876,INDICATION,
CHEMBL284906,EFO_0000319,INDICATION,
CHEMBL284906,EFO_0000612,INDICATION,
CHEMBL284906,EFO_0001645,INDICATION,
CHEMBL284906,EFO_0003917,INDICATION,
CHEMBL284906,EFO_1001411,INDICATION,
CHEMBL284906,MONDO_0100096,INDICATION,
CHEMBL285123,EFO_0002610,INDICATION,
CHEMBL285123,EFO_0005411,INDICATION,
CHEMBL285123,MONDO_0005090,INDICATION,
CHEMBL285347,EFO_0000771,INDICATION,
CHEMBL28564,EFO_0004280,INDICATION,
CHEMBL28564,MONDO_0005180,INDICATION,
CHEMBL285674,EFO_0003086,CONTRAINDICATION,
CHEMBL285674,EFO_0003877,CONTRAINDICATION,
CHEMBL285674,EFO_0004698,INDICATION,
CHEMBL285674,EFO_0004991,CONTRAINDICATION,
CHEMBL285674,EFO_0005407,CONTRAINDICATION,
CHEMBL285674,EFO_0008568,INDICATION,
CHEMBL285674,MONDO_0002050,CONTRAINDICATION,
CHEMBL285674,MONDO_0002491,CONTRAINDICATION,
CHEMBL285802,EFO_0005407,INDICATION,
CHEMBL286013,MONDO_0011382,INDICATION,
CHEMBL286013,MONDO_0016487,INDICATION,
CHEMBL286013,Orphanet_848,INDICATION,
CHEMBL286398,EFO_0009536,INDICATION,
CHEMBL286398,EFO_1000906,INDICATION,
CHEMBL286398,EFO_1001518,INDICATION,
CHEMBL286494,EFO_0000764,INDICATION,
CHEMBL286494,EFO_0002913,INDICATION,
CHEMBL286494,EFO_1001051,INDICATION,
CHEMBL286494,EFO_1001494,INDICATION,
CHEMBL286494,MONDO_0015760,INDICATION,
CHEMBL286738,EFO_0003869,INDICATION,
CHEMBL286738,MONDO_0007254,INDICATION,
CHEMBL286738,MONDO_0008315,INDICATION,
CHEMBL286738,MONDO_0011962,INDICATION,
CHEMBL287631,EFO_0000474,INDICATION,
CHEMBL288149,EFO_1000049,INDICATION,
CHEMBL288149,MONDO_0018076,INDICATION,
CHEMBL288441,EFO_0000220,INDICATION,
CHEMBL288441,EFO_0000222,INDICATION,
CHEMBL288441,EFO_0000305,INDICATION,
CHEMBL288441,EFO_0000339,INDICATION,
CHEMBL288441,EFO_0000519,INDICATION,
CHEMBL288441,EFO_0000565,INDICATION,
CHEMBL288441,EFO_0000588,INDICATION,
CHEMBL288441,EFO_0000616,INDICATION,
CHEMBL288441,EFO_0002618,INDICATION,
CHEMBL288441,EFO_0003060,INDICATION,
CHEMBL288441,EFO_1000131,INDICATION,
CHEMBL288441,EFO_1000581,INDICATION,
CHEMBL288441,EFO_1001496,INDICATION,
CHEMBL288441,MONDO_0001187,INDICATION,
CHEMBL288441,MONDO_0002087,INDICATION,
CHEMBL288441,MONDO_0002586,INDICATION,
CHEMBL288441,MONDO_0002974,INDICATION,
CHEMBL288441,MONDO_0004643,INDICATION,
CHEMBL288441,MONDO_0004976,INDICATION,
CHEMBL288441,MONDO_0007254,INDICATION,
CHEMBL288441,MONDO_0008170,INDICATION,
CHEMBL288470,EFO_0003843,INDICATION,
CHEMBL289228,EFO_0000095,INDICATION,
CHEMBL289228,EFO_0000181,INDICATION,
CHEMBL289228,EFO_0000198,INDICATION,
CHEMBL289228,EFO_0000218,INDICATION,
CHEMBL289228,EFO_0000222,INDICATION,
CHEMBL289228,EFO_0000223,INDICATION,
CHEMBL289228,EFO_0000305,INDICATION,
CHEMBL289228,EFO_0000339,INDICATION,
CHEMBL289228,EFO_0000479,INDICATION,
CHEMBL289228,EFO_0000519,INDICATION,
CHEMBL289228,EFO_0000565,INDICATION,
CHEMBL289228,EFO_0000616,INDICATION,
CHEMBL289228,EFO_0000632,INDICATION,
CHEMBL289228,EFO_0000756,INDICATION,
CHEMBL289228,EFO_0001378,INDICATION,
CHEMBL289228,EFO_0002428,INDICATION,
CHEMBL289228,EFO_0002429,INDICATION,
CHEMBL289228,EFO_0002430,INDICATION,
CHEMBL289228,EFO_0002618,INDICATION,
CHEMBL289228,EFO_0002939,INDICATION,
CHEMBL289228,EFO_0003027,INDICATION,
CHEMBL289228,EFO_0003028,INDICATION,
CHEMBL289228,EFO_0003060,INDICATION,
CHEMBL289228,EFO_0003869,INDICATION,
CHEMBL289228,EFO_0005235,INDICATION,
CHEMBL289228,EFO_0006861,INDICATION,
CHEMBL289228,EFO_0008528,INDICATION,
CHEMBL289228,EFO_1000158,INDICATION,
CHEMBL289228,EFO_1000309,INDICATION,
CHEMBL289228,EFO_1000984,INDICATION,
CHEMBL289228,EFO_1001465,INDICATION,
CHEMBL289228,EFO_1001469,INDICATION,
CHEMBL289228,EFO_1001779,INDICATION,
CHEMBL289228,EFO_1001933,INDICATION,
CHEMBL289228,EFO_1001951,INDICATION,
CHEMBL289228,MONDO_0001187,INDICATION,
CHEMBL289228,MONDO_0002108,INDICATION,
CHEMBL289228,MONDO_0004992,INDICATION,
CHEMBL289228,MONDO_0007254,INDICATION,
CHEMBL289228,MONDO_0008315,INDICATION,
CHEMBL289228,MONDO_0008903,INDICATION,
CHEMBL289228,MONDO_0019469,INDICATION,
CHEMBL289228,MONDO_0021310,INDICATION,
CHEMBL289228,MONDO_0021633,INDICATION,
CHEMBL289351,EFO_0000616,INDICATION,
CHEMBL289351,EFO_0004683,INDICATION,
CHEMBL289351,EFO_0006859,INDICATION,
CHEMBL289351,MONDO_0004992,INDICATION,
CHEMBL289469,EFO_0000182,INDICATION,
CHEMBL289469,EFO_0000574,INDICATION,
CHEMBL289469,EFO_0000616,INDICATION,
CHEMBL289469,EFO_0001061,INDICATION,
CHEMBL289469,EFO_0004888,INDICATION,
CHEMBL289469,EFO_0006911,INDICATION,
CHEMBL289469,EFO_0007359,INDICATION,
CHEMBL289469,EFO_1000948,INDICATION,
CHEMBL289469,MONDO_0004992,INDICATION,
CHEMBL289469,MONDO_0100342,INDICATION,
CHEMBL289480,EFO_0000537,INDICATION,
CHEMBL29,EFO_0000181,INDICATION,
CHEMBL29,EFO_0000544,INDICATION,
CHEMBL29,EFO_0000616,INDICATION,
CHEMBL29,EFO_0000676,INDICATION,
CHEMBL29,EFO_0000764,INDICATION,
CHEMBL29,EFO_0000771,INDICATION,
CHEMBL29,EFO_0000772,INDICATION,
CHEMBL29,EFO_0000778,INDICATION,
CHEMBL29,EFO_0003033,INDICATION,
CHEMBL29,EFO_0003086,CONTRAINDICATION,
CHEMBL29,EFO_0003102,INDICATION,
CHEMBL29,EFO_0003106,INDICATION,
CHEMBL29,EFO_0005542,INDICATION,
CHEMBL29,EFO_0005549,INDICATION,
CHEMBL29,EFO_0005593,INDICATION,
CHEMBL29,EFO_0005681,INDICATION,
CHEMBL29,EFO_0007128,INDICATION,
CHEMBL29,EFO_0007203,INDICATION,
CHEMBL29,EFO_0007219,INDICATION,
CHEMBL29,EFO_0007326,CONTRAINDICATION,
CHEMBL29,EFO_0007340,INDICATION,
CHEMBL29,EFO_0007424,INDICATION,
CHEMBL29,EFO_0007477,INDICATION,
CHEMBL29,EFO_0007499,INDICATION,
CHEMBL29,EFO_0007504,INDICATION,
CHEMBL29,EFO_0007548,INDICATION,
CHEMBL29,EFO_0008510,OFF_LABEL_USE,
CHEMBL29,EFO_1000830,INDICATION,
CHEMBL29,EFO_1000928,INDICATION,
CHEMBL29,EFO_1001021,INDICATION,
CHEMBL29,EFO_1001040,INDICATION,
CHEMBL29,EFO_1001114,INDICATION,
CHEMBL29,EFO_1001144,INDICATION,
CHEMBL29,EFO_1001161,INDICATION,
CHEMBL29,EFO_1001362,INDICATION,
CHEMBL29,EFO_1001462,INDICATION,
CHEMBL29,EFO_1001476,INDICATION,
CHEMBL29,EFO_1001888,INDICATION,
CHEMBL29,MONDO_0001056,INDICATION,
CHEMBL29,MONDO_0001316,INDICATION,
CHEMBL29,MONDO_0001701,INDICATION,
CHEMBL29,MONDO_0002258,INDICATION,
CHEMBL29,MONDO_0004215,INDICATION,
CHEMBL29,MONDO_0004497,INDICATION,
CHEMBL29,MONDO_0004944,INDICATION,
CHEMBL29,MONDO_0004992,INDICATION,
CHEMBL29,MONDO_0024389,OFF_LABEL_USE,
CHEMBL29,MONDO_0040998,INDICATION,
CHEMBL29,MONDO_0041903,INDICATION,
CHEMBL29,MONDO_0042972,INDICATION,
CHEMBL290106,EFO_0003894,INDICATION,
CHEMBL290106,EFO_1001342,INDICATION,
CHEMBL290194,EFO_0010282,INDICATION,
CHEMBL290352,MONDO_0005180,INDICATION,
CHEMBL290429,EFO_0009430,INDICATION,
CHEMBL290429,EFO_0010702,INDICATION,
CHEMBL290916,EFO_0000712,INDICATION,
CHEMBL290916,EFO_0001421,INDICATION,
CHEMBL290916,EFO_0003086,INDICATION,
CHEMBL290916,EFO_0005669,INDICATION,
CHEMBL290916,MONDO_0004976,INDICATION,
CHEMBL290916,MONDO_0043510,INDICATION,
CHEMBL290960,DOID_10113,INDICATION,
CHEMBL290960,EFO_0000621,INDICATION,
CHEMBL290960,EFO_0005044,INDICATION,
CHEMBL290960,EFO_0005225,INDICATION,
CHEMBL290960,EFO_0008559,INDICATION,
CHEMBL290960,MONDO_0001444,INDICATION,
CHEMBL291157,EFO_0000771,INDICATION,
CHEMBL291278,MONDO_0002009,INDICATION,
CHEMBL291278,MONDO_0043510,INDICATION,
CHEMBL291657,MONDO_0002050,INDICATION,
CHEMBL291657,MONDO_0018479,INDICATION,
CHEMBL291747,MONDO_0019259,CONTRAINDICATION,
CHEMBL291747,Orphanet_79254,CONTRAINDICATION,
CHEMBL291962,EFO_0003086,CONTRAINDICATION,
CHEMBL291962,EFO_0003777,CONTRAINDICATION,
CHEMBL291962,EFO_0004287,CONTRAINDICATION,
CHEMBL291962,EFO_1000653,INDICATION,
CHEMBL291962,MONDO_0001566,CONTRAINDICATION,
CHEMBL291962,MONDO_0002009,INDICATION,
CHEMBL291962,MONDO_0002050,INDICATION,
CHEMBL291962,MONDO_0002474,INDICATION,
CHEMBL291962,MONDO_0004992,INDICATION,
CHEMBL291962,MONDO_0005148,INDICATION,
CHEMBL291962,MONDO_0019259,CONTRAINDICATION,
CHEMBL291962,MONDO_0019338,CONTRAINDICATION,
CHEMBL291962,MONDO_0024327,CONTRAINDICATION,
CHEMBL291962,Orphanet_79254,CONTRAINDICATION,
CHEMBL292439,EFO_0001068,INDICATION,
CHEMBL292687,EFO_0000764,INDICATION,
CHEMBL292707,EFO_0005755,INDICATION,
CHEMBL29292,EFO_0001361,INDICATION,
CHEMBL29292,MONDO_0019297,INDICATION,
CHEMBL294029,MONDO_0002041,INDICATION,
CHEMBL29404,EFO_0000712,INDICATION,
CHEMBL29411,MONDO_0002508,INDICATION,
CHEMBL294199,EFO_0000217,CONTRAINDICATION,
CHEMBL294199,EFO_0000319,CONTRAINDICATION,
CHEMBL294199,EFO_0000400,CONTRAINDICATION,
CHEMBL294199,EFO_0000474,CONTRAINDICATION,
CHEMBL294199,EFO_0000537,CONTRAINDICATION,
CHEMBL294199,EFO_0000612,CONTRAINDICATION,
CHEMBL294199,EFO_0000701,CONTRAINDICATION,
CHEMBL294199,EFO_0000712,CONTRAINDICATION,
CHEMBL294199,EFO_0000764,INDICATION,
CHEMBL294199,EFO_0001361,INDICATION,
CHEMBL294199,EFO_0003086,CONTRAINDICATION,
CHEMBL294199,EFO_0003100,INDICATION,
CHEMBL294199,EFO_0003843,INDICATION,
CHEMBL294199,EFO_0003913,INDICATION,
CHEMBL294199,EFO_0003948,CONTRAINDICATION,
CHEMBL294199,EFO_0004616,INDICATION,
CHEMBL294199,EFO_0005762,INDICATION,
CHEMBL294199,EFO_0005856,INDICATION,
CHEMBL294199,EFO_0006510,INDICATION,
CHEMBL294199,EFO_0006859,INDICATION,
CHEMBL294199,EFO_0006911,INDICATION,
CHEMBL294199,EFO_0009190,CONTRAINDICATION,
CHEMBL294199,EFO_0009314,CONTRAINDICATION,
CHEMBL294199,EFO_0009364,INDICATION,
CHEMBL294199,EFO_0009387,INDICATION,
CHEMBL294199,EFO_0009430,INDICATION,
CHEMBL294199,EFO_0009582,INDICATION,
CHEMBL294199,EFO_0009619,INDICATION,
CHEMBL294199,EFO_0009625,INDICATION,
CHEMBL294199,EFO_0010582,INDICATION,
CHEMBL294199,EFO_1000391,CONTRAINDICATION,
CHEMBL294199,EFO_1000783,INDICATION,
CHEMBL294199,EFO_1000941,INDICATION,
CHEMBL294199,EFO_1001054,INDICATION,
CHEMBL294199,EFO_1001434,INDICATION,
CHEMBL294199,EFO_1001896,INDICATION,
CHEMBL294199,MONDO_0001583,INDICATION,
CHEMBL294199,MONDO_0002280,CONTRAINDICATION,
CHEMBL294199,MONDO_0004976,INDICATION,
CHEMBL294199,MONDO_0005178,INDICATION,
CHEMBL294199,MONDO_0005277,INDICATION,
CHEMBL294199,MONDO_0007254,INDICATION,
CHEMBL294199,MONDO_0018660,CONTRAINDICATION,
CHEMBL294199,MONDO_0018896,CONTRAINDICATION,
CHEMBL294199,MONDO_0041052,INDICATION,
CHEMBL294199,MONDO_0043510,INDICATION,
CHEMBL294199,MONDO_0100192,CONTRAINDICATION,
CHEMBL294951,MONDO_0005277,INDICATION,
CHEMBL295124,EFO_0000400,INDICATION,
CHEMBL295124,EFO_0000571,INDICATION,
CHEMBL295124,EFO_0000729,INDICATION,
CHEMBL295124,EFO_0003095,INDICATION,
CHEMBL295124,EFO_0005406,INDICATION,
CHEMBL295124,EFO_1001121,INDICATION,
CHEMBL295124,MONDO_0005148,INDICATION,
CHEMBL295124,Orphanet_79211,INDICATION,
CHEMBL295316,MONDO_0008315,INDICATION,
CHEMBL295619,EFO_0000771,INDICATION,
CHEMBL295698,EFO_0003099,INDICATION,
CHEMBL295698,EFO_0005539,INDICATION,
CHEMBL295698,EFO_1000797,INDICATION,
CHEMBL295698,EFO_1001110,INDICATION,
CHEMBL295698,MONDO_0005148,INDICATION,
CHEMBL295829,EFO_0005755,INDICATION,
CHEMBL29609,EFO_0000763,INDICATION,
CHEMBL29609,MONDO_0005147,INDICATION,
CHEMBL296306,EFO_0000274,INDICATION,
CHEMBL296306,EFO_0000400,CONTRAINDICATION,
CHEMBL296306,EFO_0001422,INDICATION,
CHEMBL296306,EFO_0003917,INDICATION,
CHEMBL296306,EFO_0007149,CONTRAINDICATION,
CHEMBL296306,MONDO_0002203,INDICATION,
CHEMBL296306,MONDO_0018116,CONTRAINDICATION,
CHEMBL296419,EFO_0005531,OFF_LABEL_USE,
CHEMBL296419,EFO_0005854,INDICATION,
CHEMBL296419,EFO_0007141,INDICATION,
CHEMBL296419,MONDO_0005271,INDICATION,
CHEMBL296419,MONDO_0044212,INDICATION,
CHEMBL296468,EFO_0000095,INDICATION,
CHEMBL296468,EFO_0000616,INDICATION,
CHEMBL296468,EFO_0001378,INDICATION,
CHEMBL296468,EFO_1001469,INDICATION,
CHEMBL296522,EFO_0000555,INDICATION,
CHEMBL296913,EFO_0003843,INDICATION,
CHEMBL296913,MONDO_0005178,INDICATION,
CHEMBL297302,EFO_0005230,INDICATION,
CHEMBL297302,EFO_0005407,INDICATION,
CHEMBL297302,MONDO_0002050,INDICATION,
CHEMBL297302,MONDO_0005090,INDICATION,
CHEMBL297453,EFO_0000280,INDICATION,
CHEMBL297453,EFO_0000284,INDICATION,
CHEMBL297453,EFO_0000432,INDICATION,
CHEMBL297453,EFO_0000565,INDICATION,
CHEMBL297453,EFO_0000616,INDICATION,
CHEMBL297453,EFO_0000673,INDICATION,
CHEMBL297453,EFO_0000731,INDICATION,
CHEMBL297453,EFO_0000763,INDICATION,
CHEMBL297453,EFO_0000764,INDICATION,
CHEMBL297453,EFO_0000768,INDICATION,
CHEMBL297453,EFO_0001064,INDICATION,
CHEMBL297453,EFO_0001065,INDICATION,
CHEMBL297453,EFO_0001378,INDICATION,
CHEMBL297453,EFO_0001422,INDICATION,
CHEMBL297453,EFO_0003060,INDICATION,
CHEMBL297453,EFO_0003882,INDICATION,
CHEMBL297453,EFO_0003929,INDICATION,
CHEMBL297453,EFO_0004252,INDICATION,
CHEMBL297453,EFO_0007147,INDICATION,
CHEMBL297453,EFO_0008517,INDICATION,
CHEMBL297453,EFO_1001050,INDICATION,
CHEMBL297453,MONDO_0001187,INDICATION,
CHEMBL297453,MONDO_0004975,INDICATION,
CHEMBL297453,MONDO_0005148,INDICATION,
CHEMBL297453,MONDO_0005180,INDICATION,
CHEMBL297453,MONDO_0005301,INDICATION,
CHEMBL297453,MONDO_0007254,INDICATION,
CHEMBL297453,MONDO_0007739,INDICATION,
CHEMBL297453,MONDO_0007915,INDICATION,
CHEMBL297453,MONDO_0008315,INDICATION,
CHEMBL297453,MONDO_0008903,INDICATION,
CHEMBL297453,MONDO_0010383,INDICATION,
CHEMBL297453,MONDO_0010679,INDICATION,
CHEMBL297453,MONDO_0018906,INDICATION,
CHEMBL297453,MONDO_0019438,INDICATION,
CHEMBL297453,MONDO_0021063,INDICATION,
CHEMBL297453,MONDO_0043510,INDICATION,
CHEMBL297453,MP_0001845,INDICATION,
CHEMBL297453,Orphanet_303,INDICATION,
CHEMBL29757,EFO_0003929,INDICATION,
CHEMBL29757,MONDO_0043510,INDICATION,
CHEMBL297792,EFO_0000616,INDICATION,
CHEMBL297792,EFO_0003060,INDICATION,
CHEMBL298359,EFO_0000182,INDICATION,
CHEMBL298406,EFO_0004270,INDICATION,
CHEMBL298406,EFO_0004699,INDICATION,
CHEMBL298406,EFO_0004895,INDICATION,
CHEMBL298406,MONDO_0002182,INDICATION,
CHEMBL298406,MONDO_0010298,INDICATION,
CHEMBL298470,EFO_0001068,INDICATION,
CHEMBL298470,EFO_0007444,INDICATION,
CHEMBL298470,EFO_0007445,INDICATION,
CHEMBL298470,MONDO_0100096,INDICATION,
CHEMBL298734,EFO_0000198,INDICATION,
CHEMBL298734,EFO_0000339,INDICATION,
CHEMBL298734,EFO_0000574,INDICATION,
CHEMBL298734,EFO_0002499,INDICATION,
CHEMBL298734,EFO_0003060,INDICATION,
CHEMBL298734,EFO_0006859,INDICATION,
CHEMBL298734,EFO_0007304,INDICATION,
CHEMBL298734,EFO_0009708,INDICATION,
CHEMBL298734,EFO_1000158,INDICATION,
CHEMBL298734,EFO_1001465,INDICATION,
CHEMBL298734,EFO_1001779,INDICATION,
CHEMBL298734,EFO_1001951,INDICATION,
CHEMBL298734,MONDO_0001187,INDICATION,
CHEMBL298734,MONDO_0002691,INDICATION,
CHEMBL298734,MONDO_0004192,INDICATION,
CHEMBL298734,MONDO_0007254,INDICATION,
CHEMBL298734,MONDO_0008170,INDICATION,
CHEMBL298734,MONDO_0008310,INDICATION,
CHEMBL298734,MONDO_0020732,INDICATION,
CHEMBL298817,EFO_0007512,INDICATION,
CHEMBL298817,EFO_1001240,INDICATION,
CHEMBL299400,EFO_0003890,INDICATION,
CHEMBL299613,EFO_0000616,INDICATION,
CHEMBL299613,EFO_0001378,INDICATION,
CHEMBL3,DOID_13406,INDICATION,
CHEMBL3,EFO_0000313,INDICATION,
CHEMBL3,EFO_0000341,INDICATION,
CHEMBL3,EFO_0000400,CONTRAINDICATION,
CHEMBL3,EFO_0000546,INDICATION,
CHEMBL3,EFO_0000612,CONTRAINDICATION,
CHEMBL3,EFO_0000691,INDICATION,
CHEMBL3,EFO_0000694,INDICATION,
CHEMBL3,EFO_0001072,INDICATION,
CHEMBL3,EFO_0001645,CONTRAINDICATION,
CHEMBL3,EFO_0002610,INDICATION,
CHEMBL3,EFO_0003144,INDICATION,
CHEMBL3,EFO_0003768,INDICATION,
CHEMBL3,EFO_0003888,INDICATION,
CHEMBL3,EFO_0004274,CONTRAINDICATION,
CHEMBL3,EFO_0004318,INDICATION,
CHEMBL3,EFO_0004319,INDICATION,
CHEMBL3,EFO_0004329,INDICATION,
CHEMBL3,EFO_0004888,INDICATION,
CHEMBL3,EFO_0005251,CONTRAINDICATION,
CHEMBL3,EFO_0005279,CONTRAINDICATION,
CHEMBL3,EFO_0005672,CONTRAINDICATION,
CHEMBL3,EFO_0007191,INDICATION,
CHEMBL3,EFO_0009189,CONTRAINDICATION,
CHEMBL3,EFO_0009314,CONTRAINDICATION,
CHEMBL3,EFO_1000013,CONTRAINDICATION,
CHEMBL3,EFO_1001211,CONTRAINDICATION,
CHEMBL3,MONDO_0000313,CONTRAINDICATION,
CHEMBL3,MONDO_0001409,CONTRAINDICATION,
CHEMBL3,MONDO_0002050,INDICATION,
CHEMBL3,MONDO_0002258,CONTRAINDICATION,
CHEMBL3,MONDO_0002974,INDICATION,
CHEMBL3,MONDO_0004247,CONTRAINDICATION,
CHEMBL3,MONDO_0004647,INDICATION,
CHEMBL3,MONDO_0004938,INDICATION,
CHEMBL3,MONDO_0005090,INDICATION,
CHEMBL3,MONDO_0005147,CONTRAINDICATION,
CHEMBL3,MONDO_0005180,INDICATION,
CHEMBL3,MONDO_0007079,CONTRAINDICATION,
CHEMBL3,MONDO_0008233,CONTRAINDICATION,
CHEMBL3,MONDO_0008903,INDICATION,
CHEMBL3,MONDO_0018076,INDICATION,
CHEMBL3,MONDO_0019338,INDICATION,
CHEMBL3,MONDO_0021187,OFF_LABEL_USE,
CHEMBL3,MONDO_0100096,INDICATION,
CHEMBL30,EFO_0000274,INDICATION,
CHEMBL30,EFO_0000341,INDICATION,
CHEMBL30,EFO_0000544,INDICATION,
CHEMBL30,EFO_0003948,INDICATION,
CHEMBL30,EFO_0004607,INDICATION,
CHEMBL30,EFO_0005531,OFF_LABEL_USE,
CHEMBL30,EFO_0007549,INDICATION,
CHEMBL30,EFO_0008533,INDICATION,
CHEMBL30,EFO_0009454,INDICATION,
CHEMBL30,EFO_1001892,INDICATION,
CHEMBL30,MONDO_0001056,CONTRAINDICATION,
CHEMBL30,MONDO_0001343,CONTRAINDICATION,
CHEMBL30,MONDO_0001676,INDICATION,
CHEMBL30,MONDO_0004658,INDICATION,
CHEMBL30,MONDO_0004976,INDICATION,
CHEMBL30,MONDO_0011962,INDICATION,
CHEMBL30,MONDO_0016586,INDICATION,
CHEMBL30,MONDO_0017169,INDICATION,
CHEMBL30,MONDO_0043839,INDICATION,
CHEMBL30,MP_0001914,INDICATION,
CHEMBL300058,MONDO_0100096,INDICATION,
CHEMBL30008,MONDO_0005277,INDICATION,
CHEMBL300138,EFO_0000096,INDICATION,
CHEMBL300138,EFO_0000326,INDICATION,
CHEMBL300138,EFO_0000365,INDICATION,
CHEMBL300138,EFO_0000403,INDICATION,
CHEMBL300138,EFO_0000519,INDICATION,
CHEMBL300138,EFO_0000574,INDICATION,
CHEMBL300138,EFO_0000616,INDICATION,
CHEMBL300138,EFO_0000621,INDICATION,
CHEMBL300138,EFO_0000681,INDICATION,
CHEMBL300138,EFO_0000702,INDICATION,
CHEMBL300138,EFO_0001378,INDICATION,
CHEMBL300138,EFO_0002913,INDICATION,
CHEMBL300138,EFO_0003060,INDICATION,
CHEMBL300138,EFO_0003860,INDICATION,
CHEMBL300138,EFO_0003869,INDICATION,
CHEMBL300138,EFO_0004288,INDICATION,
CHEMBL300138,EFO_0004289,INDICATION,
CHEMBL300138,EFO_0005543,INDICATION,
CHEMBL300138,EFO_0005952,INDICATION,
CHEMBL300138,EFO_0009441,INDICATION,
CHEMBL300138,EFO_1000158,INDICATION,
CHEMBL300138,EFO_1000251,INDICATION,
CHEMBL300138,EFO_1001100,INDICATION,
CHEMBL300138,EFO_1001465,INDICATION,
CHEMBL300138,EFO_1001469,INDICATION,
CHEMBL300138,EFO_1001951,INDICATION,
CHEMBL300138,MONDO_0002087,INDICATION,
CHEMBL300138,MONDO_0004992,INDICATION,
CHEMBL300138,MONDO_0007254,INDICATION,
CHEMBL300138,MONDO_0008170,INDICATION,
CHEMBL300138,MONDO_0008315,INDICATION,
CHEMBL300138,MONDO_0008903,INDICATION,
CHEMBL300138,MONDO_0018906,INDICATION,
CHEMBL300138,MONDO_0020066,INDICATION,
CHEMBL300138,MONDO_0100342,INDICATION,
CHEMBL30044,EFO_1001888,INDICATION,
CHEMBL30054,EFO_0003907,INDICATION,
CHEMBL30116,EFO_0000771,INDICATION,
CHEMBL301265,EFO_0002610,INDICATION,
CHEMBL301265,EFO_0003086,CONTRAINDICATION,
CHEMBL301265,EFO_0003108,INDICATION,
CHEMBL301265,EFO_0003877,CONTRAINDICATION,
CHEMBL301265,EFO_0004242,INDICATION,
CHEMBL301265,EFO_0004270,INDICATION,
CHEMBL301265,EFO_0004895,INDICATION,
CHEMBL301265,EFO_0005203,INDICATION,
CHEMBL301265,EFO_0005252,CONTRAINDICATION,
CHEMBL301265,EFO_0005407,CONTRAINDICATION,
CHEMBL301265,EFO_0005411,INDICATION,
CHEMBL301265,EFO_0005687,OFF_LABEL_USE,
CHEMBL301265,EFO_1001412,INDICATION,
CHEMBL301265,MONDO_0002009,INDICATION,
CHEMBL301265,MONDO_0002050,INDICATION,
CHEMBL301265,MONDO_0002491,INDICATION,
CHEMBL301265,MONDO_0004975,INDICATION,
CHEMBL301265,MONDO_0004976,INDICATION,
CHEMBL301265,MONDO_0004985,INDICATION,
CHEMBL301265,MONDO_0005090,INDICATION,
CHEMBL301265,MONDO_0005180,INDICATION,
CHEMBL301265,MONDO_0021107,CONTRAINDICATION,
CHEMBL301267,EFO_0001068,INDICATION,
CHEMBL301523,EFO_0003086,CONTRAINDICATION,
CHEMBL301523,EFO_0003777,CONTRAINDICATION,
CHEMBL301523,EFO_0004287,CONTRAINDICATION,
CHEMBL301523,EFO_1000158,INDICATION,
CHEMBL301523,MONDO_0001566,CONTRAINDICATION,
CHEMBL301523,MONDO_0019259,CONTRAINDICATION,
CHEMBL301523,MONDO_0019338,CONTRAINDICATION,
CHEMBL301523,MONDO_0024327,CONTRAINDICATION,
CHEMBL301523,Orphanet_79254,CONTRAINDICATION,
CHEMBL301742,EFO_0003756,INDICATION,
CHEMBL301742,MONDO_0010383,INDICATION,
CHEMBL301829,EFO_0000685,INDICATION,
CHEMBL302795,EFO_0003843,INDICATION,
CHEMBL302795,EFO_0005755,INDICATION,
CHEMBL302795,EFO_0005856,INDICATION,
CHEMBL3039113,EFO_0003888,INDICATION,
CHEMBL3039113,MONDO_0002025,INDICATION,
CHEMBL3039113,MONDO_0005090,INDICATION,
CHEMBL303933,EFO_0001068,INDICATION,
CHEMBL303933,EFO_0007444,INDICATION,
CHEMBL303933,EFO_0007445,INDICATION,
CHEMBL3039498,EFO_0000305,INDICATION,
CHEMBL3039498,EFO_0003060,INDICATION,
CHEMBL3039498,EFO_1001951,INDICATION,
CHEMBL3039498,MONDO_0005178,INDICATION,
CHEMBL3039502,EFO_0000095,INDICATION,
CHEMBL3039502,EFO_0000096,INDICATION,
CHEMBL3039502,EFO_0000181,INDICATION,
CHEMBL3039502,EFO_0000211,INDICATION,
CHEMBL3039502,EFO_0000220,INDICATION,
CHEMBL3039502,EFO_0000403,INDICATION,
CHEMBL3039502,EFO_0000565,INDICATION,
CHEMBL3039502,EFO_0000574,INDICATION,
CHEMBL3039502,EFO_0000616,INDICATION,
CHEMBL3039502,EFO_0000685,INDICATION,
CHEMBL3039502,EFO_0000756,INDICATION,
CHEMBL3039502,EFO_0001421,INDICATION,
CHEMBL3039502,EFO_0005952,INDICATION,
CHEMBL3039502,EFO_1000785,INDICATION,
CHEMBL3039502,EFO_1001051,INDICATION,
CHEMBL3039502,MONDO_0004979,INDICATION,
CHEMBL3039502,MONDO_0004992,INDICATION,
CHEMBL3039502,MONDO_0018906,INDICATION,
CHEMBL3039502,MONDO_0044881,INDICATION,
CHEMBL3039502,MONDO_0100096,INDICATION,
CHEMBL3039503,EFO_0003047,INDICATION,
CHEMBL3039503,EFO_0004220,INDICATION,
CHEMBL3039504,EFO_0000717,INDICATION,
CHEMBL3039504,EFO_0000768,INDICATION,
CHEMBL3039505,EFO_0000384,INDICATION,
CHEMBL3039507,EFO_0000400,INDICATION,
CHEMBL3039507,EFO_0001421,INDICATION,
CHEMBL3039507,EFO_0003086,INDICATION,
CHEMBL3039507,EFO_0003144,INDICATION,
CHEMBL3039507,EFO_0003884,INDICATION,
CHEMBL3039507,EFO_0004252,INDICATION,
CHEMBL3039507,MONDO_0005147,INDICATION,
CHEMBL3039507,MONDO_0005148,INDICATION,
CHEMBL3039508,EFO_0003843,INDICATION,
CHEMBL3039508,MONDO_0002203,INDICATION,
CHEMBL3039511,EFO_0003086,INDICATION,
CHEMBL3039513,EFO_0000685,INDICATION,
CHEMBL3039514,EFO_0000763,INDICATION,
CHEMBL3039514,EFO_0003047,INDICATION,
CHEMBL3039514,EFO_0004196,INDICATION,
CHEMBL3039514,EFO_0004220,INDICATION,
CHEMBL3039515,EFO_1001249,INDICATION,
CHEMBL3039515,Orphanet_309005,INDICATION,
CHEMBL3039516,EFO_0000616,INDICATION,
CHEMBL3039517,EFO_0000616,INDICATION,
CHEMBL3039517,EFO_0003060,INDICATION,
CHEMBL3039517,EFO_0003860,INDICATION,
CHEMBL3039517,MONDO_0004992,INDICATION,
CHEMBL3039518,EFO_0000341,INDICATION,
CHEMBL3039519,EFO_0003047,INDICATION,
CHEMBL3039519,EFO_0004220,INDICATION,
CHEMBL3039520,EFO_0003890,INDICATION,
CHEMBL3039520,MONDO_0005277,INDICATION,
CHEMBL3039521,EFO_0000571,INDICATION,
CHEMBL3039521,EFO_0000616,INDICATION,
CHEMBL3039521,EFO_0003060,INDICATION,
CHEMBL3039521,EFO_0003869,INDICATION,
CHEMBL3039521,MONDO_0004992,INDICATION,
CHEMBL3039521,MONDO_0008170,INDICATION,
CHEMBL3039521,MONDO_0018364,INDICATION,
CHEMBL3039522,EFO_0000181,INDICATION,
CHEMBL3039522,EFO_0000198,INDICATION,
CHEMBL3039522,EFO_0000222,INDICATION,
CHEMBL3039522,EFO_0000616,INDICATION,
CHEMBL3039522,EFO_0004197,INDICATION,
CHEMBL3039522,EFO_1000251,INDICATION,
CHEMBL3039522,EFO_1001100,INDICATION,
CHEMBL3039522,MONDO_0002158,INDICATION,
CHEMBL3039522,MONDO_0004992,INDICATION,
CHEMBL3039522,MONDO_0008170,INDICATION,
CHEMBL3039523,EFO_0000519,INDICATION,
CHEMBL3039523,EFO_0000756,INDICATION,
CHEMBL3039523,EFO_1000026,INDICATION,
CHEMBL3039523,EFO_1001361,INDICATION,
CHEMBL3039523,MONDO_0007254,INDICATION,
CHEMBL3039524,EFO_0000341,INDICATION,
CHEMBL3039525,EFO_0000181,INDICATION,
CHEMBL3039525,EFO_0000616,INDICATION,
CHEMBL3039525,MONDO_0001056,INDICATION,
CHEMBL3039525,MONDO_0004992,INDICATION,
CHEMBL3039526,MONDO_0005277,INDICATION,
CHEMBL3039528,MONDO_0005090,INDICATION,
CHEMBL3039529,EFO_0003876,INDICATION,
CHEMBL3039529,EFO_0004265,INDICATION,
CHEMBL3039529,EFO_0004991,INDICATION,
CHEMBL3039529,MONDO_0004976,INDICATION,
CHEMBL3039530,EFO_0000341,INDICATION,
CHEMBL3039530,MONDO_0004979,INDICATION,
CHEMBL3039531,EFO_0000341,INDICATION,
CHEMBL3039531,EFO_0000763,INDICATION,
CHEMBL3039531,EFO_1001413,INDICATION,
CHEMBL3039531,MONDO_0024355,INDICATION,
CHEMBL3039537,EFO_0700022,INDICATION,
CHEMBL3039537,MONDO_0019148,INDICATION,
CHEMBL3039537,MONDO_0019149,INDICATION,
CHEMBL3039538,MONDO_0008840,INDICATION,
CHEMBL3039538,MONDO_0010006,INDICATION,
CHEMBL3039538,MONDO_0010100,INDICATION,
CHEMBL3039538,MONDO_0010604,INDICATION,
CHEMBL3039538,MONDO_0018982,INDICATION,
CHEMBL3039539,EFO_0000095,INDICATION,
CHEMBL3039540,MONDO_0004975,INDICATION,
CHEMBL3039542,EFO_0003144,INDICATION,
CHEMBL3039543,EFO_0000095,INDICATION,
CHEMBL3039543,EFO_0000222,INDICATION,
CHEMBL3039543,EFO_0000565,INDICATION,
CHEMBL3039543,EFO_0000616,INDICATION,
CHEMBL3039543,EFO_0001378,INDICATION,
CHEMBL3039543,EFO_0009441,INDICATION,
CHEMBL3039543,MONDO_0018906,INDICATION,
CHEMBL3039544,EFO_0001378,INDICATION,
CHEMBL3039544,EFO_0003060,INDICATION,
CHEMBL3039544,EFO_1000657,INDICATION,
CHEMBL3039544,EFO_1001950,INDICATION,
CHEMBL3039544,MONDO_0007254,INDICATION,
CHEMBL3039544,MONDO_0008315,INDICATION,
CHEMBL3039544,MONDO_0008903,INDICATION,
CHEMBL3039544,MONDO_0044937,INDICATION,
CHEMBL3039545,EFO_0000198,INDICATION,
CHEMBL3039545,EFO_0004251,INDICATION,
CHEMBL3039545,EFO_0004272,INDICATION,
CHEMBL3039545,EFO_1001996,INDICATION,
CHEMBL3039545,MONDO_0002280,INDICATION,
CHEMBL3039545,Orphanet_848,INDICATION,
CHEMBL3039547,EFO_0000182,INDICATION,
CHEMBL3039547,EFO_0000365,INDICATION,
CHEMBL3039547,EFO_0000616,INDICATION,
CHEMBL3039547,EFO_0000681,INDICATION,
CHEMBL3039547,EFO_0000756,INDICATION,
CHEMBL3039547,EFO_0002617,INDICATION,
CHEMBL3039547,EFO_0009709,INDICATION,
CHEMBL3039547,EFO_1001951,INDICATION,
CHEMBL3039547,MONDO_0008170,INDICATION,
CHEMBL3039550,EFO_0000673,INDICATION,
CHEMBL3039550,MONDO_0008315,INDICATION,
CHEMBL3039556,EFO_0000616,INDICATION,
CHEMBL3039556,EFO_0000708,INDICATION,
CHEMBL3039556,EFO_0002618,INDICATION,
CHEMBL3039556,EFO_0003060,INDICATION,
CHEMBL3039556,MONDO_0001187,INDICATION,
CHEMBL3039556,MONDO_0008315,INDICATION,
CHEMBL3039558,EFO_0000519,INDICATION,
CHEMBL3039558,EFO_0000616,INDICATION,
CHEMBL3039558,EFO_0002499,INDICATION,
CHEMBL3039558,EFO_0002501,INDICATION,
CHEMBL3039558,EFO_0003060,INDICATION,
CHEMBL3039558,EFO_1001951,INDICATION,
CHEMBL3039558,MONDO_0004992,INDICATION,
CHEMBL3039558,MONDO_0007254,INDICATION,
CHEMBL3039558,MONDO_0008170,INDICATION,
CHEMBL3039566,EFO_0003884,INDICATION,
CHEMBL3039566,EFO_0010690,INDICATION,
CHEMBL3039582,EFO_0000278,INDICATION,
CHEMBL3039582,EFO_0000342,INDICATION,
CHEMBL3039582,EFO_0001073,INDICATION,
CHEMBL3039582,EFO_0003758,INDICATION,
CHEMBL3039582,EFO_0008533,INDICATION,
CHEMBL3039582,MONDO_0005090,INDICATION,
CHEMBL3039594,DOID_7551,INDICATION,
CHEMBL3039594,EFO_0000544,INDICATION,
CHEMBL3039594,EFO_0000771,INDICATION,
CHEMBL3039594,EFO_0003102,INDICATION,
CHEMBL3039594,EFO_0003106,INDICATION,
CHEMBL3039594,EFO_0005044,INDICATION,
CHEMBL3039594,EFO_0009449,INDICATION,
CHEMBL3039594,EFO_0009450,INDICATION,
CHEMBL3039594,EFO_0009536,INDICATION,
CHEMBL3039594,EFO_1000690,INDICATION,
CHEMBL3039594,EFO_1001272,INDICATION,
CHEMBL3039594,EFO_1001753,INDICATION,
CHEMBL3039594,MONDO_0002406,INDICATION,
CHEMBL3039594,MONDO_0009179,INDICATION,
CHEMBL3039594,MONDO_0017612,INDICATION,
CHEMBL3039594,MONDO_0018914,INDICATION,
CHEMBL3039594,MP_0001845,INDICATION,
CHEMBL3039596,EFO_0000537,INDICATION,
CHEMBL3039596,EFO_0003144,INDICATION,
CHEMBL3039597,DOID_7551,INDICATION,
CHEMBL3039597,EFO_0000274,INDICATION,
CHEMBL3039597,EFO_0000544,INDICATION,
CHEMBL3039597,EFO_0000771,INDICATION,
CHEMBL3039597,EFO_0003102,INDICATION,
CHEMBL3039597,EFO_0003103,INDICATION,
CHEMBL3039597,EFO_0003106,INDICATION,
CHEMBL3039597,EFO_0003843,INDICATION,
CHEMBL3039597,EFO_0004253,INDICATION,
CHEMBL3039597,EFO_0005044,INDICATION,
CHEMBL3039597,EFO_0005046,INDICATION,
CHEMBL3039597,EFO_0006862,INDICATION,
CHEMBL3039597,EFO_0007195,INDICATION,
CHEMBL3039597,EFO_0009425,INDICATION,
CHEMBL3039597,EFO_0009449,INDICATION,
CHEMBL3039597,EFO_0009450,INDICATION,
CHEMBL3039597,EFO_0009536,INDICATION,
CHEMBL3039597,EFO_0009948,INDICATION,
CHEMBL3039597,EFO_1000657,INDICATION,
CHEMBL3039597,EFO_1000690,INDICATION,
CHEMBL3039597,EFO_1000702,INDICATION,
CHEMBL3039597,EFO_1001272,INDICATION,
CHEMBL3039597,EFO_1001459,INDICATION,
CHEMBL3039597,EFO_1001753,INDICATION,
CHEMBL3039597,EFO_1001865,INDICATION,
CHEMBL3039597,EFO_1001888,INDICATION,
CHEMBL3039597,MONDO_0002406,INDICATION,
CHEMBL3039597,MONDO_0004992,INDICATION,
CHEMBL3039597,MONDO_0007254,INDICATION,
CHEMBL3039597,MONDO_0009061,INDICATION,
CHEMBL3039597,MONDO_0009179,INDICATION,
CHEMBL3039597,MONDO_0010311,INDICATION,
CHEMBL3039597,MONDO_0010679,INDICATION,
CHEMBL3039597,MONDO_0017612,INDICATION,
CHEMBL3039597,MONDO_0018914,INDICATION,
CHEMBL3039597,MONDO_0021063,INDICATION,
CHEMBL3039597,MP_0001845,INDICATION,
CHEMBL3039598,EFO_0000275,OFF_LABEL_USE,
CHEMBL3039598,EFO_0000319,INDICATION,
CHEMBL3039598,EFO_0000400,CONTRAINDICATION,
CHEMBL3039598,EFO_0000401,OFF_LABEL_USE,
CHEMBL3039598,EFO_0000537,INDICATION,
CHEMBL3039598,EFO_0000538,CONTRAINDICATION,
CHEMBL3039598,EFO_0003086,CONTRAINDICATION,
CHEMBL3039598,EFO_0003144,INDICATION,
CHEMBL3039598,EFO_0003777,INDICATION,
CHEMBL3039598,EFO_0004274,CONTRAINDICATION,
CHEMBL3039598,EFO_0005251,CONTRAINDICATION,
CHEMBL3039598,EFO_0005532,CONTRAINDICATION,
CHEMBL3039598,EFO_0008506,CONTRAINDICATION,
CHEMBL3039598,EFO_0009530,CONTRAINDICATION,
CHEMBL3039598,EFO_1000652,CONTRAINDICATION,
CHEMBL3039598,EFO_1000899,OFF_LABEL_USE,
CHEMBL3039598,EFO_1001986,CONTRAINDICATION,
CHEMBL3039598,MONDO_0001566,CONTRAINDICATION,
CHEMBL3039598,MONDO_0007915,CONTRAINDICATION,
CHEMBL3039598,MONDO_0018100,CONTRAINDICATION,
CHEMBL3039598,MONDO_0019623,CONTRAINDICATION,
CHEMBL3039598,MONDO_0042981,CONTRAINDICATION,
CHEMBL3039598,Orphanet_98702,CONTRAINDICATION,
CHEMBL303960,EFO_0000729,INDICATION,
CHEMBL3040192,MONDO_0008315,INDICATION,
CHEMBL3040440,EFO_0000094,INDICATION,
CHEMBL3040440,EFO_0000222,INDICATION,
CHEMBL3040440,EFO_0002618,INDICATION,
CHEMBL304087,MONDO_0100096,INDICATION,
CHEMBL304253,EFO_0000537,INDICATION,
CHEMBL304383,MONDO_0002009,INDICATION,
CHEMBL304383,MONDO_0005090,INDICATION,
CHEMBL304902,EFO_0005407,INDICATION,
CHEMBL305187,EFO_0000319,INDICATION,
CHEMBL305187,EFO_0000768,INDICATION,
CHEMBL305187,EFO_0001358,INDICATION,
CHEMBL305187,MONDO_0100096,INDICATION,
CHEMBL305380,EFO_0000319,INDICATION,
CHEMBL305380,EFO_0000537,INDICATION,
CHEMBL305380,MONDO_0005041,INDICATION,
CHEMBL305660,EFO_0000555,INDICATION,
CHEMBL305660,EFO_0005854,INDICATION,
CHEMBL305660,MONDO_0005271,INDICATION,
CHEMBL305660,MONDO_0044212,INDICATION,
CHEMBL305666,EFO_0000616,INDICATION,
CHEMBL305666,EFO_0000702,INDICATION,
CHEMBL305666,EFO_0003893,INDICATION,
CHEMBL305666,EFO_0006859,INDICATION,
CHEMBL305666,MONDO_0002087,INDICATION,
CHEMBL305666,MONDO_0002158,INDICATION,
CHEMBL305666,MONDO_0008170,INDICATION,
CHEMBL305686,EFO_0000565,INDICATION,
CHEMBL305906,EFO_0007287,CONTRAINDICATION,
CHEMBL305906,EFO_1000653,INDICATION,
CHEMBL305906,MONDO_0001117,CONTRAINDICATION,
CHEMBL305906,MONDO_0002508,INDICATION,
CHEMBL305906,MONDO_0002635,INDICATION,
CHEMBL305906,MONDO_0100096,INDICATION,
CHEMBL306043,EFO_0005755,INDICATION,
CHEMBL306043,MONDO_0008903,INDICATION,
CHEMBL306280,EFO_0000702,INDICATION,
CHEMBL306700,EFO_0003888,INDICATION,
CHEMBL306700,MONDO_0002009,INDICATION,
CHEMBL306700,MONDO_0016158,INDICATION,
CHEMBL306823,EFO_0000181,INDICATION,
CHEMBL306823,EFO_0000519,INDICATION,
CHEMBL306823,EFO_0001361,INDICATION,
CHEMBL306823,EFO_0003777,INDICATION,
CHEMBL306823,EFO_1000036,INDICATION,
CHEMBL306823,MONDO_0007254,INDICATION,
CHEMBL306823,MONDO_0008903,INDICATION,
CHEMBL306823,MONDO_0019169,INDICATION,
CHEMBL307177,MONDO_0002087,INDICATION,
CHEMBL307177,MONDO_0002158,INDICATION,
CHEMBL307177,MONDO_0008170,INDICATION,
CHEMBL307429,Orphanet_365,INDICATION,
CHEMBL307697,EFO_0000558,INDICATION,
CHEMBL307697,MONDO_0016537,INDICATION,
CHEMBL307697,MONDO_0022394,INDICATION,
CHEMBL307739,EFO_0000319,INDICATION,
CHEMBL307739,EFO_0003144,INDICATION,
CHEMBL308148,EFO_0005230,INDICATION,
CHEMBL308148,MONDO_0002009,INDICATION,
CHEMBL308148,MONDO_0002050,INDICATION,
CHEMBL3084748,EFO_0000341,INDICATION,
CHEMBL3084748,EFO_0006865,INDICATION,
CHEMBL3084748,EFO_1000781,INDICATION,
CHEMBL3084748,MONDO_0005090,INDICATION,
CHEMBL3085504,EFO_0000180,INDICATION,
CHEMBL3085504,EFO_0000181,INDICATION,
CHEMBL3085504,EFO_0000183,INDICATION,
CHEMBL3085504,EFO_0000211,INDICATION,
CHEMBL3085504,EFO_0000389,INDICATION,
CHEMBL3085504,EFO_0000403,INDICATION,
CHEMBL3085504,EFO_0000514,INDICATION,
CHEMBL3085504,EFO_0000558,INDICATION,
CHEMBL3085504,EFO_0000574,INDICATION,
CHEMBL3085504,EFO_0000707,INDICATION,
CHEMBL3085504,EFO_0001378,INDICATION,
CHEMBL3085504,EFO_0002618,INDICATION,
CHEMBL3085504,EFO_0004281,INDICATION,
CHEMBL3085504,EFO_0005952,INDICATION,
CHEMBL3085504,EFO_0006859,INDICATION,
CHEMBL3085504,EFO_0007362,INDICATION,
CHEMBL3085504,EFO_0009637,INDICATION,
CHEMBL3085504,EFO_1000158,INDICATION,
CHEMBL3085504,EFO_1000415,INDICATION,
CHEMBL3085504,EFO_1000437,INDICATION,
CHEMBL3085504,EFO_1000564,INDICATION,
CHEMBL3085504,EFO_1000574,INDICATION,
CHEMBL3085504,EFO_1000657,INDICATION,
CHEMBL3085504,EFO_1001365,INDICATION,
CHEMBL3085504,MONDO_0001056,INDICATION,
CHEMBL3085504,MONDO_0001370,INDICATION,
CHEMBL3085504,MONDO_0001528,INDICATION,
CHEMBL3085504,MONDO_0002601,INDICATION,
CHEMBL3085504,MONDO_0002974,INDICATION,
CHEMBL3085504,MONDO_0003751,INDICATION,
CHEMBL3085504,MONDO_0004992,INDICATION,
CHEMBL3085504,MONDO_0008170,INDICATION,
CHEMBL3085504,MONDO_0009348,INDICATION,
CHEMBL3085504,MONDO_0021657,INDICATION,
CHEMBL3087323,EFO_0004284,INDICATION,
CHEMBL3087515,EFO_0001421,INDICATION,
CHEMBL3087515,EFO_0002610,INDICATION,
CHEMBL3087515,EFO_0003086,INDICATION,
CHEMBL3087515,EFO_0003948,INDICATION,
CHEMBL3087515,EFO_0004152,INDICATION,
CHEMBL3087515,EFO_0004242,INDICATION,
CHEMBL3087515,EFO_0004329,INDICATION,
CHEMBL3087515,MONDO_0005180,INDICATION,
CHEMBL3087515,MONDO_0007079,INDICATION,
CHEMBL3087515,MONDO_0007739,INDICATION,
CHEMBL3087515,MONDO_0010383,INDICATION,
CHEMBL308954,EFO_0000180,INDICATION,
CHEMBL308954,EFO_0000544,INDICATION,
CHEMBL308954,EFO_0000763,INDICATION,
CHEMBL308954,EFO_0000764,INDICATION,
CHEMBL308954,EFO_0000765,INDICATION,
CHEMBL308954,EFO_0003100,CONTRAINDICATION,
CHEMBL308954,EFO_0004239,CONTRAINDICATION,
CHEMBL308954,MONDO_0100339,INDICATION,
CHEMBL3092562,MONDO_0005090,INDICATION,
CHEMBL3092562,MONDO_0005277,INDICATION,
CHEMBL3092650,EFO_0003929,INDICATION,
CHEMBL3092650,MONDO_0004975,INDICATION,
CHEMBL3092650,MONDO_0005090,INDICATION,
CHEMBL3092650,MONDO_0005301,INDICATION,
CHEMBL3092995,MONDO_0015643,INDICATION,
CHEMBL3093499,MONDO_0008315,INDICATION,
CHEMBL3098771,EFO_0000432,INDICATION,
CHEMBL3099551,EFO_0001645,INDICATION,
CHEMBL3099695,EFO_0000537,INDICATION,
CHEMBL3099695,EFO_0001421,INDICATION,
CHEMBL3099695,EFO_0003086,INDICATION,
CHEMBL3099695,EFO_0003099,INDICATION,
CHEMBL3099695,EFO_0005539,INDICATION,
CHEMBL3099695,EFO_1000797,INDICATION,
CHEMBL3099695,EFO_1001110,INDICATION,
CHEMBL3099695,MONDO_0001134,INDICATION,
CHEMBL31,EFO_0000544,INDICATION,
CHEMBL31,EFO_0000771,INDICATION,
CHEMBL31,EFO_0003102,INDICATION,
CHEMBL31,EFO_0005681,INDICATION,
CHEMBL31,EFO_0007387,INDICATION,
CHEMBL31,EFO_0007496,INDICATION,
CHEMBL31,EFO_0007499,INDICATION,
CHEMBL31,EFO_1000049,OFF_LABEL_USE,
CHEMBL31,EFO_1000829,INDICATION,
CHEMBL31,EFO_1001272,INDICATION,
CHEMBL31,EFO_1001888,INDICATION,
CHEMBL31,MONDO_0001080,INDICATION,
CHEMBL31,MONDO_0005129,INDICATION,
CHEMBL31,MONDO_0005247,INDICATION,
CHEMBL31,MONDO_0018076,INDICATION,
CHEMBL31,MONDO_0025598,INDICATION,
CHEMBL310555,EFO_0000544,INDICATION,
CHEMBL310671,EFO_0000474,INDICATION,
CHEMBL3109738,MONDO_0004992,INDICATION,
CHEMBL3109802,EFO_1000049,INDICATION,
CHEMBL3109802,MONDO_0018076,INDICATION,
CHEMBL3112741,EFO_0000544,INDICATION,
CHEMBL3112741,EFO_0000771,INDICATION,
CHEMBL3112741,EFO_0003103,INDICATION,
CHEMBL3112741,EFO_0005741,INDICATION,
CHEMBL3112741,EFO_1000792,INDICATION,
CHEMBL3112741,EFO_1001141,INDICATION,
CHEMBL3112741,EFO_1001272,INDICATION,
CHEMBL3112741,EFO_1001318,INDICATION,
CHEMBL3112741,MONDO_0040732,INDICATION,
CHEMBL3112741,MONDO_0044881,INDICATION,
CHEMBL3112866,EFO_0000616,INDICATION,
CHEMBL311300,EFO_0000764,INDICATION,
CHEMBL311350,EFO_0000771,INDICATION,
CHEMBL3113734,EFO_0000341,INDICATION,
CHEMBL3113974,EFO_0000341,INDICATION,
CHEMBL3113974,MONDO_0004979,INDICATION,
CHEMBL3114577,EFO_0001645,INDICATION,
CHEMBL3114577,EFO_0008585,INDICATION,
CHEMBL311498,EFO_0003086,CONTRAINDICATION,
CHEMBL311498,MONDO_0001566,CONTRAINDICATION,
CHEMBL311498,MONDO_0002203,CONTRAINDICATION,
CHEMBL311498,MONDO_0019338,CONTRAINDICATION,
CHEMBL3115681,EFO_0000466,INDICATION,
CHEMBL3115681,EFO_0000616,INDICATION,
CHEMBL3120215,EFO_0000574,INDICATION,
CHEMBL3120215,MONDO_0019313,INDICATION,
CHEMBL3120793,EFO_0004220,INDICATION,
CHEMBL3121539,EFO_0003047,INDICATION,
CHEMBL3121539,EFO_0004220,INDICATION,
CHEMBL3121849,EFO_0003047,INDICATION,
CHEMBL3121849,EFO_0004220,INDICATION,
CHEMBL312443,EFO_0004698,INDICATION,
CHEMBL312443,MONDO_0002009,INDICATION,
CHEMBL312443,MONDO_0007113,INDICATION,
CHEMBL312443,MONDO_0010383,INDICATION,
CHEMBL312448,EFO_0000400,CONTRAINDICATION,
CHEMBL312448,EFO_0000537,CONTRAINDICATION,
CHEMBL312448,EFO_0003777,CONTRAINDICATION,
CHEMBL312448,EFO_0005751,INDICATION,
CHEMBL312448,EFO_0007214,INDICATION,
CHEMBL312448,EFO_0009189,CONTRAINDICATION,
CHEMBL3125702,EFO_0000222,INDICATION,
CHEMBL3125702,EFO_0000339,INDICATION,
CHEMBL3125702,EFO_0000479,INDICATION,
CHEMBL3125702,EFO_0000616,INDICATION,
CHEMBL3125702,EFO_0000702,INDICATION,
CHEMBL3125702,EFO_0000756,INDICATION,
CHEMBL3125702,EFO_0001378,INDICATION,
CHEMBL3125702,EFO_0002429,INDICATION,
CHEMBL3125702,EFO_0002430,INDICATION,
CHEMBL3125702,EFO_0003060,INDICATION,
CHEMBL3125702,EFO_0004251,INDICATION,
CHEMBL3125702,EFO_0006738,INDICATION,
CHEMBL3125702,EFO_1001465,INDICATION,
CHEMBL3125702,EFO_1001471,INDICATION,
CHEMBL3125702,EFO_1001968,INDICATION,
CHEMBL3125702,MONDO_0004992,INDICATION,
CHEMBL3125702,MONDO_0011962,INDICATION,
CHEMBL3125702,MONDO_0044903,INDICATION,
CHEMBL3126004,EFO_0000616,INDICATION,
CHEMBL3126004,EFO_0002618,INDICATION,
CHEMBL3126004,EFO_0003891,INDICATION,
CHEMBL3126004,MONDO_0003060,INDICATION,
CHEMBL3126004,MONDO_0004992,INDICATION,
CHEMBL3126004,MONDO_0008170,INDICATION,
CHEMBL3126832,EFO_0000616,INDICATION,
CHEMBL3126842,EFO_0003047,INDICATION,
CHEMBL3126842,EFO_0004220,INDICATION,
CHEMBL3127326,EFO_0003047,INDICATION,
CHEMBL3127326,EFO_0004197,INDICATION,
CHEMBL3127326,EFO_0004220,INDICATION,
CHEMBL3128043,EFO_0000616,INDICATION,
CHEMBL312862,EFO_0000616,INDICATION,
CHEMBL313006,EFO_0000319,INDICATION,
CHEMBL313006,EFO_0001645,INDICATION,
CHEMBL313006,EFO_0004265,INDICATION,
CHEMBL313006,EFO_0005672,INDICATION,
CHEMBL313006,MONDO_0021187,INDICATION,
CHEMBL313006,MONDO_0100096,INDICATION,
CHEMBL313006,Orphanet_309005,INDICATION,
CHEMBL313155,EFO_0000616,INDICATION,
CHEMBL313302,EFO_0000616,INDICATION,
CHEMBL3133037,EFO_0002939,INDICATION,
CHEMBL3133037,EFO_0004193,INDICATION,
CHEMBL3137301,EFO_0000373,INDICATION,
CHEMBL3137301,EFO_0000537,INDICATION,
CHEMBL3137301,EFO_0000538,INDICATION,
CHEMBL3137301,EFO_0000612,INDICATION,
CHEMBL3137301,EFO_0003144,INDICATION,
CHEMBL3137301,EFO_0004265,INDICATION,
CHEMBL3137301,EFO_0005529,INDICATION,
CHEMBL3137301,EFO_0007148,INDICATION,
CHEMBL3137301,EFO_0008583,INDICATION,
CHEMBL3137301,EFO_0008585,INDICATION,
CHEMBL3137301,MONDO_0001134,INDICATION,
CHEMBL3137301,MONDO_0005149,INDICATION,
CHEMBL3137301,MONDO_0100096,INDICATION,
CHEMBL3137303,EFO_0000220,INDICATION,
CHEMBL3137305,EFO_0000770,INDICATION,
CHEMBL3137305,EFO_0001378,INDICATION,
CHEMBL3137305,MONDO_0008170,INDICATION,
CHEMBL3137306,EFO_0000676,INDICATION,
CHEMBL3137308,EFO_0000540,INDICATION,
CHEMBL3137308,EFO_0000676,INDICATION,
CHEMBL3137308,EFO_0000685,INDICATION,
CHEMBL3137308,EFO_0000729,INDICATION,
CHEMBL3137308,EFO_0001421,INDICATION,
CHEMBL3137308,EFO_0003086,INDICATION,
CHEMBL3137309,EFO_0000094,INDICATION,
CHEMBL3137309,EFO_0000095,INDICATION,
CHEMBL3137309,EFO_0000096,INDICATION,
CHEMBL3137309,EFO_0000180,INDICATION,
CHEMBL3137309,EFO_0000196,INDICATION,
CHEMBL3137309,EFO_0000198,INDICATION,
CHEMBL3137309,EFO_0000209,INDICATION,
CHEMBL3137309,EFO_0000220,INDICATION,
CHEMBL3137309,EFO_0000221,INDICATION,
CHEMBL3137309,EFO_0000222,INDICATION,
CHEMBL3137309,EFO_0000224,INDICATION,
CHEMBL3137309,EFO_0000231,INDICATION,
CHEMBL3137309,EFO_0000309,INDICATION,
CHEMBL3137309,EFO_0000339,INDICATION,
CHEMBL3137309,EFO_0000403,INDICATION,
CHEMBL3137309,EFO_0000565,INDICATION,
CHEMBL3137309,EFO_0000574,INDICATION,
CHEMBL3137309,EFO_0000616,INDICATION,
CHEMBL3137309,EFO_0000702,INDICATION,
CHEMBL3137309,EFO_0001378,INDICATION,
CHEMBL3137309,EFO_0002913,INDICATION,
CHEMBL3137309,EFO_0003032,INDICATION,
CHEMBL3137309,EFO_0003060,INDICATION,
CHEMBL3137309,EFO_0003086,INDICATION,
CHEMBL3137309,EFO_0003869,INDICATION,
CHEMBL3137309,EFO_0004251,INDICATION,
CHEMBL3137309,EFO_0004289,INDICATION,
CHEMBL3137309,EFO_0005952,INDICATION,
CHEMBL3137309,EFO_0009441,INDICATION,
CHEMBL3137309,EFO_1000131,INDICATION,
CHEMBL3137309,EFO_1000560,INDICATION,
CHEMBL3137309,EFO_1001469,INDICATION,
CHEMBL3137309,MONDO_0000870,INDICATION,
CHEMBL3137309,MONDO_0000873,INDICATION,
CHEMBL3137309,MONDO_0001023,INDICATION,
CHEMBL3137309,MONDO_0004992,INDICATION,
CHEMBL3137309,MONDO_0007254,INDICATION,
CHEMBL3137309,MONDO_0015540,INDICATION,
CHEMBL3137309,MONDO_0018906,INDICATION,
CHEMBL3137309,MONDO_0019438,INDICATION,
CHEMBL3137309,MONDO_0019460,INDICATION,
CHEMBL3137309,MONDO_0044881,INDICATION,
CHEMBL3137309,MONDO_0044917,INDICATION,
CHEMBL3137310,EFO_0003843,INDICATION,
CHEMBL3137312,EFO_0000763,INDICATION,
CHEMBL3137312,EFO_0003047,INDICATION,
CHEMBL3137312,EFO_0004197,INDICATION,
CHEMBL3137312,EFO_0004220,INDICATION,
CHEMBL3137314,EFO_0001361,INDICATION,
CHEMBL3137314,MONDO_0005149,INDICATION,
CHEMBL3137315,EFO_0004220,INDICATION,
CHEMBL3137316,EFO_0000685,INDICATION,
CHEMBL3137317,EFO_0004193,INDICATION,
CHEMBL3137318,EFO_0000222,INDICATION,
CHEMBL3137318,EFO_0000305,INDICATION,
CHEMBL3137318,EFO_0000616,INDICATION,
CHEMBL3137318,EFO_0003060,INDICATION,
CHEMBL3137318,EFO_0003869,INDICATION,
CHEMBL3137318,EFO_0005537,INDICATION,
CHEMBL3137318,MONDO_0007254,INDICATION,
CHEMBL3137320,EFO_0000196,INDICATION,
CHEMBL3137320,EFO_0000222,INDICATION,
CHEMBL3137320,EFO_0000239,INDICATION,
CHEMBL3137320,EFO_0000305,INDICATION,
CHEMBL3137320,EFO_0000326,INDICATION,
CHEMBL3137320,EFO_0000519,INDICATION,
CHEMBL3137320,EFO_0000565,INDICATION,
CHEMBL3137320,EFO_0000616,INDICATION,
CHEMBL3137320,EFO_0000673,INDICATION,
CHEMBL3137320,EFO_0000681,INDICATION,
CHEMBL3137320,EFO_0000702,INDICATION,
CHEMBL3137320,EFO_0000708,INDICATION,
CHEMBL3137320,EFO_0002618,INDICATION,
CHEMBL3137320,EFO_0003060,INDICATION,
CHEMBL3137320,EFO_0003869,INDICATION,
CHEMBL3137320,EFO_0003968,INDICATION,
CHEMBL3137320,EFO_0005537,INDICATION,
CHEMBL3137320,EFO_0008528,INDICATION,
CHEMBL3137320,EFO_1001901,INDICATION,
CHEMBL3137320,EFO_1001951,INDICATION,
CHEMBL3137320,MONDO_0002334,INDICATION,
CHEMBL3137320,MONDO_0004992,INDICATION,
CHEMBL3137320,MONDO_0007254,INDICATION,
CHEMBL3137320,MONDO_0008170,INDICATION,
CHEMBL3137320,MONDO_0008315,INDICATION,
CHEMBL3137320,MONDO_0011962,INDICATION,
CHEMBL3137320,Orphanet_145,INDICATION,
CHEMBL3137321,EFO_0003843,INDICATION,
CHEMBL3137322,EFO_0000519,INDICATION,
CHEMBL3137322,MONDO_0001657,INDICATION,
CHEMBL3137322,MONDO_0008170,INDICATION,
CHEMBL3137323,MONDO_0004975,INDICATION,
CHEMBL3137323,MONDO_0005090,INDICATION,
CHEMBL3137326,EFO_0004152,INDICATION,
CHEMBL3137326,EFO_0004280,INDICATION,
CHEMBL3137326,EFO_0004895,INDICATION,
CHEMBL3137326,EFO_1000632,INDICATION,
CHEMBL3137326,MONDO_0003441,INDICATION,
CHEMBL3137326,MONDO_0007739,INDICATION,
CHEMBL3137327,EFO_0000384,INDICATION,
CHEMBL3137327,EFO_0004211,INDICATION,
CHEMBL3137328,EFO_0000676,INDICATION,
CHEMBL3137330,EFO_0000180,INDICATION,
CHEMBL3137330,EFO_1001348,INDICATION,
CHEMBL3137331,EFO_0000466,INDICATION,
CHEMBL3137331,EFO_0000519,INDICATION,
CHEMBL3137331,EFO_0000770,INDICATION,
CHEMBL3137331,EFO_0001378,INDICATION,
CHEMBL3137331,EFO_0002618,INDICATION,
CHEMBL3137331,EFO_0003060,INDICATION,
CHEMBL3137331,MONDO_0004992,INDICATION,
CHEMBL3137331,MONDO_0005184,INDICATION,
CHEMBL3137331,MONDO_0008170,INDICATION,
CHEMBL3137331,MONDO_0021148,INDICATION,
CHEMBL3137332,EFO_0000274,INDICATION,
CHEMBL3137332,EFO_0000341,INDICATION,
CHEMBL3137332,EFO_0001421,INDICATION,
CHEMBL3137332,EFO_0005854,INDICATION,
CHEMBL3137332,EFO_1000391,INDICATION,
CHEMBL3137332,MONDO_0004979,INDICATION,
CHEMBL3137333,EFO_0001642,INDICATION,
CHEMBL3137333,EFO_0007157,INDICATION,
CHEMBL3137333,EFO_0007380,INDICATION,
CHEMBL3137333,MONDO_0002041,INDICATION,
CHEMBL3137335,EFO_0000519,INDICATION,
CHEMBL3137335,EFO_0004244,INDICATION,
CHEMBL3137335,EFO_0009444,INDICATION,
CHEMBL3137335,MONDO_0100096,INDICATION,
CHEMBL3137336,EFO_0000222,INDICATION,
CHEMBL3137336,EFO_0000616,INDICATION,
CHEMBL3137336,EFO_0000756,INDICATION,
CHEMBL3137336,EFO_0001378,INDICATION,
CHEMBL3137336,EFO_0005537,INDICATION,
CHEMBL3137336,MONDO_0002974,INDICATION,
CHEMBL3137336,MONDO_0004992,INDICATION,
CHEMBL3137338,EFO_1001413,INDICATION,
CHEMBL3137339,EFO_0000222,INDICATION,
CHEMBL3137340,EFO_0003060,INDICATION,
CHEMBL3137341,EFO_0000756,INDICATION,
CHEMBL3137342,EFO_0000502,INDICATION,
CHEMBL3137342,EFO_0000564,INDICATION,
CHEMBL3137342,EFO_0000616,INDICATION,
CHEMBL3137342,EFO_0000621,INDICATION,
CHEMBL3137342,EFO_0000637,INDICATION,
CHEMBL3137342,EFO_0000702,INDICATION,
CHEMBL3137342,MONDO_0004992,INDICATION,
CHEMBL3137343,EFO_0000094,INDICATION,
CHEMBL3137343,EFO_0000095,INDICATION,
CHEMBL3137343,EFO_0000096,INDICATION,
CHEMBL3137343,EFO_0000174,INDICATION,
CHEMBL3137343,EFO_0000181,INDICATION,
CHEMBL3137343,EFO_0000182,INDICATION,
CHEMBL3137343,EFO_0000183,INDICATION,
CHEMBL3137343,EFO_0000196,INDICATION,
CHEMBL3137343,EFO_0000198,INDICATION,
CHEMBL3137343,EFO_0000220,INDICATION,
CHEMBL3137343,EFO_0000222,INDICATION,
CHEMBL3137343,EFO_0000228,INDICATION,
CHEMBL3137343,EFO_0000231,INDICATION,
CHEMBL3137343,EFO_0000272,INDICATION,
CHEMBL3137343,EFO_0000294,INDICATION,
CHEMBL3137343,EFO_0000305,INDICATION,
CHEMBL3137343,EFO_0000313,INDICATION,
CHEMBL3137343,EFO_0000349,INDICATION,
CHEMBL3137343,EFO_0000365,INDICATION,
CHEMBL3137343,EFO_0000389,INDICATION,
CHEMBL3137343,EFO_0000403,INDICATION,
CHEMBL3137343,EFO_0000432,INDICATION,
CHEMBL3137343,EFO_0000503,INDICATION,
CHEMBL3137343,EFO_0000519,INDICATION,
CHEMBL3137343,EFO_0000558,INDICATION,
CHEMBL3137343,EFO_0000565,INDICATION,
CHEMBL3137343,EFO_0000571,INDICATION,
CHEMBL3137343,EFO_0000574,INDICATION,
CHEMBL3137343,EFO_0000588,INDICATION,
CHEMBL3137343,EFO_0000616,INDICATION,
CHEMBL3137343,EFO_0000621,INDICATION,
CHEMBL3137343,EFO_0000637,INDICATION,
CHEMBL3137343,EFO_0000640,INDICATION,
CHEMBL3137343,EFO_0000673,INDICATION,
CHEMBL3137343,EFO_0000681,INDICATION,
CHEMBL3137343,EFO_0000691,INDICATION,
CHEMBL3137343,EFO_0000702,INDICATION,
CHEMBL3137343,EFO_0000707,INDICATION,
CHEMBL3137343,EFO_0000708,INDICATION,
CHEMBL3137343,EFO_0000717,INDICATION,
CHEMBL3137343,EFO_0000756,INDICATION,
CHEMBL3137343,EFO_0000760,INDICATION,
CHEMBL3137343,EFO_0000764,INDICATION,
CHEMBL3137343,EFO_0000770,INDICATION,
CHEMBL3137343,EFO_0001061,INDICATION,
CHEMBL3137343,EFO_0001071,INDICATION,
CHEMBL3137343,EFO_0001075,INDICATION,
CHEMBL3137343,EFO_0001376,INDICATION,
CHEMBL3137343,EFO_0001378,INDICATION,
CHEMBL3137343,EFO_0001416,INDICATION,
CHEMBL3137343,EFO_0001642,INDICATION,
CHEMBL3137343,EFO_0001663,INDICATION,
CHEMBL3137343,EFO_0001668,INDICATION,
CHEMBL3137343,EFO_0002499,INDICATION,
CHEMBL3137343,EFO_0002617,INDICATION,
CHEMBL3137343,EFO_0002618,INDICATION,
CHEMBL3137343,EFO_0002892,INDICATION,
CHEMBL3137343,EFO_0002913,INDICATION,
CHEMBL3137343,EFO_0002916,INDICATION,
CHEMBL3137343,EFO_0002918,INDICATION,
CHEMBL3137343,EFO_0002921,INDICATION,
CHEMBL3137343,EFO_0003060,INDICATION,
CHEMBL3137343,EFO_0003073,INDICATION,
CHEMBL3137343,EFO_0003833,INDICATION,
CHEMBL3137343,EFO_0003851,INDICATION,
CHEMBL3137343,EFO_0003860,INDICATION,
CHEMBL3137343,EFO_0003863,INDICATION,
CHEMBL3137343,EFO_0003868,INDICATION,
CHEMBL3137343,EFO_0003869,INDICATION,
CHEMBL3137343,EFO_0003891,INDICATION,
CHEMBL3137343,EFO_0003893,INDICATION,
CHEMBL3137343,EFO_0003897,INDICATION,
CHEMBL3137343,EFO_0003968,INDICATION,
CHEMBL3137343,EFO_0004142,INDICATION,
CHEMBL3137343,EFO_0004198,INDICATION,
CHEMBL3137343,EFO_0004230,INDICATION,
CHEMBL3137343,EFO_0004243,INDICATION,
CHEMBL3137343,EFO_0004252,INDICATION,
CHEMBL3137343,EFO_0004284,INDICATION,
CHEMBL3137343,EFO_0004289,INDICATION,
CHEMBL3137343,EFO_0005221,INDICATION,
CHEMBL3137343,EFO_0005537,INDICATION,
CHEMBL3137343,EFO_0005540,INDICATION,
CHEMBL3137343,EFO_0005543,INDICATION,
CHEMBL3137343,EFO_0005922,INDICATION,
CHEMBL3137343,EFO_0005950,INDICATION,
CHEMBL3137343,EFO_0005952,INDICATION,
CHEMBL3137343,EFO_0006352,INDICATION,
CHEMBL3137343,EFO_0006859,INDICATION,
CHEMBL3137343,EFO_0006861,INDICATION,
CHEMBL3137343,EFO_0007143,INDICATION,
CHEMBL3137343,EFO_0007532,INDICATION,
CHEMBL3137343,EFO_0007541,INDICATION,
CHEMBL3137343,EFO_0008528,INDICATION,
CHEMBL3137343,EFO_0009259,INDICATION,
CHEMBL3137343,EFO_0009441,INDICATION,
CHEMBL3137343,EFO_0009708,INDICATION,
CHEMBL3137343,EFO_0009709,INDICATION,
CHEMBL3137343,EFO_1000251,INDICATION,
CHEMBL3137343,EFO_1000465,INDICATION,
CHEMBL3137343,EFO_1000576,INDICATION,
CHEMBL3137343,EFO_1000581,INDICATION,
CHEMBL3137343,EFO_1000595,INDICATION,
CHEMBL3137343,EFO_1000601,INDICATION,
CHEMBL3137343,EFO_1000613,INDICATION,
CHEMBL3137343,EFO_1000657,INDICATION,
CHEMBL3137343,EFO_1000785,INDICATION,
CHEMBL3137343,EFO_1000796,INDICATION,
CHEMBL3137343,EFO_1000984,INDICATION,
CHEMBL3137343,EFO_1001012,INDICATION,
CHEMBL3137343,EFO_1001051,INDICATION,
CHEMBL3137343,EFO_1001100,INDICATION,
CHEMBL3137343,EFO_1001465,INDICATION,
CHEMBL3137343,EFO_1001469,INDICATION,
CHEMBL3137343,EFO_1001471,INDICATION,
CHEMBL3137343,EFO_1001512,INDICATION,
CHEMBL3137343,EFO_1001513,INDICATION,
CHEMBL3137343,EFO_1001901,INDICATION,
CHEMBL3137343,EFO_1001931,INDICATION,
CHEMBL3137343,EFO_1001951,INDICATION,
CHEMBL3137343,EFO_1001968,INDICATION,
CHEMBL3137343,MONDO_0000430,INDICATION,
CHEMBL3137343,MONDO_0000521,INDICATION,
CHEMBL3137343,MONDO_0001056,INDICATION,
CHEMBL3137343,MONDO_0001187,INDICATION,
CHEMBL3137343,MONDO_0001528,INDICATION,
CHEMBL3137343,MONDO_0001657,INDICATION,
CHEMBL3137343,MONDO_0001879,INDICATION,
CHEMBL3137343,MONDO_0002038,INDICATION,
CHEMBL3137343,MONDO_0002087,INDICATION,
CHEMBL3137343,MONDO_0002108,INDICATION,
CHEMBL3137343,MONDO_0002120,INDICATION,
CHEMBL3137343,MONDO_0002158,INDICATION,
CHEMBL3137343,MONDO_0002363,INDICATION,
CHEMBL3137343,MONDO_0002367,INDICATION,
CHEMBL3137343,MONDO_0002715,INDICATION,
CHEMBL3137343,MONDO_0002898,INDICATION,
CHEMBL3137343,MONDO_0002928,INDICATION,
CHEMBL3137343,MONDO_0002974,INDICATION,
CHEMBL3137343,MONDO_0003060,INDICATION,
CHEMBL3137343,MONDO_0003199,INDICATION,
CHEMBL3137343,MONDO_0003659,INDICATION,
CHEMBL3137343,MONDO_0003660,INDICATION,
CHEMBL3137343,MONDO_0004180,INDICATION,
CHEMBL3137343,MONDO_0004658,INDICATION,
CHEMBL3137343,MONDO_0004700,INDICATION,
CHEMBL3137343,MONDO_0004986,INDICATION,
CHEMBL3137343,MONDO_0004992,INDICATION,
CHEMBL3137343,MONDO_0005184,INDICATION,
CHEMBL3137343,MONDO_0005341,INDICATION,
CHEMBL3137343,MONDO_0005411,INDICATION,
CHEMBL3137343,MONDO_0005575,INDICATION,
CHEMBL3137343,MONDO_0007254,INDICATION,
CHEMBL3137343,MONDO_0007576,INDICATION,
CHEMBL3137343,MONDO_0008170,INDICATION,
CHEMBL3137343,MONDO_0008315,INDICATION,
CHEMBL3137343,MONDO_0008903,INDICATION,
CHEMBL3137343,MONDO_0009348,INDICATION,
CHEMBL3137343,MONDO_0011719,INDICATION,
CHEMBL3137343,MONDO_0011962,INDICATION,
CHEMBL3137343,MONDO_0015277,INDICATION,
CHEMBL3137343,MONDO_0016642,INDICATION,
CHEMBL3137343,MONDO_0017387,INDICATION,
CHEMBL3137343,MONDO_0018531,INDICATION,
CHEMBL3137343,MONDO_0018906,INDICATION,
CHEMBL3137343,MONDO_0018944,INDICATION,
CHEMBL3137343,MONDO_0019472,INDICATION,
CHEMBL3137343,MONDO_0020634,INDICATION,
CHEMBL3137343,MONDO_0021054,INDICATION,
CHEMBL3137343,MONDO_0021063,INDICATION,
CHEMBL3137343,MONDO_0021117,INDICATION,
CHEMBL3137343,MONDO_0021148,INDICATION,
CHEMBL3137343,MONDO_0021251,INDICATION,
CHEMBL3137343,MONDO_0021310,INDICATION,
CHEMBL3137343,MONDO_0024474,INDICATION,
CHEMBL3137343,MONDO_0024503,INDICATION,
CHEMBL3137343,MONDO_0043243,INDICATION,
CHEMBL3137343,MONDO_0044881,INDICATION,
CHEMBL3137343,MONDO_0044926,INDICATION,
CHEMBL3137343,MONDO_0100096,INDICATION,
CHEMBL3137343,MONDO_0100342,INDICATION,
CHEMBL3137343,Orphanet_145,INDICATION,
CHEMBL3137344,EFO_0001060,INDICATION,
CHEMBL3137345,EFO_0000616,INDICATION,
CHEMBL3137345,EFO_0006859,INDICATION,
CHEMBL3137345,EFO_1001951,INDICATION,
CHEMBL3137346,EFO_0000182,INDICATION,
CHEMBL3137346,EFO_0000222,INDICATION,
CHEMBL3137346,EFO_0000389,INDICATION,
CHEMBL3137346,EFO_0000519,INDICATION,
CHEMBL3137346,EFO_0000588,INDICATION,
CHEMBL3137346,EFO_0000770,INDICATION,
CHEMBL3137346,EFO_0005952,INDICATION,
CHEMBL3137346,EFO_1000359,INDICATION,
CHEMBL3137346,EFO_1001249,INDICATION,
CHEMBL3137346,EFO_1001968,INDICATION,
CHEMBL3137346,MONDO_0007254,INDICATION,
CHEMBL3137346,MONDO_0008315,INDICATION,
CHEMBL3137347,EFO_0000272,INDICATION,
CHEMBL3137347,EFO_0000519,INDICATION,
CHEMBL3137347,EFO_0000574,INDICATION,
CHEMBL3137347,EFO_0000630,INDICATION,
CHEMBL3137347,EFO_0000632,INDICATION,
CHEMBL3137347,EFO_0000681,INDICATION,
CHEMBL3137347,EFO_0000756,INDICATION,
CHEMBL3137347,EFO_0003060,INDICATION,
CHEMBL3137347,EFO_0003863,INDICATION,
CHEMBL3137347,EFO_1001956,INDICATION,
CHEMBL3137348,EFO_1000781,INDICATION,
CHEMBL3137348,MONDO_0041052,INDICATION,
CHEMBL3137349,EFO_0000319,INDICATION,
CHEMBL3137349,EFO_0004911,INDICATION,
CHEMBL3137349,MONDO_0021187,INDICATION,
CHEMBL3137350,EFO_0005226,INDICATION,
CHEMBL3137350,EFO_0007328,INDICATION,
CHEMBL3137351,EFO_0000384,INDICATION,
CHEMBL3137351,EFO_0000729,INDICATION,
CHEMBL3137353,EFO_0000341,INDICATION,
CHEMBL3137353,EFO_0001073,INDICATION,
CHEMBL3137353,EFO_0007323,INDICATION,
CHEMBL3137353,EFO_0009851,INDICATION,
CHEMBL3137353,EFO_1000653,INDICATION,
CHEMBL3137353,MONDO_0005148,INDICATION,
CHEMBL3137355,EFO_0000556,INDICATION,
CHEMBL3137355,EFO_0003086,INDICATION,
CHEMBL3137355,EFO_0003144,INDICATION,
CHEMBL3137355,MONDO_0011382,INDICATION,
CHEMBL3137358,EFO_0004220,INDICATION,
CHEMBL3137685,EFO_0000707,INDICATION,
CHEMBL3137685,EFO_0002916,INDICATION,
CHEMBL3137685,EFO_0002938,INDICATION,
CHEMBL3137685,EFO_0003060,INDICATION,
CHEMBL3137685,EFO_0004252,INDICATION,
CHEMBL3137685,EFO_0005922,INDICATION,
CHEMBL3137685,EFO_1000158,INDICATION,
CHEMBL3137685,MONDO_0002974,INDICATION,
CHEMBL3137685,MONDO_0007576,INDICATION,
CHEMBL3137691,EFO_0000771,INDICATION,
CHEMBL3137691,EFO_0003102,INDICATION,
CHEMBL3137691,MONDO_0021679,INDICATION,
CHEMBL3137693,EFO_0000616,INDICATION,
CHEMBL3137693,MONDO_0004976,INDICATION,
CHEMBL3137693,MONDO_0005180,INDICATION,
CHEMBL3137693,MONDO_0005301,INDICATION,
CHEMBL313833,EFO_0000319,CONTRAINDICATION,
CHEMBL313833,EFO_0000400,CONTRAINDICATION,
CHEMBL313833,EFO_0000474,CONTRAINDICATION,
CHEMBL313833,EFO_0000537,CONTRAINDICATION,
CHEMBL313833,EFO_0001645,CONTRAINDICATION,
CHEMBL313833,EFO_0003086,CONTRAINDICATION,
CHEMBL313833,EFO_0003763,CONTRAINDICATION,
CHEMBL313833,EFO_0005251,CONTRAINDICATION,
CHEMBL313833,EFO_0005252,CONTRAINDICATION,
CHEMBL313833,EFO_0009189,CONTRAINDICATION,
CHEMBL313833,MONDO_0002009,INDICATION,
CHEMBL313833,MONDO_0004985,CONTRAINDICATION,
CHEMBL313833,MONDO_0005090,CONTRAINDICATION,
CHEMBL313833,MONDO_0007079,CONTRAINDICATION,
CHEMBL313833,MONDO_0008233,CONTRAINDICATION,
CHEMBL3139186,EFO_0004616,INDICATION,
CHEMBL313971,EFO_0003843,INDICATION,
CHEMBL313971,EFO_0004616,INDICATION,
CHEMBL313971,EFO_1000906,INDICATION,
CHEMBL313971,MONDO_0041052,INDICATION,
CHEMBL313972,EFO_0000616,INDICATION,
CHEMBL313972,EFO_0002496,INDICATION,
CHEMBL313972,MONDO_0008315,INDICATION,
CHEMBL314010,EFO_0000319,INDICATION,
CHEMBL314010,MONDO_0007739,INDICATION,
CHEMBL3140361,EFO_0000764,INDICATION,
CHEMBL3140361,EFO_0007386,INDICATION,
CHEMBL3140361,EFO_1000049,INDICATION,
CHEMBL3140361,MONDO_0018076,INDICATION,
CHEMBL3140370,EFO_0000275,INDICATION,
CHEMBL3140370,EFO_0004269,INDICATION,
CHEMBL31422,EFO_0004272,INDICATION,
CHEMBL31422,MONDO_0005575,INDICATION,
CHEMBL3143549,EFO_0003060,INDICATION,
CHEMBL314437,EFO_0003843,INDICATION,
CHEMBL314854,EFO_0000305,INDICATION,
CHEMBL314854,EFO_0000400,CONTRAINDICATION,
CHEMBL314854,EFO_0000519,INDICATION,
CHEMBL314854,EFO_0000540,INDICATION,
CHEMBL314854,EFO_0000712,INDICATION,
CHEMBL314854,EFO_0002499,INDICATION,
CHEMBL314854,EFO_0003086,CONTRAINDICATION,
CHEMBL314854,EFO_0003818,CONTRAINDICATION,
CHEMBL314854,EFO_0003840,INDICATION,
CHEMBL314854,EFO_0003929,INDICATION,
CHEMBL314854,EFO_0007405,INDICATION,
CHEMBL314854,EFO_0008520,INDICATION,
CHEMBL314854,EFO_1000868,INDICATION,
CHEMBL314854,EFO_1001231,CONTRAINDICATION,
CHEMBL314854,MONDO_0000468,CONTRAINDICATION,
CHEMBL314854,MONDO_0001823,CONTRAINDICATION,
CHEMBL314854,MONDO_0003005,CONTRAINDICATION,
CHEMBL314854,MONDO_0004976,INDICATION,
CHEMBL314854,MONDO_0004979,INDICATION,
CHEMBL314854,MONDO_0005090,INDICATION,
CHEMBL314854,MONDO_0005301,INDICATION,
CHEMBL314854,MONDO_0010726,INDICATION,
CHEMBL314854,MONDO_0100096,INDICATION,
CHEMBL314854,MONDO_0100192,CONTRAINDICATION,
CHEMBL31574,EFO_0000694,INDICATION,
CHEMBL31574,EFO_0004143,INDICATION,
CHEMBL31574,EFO_0004616,INDICATION,
CHEMBL31574,EFO_1000654,INDICATION,
CHEMBL31574,MONDO_0005178,INDICATION,
CHEMBL31574,MONDO_0007254,INDICATION,
CHEMBL31574,MONDO_0100096,INDICATION,
CHEMBL315795,EFO_0004698,INDICATION,
CHEMBL315795,EFO_0004777,INDICATION,
CHEMBL315795,EFO_0005230,INDICATION,
CHEMBL315795,MONDO_0002050,INDICATION,
CHEMBL315795,MONDO_0005090,INDICATION,
CHEMBL315818,EFO_0003888,INDICATION,
CHEMBL315838,EFO_0004269,INDICATION,
CHEMBL315985,EFO_0000474,INDICATION,
CHEMBL31601,EFO_0000319,INDICATION,
CHEMBL316157,EFO_0000771,INDICATION,
CHEMBL316160,EFO_0000537,CONTRAINDICATION,
CHEMBL316160,EFO_0009189,CONTRAINDICATION,
CHEMBL316160,EFO_0009314,CONTRAINDICATION,
CHEMBL316160,EFO_1001069,CONTRAINDICATION,
CHEMBL316160,MONDO_0001744,CONTRAINDICATION,
CHEMBL316160,MONDO_0004247,CONTRAINDICATION,
CHEMBL316160,MONDO_0007079,CONTRAINDICATION,
CHEMBL316160,MONDO_0100192,CONTRAINDICATION,
CHEMBL31634,EFO_0000763,INDICATION,
CHEMBL31634,EFO_0002618,INDICATION,
CHEMBL31634,EFO_1001951,INDICATION,
CHEMBL316561,EFO_0001422,INDICATION,
CHEMBL316561,EFO_0002618,INDICATION,
CHEMBL316561,EFO_0003948,INDICATION,
CHEMBL316561,EFO_1001249,INDICATION,
CHEMBL317052,EFO_0000319,INDICATION,
CHEMBL317052,EFO_0000341,CONTRAINDICATION,
CHEMBL317052,EFO_0000474,CONTRAINDICATION,
CHEMBL317052,EFO_0000537,CONTRAINDICATION,
CHEMBL317052,EFO_0001645,INDICATION,
CHEMBL317052,EFO_0003764,CONTRAINDICATION,
CHEMBL317052,EFO_0005251,CONTRAINDICATION,
CHEMBL317052,EFO_0007372,CONTRAINDICATION,
CHEMBL317052,EFO_0007427,CONTRAINDICATION,
CHEMBL317052,EFO_0009532,CONTRAINDICATION,
CHEMBL317052,EFO_1001154,INDICATION,
CHEMBL317052,MONDO_0000468,CONTRAINDICATION,
CHEMBL317052,MONDO_0001370,CONTRAINDICATION,
CHEMBL317052,MONDO_0001823,CONTRAINDICATION,
CHEMBL317052,MONDO_0004979,CONTRAINDICATION,
CHEMBL317052,MONDO_0011382,INDICATION,
CHEMBL317052,MONDO_0042981,CONTRAINDICATION,
CHEMBL317094,EFO_0000319,INDICATION,
CHEMBL317094,EFO_0000537,INDICATION,
CHEMBL317094,EFO_1001496,INDICATION,
CHEMBL317094,MONDO_0001134,INDICATION,
CHEMBL318153,EFO_0000763,INDICATION,
CHEMBL3181832,EFO_0003102,INDICATION,
CHEMBL3181841,EFO_0000555,INDICATION,
CHEMBL3181870,EFO_0004280,INDICATION,
CHEMBL318191,MONDO_0005475,INDICATION,
CHEMBL318191,MONDO_0100431,INDICATION,
CHEMBL3181947,EFO_0003843,INDICATION,
CHEMBL3181947,MONDO_0005129,INDICATION,
CHEMBL3181947,MP_0001845,INDICATION,
CHEMBL3182314,EFO_0000694,INDICATION,
CHEMBL3182320,EFO_0000319,INDICATION,
CHEMBL3182320,EFO_0003913,INDICATION,
CHEMBL3182320,MP_0001845,INDICATION,
CHEMBL3182343,EFO_0000771,INDICATION,
CHEMBL3182444,EFO_0000616,INDICATION,
CHEMBL3182621,MONDO_0004992,INDICATION,
CHEMBL3182733,EFO_0004270,INDICATION,
CHEMBL3182733,MONDO_0004976,INDICATION,
CHEMBL3182733,MONDO_0004985,INDICATION,
CHEMBL3182733,MONDO_0005180,INDICATION,
CHEMBL3183075,EFO_0000217,INDICATION,
CHEMBL3183075,EFO_0003948,INDICATION,
CHEMBL3183075,EFO_0004607,INDICATION,
CHEMBL3183075,EFO_0007549,OFF_LABEL_USE,
CHEMBL3183075,EFO_0008533,INDICATION,
CHEMBL3183075,EFO_0009454,INDICATION,
CHEMBL3183075,EFO_1000948,INDICATION,
CHEMBL3183075,EFO_1001095,INDICATION,
CHEMBL3183075,MONDO_0001056,CONTRAINDICATION,
CHEMBL3183075,MONDO_0001343,CONTRAINDICATION,
CHEMBL3183075,MONDO_0004247,INDICATION,
CHEMBL3183075,MONDO_0016586,OFF_LABEL_USE,
CHEMBL3183075,MONDO_0017169,OFF_LABEL_USE,
CHEMBL3183184,EFO_0003958,INDICATION,
CHEMBL3183184,EFO_0003963,INDICATION,
CHEMBL3183184,MONDO_0002898,INDICATION,
CHEMBL3183409,EFO_0000196,INDICATION,
CHEMBL3183409,EFO_0000616,INDICATION,
CHEMBL3183409,EFO_0000673,INDICATION,
CHEMBL3183409,EFO_0001421,INDICATION,
CHEMBL3183409,EFO_0001663,INDICATION,
CHEMBL3183409,EFO_0003826,INDICATION,
CHEMBL3183409,MONDO_0004992,INDICATION,
CHEMBL3183409,MONDO_0008315,INDICATION,
CHEMBL3183440,MONDO_0002406,CONTRAINDICATION,
CHEMBL3183453,EFO_0000616,INDICATION,
CHEMBL3183549,EFO_1000783,INDICATION,
CHEMBL3183549,MONDO_0004975,INDICATION,
CHEMBL3183549,MONDO_0005147,INDICATION,
CHEMBL3183549,MONDO_0005148,INDICATION,
CHEMBL3183704,EFO_0004272,INDICATION,
CHEMBL3183968,DOID_7551,INDICATION,
CHEMBL3183968,EFO_0000544,INDICATION,
CHEMBL3183968,EFO_0000584,INDICATION,
CHEMBL3183968,EFO_0000616,INDICATION,
CHEMBL3183968,EFO_0003103,INDICATION,
CHEMBL3183968,EFO_0004992,INDICATION,
CHEMBL3183968,EFO_1000710,INDICATION,
CHEMBL3183968,EFO_1001388,INDICATION,
CHEMBL3183968,MONDO_0024355,INDICATION,
CHEMBL3184026,MONDO_0001920,CONTRAINDICATION,
CHEMBL3184026,MONDO_0021666,CONTRAINDICATION,
CHEMBL3184454,MONDO_0004247,INDICATION,
CHEMBL3184512,EFO_0000544,INDICATION,
CHEMBL3184512,EFO_0000555,INDICATION,
CHEMBL3184512,EFO_0003030,INDICATION,
CHEMBL3184512,EFO_0003097,INDICATION,
CHEMBL3184512,EFO_0003102,INDICATION,
CHEMBL3184512,EFO_0003106,INDICATION,
CHEMBL3184512,EFO_0003894,INDICATION,
CHEMBL3184512,EFO_0003932,INDICATION,
CHEMBL3184512,EFO_0008588,INDICATION,
CHEMBL3184512,EFO_0009549,INDICATION,
CHEMBL3184512,EFO_1000760,INDICATION,
CHEMBL3184512,EFO_1001084,INDICATION,
CHEMBL3184512,EFO_1001240,INDICATION,
CHEMBL3184512,EFO_1001312,INDICATION,
CHEMBL3184512,EFO_1001314,INDICATION,
CHEMBL3184512,EFO_1001362,INDICATION,
CHEMBL3184512,EFO_1001753,INDICATION,
CHEMBL3184512,MONDO_0024355,INDICATION,
CHEMBL3184679,EFO_0000228,INDICATION,
CHEMBL3184679,EFO_0000326,INDICATION,
CHEMBL3184679,EFO_0000707,INDICATION,
CHEMBL3184679,EFO_0000708,INDICATION,
CHEMBL3184679,EFO_0001378,INDICATION,
CHEMBL3184679,EFO_0003060,INDICATION,
CHEMBL3184679,EFO_0008528,INDICATION,
CHEMBL3184679,MONDO_0001056,INDICATION,
CHEMBL3184679,MONDO_0001187,INDICATION,
CHEMBL3184679,MONDO_0004992,INDICATION,
CHEMBL3184679,MONDO_0007254,INDICATION,
CHEMBL3184791,EFO_0000544,INDICATION,
CHEMBL3184791,EFO_0003103,INDICATION,
CHEMBL3184791,EFO_0003106,INDICATION,
CHEMBL3184791,EFO_0007291,INDICATION,
CHEMBL3184791,EFO_0007481,INDICATION,
CHEMBL3184791,EFO_1001444,INDICATION,
CHEMBL3184791,MONDO_0018076,INDICATION,
CHEMBL3184949,Orphanet_758,INDICATION,
CHEMBL3184986,EFO_0003106,INDICATION,
CHEMBL3184986,EFO_0004280,INDICATION,
CHEMBL3184986,EFO_1000697,INDICATION,
CHEMBL3184986,EFO_1001904,INDICATION,
CHEMBL3184986,MONDO_0010200,INDICATION,
CHEMBL3184986,MONDO_0100096,INDICATION,
CHEMBL3185022,EFO_0005203,INDICATION,
CHEMBL3185022,MONDO_0005148,INDICATION,
CHEMBL3185229,EFO_0000574,INDICATION,
CHEMBL3185229,EFO_0000712,INDICATION,
CHEMBL3185229,EFO_0003833,INDICATION,
CHEMBL3185229,MONDO_0005147,INDICATION,
CHEMBL3185229,MONDO_0016487,INDICATION,
CHEMBL3185229,MP_0001914,INDICATION,
CHEMBL3185463,MONDO_0002009,INDICATION,
CHEMBL3185958,EFO_0000545,INDICATION,
CHEMBL3185958,EFO_0000660,INDICATION,
CHEMBL3185958,EFO_0008560,INDICATION,
CHEMBL3185958,MP_0001914,INDICATION,
CHEMBL3186011,EFO_0000198,INDICATION,
CHEMBL3186011,EFO_0000616,INDICATION,
CHEMBL3186011,EFO_0000756,INDICATION,
CHEMBL3186011,EFO_0002916,INDICATION,
CHEMBL3186011,EFO_1001469,INDICATION,
CHEMBL3186011,MONDO_0008170,INDICATION,
CHEMBL3186112,EFO_0000474,CONTRAINDICATION,
CHEMBL3186112,EFO_0003086,CONTRAINDICATION,
CHEMBL3186112,EFO_0003877,CONTRAINDICATION,
CHEMBL3186112,EFO_0004190,CONTRAINDICATION,
CHEMBL3186112,MONDO_0001744,CONTRAINDICATION,
CHEMBL3186112,MONDO_0002050,CONTRAINDICATION,
CHEMBL3186112,MONDO_0002280,CONTRAINDICATION,
CHEMBL3186112,MONDO_0002491,CONTRAINDICATION,
CHEMBL3186112,MONDO_0007079,CONTRAINDICATION,
CHEMBL3186112,MONDO_0008294,CONTRAINDICATION,
CHEMBL3186112,MONDO_0037821,CONTRAINDICATION,
CHEMBL3186112,MONDO_0100192,CONTRAINDICATION,
CHEMBL3186492,EFO_0003843,INDICATION,
CHEMBL3186492,EFO_0004888,INDICATION,
CHEMBL3186492,EFO_0006911,INDICATION,
CHEMBL3186492,EFO_0007386,INDICATION,
CHEMBL3186492,EFO_0011023,INDICATION,
CHEMBL3186492,MONDO_0004992,INDICATION,
CHEMBL3186492,Orphanet_79292,INDICATION,
CHEMBL3186534,EFO_0000178,INDICATION,
CHEMBL3186534,EFO_0000181,INDICATION,
CHEMBL3186534,EFO_0000182,INDICATION,
CHEMBL3186534,EFO_0000199,INDICATION,
CHEMBL3186534,EFO_0000211,INDICATION,
CHEMBL3186534,EFO_0000231,INDICATION,
CHEMBL3186534,EFO_0000313,INDICATION,
CHEMBL3186534,EFO_0000365,INDICATION,
CHEMBL3186534,EFO_0000503,INDICATION,
CHEMBL3186534,EFO_0000571,INDICATION,
CHEMBL3186534,EFO_0000574,INDICATION,
CHEMBL3186534,EFO_0000616,INDICATION,
CHEMBL3186534,EFO_0000621,INDICATION,
CHEMBL3186534,EFO_0000637,INDICATION,
CHEMBL3186534,EFO_0000681,INDICATION,
CHEMBL3186534,EFO_0000691,INDICATION,
CHEMBL3186534,EFO_0000702,INDICATION,
CHEMBL3186534,EFO_0000707,INDICATION,
CHEMBL3186534,EFO_0000756,INDICATION,
CHEMBL3186534,EFO_0001061,INDICATION,
CHEMBL3186534,EFO_0001071,INDICATION,
CHEMBL3186534,EFO_0002618,INDICATION,
CHEMBL3186534,EFO_0002916,INDICATION,
CHEMBL3186534,EFO_0002939,INDICATION,
CHEMBL3186534,EFO_0003060,INDICATION,
CHEMBL3186534,EFO_0003860,INDICATION,
CHEMBL3186534,EFO_0003868,INDICATION,
CHEMBL3186534,EFO_0003869,INDICATION,
CHEMBL3186534,EFO_0003891,INDICATION,
CHEMBL3186534,EFO_0003893,INDICATION,
CHEMBL3186534,EFO_0003897,INDICATION,
CHEMBL3186534,EFO_0004142,INDICATION,
CHEMBL3186534,EFO_0004252,INDICATION,
CHEMBL3186534,EFO_0004284,INDICATION,
CHEMBL3186534,EFO_0005221,INDICATION,
CHEMBL3186534,EFO_0005537,INDICATION,
CHEMBL3186534,EFO_0005543,INDICATION,
CHEMBL3186534,EFO_0005922,INDICATION,
CHEMBL3186534,EFO_0006859,INDICATION,
CHEMBL3186534,EFO_0009708,INDICATION,
CHEMBL3186534,EFO_1000359,INDICATION,
CHEMBL3186534,EFO_1001951,INDICATION,
CHEMBL3186534,EFO_1001956,INDICATION,
CHEMBL3186534,EFO_1001961,INDICATION,
CHEMBL3186534,EFO_1001968,INDICATION,
CHEMBL3186534,EFO_1002017,INDICATION,
CHEMBL3186534,MONDO_0001056,INDICATION,
CHEMBL3186534,MONDO_0002108,INDICATION,
CHEMBL3186534,MONDO_0002120,INDICATION,
CHEMBL3186534,MONDO_0002974,INDICATION,
CHEMBL3186534,MONDO_0003060,INDICATION,
CHEMBL3186534,MONDO_0004992,INDICATION,
CHEMBL3186534,MONDO_0005575,INDICATION,
CHEMBL3186534,MONDO_0007254,INDICATION,
CHEMBL3186534,MONDO_0007576,INDICATION,
CHEMBL3186534,MONDO_0008170,INDICATION,
CHEMBL3186534,MONDO_0008315,INDICATION,
CHEMBL3186534,MONDO_0008903,INDICATION,
CHEMBL3186534,MONDO_0011719,INDICATION,
CHEMBL3186534,MONDO_0018944,INDICATION,
CHEMBL3186534,MONDO_0021063,INDICATION,
CHEMBL3186534,MONDO_0100342,INDICATION,
CHEMBL3186538,EFO_0000771,INDICATION,
CHEMBL3186849,EFO_0000198,INDICATION,
CHEMBL3186849,EFO_0000222,INDICATION,
CHEMBL3186849,EFO_0000565,INDICATION,
CHEMBL3186849,EFO_0000574,INDICATION,
CHEMBL3186849,EFO_0000691,INDICATION,
CHEMBL3186849,EFO_0002618,INDICATION,
CHEMBL3186849,EFO_0004142,INDICATION,
CHEMBL3186849,EFO_0005952,INDICATION,
CHEMBL3186849,EFO_1000286,INDICATION,
CHEMBL3186849,MONDO_0003060,INDICATION,
CHEMBL3186849,MONDO_0004992,INDICATION,
CHEMBL3186849,MONDO_0005184,INDICATION,
CHEMBL3187365,EFO_0005407,INDICATION,
CHEMBL3187365,EFO_0005411,INDICATION,
CHEMBL3187365,EFO_0009963,INDICATION,
CHEMBL3187365,MONDO_0004985,INDICATION,
CHEMBL3187365,MONDO_0005090,INDICATION,
CHEMBL3187503,MONDO_0005148,INDICATION,
CHEMBL3187503,Orphanet_309005,INDICATION,
CHEMBL3187683,EFO_0000712,INDICATION,
CHEMBL3187683,EFO_1001045,INDICATION,
CHEMBL3187683,MONDO_0004975,INDICATION,
CHEMBL3187683,MONDO_0004976,INDICATION,
CHEMBL3187683,MONDO_0005180,INDICATION,
CHEMBL3187723,EFO_0000305,INDICATION,
CHEMBL3187723,EFO_0000389,INDICATION,
CHEMBL3187723,EFO_0000565,INDICATION,
CHEMBL3187723,EFO_0000616,INDICATION,
CHEMBL3187723,EFO_0000685,INDICATION,
CHEMBL3187723,EFO_0000756,INDICATION,
CHEMBL3187723,EFO_0001075,INDICATION,
CHEMBL3187723,EFO_0001378,INDICATION,
CHEMBL3187723,EFO_0001421,INDICATION,
CHEMBL3187723,EFO_0002503,INDICATION,
CHEMBL3187723,EFO_0002617,INDICATION,
CHEMBL3187723,EFO_0002618,INDICATION,
CHEMBL3187723,EFO_0002892,INDICATION,
CHEMBL3187723,EFO_0003060,INDICATION,
CHEMBL3187723,EFO_0003833,INDICATION,
CHEMBL3187723,EFO_0003891,INDICATION,
CHEMBL3187723,EFO_0004606,INDICATION,
CHEMBL3187723,EFO_0005537,INDICATION,
CHEMBL3187723,EFO_0009259,INDICATION,
CHEMBL3187723,EFO_1000251,INDICATION,
CHEMBL3187723,EFO_1000657,INDICATION,
CHEMBL3187723,EFO_1000956,INDICATION,
CHEMBL3187723,EFO_1001512,INDICATION,
CHEMBL3187723,EFO_1001951,INDICATION,
CHEMBL3187723,EFO_1001959,INDICATION,
CHEMBL3187723,MONDO_0002087,INDICATION,
CHEMBL3187723,MONDO_0002158,INDICATION,
CHEMBL3187723,MONDO_0003060,INDICATION,
CHEMBL3187723,MONDO_0004992,INDICATION,
CHEMBL3187723,MONDO_0007254,INDICATION,
CHEMBL3187723,MONDO_0008170,INDICATION,
CHEMBL3187723,MONDO_0008903,INDICATION,
CHEMBL3187723,MONDO_0011719,INDICATION,
CHEMBL3187723,MONDO_0021063,INDICATION,
CHEMBL3187812,EFO_0000537,INDICATION,
CHEMBL3187985,EFO_0000616,INDICATION,
CHEMBL3187985,EFO_0003882,INDICATION,
CHEMBL3187985,MONDO_0005180,INDICATION,
CHEMBL3188034,EFO_0003956,INDICATION,
CHEMBL3188034,EFO_0005854,INDICATION,
CHEMBL3188034,EFO_0007214,INDICATION,
CHEMBL3188091,EFO_0000313,INDICATION,
CHEMBL3188091,EFO_0000712,INDICATION,
CHEMBL3188091,EFO_0003060,INDICATION,
CHEMBL3188091,EFO_0003891,INDICATION,
CHEMBL3188091,EFO_1001919,INDICATION,
CHEMBL3188202,EFO_0005252,CONTRAINDICATION,
CHEMBL3188202,EFO_0005669,CONTRAINDICATION,
CHEMBL3188202,EFO_1001132,CONTRAINDICATION,
CHEMBL3188202,MONDO_0001117,CONTRAINDICATION,
CHEMBL3188202,MONDO_0002280,CONTRAINDICATION,
CHEMBL3188202,MONDO_0005041,CONTRAINDICATION,
CHEMBL3188267,EFO_0000182,INDICATION,
CHEMBL3188267,EFO_0000389,INDICATION,
CHEMBL3188267,EFO_0000519,INDICATION,
CHEMBL3188267,EFO_0000616,INDICATION,
CHEMBL3188267,EFO_0000756,INDICATION,
CHEMBL3188267,EFO_0001421,INDICATION,
CHEMBL3188267,EFO_0003060,INDICATION,
CHEMBL3188267,EFO_1001968,INDICATION,
CHEMBL3188267,MONDO_0002367,INDICATION,
CHEMBL3188267,MONDO_0004992,INDICATION,
CHEMBL3188267,MONDO_0007254,INDICATION,
CHEMBL3188267,MONDO_0008903,INDICATION,
CHEMBL3188292,EFO_0003086,CONTRAINDICATION,
CHEMBL3188292,EFO_0003948,INDICATION,
CHEMBL3188292,EFO_0008533,INDICATION,
CHEMBL3188292,EFO_0009552,CONTRAINDICATION,
CHEMBL3188292,MONDO_0000313,CONTRAINDICATION,
CHEMBL3188292,MONDO_0002203,CONTRAINDICATION,
CHEMBL3188292,MONDO_0004247,INDICATION,
CHEMBL3188292,MONDO_0016586,OFF_LABEL_USE,
CHEMBL3188292,MONDO_0017169,OFF_LABEL_USE,
CHEMBL3188292,MONDO_0044751,CONTRAINDICATION,
CHEMBL3188386,EFO_0000707,INDICATION,
CHEMBL3188551,EFO_0000503,INDICATION,
CHEMBL3188551,EFO_0000616,INDICATION,
CHEMBL3188551,EFO_0001378,INDICATION,
CHEMBL3188551,EFO_0002617,INDICATION,
CHEMBL3188551,MONDO_0004992,INDICATION,
CHEMBL3188993,EFO_0001358,INDICATION,
CHEMBL3188993,EFO_0004242,INDICATION,
CHEMBL3188993,EFO_0004257,INDICATION,
CHEMBL3188993,EFO_0005230,INDICATION,
CHEMBL3188993,EFO_0005407,INDICATION,
CHEMBL3188993,EFO_0005411,INDICATION,
CHEMBL3188993,EFO_0009963,INDICATION,
CHEMBL3188993,EFO_0009964,INDICATION,
CHEMBL3188993,EFO_1001892,INDICATION,
CHEMBL3188993,EFO_1001917,INDICATION,
CHEMBL3188993,MONDO_0002009,INDICATION,
CHEMBL3188993,MONDO_0002046,INDICATION,
CHEMBL3188993,MONDO_0002050,INDICATION,
CHEMBL3188993,MONDO_0004985,INDICATION,
CHEMBL3188993,MONDO_0005090,INDICATION,
CHEMBL3188993,MONDO_0005301,INDICATION,
CHEMBL3188993,MONDO_0007079,INDICATION,
CHEMBL3188993,Orphanet_79292,INDICATION,
CHEMBL3189072,EFO_0000612,INDICATION,
CHEMBL31891,EFO_0000771,INDICATION,
CHEMBL319111,EFO_0003888,INDICATION,
CHEMBL319144,EFO_0003854,INDICATION,
CHEMBL319144,EFO_0003882,INDICATION,
CHEMBL31965,EFO_0003060,INDICATION,
CHEMBL31965,EFO_0003869,INDICATION,
CHEMBL31965,MONDO_0021117,INDICATION,
CHEMBL319669,DOID_10113,INDICATION,
CHEMBL319669,EFO_0001068,INDICATION,
CHEMBL319669,EFO_0007448,INDICATION,
CHEMBL32,EFO_0000341,INDICATION,
CHEMBL32,EFO_0000373,INDICATION,
CHEMBL32,EFO_0000400,INDICATION,
CHEMBL32,EFO_0000474,CONTRAINDICATION,
CHEMBL32,EFO_0000537,INDICATION,
CHEMBL32,EFO_0000540,INDICATION,
CHEMBL32,EFO_0000544,INDICATION,
CHEMBL32,EFO_0000574,INDICATION,
CHEMBL32,EFO_0000616,INDICATION,
CHEMBL32,EFO_0000681,INDICATION,
CHEMBL32,EFO_0000685,INDICATION,
CHEMBL32,EFO_0000701,INDICATION,
CHEMBL32,EFO_0000764,INDICATION,
CHEMBL32,EFO_0000765,INDICATION,
CHEMBL32,EFO_0000771,INDICATION,
CHEMBL32,EFO_0001073,INDICATION,
CHEMBL32,EFO_0001422,CONTRAINDICATION,
CHEMBL32,EFO_0001645,INDICATION,
CHEMBL32,EFO_0003030,INDICATION,
CHEMBL32,EFO_0003035,INDICATION,
CHEMBL32,EFO_0003047,INDICATION,
CHEMBL32,EFO_0003095,INDICATION,
CHEMBL32,EFO_0003100,CONTRAINDICATION,
CHEMBL32,EFO_0003102,INDICATION,
CHEMBL32,EFO_0003106,INDICATION,
CHEMBL32,EFO_0003818,INDICATION,
CHEMBL32,EFO_0003843,INDICATION,
CHEMBL32,EFO_0003917,INDICATION,
CHEMBL32,EFO_0004234,INDICATION,
CHEMBL32,EFO_0004270,INDICATION,
CHEMBL32,EFO_0004272,INDICATION,
CHEMBL32,EFO_0004319,INDICATION,
CHEMBL32,EFO_0004991,CONTRAINDICATION,
CHEMBL32,EFO_0004992,INDICATION,
CHEMBL32,EFO_0005252,INDICATION,
CHEMBL32,EFO_0005307,CONTRAINDICATION,
CHEMBL32,EFO_0005411,INDICATION,
CHEMBL32,EFO_0005672,INDICATION,
CHEMBL32,EFO_0005681,INDICATION,
CHEMBL32,EFO_0005687,INDICATION,
CHEMBL32,EFO_0005741,INDICATION,
CHEMBL32,EFO_0006505,INDICATION,
CHEMBL32,EFO_0006911,INDICATION,
CHEMBL32,EFO_0007126,INDICATION,
CHEMBL32,EFO_0007328,INDICATION,
CHEMBL32,EFO_0007381,INDICATION,
CHEMBL32,EFO_0007387,INDICATION,
CHEMBL32,EFO_0007445,INDICATION,
CHEMBL32,EFO_0007470,INDICATION,
CHEMBL32,EFO_0007481,INDICATION,
CHEMBL32,EFO_0007486,INDICATION,
CHEMBL32,EFO_0007496,INDICATION,
CHEMBL32,EFO_0007499,INDICATION,
CHEMBL32,EFO_0008533,INDICATION,
CHEMBL32,EFO_0008588,INDICATION,
CHEMBL32,EFO_0009560,INDICATION,
CHEMBL32,EFO_0009579,INDICATION,
CHEMBL32,EFO_0700060,INDICATION,
CHEMBL32,EFO_1000049,OFF_LABEL_USE,
CHEMBL32,EFO_1000829,INDICATION,
CHEMBL32,EFO_1000905,CONTRAINDICATION,
CHEMBL32,EFO_1000961,INDICATION,
CHEMBL32,EFO_1001272,INDICATION,
CHEMBL32,EFO_1001289,INDICATION,
CHEMBL32,EFO_1001375,CONTRAINDICATION,
CHEMBL32,EFO_1001388,INDICATION,
CHEMBL32,EFO_1001482,INDICATION,
CHEMBL32,EFO_1001888,INDICATION,
CHEMBL32,MONDO_0001024,INDICATION,
CHEMBL32,MONDO_0003472,INDICATION,
CHEMBL32,MONDO_0004857,CONTRAINDICATION,
CHEMBL32,MONDO_0004975,INDICATION,
CHEMBL32,MONDO_0004976,INDICATION,
CHEMBL32,MONDO_0004979,INDICATION,
CHEMBL32,MONDO_0004992,INDICATION,
CHEMBL32,MONDO_0005090,INDICATION,
CHEMBL32,MONDO_0005129,INDICATION,
CHEMBL32,MONDO_0005148,INDICATION,
CHEMBL32,MONDO_0005180,INDICATION,
CHEMBL32,MONDO_0007254,INDICATION,
CHEMBL32,MONDO_0007915,INDICATION,
CHEMBL32,MONDO_0009061,INDICATION,
CHEMBL32,MONDO_0009861,INDICATION,
CHEMBL32,MONDO_0013730,INDICATION,
CHEMBL32,MONDO_0016047,INDICATION,
CHEMBL32,MONDO_0018076,INDICATION,
CHEMBL32,MONDO_0019171,CONTRAINDICATION,
CHEMBL32,MONDO_0021108,INDICATION,
CHEMBL32,MONDO_0024355,INDICATION,
CHEMBL32,MONDO_0025598,INDICATION,
CHEMBL32,MONDO_0030602,INDICATION,
CHEMBL32,MONDO_0041806,INDICATION,
CHEMBL32,MONDO_0100096,INDICATION,
CHEMBL32,MP_0001845,INDICATION,
CHEMBL32,Orphanet_309005,INDICATION,
CHEMBL320775,MONDO_0002691,INDICATION,
CHEMBL3215298,EFO_0001068,INDICATION,
CHEMBL321582,EFO_0000275,INDICATION,
CHEMBL3218390,MONDO_0000430,INDICATION,
CHEMBL3218390,MONDO_0004992,INDICATION,
CHEMBL3218576,EFO_0000095,INDICATION,
CHEMBL3218576,EFO_0000096,INDICATION,
CHEMBL3218576,EFO_0000183,INDICATION,
CHEMBL3218576,EFO_0000220,INDICATION,
CHEMBL3218576,EFO_0000305,INDICATION,
CHEMBL3218576,EFO_0000403,INDICATION,
CHEMBL3218576,EFO_0000574,INDICATION,
CHEMBL3218576,EFO_0000616,INDICATION,
CHEMBL3218576,EFO_0000707,INDICATION,
CHEMBL3218576,EFO_0001378,INDICATION,
CHEMBL3218576,EFO_0003060,INDICATION,
CHEMBL3218576,EFO_0004606,INDICATION,
CHEMBL3218576,EFO_0005221,INDICATION,
CHEMBL3218576,EFO_0005537,INDICATION,
CHEMBL3218576,EFO_0005952,INDICATION,
CHEMBL3218576,EFO_0007532,INDICATION,
CHEMBL3218576,EFO_0008528,INDICATION,
CHEMBL3218576,EFO_1001051,INDICATION,
CHEMBL3218576,EFO_1001469,INDICATION,
CHEMBL3218576,MONDO_0007254,INDICATION,
CHEMBL3218576,MONDO_0008315,INDICATION,
CHEMBL3218576,MONDO_0018906,INDICATION,
CHEMBL3218576,MONDO_0021063,INDICATION,
CHEMBL3218578,MONDO_0004992,INDICATION,
CHEMBL3218578,MONDO_0007254,INDICATION,
CHEMBL3218578,MONDO_0016063,INDICATION,
CHEMBL3219124,MONDO_0005147,INDICATION,
CHEMBL3219124,MONDO_0005148,INDICATION,
CHEMBL3219124,MONDO_0100096,INDICATION,
CHEMBL3219143,EFO_0000764,INDICATION,
CHEMBL3219616,EFO_0001073,INDICATION,
CHEMBL3219616,EFO_0004714,INDICATION,
CHEMBL3219616,MONDO_0007079,INDICATION,
CHEMBL322241,EFO_0000764,INDICATION,
CHEMBL3233142,MONDO_0005090,INDICATION,
CHEMBL323348,EFO_0001067,INDICATION,
CHEMBL3234237,MONDO_0005090,INDICATION,
CHEMBL32350,MONDO_0002050,INDICATION,
CHEMBL3235279,EFO_0000275,INDICATION,
CHEMBL3235279,EFO_0003913,INDICATION,
CHEMBL3235620,EFO_0000222,INDICATION,
CHEMBL3235620,EFO_0000274,INDICATION,
CHEMBL3235620,EFO_0003060,INDICATION,
CHEMBL3235620,EFO_0003860,INDICATION,
CHEMBL3235620,EFO_0004197,INDICATION,
CHEMBL3235620,EFO_0004239,INDICATION,
CHEMBL3235620,MONDO_0021187,INDICATION,
CHEMBL3235620,MONDO_0100096,INDICATION,
CHEMBL3236549,EFO_0000274,INDICATION,
CHEMBL3236549,EFO_0000685,INDICATION,
CHEMBL3236549,MONDO_0004979,INDICATION,
CHEMBL3237547,EFO_0000198,INDICATION,
CHEMBL3237547,EFO_0000211,INDICATION,
CHEMBL3237547,EFO_0000222,INDICATION,
CHEMBL3237547,EFO_0000339,INDICATION,
CHEMBL3237547,EFO_0000616,INDICATION,
CHEMBL3237547,EFO_0001663,INDICATION,
CHEMBL3237547,EFO_0005537,INDICATION,
CHEMBL3237547,EFO_1001779,INDICATION,
CHEMBL3244648,EFO_0000220,INDICATION,
CHEMBL3244648,EFO_0000232,INDICATION,
CHEMBL3244648,EFO_0000676,INDICATION,
CHEMBL3244648,EFO_0000685,INDICATION,
CHEMBL3244648,EFO_0002609,INDICATION,
CHEMBL3244648,EFO_0002893,INDICATION,
CHEMBL3244648,EFO_0005856,INDICATION,
CHEMBL3244648,EFO_0005952,INDICATION,
CHEMBL3244648,EFO_1001012,INDICATION,
CHEMBL3244648,MONDO_0002041,INDICATION,
CHEMBL3244648,MONDO_0007254,INDICATION,
CHEMBL3244648,MONDO_0008903,INDICATION,
CHEMBL324547,EFO_0000280,INDICATION,
CHEMBL324547,EFO_0004243,INDICATION,
CHEMBL324547,EFO_0007549,INDICATION,
CHEMBL324547,EFO_0008533,INDICATION,
CHEMBL324547,EFO_1001095,INDICATION,
CHEMBL3247378,EFO_0000182,INDICATION,
CHEMBL3247378,EFO_0000211,INDICATION,
CHEMBL3247378,EFO_0000574,INDICATION,
CHEMBL3247378,EFO_0000616,INDICATION,
CHEMBL3247378,EFO_0001378,INDICATION,
CHEMBL3247378,EFO_0005952,INDICATION,
CHEMBL3247378,MONDO_0004992,INDICATION,
CHEMBL3247378,MONDO_0005374,INDICATION,
CHEMBL32479,EFO_0004698,INDICATION,
CHEMBL32479,EFO_0005230,INDICATION,
CHEMBL32479,EFO_0008568,INDICATION,
CHEMBL32479,MONDO_0002050,INDICATION,
CHEMBL32479,MONDO_0005090,INDICATION,
CHEMBL324846,EFO_0000198,INDICATION,
CHEMBL324846,EFO_0000222,INDICATION,
CHEMBL324846,EFO_0000702,INDICATION,
CHEMBL324846,EFO_0003060,INDICATION,
CHEMBL324846,EFO_0003108,INDICATION,
CHEMBL324846,EFO_0004606,INDICATION,
CHEMBL324846,EFO_0005221,INDICATION,
CHEMBL324846,EFO_1000286,INDICATION,
CHEMBL3249110,EFO_0000616,INDICATION,
CHEMBL325041,EFO_0000094,INDICATION,
CHEMBL325041,EFO_0000095,INDICATION,
CHEMBL325041,EFO_0000096,INDICATION,
CHEMBL325041,EFO_0000182,INDICATION,
CHEMBL325041,EFO_0000183,INDICATION,
CHEMBL325041,EFO_0000191,INDICATION,
CHEMBL325041,EFO_0000198,INDICATION,
CHEMBL325041,EFO_0000209,INDICATION,
CHEMBL325041,EFO_0000211,INDICATION,
CHEMBL325041,EFO_0000220,INDICATION,
CHEMBL325041,EFO_0000222,INDICATION,
CHEMBL325041,EFO_0000224,INDICATION,
CHEMBL325041,EFO_0000231,INDICATION,
CHEMBL325041,EFO_0000255,INDICATION,
CHEMBL325041,EFO_0000305,INDICATION,
CHEMBL325041,EFO_0000308,INDICATION,
CHEMBL325041,EFO_0000309,INDICATION,
CHEMBL325041,EFO_0000319,CONTRAINDICATION,
CHEMBL325041,EFO_0000339,INDICATION,
CHEMBL325041,EFO_0000400,CONTRAINDICATION,
CHEMBL325041,EFO_0000403,INDICATION,
CHEMBL325041,EFO_0000501,INDICATION,
CHEMBL325041,EFO_0000519,INDICATION,
CHEMBL325041,EFO_0000540,INDICATION,
CHEMBL325041,EFO_0000565,INDICATION,
CHEMBL325041,EFO_0000571,INDICATION,
CHEMBL325041,EFO_0000574,INDICATION,
CHEMBL325041,EFO_0000588,INDICATION,
CHEMBL325041,EFO_0000616,INDICATION,
CHEMBL325041,EFO_0000621,INDICATION,
CHEMBL325041,EFO_0000641,INDICATION,
CHEMBL325041,EFO_0000673,INDICATION,
CHEMBL325041,EFO_0000681,INDICATION,
CHEMBL325041,EFO_0000691,INDICATION,
CHEMBL325041,EFO_0000707,INDICATION,
CHEMBL325041,EFO_0000756,INDICATION,
CHEMBL325041,EFO_0001378,INDICATION,
CHEMBL325041,EFO_0001642,INDICATION,
CHEMBL325041,EFO_0001663,INDICATION,
CHEMBL325041,EFO_0002428,INDICATION,
CHEMBL325041,EFO_0002499,INDICATION,
CHEMBL325041,EFO_0002501,INDICATION,
CHEMBL325041,EFO_0002618,INDICATION,
CHEMBL325041,EFO_0003032,INDICATION,
CHEMBL325041,EFO_0003060,INDICATION,
CHEMBL325041,EFO_0003073,INDICATION,
CHEMBL325041,EFO_0003100,CONTRAINDICATION,
CHEMBL325041,EFO_0003106,CONTRAINDICATION,
CHEMBL325041,EFO_0003811,INDICATION,
CHEMBL325041,EFO_0003884,INDICATION,
CHEMBL325041,EFO_0004252,INDICATION,
CHEMBL325041,EFO_0004256,INDICATION,
CHEMBL325041,EFO_0004289,INDICATION,
CHEMBL325041,EFO_0004599,INDICATION,
CHEMBL325041,EFO_0005251,CONTRAINDICATION,
CHEMBL325041,EFO_0005252,CONTRAINDICATION,
CHEMBL325041,EFO_0005543,INDICATION,
CHEMBL325041,EFO_0005952,INDICATION,
CHEMBL325041,EFO_0006475,INDICATION,
CHEMBL325041,EFO_0006738,INDICATION,
CHEMBL325041,EFO_0006859,INDICATION,
CHEMBL325041,EFO_0007160,INDICATION,
CHEMBL325041,EFO_0007183,INDICATION,
CHEMBL325041,EFO_0007332,INDICATION,
CHEMBL325041,EFO_0009441,INDICATION,
CHEMBL325041,EFO_1000158,INDICATION,
CHEMBL325041,EFO_1000785,INDICATION,
CHEMBL325041,EFO_1001051,INDICATION,
CHEMBL325041,EFO_1001052,INDICATION,
CHEMBL325041,EFO_1001226,INDICATION,
CHEMBL325041,EFO_1001365,INDICATION,
CHEMBL325041,EFO_1001465,INDICATION,
CHEMBL325041,EFO_1001469,INDICATION,
CHEMBL325041,EFO_1001875,INDICATION,
CHEMBL325041,EFO_1001951,INDICATION,
CHEMBL325041,EFO_1001961,INDICATION,
CHEMBL325041,EFO_1001968,INDICATION,
CHEMBL325041,MONDO_0000873,INDICATION,
CHEMBL325041,MONDO_0001056,INDICATION,
CHEMBL325041,MONDO_0001187,INDICATION,
CHEMBL325041,MONDO_0001705,INDICATION,
CHEMBL325041,MONDO_0002087,INDICATION,
CHEMBL325041,MONDO_0002158,INDICATION,
CHEMBL325041,MONDO_0002367,INDICATION,
CHEMBL325041,MONDO_0002974,INDICATION,
CHEMBL325041,MONDO_0003175,INDICATION,
CHEMBL325041,MONDO_0004192,INDICATION,
CHEMBL325041,MONDO_0004567,CONTRAINDICATION,
CHEMBL325041,MONDO_0004986,INDICATION,
CHEMBL325041,MONDO_0004992,INDICATION,
CHEMBL325041,MONDO_0005149,CONTRAINDICATION,
CHEMBL325041,MONDO_0005184,INDICATION,
CHEMBL325041,MONDO_0007254,INDICATION,
CHEMBL325041,MONDO_0007576,INDICATION,
CHEMBL325041,MONDO_0008170,INDICATION,
CHEMBL325041,MONDO_0008315,INDICATION,
CHEMBL325041,MONDO_0008627,INDICATION,
CHEMBL325041,MONDO_0008903,INDICATION,
CHEMBL325041,MONDO_0009348,INDICATION,
CHEMBL325041,MONDO_0013730,INDICATION,
CHEMBL325041,MONDO_0015277,INDICATION,
CHEMBL325041,MONDO_0015564,INDICATION,
CHEMBL325041,MONDO_0016145,INDICATION,
CHEMBL325041,MONDO_0016537,INDICATION,
CHEMBL325041,MONDO_0017816,INDICATION,
CHEMBL325041,MONDO_0018906,INDICATION,
CHEMBL325041,MONDO_0018922,INDICATION,
CHEMBL325041,MONDO_0019438,INDICATION,
CHEMBL325041,MONDO_0019460,INDICATION,
CHEMBL325041,MONDO_0019471,INDICATION,
CHEMBL325041,MONDO_0020547,INDICATION,
CHEMBL325041,MONDO_0044881,INDICATION,
CHEMBL325041,MONDO_0044917,INDICATION,
CHEMBL325041,MONDO_0100130,CONTRAINDICATION,
CHEMBL3250476,EFO_0003060,INDICATION,
CHEMBL325109,EFO_0010282,INDICATION,
CHEMBL3251296,EFO_1001898,INDICATION,
CHEMBL325424,MONDO_0004975,INDICATION,
CHEMBL32573,EFO_0000341,CONTRAINDICATION,
CHEMBL32573,EFO_0000537,CONTRAINDICATION,
CHEMBL32573,EFO_0003956,INDICATION,
CHEMBL32573,EFO_0005854,INDICATION,
CHEMBL32573,EFO_0007141,INDICATION,
CHEMBL32573,EFO_0007214,INDICATION,
CHEMBL32573,EFO_0007533,INDICATION,
CHEMBL32573,EFO_0009189,CONTRAINDICATION,
CHEMBL32573,MONDO_0001744,CONTRAINDICATION,
CHEMBL32573,MONDO_0004247,CONTRAINDICATION,
CHEMBL3259907,EFO_0000764,INDICATION,
CHEMBL3260505,EFO_0000400,INDICATION,
CHEMBL3260505,MONDO_0005147,INDICATION,
CHEMBL3260567,EFO_0000198,INDICATION,
CHEMBL3260567,EFO_0000616,INDICATION,
CHEMBL3260567,EFO_0000637,INDICATION,
CHEMBL3260567,EFO_0001378,INDICATION,
CHEMBL3260567,EFO_0002618,INDICATION,
CHEMBL3260567,EFO_0003060,INDICATION,
CHEMBL3260567,EFO_0003897,INDICATION,
CHEMBL3260567,EFO_0004251,INDICATION,
CHEMBL3260567,EFO_0008528,INDICATION,
CHEMBL3260567,EFO_0009907,INDICATION,
CHEMBL3260567,MONDO_0001056,INDICATION,
CHEMBL3260771,MONDO_0005277,INDICATION,
CHEMBL3261331,EFO_0003095,INDICATION,
CHEMBL3261331,EFO_0004911,INDICATION,
CHEMBL3261331,EFO_1001249,INDICATION,
CHEMBL3264002,EFO_0000466,INDICATION,
CHEMBL3264002,EFO_0000519,INDICATION,
CHEMBL3264002,EFO_0000616,INDICATION,
CHEMBL3264002,EFO_0001378,INDICATION,
CHEMBL3264002,EFO_0002618,INDICATION,
CHEMBL3264002,EFO_0003060,INDICATION,
CHEMBL3264002,MONDO_0007254,INDICATION,
CHEMBL3264002,MONDO_0008170,INDICATION,
CHEMBL3264002,MONDO_0021148,INDICATION,
CHEMBL3264004,EFO_0000616,INDICATION,
CHEMBL3264610,EFO_0000616,INDICATION,
CHEMBL3264610,EFO_0006861,INDICATION,
CHEMBL3264610,MONDO_0007254,INDICATION,
CHEMBL3264610,MONDO_0008315,INDICATION,
CHEMBL3265032,EFO_0000095,INDICATION,
CHEMBL3265032,EFO_0000220,INDICATION,
CHEMBL3265032,EFO_0000222,INDICATION,
CHEMBL3265032,EFO_0000403,INDICATION,
CHEMBL3265032,EFO_0005952,INDICATION,
CHEMBL3265032,EFO_1001469,INDICATION,
CHEMBL3265032,MONDO_0004992,INDICATION,
CHEMBL3265032,MONDO_0018906,INDICATION,
CHEMBL3275586,EFO_0005407,INDICATION,
CHEMBL32800,EFO_0000341,INDICATION,
CHEMBL32800,EFO_0000373,INDICATION,
CHEMBL32800,MONDO_0004979,INDICATION,
CHEMBL328190,EFO_0003854,INDICATION,
CHEMBL328190,EFO_0003882,INDICATION,
CHEMBL328190,EFO_0003968,INDICATION,
CHEMBL328190,EFO_0005537,INDICATION,
CHEMBL328190,MONDO_0007254,INDICATION,
CHEMBL328250,EFO_0005230,INDICATION,
CHEMBL32838,EFO_0007144,INDICATION,
CHEMBL328560,EFO_0000474,INDICATION,
CHEMBL328560,EFO_0003918,INDICATION,
CHEMBL3286580,MONDO_0004975,INDICATION,
CHEMBL3286580,MONDO_0005090,INDICATION,
CHEMBL3286830,EFO_0000502,INDICATION,
CHEMBL3286830,EFO_0000574,INDICATION,
CHEMBL3286830,EFO_0000616,INDICATION,
CHEMBL3286830,EFO_0000621,INDICATION,
CHEMBL3286830,EFO_0001421,INDICATION,
CHEMBL3286830,EFO_0003032,INDICATION,
CHEMBL3286830,EFO_0003060,INDICATION,
CHEMBL3286830,EFO_0003086,INDICATION,
CHEMBL3286830,MONDO_0004992,INDICATION,
CHEMBL3287218,EFO_0004329,INDICATION,
CHEMBL3287218,MONDO_0005148,INDICATION,
CHEMBL3287218,MONDO_0007079,INDICATION,
CHEMBL3287255,EFO_0001378,INDICATION,
CHEMBL3287379,EFO_0000771,INDICATION,
CHEMBL3287735,MONDO_0004992,INDICATION,
CHEMBL328875,MP_0001914,INDICATION,
CHEMBL329091,EFO_0004239,INDICATION,
CHEMBL329123,EFO_0000616,INDICATION,
CHEMBL329123,EFO_0002618,INDICATION,
CHEMBL329123,EFO_0003060,INDICATION,
CHEMBL3291398,EFO_0000771,INDICATION,
CHEMBL3291398,EFO_0003106,INDICATION,
CHEMBL3291398,EFO_1001272,INDICATION,
CHEMBL3291398,MONDO_0009061,INDICATION,
CHEMBL3298910,MONDO_0018076,INDICATION,
CHEMBL3298910,MONDO_0100096,INDICATION,
CHEMBL32994,EFO_0000182,INDICATION,
CHEMBL32994,MONDO_0002691,INDICATION,
CHEMBL33,EFO_0000284,INDICATION,
CHEMBL33,EFO_0000341,INDICATION,
CHEMBL33,EFO_0000400,CONTRAINDICATION,
CHEMBL33,EFO_0000474,CONTRAINDICATION,
CHEMBL33,EFO_0000544,INDICATION,
CHEMBL33,EFO_0000701,INDICATION,
CHEMBL33,EFO_0000764,INDICATION,
CHEMBL33,EFO_0000771,INDICATION,
CHEMBL33,EFO_0000778,INDICATION,
CHEMBL33,EFO_0003035,INDICATION,
CHEMBL33,EFO_0003086,INDICATION,
CHEMBL33,EFO_0003100,CONTRAINDICATION,
CHEMBL33,EFO_0003103,INDICATION,
CHEMBL33,EFO_0003106,INDICATION,
CHEMBL33,EFO_0003830,INDICATION,
CHEMBL33,EFO_0004991,CONTRAINDICATION,
CHEMBL33,EFO_0004992,INDICATION,
CHEMBL33,EFO_0005307,CONTRAINDICATION,
CHEMBL33,EFO_0005681,INDICATION,
CHEMBL33,EFO_0005952,INDICATION,
CHEMBL33,EFO_0006505,INDICATION,
CHEMBL33,EFO_0007149,INDICATION,
CHEMBL33,EFO_0007328,INDICATION,
CHEMBL33,EFO_0007361,INDICATION,
CHEMBL33,EFO_0007381,INDICATION,
CHEMBL33,EFO_0007387,INDICATION,
CHEMBL33,EFO_0007486,INDICATION,
CHEMBL33,EFO_0007496,INDICATION,
CHEMBL33,EFO_0007499,INDICATION,
CHEMBL33,EFO_0008533,INDICATION,
CHEMBL33,EFO_1000049,OFF_LABEL_USE,
CHEMBL33,EFO_1000829,INDICATION,
CHEMBL33,EFO_1000905,CONTRAINDICATION,
CHEMBL33,EFO_1000961,INDICATION,
CHEMBL33,EFO_1001141,INDICATION,
CHEMBL33,EFO_1001272,INDICATION,
CHEMBL33,EFO_1001318,INDICATION,
CHEMBL33,EFO_1001375,CONTRAINDICATION,
CHEMBL33,EFO_1001388,INDICATION,
CHEMBL33,EFO_1001459,INDICATION,
CHEMBL33,EFO_1001888,INDICATION,
CHEMBL33,MONDO_0000565,INDICATION,
CHEMBL33,MONDO_0001343,CONTRAINDICATION,
CHEMBL33,MONDO_0001475,INDICATION,
CHEMBL33,MONDO_0002186,INDICATION,
CHEMBL33,MONDO_0002280,CONTRAINDICATION,
CHEMBL33,MONDO_0004857,CONTRAINDICATION,
CHEMBL33,MONDO_0004992,INDICATION,
CHEMBL33,MONDO_0005129,INDICATION,
CHEMBL33,MONDO_0005247,INDICATION,
CHEMBL33,MONDO_0009061,INDICATION,
CHEMBL33,MONDO_0016047,INDICATION,
CHEMBL33,MONDO_0018076,INDICATION,
CHEMBL33,MONDO_0019171,CONTRAINDICATION,
CHEMBL33,MONDO_0019338,INDICATION,
CHEMBL33,MONDO_0025598,INDICATION,
CHEMBL33,MONDO_0100096,INDICATION,
CHEMBL3301570,EFO_0002618,INDICATION,
CHEMBL3301571,MONDO_0001187,INDICATION,
CHEMBL3301572,EFO_0008525,INDICATION,
CHEMBL3301573,EFO_0000222,INDICATION,
CHEMBL3301573,MONDO_0100096,INDICATION,
CHEMBL3301574,EFO_0000094,INDICATION,
CHEMBL3301574,EFO_0000095,INDICATION,
CHEMBL3301574,EFO_0000096,INDICATION,
CHEMBL3301574,EFO_0000183,INDICATION,
CHEMBL3301574,EFO_0000220,INDICATION,
CHEMBL3301574,EFO_0000222,INDICATION,
CHEMBL3301574,EFO_0000403,INDICATION,
CHEMBL3301574,EFO_0000565,INDICATION,
CHEMBL3301574,EFO_0000574,INDICATION,
CHEMBL3301574,EFO_0001378,INDICATION,
CHEMBL3301574,EFO_0002618,INDICATION,
CHEMBL3301574,EFO_0005952,INDICATION,
CHEMBL3301574,MONDO_0000873,INDICATION,
CHEMBL3301574,MONDO_0018906,INDICATION,
CHEMBL3301576,EFO_0001365,INDICATION,
CHEMBL3301576,MONDO_0008667,INDICATION,
CHEMBL3301577,EFO_0000616,INDICATION,
CHEMBL3301578,EFO_0003060,INDICATION,
CHEMBL3301578,MONDO_0001056,INDICATION,
CHEMBL3301578,MONDO_0004992,INDICATION,
CHEMBL3301580,EFO_0000676,INDICATION,
CHEMBL3301580,EFO_0000685,INDICATION,
CHEMBL3301580,MP_0001845,INDICATION,
CHEMBL3301581,EFO_0003854,INDICATION,
CHEMBL3301581,EFO_0003882,INDICATION,
CHEMBL3301581,EFO_0003931,INDICATION,
CHEMBL3301582,EFO_0000095,INDICATION,
CHEMBL3301582,EFO_0000096,INDICATION,
CHEMBL3301582,EFO_0000403,INDICATION,
CHEMBL3301582,EFO_0000574,INDICATION,
CHEMBL3301582,EFO_0000616,INDICATION,
CHEMBL3301582,EFO_0005952,INDICATION,
CHEMBL3301582,EFO_1001469,INDICATION,
CHEMBL3301582,MONDO_0004095,INDICATION,
CHEMBL3301582,MONDO_0018906,INDICATION,
CHEMBL3301583,EFO_0020003,INDICATION,
CHEMBL3301583,MP_0001914,INDICATION,
CHEMBL3301585,EFO_0000095,INDICATION,
CHEMBL3301585,EFO_0000403,INDICATION,
CHEMBL3301585,MONDO_0018906,INDICATION,
CHEMBL3301586,EFO_0002618,INDICATION,
CHEMBL3301587,EFO_0000095,INDICATION,
CHEMBL3301587,EFO_0000181,INDICATION,
CHEMBL3301587,EFO_0000182,INDICATION,
CHEMBL3301587,EFO_0000198,INDICATION,
CHEMBL3301587,EFO_0000199,INDICATION,
CHEMBL3301587,EFO_0000222,INDICATION,
CHEMBL3301587,EFO_0000228,INDICATION,
CHEMBL3301587,EFO_0000294,INDICATION,
CHEMBL3301587,EFO_0000305,INDICATION,
CHEMBL3301587,EFO_0000313,INDICATION,
CHEMBL3301587,EFO_0000348,INDICATION,
CHEMBL3301587,EFO_0000349,INDICATION,
CHEMBL3301587,EFO_0000365,INDICATION,
CHEMBL3301587,EFO_0000403,INDICATION,
CHEMBL3301587,EFO_0000501,INDICATION,
CHEMBL3301587,EFO_0000503,INDICATION,
CHEMBL3301587,EFO_0000514,INDICATION,
CHEMBL3301587,EFO_0000519,INDICATION,
CHEMBL3301587,EFO_0000571,INDICATION,
CHEMBL3301587,EFO_0000574,INDICATION,
CHEMBL3301587,EFO_0000588,INDICATION,
CHEMBL3301587,EFO_0000616,INDICATION,
CHEMBL3301587,EFO_0000640,INDICATION,
CHEMBL3301587,EFO_0000641,INDICATION,
CHEMBL3301587,EFO_0000673,INDICATION,
CHEMBL3301587,EFO_0000681,INDICATION,
CHEMBL3301587,EFO_0000691,INDICATION,
CHEMBL3301587,EFO_0000702,INDICATION,
CHEMBL3301587,EFO_0000707,INDICATION,
CHEMBL3301587,EFO_0000708,INDICATION,
CHEMBL3301587,EFO_0000756,INDICATION,
CHEMBL3301587,EFO_0000770,INDICATION,
CHEMBL3301587,EFO_0001071,INDICATION,
CHEMBL3301587,EFO_0001075,INDICATION,
CHEMBL3301587,EFO_0001378,INDICATION,
CHEMBL3301587,EFO_0001642,INDICATION,
CHEMBL3301587,EFO_0002429,INDICATION,
CHEMBL3301587,EFO_0002430,INDICATION,
CHEMBL3301587,EFO_0002618,INDICATION,
CHEMBL3301587,EFO_0002913,INDICATION,
CHEMBL3301587,EFO_0003050,INDICATION,
CHEMBL3301587,EFO_0003060,INDICATION,
CHEMBL3301587,EFO_0003863,INDICATION,
CHEMBL3301587,EFO_0003868,INDICATION,
CHEMBL3301587,EFO_0003869,INDICATION,
CHEMBL3301587,EFO_0003891,INDICATION,
CHEMBL3301587,EFO_0003897,INDICATION,
CHEMBL3301587,EFO_0003968,INDICATION,
CHEMBL3301587,EFO_0004230,INDICATION,
CHEMBL3301587,EFO_0004284,INDICATION,
CHEMBL3301587,EFO_0005220,INDICATION,
CHEMBL3301587,EFO_0005221,INDICATION,
CHEMBL3301587,EFO_0005537,INDICATION,
CHEMBL3301587,EFO_0005922,INDICATION,
CHEMBL3301587,EFO_0005952,INDICATION,
CHEMBL3301587,EFO_0006738,INDICATION,
CHEMBL3301587,EFO_0006859,INDICATION,
CHEMBL3301587,EFO_0008528,INDICATION,
CHEMBL3301587,EFO_0009709,INDICATION,
CHEMBL3301587,EFO_1000251,INDICATION,
CHEMBL3301587,EFO_1000657,INDICATION,
CHEMBL3301587,EFO_1000984,INDICATION,
CHEMBL3301587,EFO_1001931,INDICATION,
CHEMBL3301587,EFO_1001951,INDICATION,
CHEMBL3301587,EFO_1001961,INDICATION,
CHEMBL3301587,EFO_1001968,INDICATION,
CHEMBL3301587,MONDO_0001056,INDICATION,
CHEMBL3301587,MONDO_0001187,INDICATION,
CHEMBL3301587,MONDO_0002108,INDICATION,
CHEMBL3301587,MONDO_0002898,INDICATION,
CHEMBL3301587,MONDO_0002974,INDICATION,
CHEMBL3301587,MONDO_0003001,INDICATION,
CHEMBL3301587,MONDO_0003002,INDICATION,
CHEMBL3301587,MONDO_0003059,INDICATION,
CHEMBL3301587,MONDO_0003060,INDICATION,
CHEMBL3301587,MONDO_0003199,INDICATION,
CHEMBL3301587,MONDO_0004986,INDICATION,
CHEMBL3301587,MONDO_0004992,INDICATION,
CHEMBL3301587,MONDO_0005184,INDICATION,
CHEMBL3301587,MONDO_0005575,INDICATION,
CHEMBL3301587,MONDO_0007254,INDICATION,
CHEMBL3301587,MONDO_0007576,INDICATION,
CHEMBL3301587,MONDO_0008170,INDICATION,
CHEMBL3301587,MONDO_0008315,INDICATION,
CHEMBL3301587,MONDO_0008903,INDICATION,
CHEMBL3301587,MONDO_0011962,INDICATION,
CHEMBL3301587,MONDO_0018906,INDICATION,
CHEMBL3301587,MONDO_0021063,INDICATION,
CHEMBL3301587,MONDO_0021117,INDICATION,
CHEMBL3301587,MONDO_0021148,INDICATION,
CHEMBL3301587,MONDO_0044704,INDICATION,
CHEMBL3301587,MONDO_0044903,INDICATION,
CHEMBL3301588,EFO_0000616,INDICATION,
CHEMBL3301588,EFO_0000702,INDICATION,
CHEMBL3301588,EFO_0002618,INDICATION,
CHEMBL3301589,EFO_0000616,INDICATION,
CHEMBL3301589,EFO_0003863,INDICATION,
CHEMBL3301589,EFO_0008528,INDICATION,
CHEMBL3301589,EFO_1000601,INDICATION,
CHEMBL3301589,MONDO_0001187,INDICATION,
CHEMBL3301589,MONDO_0004180,INDICATION,
CHEMBL3301589,MONDO_0004992,INDICATION,
CHEMBL3301589,MONDO_0005184,INDICATION,
CHEMBL3301589,MONDO_0008315,INDICATION,
CHEMBL3301592,EFO_0003144,INDICATION,
CHEMBL3301593,MONDO_0002009,INDICATION,
CHEMBL3301594,EFO_0000180,INDICATION,
CHEMBL3301594,EFO_0000763,INDICATION,
CHEMBL3301594,EFO_0000764,INDICATION,
CHEMBL3301594,MONDO_0021094,INDICATION,
CHEMBL3301595,EFO_0003888,INDICATION,
CHEMBL3301595,EFO_0005203,INDICATION,
CHEMBL3301595,MONDO_0002009,INDICATION,
CHEMBL3301597,EFO_0003884,INDICATION,
CHEMBL3301597,EFO_0010690,INDICATION,
CHEMBL3301597,MONDO_0002280,INDICATION,
CHEMBL3301598,EFO_0000180,INDICATION,
CHEMBL3301598,EFO_0000764,INDICATION,
CHEMBL3301598,MONDO_0021094,INDICATION,
CHEMBL3301599,EFO_0003060,INDICATION,
CHEMBL3301600,EFO_0000403,INDICATION,
CHEMBL3301600,EFO_0000565,INDICATION,
CHEMBL3301600,EFO_0000685,INDICATION,
CHEMBL3301601,MONDO_0004975,INDICATION,
CHEMBL3301603,EFO_0000222,INDICATION,
CHEMBL3301603,MONDO_0004643,INDICATION,
CHEMBL3301604,EFO_0001361,INDICATION,
CHEMBL3301605,EFO_0000544,INDICATION,
CHEMBL3301605,EFO_0000771,INDICATION,
CHEMBL3301605,EFO_0003103,INDICATION,
CHEMBL3301605,EFO_0005741,INDICATION,
CHEMBL3301605,EFO_1001141,INDICATION,
CHEMBL3301605,EFO_1001272,INDICATION,
CHEMBL3301605,MONDO_0044881,INDICATION,
CHEMBL3301606,EFO_0000676,INDICATION,
CHEMBL3301606,EFO_0000729,INDICATION,
CHEMBL3301606,MONDO_0007915,INDICATION,
CHEMBL3301607,EFO_0000384,INDICATION,
CHEMBL3301607,EFO_0000540,INDICATION,
CHEMBL3301607,EFO_0000685,INDICATION,
CHEMBL3301607,EFO_0000699,INDICATION,
CHEMBL3301607,EFO_0000729,INDICATION,
CHEMBL3301607,EFO_0003086,INDICATION,
CHEMBL3301607,EFO_0003767,INDICATION,
CHEMBL3301607,EFO_0003778,INDICATION,
CHEMBL3301607,EFO_0003834,INDICATION,
CHEMBL3301607,EFO_0003898,INDICATION,
CHEMBL3301607,EFO_1001231,INDICATION,
CHEMBL3301607,MONDO_0007915,INDICATION,
CHEMBL3301608,EFO_0000544,INDICATION,
CHEMBL3301609,EFO_0000676,INDICATION,
CHEMBL3301609,EFO_0000685,INDICATION,
CHEMBL3301609,EFO_0001421,INDICATION,
CHEMBL3301609,MONDO_0004979,INDICATION,
CHEMBL3301610,EFO_0000174,INDICATION,
CHEMBL3301610,EFO_0000181,INDICATION,
CHEMBL3301610,EFO_0000182,INDICATION,
CHEMBL3301610,EFO_0000196,INDICATION,
CHEMBL3301610,EFO_0000305,INDICATION,
CHEMBL3301610,EFO_0000349,INDICATION,
CHEMBL3301610,EFO_0000389,INDICATION,
CHEMBL3301610,EFO_0000519,INDICATION,
CHEMBL3301610,EFO_0000558,INDICATION,
CHEMBL3301610,EFO_0000574,INDICATION,
CHEMBL3301610,EFO_0000588,INDICATION,
CHEMBL3301610,EFO_0000616,INDICATION,
CHEMBL3301610,EFO_0000621,INDICATION,
CHEMBL3301610,EFO_0000632,INDICATION,
CHEMBL3301610,EFO_0000637,INDICATION,
CHEMBL3301610,EFO_0000673,INDICATION,
CHEMBL3301610,EFO_0000702,INDICATION,
CHEMBL3301610,EFO_0000756,INDICATION,
CHEMBL3301610,EFO_0001075,INDICATION,
CHEMBL3301610,EFO_0001378,INDICATION,
CHEMBL3301610,EFO_0002618,INDICATION,
CHEMBL3301610,EFO_0002918,INDICATION,
CHEMBL3301610,EFO_0003060,INDICATION,
CHEMBL3301610,EFO_0003085,INDICATION,
CHEMBL3301610,EFO_0003825,INDICATION,
CHEMBL3301610,EFO_0003833,INDICATION,
CHEMBL3301610,EFO_0003869,INDICATION,
CHEMBL3301610,EFO_0003968,INDICATION,
CHEMBL3301610,EFO_0004284,INDICATION,
CHEMBL3301610,EFO_0005537,INDICATION,
CHEMBL3301610,EFO_0005543,INDICATION,
CHEMBL3301610,EFO_0005701,INDICATION,
CHEMBL3301610,EFO_0005952,INDICATION,
CHEMBL3301610,EFO_0006861,INDICATION,
CHEMBL3301610,EFO_0009708,INDICATION,
CHEMBL3301610,EFO_1000026,INDICATION,
CHEMBL3301610,EFO_1000045,INDICATION,
CHEMBL3301610,EFO_1000294,INDICATION,
CHEMBL3301610,EFO_1001331,INDICATION,
CHEMBL3301610,EFO_1001469,INDICATION,
CHEMBL3301610,EFO_1001951,INDICATION,
CHEMBL3301610,MONDO_0001187,INDICATION,
CHEMBL3301610,MONDO_0002108,INDICATION,
CHEMBL3301610,MONDO_0003060,INDICATION,
CHEMBL3301610,MONDO_0004992,INDICATION,
CHEMBL3301610,MONDO_0005184,INDICATION,
CHEMBL3301610,MONDO_0007254,INDICATION,
CHEMBL3301610,MONDO_0008170,INDICATION,
CHEMBL3301610,MONDO_0008315,INDICATION,
CHEMBL3301610,MONDO_0008903,INDICATION,
CHEMBL3301610,MONDO_0011962,INDICATION,
CHEMBL3301610,MONDO_0016642,INDICATION,
CHEMBL3301610,MONDO_0018975,INDICATION,
CHEMBL3301610,MONDO_0100342,INDICATION,
CHEMBL3301611,EFO_0004991,INDICATION,
CHEMBL3301611,EFO_0008525,INDICATION,
CHEMBL3301611,EFO_0009851,INDICATION,
CHEMBL3301611,EFO_0020094,INDICATION,
CHEMBL3301611,MONDO_0015263,INDICATION,
CHEMBL3301612,EFO_0000365,INDICATION,
CHEMBL3301612,EFO_0000389,INDICATION,
CHEMBL3301612,EFO_0000616,INDICATION,
CHEMBL3301612,EFO_0000756,INDICATION,
CHEMBL3301612,EFO_0001378,INDICATION,
CHEMBL3301612,EFO_0002617,INDICATION,
CHEMBL3301612,EFO_0002618,INDICATION,
CHEMBL3301612,EFO_0002892,INDICATION,
CHEMBL3301612,EFO_0003060,INDICATION,
CHEMBL3301612,EFO_0003891,INDICATION,
CHEMBL3301612,EFO_0004142,INDICATION,
CHEMBL3301612,EFO_0009259,INDICATION,
CHEMBL3301612,EFO_1000657,INDICATION,
CHEMBL3301612,EFO_1000956,INDICATION,
CHEMBL3301612,EFO_1001949,INDICATION,
CHEMBL3301612,EFO_1001951,INDICATION,
CHEMBL3301612,MONDO_0004992,INDICATION,
CHEMBL3301612,MONDO_0005184,INDICATION,
CHEMBL3301614,EFO_0000676,INDICATION,
CHEMBL3301614,EFO_0000685,INDICATION,
CHEMBL3301614,EFO_0001421,INDICATION,
CHEMBL3301614,MONDO_0004979,INDICATION,
CHEMBL3301615,EFO_0003888,INDICATION,
CHEMBL3301616,EFO_0000544,INDICATION,
CHEMBL3301618,EFO_0000181,INDICATION,
CHEMBL3301618,EFO_0000574,INDICATION,
CHEMBL3301618,EFO_0000707,INDICATION,
CHEMBL3301618,EFO_0002938,INDICATION,
CHEMBL3301618,EFO_0003871,INDICATION,
CHEMBL3301618,EFO_0006352,INDICATION,
CHEMBL3301618,EFO_0007535,INDICATION,
CHEMBL3301618,MONDO_0002158,INDICATION,
CHEMBL3301618,MONDO_0008170,INDICATION,
CHEMBL3301618,MONDO_0044926,INDICATION,
CHEMBL3301620,EFO_0000764,INDICATION,
CHEMBL3301621,EFO_0003888,INDICATION,
CHEMBL3301621,EFO_0004319,INDICATION,
CHEMBL3301621,EFO_0005203,INDICATION,
CHEMBL3301621,MONDO_0002009,INDICATION,
CHEMBL3301622,EFO_0000198,INDICATION,
CHEMBL3301622,EFO_0000222,INDICATION,
CHEMBL3301622,EFO_0000616,INDICATION,
CHEMBL3301622,EFO_0001421,INDICATION,
CHEMBL3301622,EFO_0003060,INDICATION,
CHEMBL3301622,EFO_0003086,INDICATION,
CHEMBL3301622,EFO_1000131,INDICATION,
CHEMBL3301622,MONDO_0004643,INDICATION,
CHEMBL3301624,EFO_0001073,INDICATION,
CHEMBL3301624,EFO_0001074,INDICATION,
CHEMBL3301624,MONDO_0008300,INDICATION,
CHEMBL3301624,MONDO_0012335,INDICATION,
CHEMBL3301624,MONDO_0015229,INDICATION,
CHEMBL3301625,EFO_0000095,INDICATION,
CHEMBL3301625,EFO_0000403,INDICATION,
CHEMBL3301625,EFO_0000565,INDICATION,
CHEMBL3301625,EFO_0000685,INDICATION,
CHEMBL3301625,EFO_0009441,INDICATION,
CHEMBL3301626,EFO_1001219,INDICATION,
CHEMBL3301626,MONDO_0001734,INDICATION,
CHEMBL3301626,MONDO_0002009,INDICATION,
CHEMBL3301626,MONDO_0002050,INDICATION,
CHEMBL3301626,MONDO_0010383,INDICATION,
CHEMBL3301627,EFO_0000555,INDICATION,
CHEMBL3301627,EFO_0003884,INDICATION,
CHEMBL3301627,MONDO_0002203,INDICATION,
CHEMBL3301650,EFO_0000544,INDICATION,
CHEMBL3301650,MONDO_0024295,INDICATION,
CHEMBL3301667,MONDO_0007079,INDICATION,
CHEMBL3301668,EFO_0009579,INDICATION,
CHEMBL3301668,EFO_1001863,INDICATION,
CHEMBL3301668,MONDO_0008300,INDICATION,
CHEMBL3301669,EFO_0000544,INDICATION,
CHEMBL3301669,EFO_0000771,INDICATION,
CHEMBL3301669,EFO_0003030,INDICATION,
CHEMBL3301669,EFO_0003033,INDICATION,
CHEMBL3301669,EFO_0003035,INDICATION,
CHEMBL3301669,EFO_0003102,INDICATION,
CHEMBL3301669,EFO_0003106,INDICATION,
CHEMBL3301669,EFO_0005681,INDICATION,
CHEMBL3301669,MONDO_0024295,INDICATION,
CHEMBL3301672,EFO_0000565,INDICATION,
CHEMBL3301673,EFO_0000319,INDICATION,
CHEMBL3301673,EFO_0000616,INDICATION,
CHEMBL3301673,EFO_0000684,INDICATION,
CHEMBL3301673,EFO_0000768,INDICATION,
CHEMBL3301673,MONDO_0001382,INDICATION,
CHEMBL3301673,MONDO_0004979,INDICATION,
CHEMBL3301673,MONDO_0010679,INDICATION,
CHEMBL3301674,EFO_0000319,INDICATION,
CHEMBL3301674,EFO_0000616,INDICATION,
CHEMBL3301674,EFO_0000768,INDICATION,
CHEMBL3301675,EFO_0000555,INDICATION,
CHEMBL3301675,EFO_0005406,INDICATION,
CHEMBL3301675,EFO_1001951,INDICATION,
CHEMBL3301675,MONDO_0002203,INDICATION,
CHEMBL3301676,EFO_0000555,INDICATION,
CHEMBL3301676,EFO_1001951,INDICATION,
CHEMBL3301680,EFO_0000544,INDICATION,
CHEMBL3301680,EFO_1001272,INDICATION,
CHEMBL3301681,EFO_0000319,INDICATION,
CHEMBL3301681,EFO_0009552,INDICATION,
CHEMBL3301800,EFO_0005681,INDICATION,
CHEMBL3301800,EFO_0009661,INDICATION,
CHEMBL3304244,MONDO_0002009,INDICATION,
CHEMBL3304244,MONDO_0005180,INDICATION,
CHEMBL3304485,EFO_0000555,INDICATION,
CHEMBL3304485,EFO_0003884,INDICATION,
CHEMBL3304485,MONDO_0002203,INDICATION,
CHEMBL3304486,EFO_0010282,INDICATION,
CHEMBL3306201,EFO_0003086,CONTRAINDICATION,
CHEMBL3306201,MONDO_0004979,CONTRAINDICATION,
CHEMBL3306201,MONDO_0008233,CONTRAINDICATION,
CHEMBL3306201,MONDO_0011382,CONTRAINDICATION,
CHEMBL3306201,MONDO_0100192,CONTRAINDICATION,
CHEMBL3306803,EFO_0005407,INDICATION,
CHEMBL3306803,MONDO_0002009,INDICATION,
CHEMBL3306803,MONDO_0004975,INDICATION,
CHEMBL3306803,MONDO_0004985,INDICATION,
CHEMBL3306803,MONDO_0005090,INDICATION,
CHEMBL3306918,MONDO_0004975,INDICATION,
CHEMBL330829,EFO_0000319,INDICATION,
CHEMBL3311228,EFO_0007512,INDICATION,
CHEMBL3311228,EFO_0007543,INDICATION,
CHEMBL3311228,MONDO_0002041,INDICATION,
CHEMBL331378,EFO_0000319,INDICATION,
CHEMBL331378,EFO_0000537,INDICATION,
CHEMBL331743,EFO_0001067,INDICATION,
CHEMBL3317856,DOID_7551,INDICATION,
CHEMBL3317856,EFO_0000544,INDICATION,
CHEMBL3317856,EFO_0003103,INDICATION,
CHEMBL3317856,MONDO_0024355,INDICATION,
CHEMBL3317857,EFO_0000771,INDICATION,
CHEMBL3317857,EFO_0003103,INDICATION,
CHEMBL3318007,EFO_0001421,INDICATION,
CHEMBL3318007,EFO_0003884,INDICATION,
CHEMBL3318007,EFO_0007328,INDICATION,
CHEMBL3319236,EFO_0000616,INDICATION,
CHEMBL332750,EFO_0000341,INDICATION,
CHEMBL332750,EFO_0000384,INDICATION,
CHEMBL332750,EFO_0000729,INDICATION,
CHEMBL3329435,MONDO_0004975,INDICATION,
CHEMBL3330226,MONDO_0018076,INDICATION,
CHEMBL333325,EFO_0007265,INDICATION,
CHEMBL3334567,EFO_0000313,INDICATION,
CHEMBL3334567,EFO_0000503,INDICATION,
CHEMBL3334567,EFO_0000616,INDICATION,
CHEMBL3334567,EFO_0000640,INDICATION,
CHEMBL3334567,EFO_0000681,INDICATION,
CHEMBL3334567,EFO_0003060,INDICATION,
CHEMBL3334567,EFO_0003863,INDICATION,
CHEMBL3334567,EFO_1000657,INDICATION,
CHEMBL3334567,EFO_1001949,INDICATION,
CHEMBL3334567,EFO_1001951,INDICATION,
CHEMBL3334567,MONDO_0001056,INDICATION,
CHEMBL3334567,MONDO_0004992,INDICATION,
CHEMBL3334567,MONDO_0008315,INDICATION,
CHEMBL3334567,MONDO_0008903,INDICATION,
CHEMBL3334624,MONDO_0005277,INDICATION,
CHEMBL3334759,EFO_0000565,INDICATION,
CHEMBL3334824,EFO_0000685,INDICATION,
CHEMBL3337527,MONDO_0002009,INDICATION,
CHEMBL3337527,MONDO_0005090,INDICATION,
CHEMBL3337527,MONDO_0024417,INDICATION,
CHEMBL3338194,EFO_0000400,INDICATION,
CHEMBL333826,EFO_0003932,INDICATION,
CHEMBL333950,EFO_1001173,INDICATION,
CHEMBL334491,MONDO_0005180,INDICATION,
CHEMBL334533,EFO_0000616,INDICATION,
CHEMBL334533,MONDO_0001657,INDICATION,
CHEMBL334533,MONDO_0004992,INDICATION,
CHEMBL334533,MONDO_0043510,INDICATION,
CHEMBL334830,EFO_0009562,INDICATION,
CHEMBL334830,EFO_1000783,INDICATION,
CHEMBL3348846,EFO_0000616,INDICATION,
CHEMBL3348861,MONDO_0005148,INDICATION,
CHEMBL3348861,MONDO_0021698,INDICATION,
CHEMBL3348923,EFO_0000616,INDICATION,
CHEMBL3348923,EFO_0000641,INDICATION,
CHEMBL3348923,EFO_0000756,INDICATION,
CHEMBL3348923,EFO_0002617,INDICATION,
CHEMBL3348923,EFO_0002618,INDICATION,
CHEMBL3348923,EFO_0003060,INDICATION,
CHEMBL3348923,EFO_1000209,INDICATION,
CHEMBL3348923,EFO_1000318,INDICATION,
CHEMBL3348923,EFO_1001951,INDICATION,
CHEMBL3348923,MONDO_0004992,INDICATION,
CHEMBL3348923,MONDO_0016691,INDICATION,
CHEMBL3348963,EFO_0004243,INDICATION,
CHEMBL3348963,EFO_1001901,INDICATION,
CHEMBL3349001,EFO_0002618,INDICATION,
CHEMBL3349607,EFO_0000182,INDICATION,
CHEMBL3349607,EFO_0000232,INDICATION,
CHEMBL3349607,EFO_0000432,INDICATION,
CHEMBL3349607,EFO_0000673,INDICATION,
CHEMBL3349607,EFO_0000702,INDICATION,
CHEMBL3349607,EFO_0001071,INDICATION,
CHEMBL3349607,EFO_0001378,INDICATION,
CHEMBL3349607,EFO_0001642,INDICATION,
CHEMBL3349607,EFO_0002618,INDICATION,
CHEMBL3349607,EFO_0003086,INDICATION,
CHEMBL3349607,EFO_0003099,INDICATION,
CHEMBL3349607,EFO_0003843,INDICATION,
CHEMBL3349607,EFO_0004243,INDICATION,
CHEMBL3349607,EFO_0005323,INDICATION,
CHEMBL3349607,EFO_0007331,INDICATION,
CHEMBL3349607,EFO_0008549,INDICATION,
CHEMBL3349607,EFO_1000581,INDICATION,
CHEMBL3349607,EFO_1000797,INDICATION,
CHEMBL3349607,EFO_1001110,INDICATION,
CHEMBL3349607,EFO_1001256,INDICATION,
CHEMBL3349607,EFO_1001307,INDICATION,
CHEMBL3349607,EFO_1001471,INDICATION,
CHEMBL3349607,EFO_1001485,INDICATION,
CHEMBL3349607,EFO_1001901,INDICATION,
CHEMBL3349607,MONDO_0002108,INDICATION,
CHEMBL3349607,MONDO_0004992,INDICATION,
CHEMBL3349607,MONDO_0007254,INDICATION,
CHEMBL3349607,MONDO_0008315,INDICATION,
CHEMBL3349607,MONDO_0015277,INDICATION,
CHEMBL3349607,MONDO_0016642,INDICATION,
CHEMBL3349607,MONDO_0024503,INDICATION,
CHEMBL334966,EFO_0000556,INDICATION,
CHEMBL334966,EFO_0000612,INDICATION,
CHEMBL334966,EFO_0001645,INDICATION,
CHEMBL334966,EFO_0005672,INDICATION,
CHEMBL334966,EFO_0008585,INDICATION,
CHEMBL3351077,EFO_0000771,INDICATION,
CHEMBL3353410,EFO_0000228,INDICATION,
CHEMBL3353410,EFO_0000313,INDICATION,
CHEMBL3353410,EFO_0000519,INDICATION,
CHEMBL3353410,EFO_0000571,INDICATION,
CHEMBL3353410,EFO_0000616,INDICATION,
CHEMBL3353410,EFO_0000707,INDICATION,
CHEMBL3353410,EFO_0003060,INDICATION,
CHEMBL3353410,EFO_0003833,INDICATION,
CHEMBL3353410,MONDO_0004992,INDICATION,
CHEMBL3353410,MONDO_0005575,INDICATION,
CHEMBL3353410,MONDO_0008903,INDICATION,
CHEMBL3353410,MONDO_0021117,INDICATION,
CHEMBL3353541,EFO_0000729,INDICATION,
CHEMBL3355009,EFO_0000555,INDICATION,
CHEMBL3357685,EFO_0005952,INDICATION,
CHEMBL3358920,EFO_0000274,INDICATION,
CHEMBL3358920,EFO_0000384,INDICATION,
CHEMBL3358920,EFO_0000729,INDICATION,
CHEMBL3358920,EFO_0003767,INDICATION,
CHEMBL3358920,EFO_0004192,INDICATION,
CHEMBL3358920,EFO_0004232,INDICATION,
CHEMBL3358920,EFO_1001486,INDICATION,
CHEMBL3359265,EFO_0003894,INDICATION,
CHEMBL3359265,MONDO_0005148,INDICATION,
CHEMBL3360203,EFO_0000519,INDICATION,
CHEMBL3360203,EFO_0000574,INDICATION,
CHEMBL3360203,EFO_0000616,INDICATION,
CHEMBL3360203,EFO_0003060,INDICATION,
CHEMBL3360203,EFO_0004230,INDICATION,
CHEMBL3360203,MONDO_0004992,INDICATION,
CHEMBL3360203,MONDO_0007254,INDICATION,
CHEMBL3360203,MONDO_0011962,INDICATION,
CHEMBL3360975,EFO_0003914,INDICATION,
CHEMBL336296,EFO_0004244,INDICATION,
CHEMBL336296,MONDO_0008903,INDICATION,
CHEMBL336360,EFO_0005672,INDICATION,
CHEMBL33720,EFO_0000319,INDICATION,
CHEMBL33720,EFO_0000400,CONTRAINDICATION,
CHEMBL33720,EFO_0000537,CONTRAINDICATION,
CHEMBL33720,EFO_0000612,CONTRAINDICATION,
CHEMBL33720,EFO_0001645,CONTRAINDICATION,
CHEMBL33720,EFO_0003777,CONTRAINDICATION,
CHEMBL33720,EFO_0005251,OFF_LABEL_USE,
CHEMBL33720,EFO_0005306,CONTRAINDICATION,
CHEMBL33720,EFO_0005751,INDICATION,
CHEMBL33720,EFO_0009086,CONTRAINDICATION,
CHEMBL33720,EFO_0009189,CONTRAINDICATION,
CHEMBL33720,EFO_1000014,CONTRAINDICATION,
CHEMBL33720,EFO_1000652,CONTRAINDICATION,
CHEMBL33720,MONDO_0001744,CONTRAINDICATION,
CHEMBL33720,MONDO_0002277,CONTRAINDICATION,
CHEMBL337450,MONDO_0005575,INDICATION,
CHEMBL337612,EFO_0000765,INDICATION,
CHEMBL33845,EFO_0003086,CONTRAINDICATION,
CHEMBL33845,EFO_0004190,INDICATION,
CHEMBL33845,EFO_0004274,CONTRAINDICATION,
CHEMBL33845,EFO_0005803,CONTRAINDICATION,
CHEMBL33845,EFO_1001342,INDICATION,
CHEMBL33845,MONDO_0001744,INDICATION,
CHEMBL33845,MONDO_0001909,CONTRAINDICATION,
CHEMBL33845,MONDO_0005147,CONTRAINDICATION,
CHEMBL33845,MONDO_0005148,CONTRAINDICATION,
CHEMBL33845,MONDO_0015129,CONTRAINDICATION,
CHEMBL33845,MONDO_0100192,CONTRAINDICATION,
CHEMBL33864,EFO_0000537,INDICATION,
CHEMBL33864,EFO_0000712,INDICATION,
CHEMBL33864,EFO_0000765,INDICATION,
CHEMBL33864,EFO_0001365,INDICATION,
CHEMBL33864,EFO_0003100,INDICATION,
CHEMBL33864,EFO_0003840,INDICATION,
CHEMBL33864,EFO_0003884,INDICATION,
CHEMBL33864,EFO_0003918,INDICATION,
CHEMBL33864,EFO_0004143,INDICATION,
CHEMBL33864,EFO_0006346,INDICATION,
CHEMBL33864,EFO_0007405,INDICATION,
CHEMBL33864,EFO_0008520,INDICATION,
CHEMBL33864,EFO_0008522,INDICATION,
CHEMBL33864,EFO_0009538,INDICATION,
CHEMBL33864,EFO_1000783,INDICATION,
CHEMBL33864,EFO_1001898,INDICATION,
CHEMBL33864,MONDO_0001583,INDICATION,
CHEMBL33864,MONDO_0004975,INDICATION,
CHEMBL33864,MONDO_0004985,INDICATION,
CHEMBL33864,MONDO_0005147,INDICATION,
CHEMBL33864,MONDO_0005148,INDICATION,
CHEMBL33864,MONDO_0005301,INDICATION,
CHEMBL33864,MONDO_0009067,INDICATION,
CHEMBL33864,MONDO_0015339,INDICATION,
CHEMBL33864,MONDO_0019037,INDICATION,
CHEMBL3391662,EFO_0003047,INDICATION,
CHEMBL3391662,EFO_0004197,INDICATION,
CHEMBL3391662,EFO_0004220,INDICATION,
CHEMBL3392104,EFO_0000764,INDICATION,
CHEMBL3392776,EFO_0000181,INDICATION,
CHEMBL3392776,EFO_0000182,INDICATION,
CHEMBL3392776,EFO_0000768,INDICATION,
CHEMBL3392776,MONDO_0007254,INDICATION,
CHEMBL3393588,EFO_1001413,INDICATION,
CHEMBL33986,EFO_0003843,INDICATION,
CHEMBL33986,EFO_0003890,INDICATION,
CHEMBL33986,EFO_0005230,INDICATION,
CHEMBL3400972,EFO_0000239,INDICATION,
CHEMBL3400972,EFO_0000519,INDICATION,
CHEMBL3400972,EFO_0005543,INDICATION,
CHEMBL3400972,MONDO_0005180,INDICATION,
CHEMBL3402567,EFO_0003047,INDICATION,
CHEMBL3402567,EFO_0004719,INDICATION,
CHEMBL3402762,EFO_0000182,INDICATION,
CHEMBL3402762,EFO_0000571,INDICATION,
CHEMBL3402762,EFO_0000616,INDICATION,
CHEMBL3402762,EFO_0001421,INDICATION,
CHEMBL3402762,EFO_0003060,INDICATION,
CHEMBL3402762,EFO_0003833,INDICATION,
CHEMBL3402762,EFO_0004142,INDICATION,
CHEMBL3407547,EFO_1001249,INDICATION,
CHEMBL3407547,MONDO_0019052,INDICATION,
CHEMBL3408248,EFO_0000196,INDICATION,
CHEMBL3408248,EFO_0003060,INDICATION,
CHEMBL3408248,EFO_0005537,INDICATION,
CHEMBL3408248,MONDO_0001056,INDICATION,
CHEMBL3408248,MONDO_0007254,INDICATION,
CHEMBL3408248,MONDO_0008315,INDICATION,
CHEMBL3408947,EFO_0000616,INDICATION,
CHEMBL3408947,MONDO_0004992,INDICATION,
CHEMBL3408947,MONDO_0007254,INDICATION,
CHEMBL3408947,MONDO_0008315,INDICATION,
CHEMBL340978,EFO_0000685,INDICATION,
CHEMBL340978,EFO_0005755,INDICATION,
CHEMBL3410450,EFO_1001413,INDICATION,
CHEMBL34124,EFO_1000783,INDICATION,
CHEMBL34124,MONDO_0041052,INDICATION,
CHEMBL3414621,EFO_0000096,INDICATION,
CHEMBL3414621,EFO_0000181,INDICATION,
CHEMBL3414621,EFO_0000196,INDICATION,
CHEMBL3414621,EFO_0000222,INDICATION,
CHEMBL3414621,EFO_0000403,INDICATION,
CHEMBL3414621,EFO_0000574,INDICATION,
CHEMBL3414621,EFO_0000588,INDICATION,
CHEMBL3414621,EFO_0000616,INDICATION,
CHEMBL3414621,EFO_0000691,INDICATION,
CHEMBL3414621,EFO_0000702,INDICATION,
CHEMBL3414621,EFO_0001378,INDICATION,
CHEMBL3414621,EFO_0002913,INDICATION,
CHEMBL3414621,EFO_0003060,INDICATION,
CHEMBL3414621,EFO_0005952,INDICATION,
CHEMBL3414621,EFO_0008528,INDICATION,
CHEMBL3414621,MONDO_0001187,INDICATION,
CHEMBL3414621,MONDO_0008315,INDICATION,
CHEMBL3414621,MONDO_0015760,INDICATION,
CHEMBL3414621,MONDO_0017387,INDICATION,
CHEMBL3414621,MONDO_0018906,INDICATION,
CHEMBL3414626,EFO_0000220,INDICATION,
CHEMBL3414626,EFO_0000222,INDICATION,
CHEMBL3416885,EFO_0003758,INDICATION,
CHEMBL3417258,EFO_1001413,INDICATION,
CHEMBL341922,EFO_0002970,INDICATION,
CHEMBL3421729,EFO_0006792,INDICATION,
CHEMBL3421729,MONDO_0004975,INDICATION,
CHEMBL3421729,MONDO_0005180,INDICATION,
CHEMBL3422109,EFO_0000616,INDICATION,
CHEMBL34259,EFO_0000094,INDICATION,
CHEMBL34259,EFO_0000095,INDICATION,
CHEMBL34259,EFO_0000096,INDICATION,
CHEMBL34259,EFO_0000181,INDICATION,
CHEMBL34259,EFO_0000183,INDICATION,
CHEMBL34259,EFO_0000191,INDICATION,
CHEMBL34259,EFO_0000198,INDICATION,
CHEMBL34259,EFO_0000209,INDICATION,
CHEMBL34259,EFO_0000211,INDICATION,
CHEMBL34259,EFO_0000218,INDICATION,
CHEMBL34259,EFO_0000220,INDICATION,
CHEMBL34259,EFO_0000221,INDICATION,
CHEMBL34259,EFO_0000222,OFF_LABEL_USE,
CHEMBL34259,EFO_0000223,INDICATION,
CHEMBL34259,EFO_0000224,OFF_LABEL_USE,
CHEMBL34259,EFO_0000232,INDICATION,
CHEMBL34259,EFO_0000255,INDICATION,
CHEMBL34259,EFO_0000274,INDICATION,
CHEMBL34259,EFO_0000305,INDICATION,
CHEMBL34259,EFO_0000309,INDICATION,
CHEMBL34259,EFO_0000319,INDICATION,
CHEMBL34259,EFO_0000339,INDICATION,
CHEMBL34259,EFO_0000384,INDICATION,
CHEMBL34259,EFO_0000389,INDICATION,
CHEMBL34259,EFO_0000398,INDICATION,
CHEMBL34259,EFO_0000403,INDICATION,
CHEMBL34259,EFO_0000540,INDICATION,
CHEMBL34259,EFO_0000557,INDICATION,
CHEMBL34259,EFO_0000565,INDICATION,
CHEMBL34259,EFO_0000574,INDICATION,
CHEMBL34259,EFO_0000588,INDICATION,
CHEMBL34259,EFO_0000612,INDICATION,
CHEMBL34259,EFO_0000616,INDICATION,
CHEMBL34259,EFO_0000621,INDICATION,
CHEMBL34259,EFO_0000637,INDICATION,
CHEMBL34259,EFO_0000676,INDICATION,
CHEMBL34259,EFO_0000685,INDICATION,
CHEMBL34259,EFO_0000691,INDICATION,
CHEMBL34259,EFO_0000707,INDICATION,
CHEMBL34259,EFO_0000717,INDICATION,
CHEMBL34259,EFO_0000729,CONTRAINDICATION,
CHEMBL34259,EFO_0000764,INDICATION,
CHEMBL34259,EFO_0000770,INDICATION,
CHEMBL34259,EFO_0001068,INDICATION,
CHEMBL34259,EFO_0001075,INDICATION,
CHEMBL34259,EFO_0001378,INDICATION,
CHEMBL34259,EFO_0001642,INDICATION,
CHEMBL34259,EFO_0001645,INDICATION,
CHEMBL34259,EFO_0002428,INDICATION,
CHEMBL34259,EFO_0002429,INDICATION,
CHEMBL34259,EFO_0002430,INDICATION,
CHEMBL34259,EFO_0002609,INDICATION,
CHEMBL34259,EFO_0002893,INDICATION,
CHEMBL34259,EFO_0002939,INDICATION,
CHEMBL34259,EFO_0003025,INDICATION,
CHEMBL34259,EFO_0003027,INDICATION,
CHEMBL34259,EFO_0003032,INDICATION,
CHEMBL34259,EFO_0003060,INDICATION,
CHEMBL34259,EFO_0003063,OFF_LABEL_USE,
CHEMBL34259,EFO_0003086,CONTRAINDICATION,
CHEMBL34259,EFO_0003778,INDICATION,
CHEMBL34259,EFO_0003802,INDICATION,
CHEMBL34259,EFO_0003811,INDICATION,
CHEMBL34259,EFO_0003833,INDICATION,
CHEMBL34259,EFO_0003869,INDICATION,
CHEMBL34259,EFO_0003898,INDICATION,
CHEMBL34259,EFO_0004192,INDICATION,
CHEMBL34259,EFO_0004208,INDICATION,
CHEMBL34259,EFO_0004251,INDICATION,
CHEMBL34259,EFO_0004284,INDICATION,
CHEMBL34259,EFO_0004289,INDICATION,
CHEMBL34259,EFO_0004599,INDICATION,
CHEMBL34259,EFO_0004991,INDICATION,
CHEMBL34259,EFO_0005235,INDICATION,
CHEMBL34259,EFO_0005297,OFF_LABEL_USE,
CHEMBL34259,EFO_0005531,INDICATION,
CHEMBL34259,EFO_0005856,INDICATION,
CHEMBL34259,EFO_0005952,INDICATION,
CHEMBL34259,EFO_0006475,INDICATION,
CHEMBL34259,EFO_0006803,OFF_LABEL_USE,
CHEMBL34259,EFO_0006818,INDICATION,
CHEMBL34259,EFO_0006859,INDICATION,
CHEMBL34259,EFO_0006927,INDICATION,
CHEMBL34259,EFO_0007187,INDICATION,
CHEMBL34259,EFO_0008528,INDICATION,
CHEMBL34259,EFO_0009441,INDICATION,
CHEMBL34259,EFO_0009448,CONTRAINDICATION,
CHEMBL34259,EFO_0009454,CONTRAINDICATION,
CHEMBL34259,EFO_0009688,CONTRAINDICATION,
CHEMBL34259,EFO_0009708,INDICATION,
CHEMBL34259,EFO_0009784,INDICATION,
CHEMBL34259,EFO_0009907,INDICATION,
CHEMBL34259,EFO_1000131,INDICATION,
CHEMBL34259,EFO_1000158,INDICATION,
CHEMBL34259,EFO_1000298,INDICATION,
CHEMBL34259,EFO_1000309,INDICATION,
CHEMBL34259,EFO_1000318,INDICATION,
CHEMBL34259,EFO_1000785,INDICATION,
CHEMBL34259,EFO_1000956,INDICATION,
CHEMBL34259,EFO_1000986,INDICATION,
CHEMBL34259,EFO_1001012,INDICATION,
CHEMBL34259,EFO_1001051,INDICATION,
CHEMBL34259,EFO_1001129,INDICATION,
CHEMBL34259,EFO_1001176,INDICATION,
CHEMBL34259,EFO_1001209,INDICATION,
CHEMBL34259,EFO_1001231,INDICATION,
CHEMBL34259,EFO_1001365,INDICATION,
CHEMBL34259,EFO_1001469,INDICATION,
CHEMBL34259,EFO_1001471,INDICATION,
CHEMBL34259,EFO_1001486,INDICATION,
CHEMBL34259,EFO_1001494,INDICATION,
CHEMBL34259,EFO_1001779,INDICATION,
CHEMBL34259,EFO_1001830,INDICATION,
CHEMBL34259,EFO_1001951,INDICATION,
CHEMBL34259,MONDO_0000159,INDICATION,
CHEMBL34259,MONDO_0000870,INDICATION,
CHEMBL34259,MONDO_0000873,INDICATION,
CHEMBL34259,MONDO_0001187,OFF_LABEL_USE,
CHEMBL34259,MONDO_0001657,INDICATION,
CHEMBL34259,MONDO_0002038,INDICATION,
CHEMBL34259,MONDO_0002041,INDICATION,
CHEMBL34259,MONDO_0002280,CONTRAINDICATION,
CHEMBL34259,MONDO_0002367,INDICATION,
CHEMBL34259,MONDO_0002629,INDICATION,
CHEMBL34259,MONDO_0002974,INDICATION,
CHEMBL34259,MONDO_0003005,INDICATION,
CHEMBL34259,MONDO_0003478,INDICATION,
CHEMBL34259,MONDO_0004192,INDICATION,
CHEMBL34259,MONDO_0004247,CONTRAINDICATION,
CHEMBL34259,MONDO_0004979,INDICATION,
CHEMBL34259,MONDO_0004986,INDICATION,
CHEMBL34259,MONDO_0004992,INDICATION,
CHEMBL34259,MONDO_0005090,INDICATION,
CHEMBL34259,MONDO_0005178,INDICATION,
CHEMBL34259,MONDO_0005301,INDICATION,
CHEMBL34259,MONDO_0005575,INDICATION,
CHEMBL34259,MONDO_0007079,CONTRAINDICATION,
CHEMBL34259,MONDO_0007254,INDICATION,
CHEMBL34259,MONDO_0007915,OFF_LABEL_USE,
CHEMBL34259,MONDO_0008170,INDICATION,
CHEMBL34259,MONDO_0008903,INDICATION,
CHEMBL34259,MONDO_0009833,INDICATION,
CHEMBL34259,MONDO_0010518,INDICATION,
CHEMBL34259,MONDO_0011382,INDICATION,
CHEMBL34259,MONDO_0013730,INDICATION,
CHEMBL34259,MONDO_0015253,INDICATION,
CHEMBL34259,MONDO_0015540,INDICATION,
CHEMBL34259,MONDO_0015974,INDICATION,
CHEMBL34259,MONDO_0016717,INDICATION,
CHEMBL34259,MONDO_0017198,INDICATION,
CHEMBL34259,MONDO_0018848,INDICATION,
CHEMBL34259,MONDO_0018906,INDICATION,
CHEMBL34259,MONDO_0018944,INDICATION,
CHEMBL34259,MONDO_0018975,INDICATION,
CHEMBL34259,MONDO_0019200,INDICATION,
CHEMBL34259,MONDO_0019338,INDICATION,
CHEMBL34259,MONDO_0019391,INDICATION,
CHEMBL34259,MONDO_0019460,INDICATION,
CHEMBL34259,MONDO_0019469,INDICATION,
CHEMBL34259,MONDO_0019471,INDICATION,
CHEMBL34259,MONDO_0019472,INDICATION,
CHEMBL34259,MONDO_0020077,INDICATION,
CHEMBL34259,MONDO_0021054,INDICATION,
CHEMBL34259,MONDO_0024280,INDICATION,
CHEMBL34259,MONDO_0044881,INDICATION,
CHEMBL34259,MONDO_0044903,INDICATION,
CHEMBL34259,MONDO_0044917,INDICATION,
CHEMBL34259,MONDO_0100096,INDICATION,
CHEMBL34259,MONDO_0100192,CONTRAINDICATION,
CHEMBL34259,MONDO_0100244,INDICATION,
CHEMBL34259,MP_0001845,INDICATION,
CHEMBL3426621,EFO_1000879,INDICATION,
CHEMBL3426621,EFO_1001069,INDICATION,
CHEMBL3426621,EFO_1001158,INDICATION,
CHEMBL3426621,MONDO_0005041,INDICATION,
CHEMBL3426621,MONDO_0005321,INDICATION,
CHEMBL3426621,Orphanet_98974,INDICATION,
CHEMBL3427435,MONDO_0008315,INDICATION,
CHEMBL343448,EFO_0000095,INDICATION,
CHEMBL343448,EFO_0000180,INDICATION,
CHEMBL343448,EFO_0000183,INDICATION,
CHEMBL343448,EFO_0000211,INDICATION,
CHEMBL343448,EFO_0000224,INDICATION,
CHEMBL343448,EFO_0000255,INDICATION,
CHEMBL343448,EFO_0000403,INDICATION,
CHEMBL343448,EFO_0000501,INDICATION,
CHEMBL343448,EFO_0000503,INDICATION,
CHEMBL343448,EFO_0000565,INDICATION,
CHEMBL343448,EFO_0000569,INDICATION,
CHEMBL343448,EFO_0000574,INDICATION,
CHEMBL343448,EFO_0000616,INDICATION,
CHEMBL343448,EFO_0000641,INDICATION,
CHEMBL343448,EFO_0000702,INDICATION,
CHEMBL343448,EFO_0000756,INDICATION,
CHEMBL343448,EFO_0000764,INDICATION,
CHEMBL343448,EFO_0001378,INDICATION,
CHEMBL343448,EFO_0002499,INDICATION,
CHEMBL343448,EFO_0002501,INDICATION,
CHEMBL343448,EFO_0002618,INDICATION,
CHEMBL343448,EFO_0002913,INDICATION,
CHEMBL343448,EFO_0003032,INDICATION,
CHEMBL343448,EFO_0003060,INDICATION,
CHEMBL343448,EFO_0005537,INDICATION,
CHEMBL343448,EFO_0005952,INDICATION,
CHEMBL343448,EFO_0006861,INDICATION,
CHEMBL343448,EFO_1000785,INDICATION,
CHEMBL343448,EFO_1000984,INDICATION,
CHEMBL343448,EFO_1001051,INDICATION,
CHEMBL343448,EFO_1001465,INDICATION,
CHEMBL343448,EFO_1001469,INDICATION,
CHEMBL343448,EFO_1001951,INDICATION,
CHEMBL343448,MONDO_0000430,INDICATION,
CHEMBL343448,MONDO_0001187,INDICATION,
CHEMBL343448,MONDO_0002280,CONTRAINDICATION,
CHEMBL343448,MONDO_0003783,CONTRAINDICATION,
CHEMBL343448,MONDO_0004192,INDICATION,
CHEMBL343448,MONDO_0004992,INDICATION,
CHEMBL343448,MONDO_0005184,INDICATION,
CHEMBL343448,MONDO_0008170,INDICATION,
CHEMBL343448,MONDO_0008315,INDICATION,
CHEMBL343448,MONDO_0015758,INDICATION,
CHEMBL343448,MONDO_0015760,INDICATION,
CHEMBL343448,MONDO_0018100,CONTRAINDICATION,
CHEMBL343448,MONDO_0018906,INDICATION,
CHEMBL343448,MONDO_0019171,CONTRAINDICATION,
CHEMBL343448,MONDO_0024327,CONTRAINDICATION,
CHEMBL343633,EFO_0000319,INDICATION,
CHEMBL34412,EFO_0000616,INDICATION,
CHEMBL34412,MONDO_0008903,INDICATION,
CHEMBL344159,EFO_0000313,INDICATION,
CHEMBL344159,EFO_0000319,INDICATION,
CHEMBL344159,EFO_0000373,INDICATION,
CHEMBL344159,EFO_0001422,INDICATION,
CHEMBL344159,EFO_0003086,INDICATION,
CHEMBL344159,EFO_0003144,INDICATION,
CHEMBL344159,EFO_0003884,INDICATION,
CHEMBL344159,EFO_0004253,INDICATION,
CHEMBL344159,EFO_0008620,INDICATION,
CHEMBL344159,EFO_1000982,INDICATION,
CHEMBL344159,EFO_1001496,INDICATION,
CHEMBL344159,EFO_1001771,INDICATION,
CHEMBL345237,EFO_0000712,INDICATION,
CHEMBL345237,MONDO_0005180,INDICATION,
CHEMBL345714,EFO_0000195,INDICATION,
CHEMBL345714,EFO_0000319,INDICATION,
CHEMBL345714,EFO_0003144,INDICATION,
CHEMBL345714,EFO_0005204,INDICATION,
CHEMBL345714,MONDO_0005147,INDICATION,
CHEMBL345714,MONDO_0005148,INDICATION,
CHEMBL345714,MONDO_0037748,INDICATION,
CHEMBL346178,EFO_0000673,INDICATION,
CHEMBL346919,EFO_0000319,INDICATION,
CHEMBL346919,EFO_0000341,INDICATION,
CHEMBL346919,MONDO_0004979,INDICATION,
CHEMBL346977,MONDO_0005277,INDICATION,
CHEMBL348000,EFO_0004274,INDICATION,
CHEMBL348475,EFO_0003060,INDICATION,
CHEMBL348475,EFO_0005762,INDICATION,
CHEMBL348475,EFO_1000796,INDICATION,
CHEMBL348475,MONDO_0007254,INDICATION,
CHEMBL348475,MONDO_0008170,INDICATION,
CHEMBL348475,MONDO_0008903,INDICATION,
CHEMBL349803,EFO_0000319,INDICATION,
CHEMBL349803,EFO_0000537,INDICATION,
CHEMBL35,EFO_0000222,INDICATION,
CHEMBL35,EFO_0000278,CONTRAINDICATION,
CHEMBL35,EFO_0000319,INDICATION,
CHEMBL35,EFO_0000341,INDICATION,
CHEMBL35,EFO_0000373,INDICATION,
CHEMBL35,EFO_0000400,CONTRAINDICATION,
CHEMBL35,EFO_0000537,INDICATION,
CHEMBL35,EFO_0000565,INDICATION,
CHEMBL35,EFO_0000612,CONTRAINDICATION,
CHEMBL35,EFO_0000668,INDICATION,
CHEMBL35,EFO_0001422,INDICATION,
CHEMBL35,EFO_0001645,INDICATION,
CHEMBL35,EFO_0002496,INDICATION,
CHEMBL35,EFO_0002617,INDICATION,
CHEMBL35,EFO_0003086,INDICATION,
CHEMBL35,EFO_0003144,INDICATION,
CHEMBL35,EFO_0003818,INDICATION,
CHEMBL35,EFO_0003827,INDICATION,
CHEMBL35,EFO_0003884,INDICATION,
CHEMBL35,EFO_0003914,INDICATION,
CHEMBL35,EFO_0003917,INDICATION,
CHEMBL35,EFO_0004253,INDICATION,
CHEMBL35,EFO_0004255,INDICATION,
CHEMBL35,EFO_0004274,CONTRAINDICATION,
CHEMBL35,EFO_0004610,INDICATION,
CHEMBL35,EFO_0005251,CONTRAINDICATION,
CHEMBL35,EFO_0005252,CONTRAINDICATION,
CHEMBL35,EFO_0008583,INDICATION,
CHEMBL35,EFO_0009373,INDICATION,
CHEMBL35,EFO_0009530,CONTRAINDICATION,
CHEMBL35,EFO_0009662,INDICATION,
CHEMBL35,EFO_0009840,INDICATION,
CHEMBL35,EFO_1000391,INDICATION,
CHEMBL35,EFO_1001134,INDICATION,
CHEMBL35,EFO_1002048,INDICATION,
CHEMBL35,MONDO_0001134,INDICATION,
CHEMBL35,MONDO_0001566,OFF_LABEL_USE,
CHEMBL35,MONDO_0004992,INDICATION,
CHEMBL35,MONDO_0005090,INDICATION,
CHEMBL35,MONDO_0005148,INDICATION,
CHEMBL35,MONDO_0007915,CONTRAINDICATION,
CHEMBL35,MONDO_0018100,CONTRAINDICATION,
CHEMBL35,MONDO_0019091,INDICATION,
CHEMBL35,MONDO_0021945,CONTRAINDICATION,
CHEMBL35,MONDO_0024664,INDICATION,
CHEMBL350221,EFO_0001073,INDICATION,
CHEMBL350221,EFO_0008568,INDICATION,
CHEMBL350221,EFO_1001919,INDICATION,
CHEMBL350221,MONDO_0002009,INDICATION,
CHEMBL350239,EFO_0000712,OFF_LABEL_USE,
CHEMBL350239,EFO_0004145,CONTRAINDICATION,
CHEMBL350239,EFO_0005251,CONTRAINDICATION,
CHEMBL350239,EFO_0009086,INDICATION,
CHEMBL350239,MONDO_0002277,INDICATION,
CHEMBL350239,MONDO_0007079,CONTRAINDICATION,
CHEMBL35033,EFO_0000764,INDICATION,
CHEMBL350719,EFO_0005762,INDICATION,
CHEMBL350719,MONDO_0002009,INDICATION,
CHEMBL350775,MONDO_0008903,INDICATION,
CHEMBL351706,EFO_0000224,INDICATION,
CHEMBL351706,EFO_0000339,INDICATION,
CHEMBL351706,EFO_0000616,INDICATION,
CHEMBL351706,EFO_0003811,INDICATION,
CHEMBL351706,MONDO_0000870,INDICATION,
CHEMBL35228,EFO_0000220,INDICATION,
CHEMBL35228,EFO_0000222,INDICATION,
CHEMBL35228,EFO_0001068,INDICATION,
CHEMBL35228,EFO_0007141,INDICATION,
CHEMBL35228,EFO_0007444,INDICATION,
CHEMBL35228,EFO_0007445,INDICATION,
CHEMBL35228,EFO_0007530,INDICATION,
CHEMBL35228,MONDO_0100096,INDICATION,
CHEMBL3526802,EFO_0000519,INDICATION,
CHEMBL3526802,EFO_0000574,INDICATION,
CHEMBL3526802,EFO_0000632,INDICATION,
CHEMBL3526802,EFO_0000702,INDICATION,
CHEMBL3526802,EFO_0002501,INDICATION,
CHEMBL3526802,EFO_0003833,INDICATION,
CHEMBL3526802,EFO_0004142,INDICATION,
CHEMBL3526802,EFO_0005221,INDICATION,
CHEMBL3526802,EFO_1001904,INDICATION,
CHEMBL3527000,EFO_0000616,INDICATION,
CHEMBL3527000,EFO_0000756,INDICATION,
CHEMBL3527358,EFO_0005952,INDICATION,
CHEMBL3527416,EFO_0000319,INDICATION,
CHEMBL3527416,MONDO_0000945,INDICATION,
CHEMBL35306,EFO_0007211,INDICATION,
CHEMBL354077,EFO_0004991,INDICATION,
CHEMBL354077,EFO_0005542,INDICATION,
CHEMBL354077,EFO_0008525,INDICATION,
CHEMBL354077,EFO_0009851,INDICATION,
CHEMBL354077,EFO_0020094,INDICATION,
CHEMBL354077,MONDO_0005301,INDICATION,
CHEMBL354077,MONDO_0015263,INDICATION,
CHEMBL3542265,EFO_0000284,INDICATION,
CHEMBL3542265,EFO_0004234,INDICATION,
CHEMBL3542265,MONDO_0008315,INDICATION,
CHEMBL3544906,EFO_0001073,INDICATION,
CHEMBL3544907,EFO_0000616,INDICATION,
CHEMBL3544907,EFO_0000702,INDICATION,
CHEMBL3544907,EFO_0002618,INDICATION,
CHEMBL3544907,EFO_0006859,INDICATION,
CHEMBL3544907,EFO_1001951,INDICATION,
CHEMBL3544907,MONDO_0001187,INDICATION,
CHEMBL3544907,MONDO_0007254,INDICATION,
CHEMBL3544907,MONDO_0008170,INDICATION,
CHEMBL3544907,MONDO_0008315,INDICATION,
CHEMBL3544907,MONDO_0008903,INDICATION,
CHEMBL3544909,EFO_0000612,INDICATION,
CHEMBL3544909,EFO_0003762,INDICATION,
CHEMBL3544909,EFO_0003884,INDICATION,
CHEMBL3544909,EFO_0003918,INDICATION,
CHEMBL3544909,EFO_0005754,INDICATION,
CHEMBL3544909,EFO_1001173,INDICATION,
CHEMBL3544909,MONDO_0100096,INDICATION,
CHEMBL3544910,EFO_0000095,INDICATION,
CHEMBL3544910,EFO_0000228,INDICATION,
CHEMBL3544910,EFO_0000519,INDICATION,
CHEMBL3544910,EFO_0000632,INDICATION,
CHEMBL3544910,EFO_0000681,INDICATION,
CHEMBL3544910,EFO_0001378,INDICATION,
CHEMBL3544910,EFO_0002618,INDICATION,
CHEMBL3544910,EFO_0003060,INDICATION,
CHEMBL3544910,EFO_0003833,INDICATION,
CHEMBL3544910,EFO_0003863,INDICATION,
CHEMBL3544910,EFO_0005952,INDICATION,
CHEMBL3544910,EFO_0009708,INDICATION,
CHEMBL3544910,EFO_1000158,INDICATION,
CHEMBL3544910,EFO_1001465,INDICATION,
CHEMBL3544910,MONDO_0002367,INDICATION,
CHEMBL3544910,MONDO_0005411,INDICATION,
CHEMBL3544910,MONDO_0008903,INDICATION,
CHEMBL3544911,EFO_0000198,INDICATION,
CHEMBL3544911,EFO_0000222,INDICATION,
CHEMBL3544911,EFO_0000616,INDICATION,
CHEMBL3544911,EFO_0000702,INDICATION,
CHEMBL3544911,EFO_0000708,INDICATION,
CHEMBL3544911,EFO_0002939,INDICATION,
CHEMBL3544911,EFO_0003060,INDICATION,
CHEMBL3544911,EFO_0004142,INDICATION,
CHEMBL3544911,EFO_0004284,INDICATION,
CHEMBL3544911,EFO_0009708,INDICATION,
CHEMBL3544911,EFO_1000158,INDICATION,
CHEMBL3544911,EFO_1001779,INDICATION,
CHEMBL3544911,MONDO_0001657,INDICATION,
CHEMBL3544911,MONDO_0004992,INDICATION,
CHEMBL3544911,MONDO_0007254,INDICATION,
CHEMBL3544911,MONDO_0008170,INDICATION,
CHEMBL3544913,EFO_0005762,INDICATION,
CHEMBL3544913,EFO_1000783,INDICATION,
CHEMBL3544913,EFO_1001219,INDICATION,
CHEMBL3544913,MONDO_0002959,INDICATION,
CHEMBL3544913,MONDO_0004985,INDICATION,
CHEMBL3544913,MONDO_0016028,INDICATION,
CHEMBL3544914,MONDO_0009061,INDICATION,
CHEMBL3544916,EFO_0000182,INDICATION,
CHEMBL3544916,EFO_0000198,INDICATION,
CHEMBL3544916,EFO_0000222,INDICATION,
CHEMBL3544916,EFO_0000349,INDICATION,
CHEMBL3544916,EFO_0000365,INDICATION,
CHEMBL3544916,EFO_0000514,INDICATION,
CHEMBL3544916,EFO_0000702,INDICATION,
CHEMBL3544916,EFO_0002617,INDICATION,
CHEMBL3544916,EFO_0004251,INDICATION,
CHEMBL3544916,EFO_0008528,INDICATION,
CHEMBL3544916,MONDO_0008170,INDICATION,
CHEMBL3544916,MONDO_0008903,INDICATION,
CHEMBL3544917,EFO_0004242,INDICATION,
CHEMBL3544917,MONDO_0002009,INDICATION,
CHEMBL3544919,EFO_0004286,INDICATION,
CHEMBL3544921,MONDO_0015674,INDICATION,
CHEMBL3544921,MONDO_0016295,INDICATION,
CHEMBL3544921,MONDO_0019261,INDICATION,
CHEMBL3544921,MONDO_0019262,INDICATION,
CHEMBL3544921,Orphanet_228349,INDICATION,
CHEMBL3544922,EFO_0003929,INDICATION,
CHEMBL3544922,EFO_0007405,INDICATION,
CHEMBL3544922,MONDO_0005301,INDICATION,
CHEMBL3544923,EFO_1000657,INDICATION,
CHEMBL3544923,MONDO_0021063,INDICATION,
CHEMBL3544926,EFO_0000778,INDICATION,
CHEMBL3544932,EFO_0000095,INDICATION,
CHEMBL3544932,EFO_0000198,INDICATION,
CHEMBL3544932,EFO_0000222,INDICATION,
CHEMBL3544932,EFO_0000574,INDICATION,
CHEMBL3544932,EFO_0001378,INDICATION,
CHEMBL3544932,EFO_0002430,INDICATION,
CHEMBL3544932,EFO_0009441,INDICATION,
CHEMBL3544932,MONDO_0044903,INDICATION,
CHEMBL3544936,EFO_0000095,INDICATION,
CHEMBL3544936,EFO_0000574,INDICATION,
CHEMBL3544936,MONDO_0004992,INDICATION,
CHEMBL3544945,EFO_0004616,INDICATION,
CHEMBL3544945,MONDO_0005178,INDICATION,
CHEMBL3544947,EFO_1000781,INDICATION,
CHEMBL3544953,EFO_0003843,INDICATION,
CHEMBL3544954,EFO_0008528,INDICATION,
CHEMBL3544954,MONDO_0007254,INDICATION,
CHEMBL3544954,MONDO_0011962,INDICATION,
CHEMBL3544960,EFO_0000616,INDICATION,
CHEMBL3544963,EFO_0000574,INDICATION,
CHEMBL3544964,EFO_0000616,INDICATION,
CHEMBL3544966,EFO_0000616,INDICATION,
CHEMBL3544968,EFO_0000341,INDICATION,
CHEMBL3544971,EFO_0003888,INDICATION,
CHEMBL3544971,MONDO_0016158,INDICATION,
CHEMBL3544973,EFO_0003884,INDICATION,
CHEMBL3544973,EFO_1001272,INDICATION,
CHEMBL3544974,EFO_0000400,CONTRAINDICATION,
CHEMBL3544974,EFO_0000474,CONTRAINDICATION,
CHEMBL3544974,EFO_0000612,CONTRAINDICATION,
CHEMBL3544974,EFO_0000712,CONTRAINDICATION,
CHEMBL3544974,EFO_0001073,CONTRAINDICATION,
CHEMBL3544974,EFO_0003763,CONTRAINDICATION,
CHEMBL3544974,EFO_0003764,CONTRAINDICATION,
CHEMBL3544974,EFO_0005252,CONTRAINDICATION,
CHEMBL3544974,EFO_0005307,CONTRAINDICATION,
CHEMBL3544974,EFO_0005407,INDICATION,
CHEMBL3544974,EFO_0005411,INDICATION,
CHEMBL3544974,EFO_0007319,CONTRAINDICATION,
CHEMBL3544974,EFO_0009963,INDICATION,
CHEMBL3544974,EFO_1001375,CONTRAINDICATION,
CHEMBL3544974,EFO_1001379,CONTRAINDICATION,
CHEMBL3544974,MONDO_0004975,CONTRAINDICATION,
CHEMBL3544974,MONDO_0004985,INDICATION,
CHEMBL3544974,MONDO_0005090,INDICATION,
CHEMBL3544974,MONDO_0018100,CONTRAINDICATION,
CHEMBL3544974,MONDO_0019171,CONTRAINDICATION,
CHEMBL3544974,MONDO_0100192,CONTRAINDICATION,
CHEMBL3544977,EFO_0001421,INDICATION,
CHEMBL3544977,EFO_0004220,INDICATION,
CHEMBL3544978,DOID_7551,INDICATION,
CHEMBL3544979,EFO_0005251,INDICATION,
CHEMBL3544981,EFO_1000906,INDICATION,
CHEMBL3544983,EFO_0000519,INDICATION,
CHEMBL3544983,EFO_0003060,INDICATION,
CHEMBL3544983,EFO_0003833,INDICATION,
CHEMBL3544983,EFO_1001496,INDICATION,
CHEMBL3544983,MONDO_0004992,INDICATION,
CHEMBL3544983,MONDO_0007254,INDICATION,
CHEMBL3544983,MONDO_0009889,INDICATION,
CHEMBL3544984,EFO_0000274,INDICATION,
CHEMBL3544984,EFO_0006928,INDICATION,
CHEMBL3544984,EFO_0008533,INDICATION,
CHEMBL3544984,EFO_1000948,INDICATION,
CHEMBL3544984,EFO_1001917,INDICATION,
CHEMBL3544984,MONDO_0007079,INDICATION,
CHEMBL3544984,MONDO_0100096,INDICATION,
CHEMBL3544985,EFO_0003047,INDICATION,
CHEMBL3544985,EFO_0004220,INDICATION,
CHEMBL3544986,EFO_0000537,INDICATION,
CHEMBL3544986,EFO_0004214,INDICATION,
CHEMBL3544988,EFO_0000537,CONTRAINDICATION,
CHEMBL3544988,EFO_0000546,INDICATION,
CHEMBL3544988,EFO_0003875,INDICATION,
CHEMBL3544988,EFO_0003884,INDICATION,
CHEMBL3544988,EFO_0004272,INDICATION,
CHEMBL3544988,MONDO_0002280,INDICATION,
CHEMBL3544989,EFO_1000727,INDICATION,
CHEMBL3544989,MONDO_0009387,INDICATION,
CHEMBL3544991,MONDO_0010679,INDICATION,
CHEMBL3544993,EFO_0000182,INDICATION,
CHEMBL3544993,EFO_0000519,INDICATION,
CHEMBL3544993,EFO_0002499,INDICATION,
CHEMBL3544993,EFO_0003060,INDICATION,
CHEMBL3544993,EFO_0005543,INDICATION,
CHEMBL3544993,EFO_1000028,INDICATION,
CHEMBL3544993,MONDO_0008315,INDICATION,
CHEMBL3544993,MONDO_0008903,INDICATION,
CHEMBL3544993,MONDO_0100342,INDICATION,
CHEMBL3544994,EFO_0000319,INDICATION,
CHEMBL3544994,EFO_0004211,INDICATION,
CHEMBL3544994,MONDO_0020088,INDICATION,
CHEMBL3544995,MONDO_0008315,INDICATION,
CHEMBL3544996,MP_0001914,INDICATION,
CHEMBL3545004,EFO_0000616,INDICATION,
CHEMBL3545010,MONDO_0005180,INDICATION,
CHEMBL3545013,MONDO_0005090,INDICATION,
CHEMBL3545017,MONDO_0008315,INDICATION,
CHEMBL3545020,MONDO_0005148,INDICATION,
CHEMBL3545027,EFO_0000641,INDICATION,
CHEMBL3545027,EFO_0000756,INDICATION,
CHEMBL3545027,EFO_0003060,INDICATION,
CHEMBL3545027,EFO_1001951,INDICATION,
CHEMBL3545029,MONDO_0004975,INDICATION,
CHEMBL3545029,MONDO_0005090,INDICATION,
CHEMBL3545030,MONDO_0021107,INDICATION,
CHEMBL3545031,MONDO_0004979,INDICATION,
CHEMBL3545035,EFO_0003948,INDICATION,
CHEMBL3545036,EFO_0003948,INDICATION,
CHEMBL3545036,MONDO_0005277,INDICATION,
CHEMBL3545039,EFO_0003843,INDICATION,
CHEMBL3545039,EFO_0005762,INDICATION,
CHEMBL3545040,EFO_0000275,INDICATION,
CHEMBL3545042,EFO_0000474,INDICATION,
CHEMBL3545042,MONDO_0005277,INDICATION,
CHEMBL3545042,MONDO_0005301,INDICATION,
CHEMBL3545042,MONDO_0015643,INDICATION,
CHEMBL3545043,EFO_0003956,INDICATION,
CHEMBL3545043,MONDO_0100096,INDICATION,
CHEMBL3545050,EFO_0000616,INDICATION,
CHEMBL3545054,EFO_0000183,INDICATION,
CHEMBL3545054,MONDO_0004992,INDICATION,
CHEMBL3545057,EFO_0000275,INDICATION,
CHEMBL3545057,EFO_0000319,INDICATION,
CHEMBL3545057,EFO_0000373,INDICATION,
CHEMBL3545058,EFO_0000612,INDICATION,
CHEMBL3545058,EFO_1001375,INDICATION,
CHEMBL3545059,EFO_0000537,INDICATION,
CHEMBL3545059,EFO_0000712,INDICATION,
CHEMBL3545061,EFO_0000284,INDICATION,
CHEMBL3545061,MONDO_0008315,INDICATION,
CHEMBL3545062,EFO_0003047,INDICATION,
CHEMBL3545062,EFO_0004220,INDICATION,
CHEMBL3545063,EFO_0003060,INDICATION,
CHEMBL3545063,MONDO_0008903,INDICATION,
CHEMBL3545064,EFO_0000095,INDICATION,
CHEMBL3545065,EFO_1001069,INDICATION,
CHEMBL3545065,MONDO_0005041,INDICATION,
CHEMBL3545066,EFO_1001485,INDICATION,
CHEMBL3545066,MONDO_0024503,INDICATION,
CHEMBL3545068,EFO_0000096,INDICATION,
CHEMBL3545068,EFO_0000183,INDICATION,
CHEMBL3545068,EFO_0000305,INDICATION,
CHEMBL3545068,EFO_0000403,INDICATION,
CHEMBL3545068,EFO_0000616,INDICATION,
CHEMBL3545068,EFO_0001378,INDICATION,
CHEMBL3545068,EFO_0005537,INDICATION,
CHEMBL3545068,EFO_1001051,INDICATION,
CHEMBL3545068,EFO_1001469,INDICATION,
CHEMBL3545068,MONDO_0018906,INDICATION,
CHEMBL3545069,EFO_0000389,INDICATION,
CHEMBL3545069,EFO_0000707,INDICATION,
CHEMBL3545069,EFO_0000708,INDICATION,
CHEMBL3545069,EFO_0001378,INDICATION,
CHEMBL3545069,EFO_0002617,INDICATION,
CHEMBL3545069,EFO_0005537,INDICATION,
CHEMBL3545069,MONDO_0007254,INDICATION,
CHEMBL3545070,EFO_0003884,INDICATION,
CHEMBL3545070,EFO_0004265,INDICATION,
CHEMBL3545071,EFO_0002618,INDICATION,
CHEMBL3545071,MONDO_0007254,INDICATION,
CHEMBL3545072,EFO_0002618,INDICATION,
CHEMBL3545072,EFO_0002970,INDICATION,
CHEMBL3545072,MONDO_0004992,INDICATION,
CHEMBL3545073,EFO_1001069,INDICATION,
CHEMBL3545073,MONDO_0005041,INDICATION,
CHEMBL3545076,EFO_0000681,INDICATION,
CHEMBL3545076,EFO_0003060,INDICATION,
CHEMBL3545076,EFO_0009708,INDICATION,
CHEMBL3545076,EFO_1001901,INDICATION,
CHEMBL3545076,MONDO_0004992,INDICATION,
CHEMBL3545083,EFO_0001642,INDICATION,
CHEMBL3545085,EFO_0000220,INDICATION,
CHEMBL3545085,EFO_0000339,INDICATION,
CHEMBL3545085,EFO_0000574,INDICATION,
CHEMBL3545085,MONDO_0004992,INDICATION,
CHEMBL3545087,EFO_0000341,INDICATION,
CHEMBL3545093,EFO_0004211,INDICATION,
CHEMBL3545093,Orphanet_309005,INDICATION,
CHEMBL3545096,MONDO_0004992,INDICATION,
CHEMBL3545096,MONDO_0007254,INDICATION,
CHEMBL3545096,MONDO_0016063,INDICATION,
CHEMBL3545097,EFO_0000182,INDICATION,
CHEMBL3545097,EFO_0000209,INDICATION,
CHEMBL3545097,EFO_0000466,INDICATION,
CHEMBL3545097,EFO_0000519,INDICATION,
CHEMBL3545097,EFO_0000574,INDICATION,
CHEMBL3545097,EFO_0000616,INDICATION,
CHEMBL3545097,EFO_0000681,INDICATION,
CHEMBL3545097,EFO_0000708,INDICATION,
CHEMBL3545097,EFO_0001378,INDICATION,
CHEMBL3545097,EFO_0003060,INDICATION,
CHEMBL3545097,EFO_0003869,INDICATION,
CHEMBL3545097,EFO_0004230,INDICATION,
CHEMBL3545097,EFO_0007416,INDICATION,
CHEMBL3545097,EFO_0007532,INDICATION,
CHEMBL3545097,EFO_0009441,INDICATION,
CHEMBL3545097,EFO_1000043,INDICATION,
CHEMBL3545097,EFO_1000045,INDICATION,
CHEMBL3545097,EFO_1000251,INDICATION,
CHEMBL3545097,EFO_1001465,INDICATION,
CHEMBL3545097,EFO_1001471,INDICATION,
CHEMBL3545097,EFO_1001968,INDICATION,
CHEMBL3545097,MONDO_0002108,INDICATION,
CHEMBL3545097,MONDO_0004992,INDICATION,
CHEMBL3545097,MONDO_0007254,INDICATION,
CHEMBL3545097,MONDO_0008315,INDICATION,
CHEMBL3545100,EFO_1001173,INDICATION,
CHEMBL3545101,EFO_0000729,INDICATION,
CHEMBL3545101,EFO_0001642,INDICATION,
CHEMBL3545101,EFO_0003834,INDICATION,
CHEMBL3545103,EFO_0000341,INDICATION,
CHEMBL3545103,MONDO_0004979,INDICATION,
CHEMBL3545104,EFO_0001666,INDICATION,
CHEMBL3545106,EFO_0001073,INDICATION,
CHEMBL3545108,EFO_0000685,INDICATION,
CHEMBL3545110,EFO_0000181,INDICATION,
CHEMBL3545110,EFO_0000182,INDICATION,
CHEMBL3545110,EFO_0000196,INDICATION,
CHEMBL3545110,EFO_0000220,INDICATION,
CHEMBL3545110,EFO_0000305,INDICATION,
CHEMBL3545110,EFO_0000313,INDICATION,
CHEMBL3545110,EFO_0000519,INDICATION,
CHEMBL3545110,EFO_0000569,INDICATION,
CHEMBL3545110,EFO_0000574,INDICATION,
CHEMBL3545110,EFO_0000616,INDICATION,
CHEMBL3545110,EFO_0000621,INDICATION,
CHEMBL3545110,EFO_0000756,INDICATION,
CHEMBL3545110,EFO_0001075,INDICATION,
CHEMBL3545110,EFO_0002499,INDICATION,
CHEMBL3545110,EFO_0002626,INDICATION,
CHEMBL3545110,EFO_0003060,INDICATION,
CHEMBL3545110,EFO_0003085,INDICATION,
CHEMBL3545110,EFO_0003086,INDICATION,
CHEMBL3545110,EFO_0003859,INDICATION,
CHEMBL3545110,EFO_0003869,INDICATION,
CHEMBL3545110,EFO_0005220,INDICATION,
CHEMBL3545110,EFO_0005701,INDICATION,
CHEMBL3545110,EFO_1000026,INDICATION,
CHEMBL3545110,EFO_1000251,INDICATION,
CHEMBL3545110,EFO_1001100,INDICATION,
CHEMBL3545110,EFO_1001901,INDICATION,
CHEMBL3545110,EFO_1001968,INDICATION,
CHEMBL3545110,MONDO_0002158,INDICATION,
CHEMBL3545110,MONDO_0002601,INDICATION,
CHEMBL3545110,MONDO_0004992,INDICATION,
CHEMBL3545110,MONDO_0007254,INDICATION,
CHEMBL3545110,MONDO_0008170,INDICATION,
CHEMBL3545110,MONDO_0008315,INDICATION,
CHEMBL3545110,MONDO_0044903,INDICATION,
CHEMBL3545111,MONDO_0007254,INDICATION,
CHEMBL3545122,EFO_1001951,INDICATION,
CHEMBL3545123,EFO_0001358,INDICATION,
CHEMBL3545123,EFO_0001421,INDICATION,
CHEMBL3545123,EFO_0003047,INDICATION,
CHEMBL3545123,EFO_0003086,INDICATION,
CHEMBL3545123,EFO_0003884,INDICATION,
CHEMBL3545123,EFO_0004220,INDICATION,
CHEMBL3545125,EFO_0005687,INDICATION,
CHEMBL3545125,EFO_0005762,INDICATION,
CHEMBL3545125,EFO_1000783,INDICATION,
CHEMBL3545125,MONDO_0041052,INDICATION,
CHEMBL3545128,EFO_0000681,INDICATION,
CHEMBL3545128,EFO_0003060,INDICATION,
CHEMBL3545131,EFO_0000203,INDICATION,
CHEMBL3545131,EFO_0000220,INDICATION,
CHEMBL3545131,EFO_0000222,INDICATION,
CHEMBL3545131,EFO_0000403,INDICATION,
CHEMBL3545131,EFO_0000540,INDICATION,
CHEMBL3545131,EFO_0000574,INDICATION,
CHEMBL3545131,EFO_0000616,INDICATION,
CHEMBL3545131,EFO_0001378,INDICATION,
CHEMBL3545131,EFO_0001642,INDICATION,
CHEMBL3545131,EFO_0003073,INDICATION,
CHEMBL3545131,EFO_0005592,INDICATION,
CHEMBL3545131,EFO_1001264,INDICATION,
CHEMBL3545131,EFO_1001951,INDICATION,
CHEMBL3545131,MONDO_0001705,INDICATION,
CHEMBL3545131,MONDO_0019438,INDICATION,
CHEMBL3545131,MONDO_0044881,INDICATION,
CHEMBL3545131,MONDO_0044917,INDICATION,
CHEMBL3545132,EFO_0000616,INDICATION,
CHEMBL3545132,EFO_0005537,INDICATION,
CHEMBL3545132,EFO_1001100,INDICATION,
CHEMBL3545132,MONDO_0002158,INDICATION,
CHEMBL3545132,MONDO_0007254,INDICATION,
CHEMBL3545132,MONDO_0008170,INDICATION,
CHEMBL3545132,MONDO_0011962,INDICATION,
CHEMBL3545132,MONDO_0018364,INDICATION,
CHEMBL3545132,MONDO_0021092,INDICATION,
CHEMBL3545134,EFO_0000574,INDICATION,
CHEMBL3545134,EFO_0009708,INDICATION,
CHEMBL3545137,EFO_0000616,INDICATION,
CHEMBL3545141,EFO_0000574,INDICATION,
CHEMBL3545141,EFO_0002913,INDICATION,
CHEMBL3545145,EFO_0000616,INDICATION,
CHEMBL3545153,EFO_0004190,INDICATION,
CHEMBL3545153,EFO_1001069,INDICATION,
CHEMBL3545154,EFO_0000571,INDICATION,
CHEMBL3545154,EFO_0000616,INDICATION,
CHEMBL3545154,EFO_0003060,INDICATION,
CHEMBL3545154,EFO_0004284,INDICATION,
CHEMBL3545154,EFO_0005922,INDICATION,
CHEMBL3545154,MONDO_0001056,INDICATION,
CHEMBL3545154,MONDO_0004992,INDICATION,
CHEMBL3545154,MONDO_0007254,INDICATION,
CHEMBL3545155,EFO_0000616,INDICATION,
CHEMBL3545155,MONDO_0008170,INDICATION,
CHEMBL3545155,MONDO_0021063,INDICATION,
CHEMBL3545157,EFO_0003756,INDICATION,
CHEMBL3545157,MONDO_0004975,INDICATION,
CHEMBL3545157,MONDO_0004976,INDICATION,
CHEMBL3545157,MONDO_0016107,INDICATION,
CHEMBL3545157,Orphanet_273,INDICATION,
CHEMBL3545159,MONDO_0007915,INDICATION,
CHEMBL3545162,EFO_0000341,INDICATION,
CHEMBL3545162,MONDO_0004979,INDICATION,
CHEMBL3545164,EFO_0003843,INDICATION,
CHEMBL3545164,EFO_0003948,INDICATION,
CHEMBL3545164,EFO_0005762,INDICATION,
CHEMBL3545164,EFO_1000783,INDICATION,
CHEMBL3545164,MONDO_0002009,INDICATION,
CHEMBL3545165,EFO_1000781,INDICATION,
CHEMBL3545166,MONDO_0004975,INDICATION,
CHEMBL3545166,MONDO_0005090,INDICATION,
CHEMBL3545167,EFO_0003917,INDICATION,
CHEMBL3545168,EFO_0000341,INDICATION,
CHEMBL3545169,EFO_0000275,INDICATION,
CHEMBL3545169,EFO_0003911,INDICATION,
CHEMBL3545176,MONDO_0004975,INDICATION,
CHEMBL3545181,EFO_0000341,INDICATION,
CHEMBL3545181,EFO_0000464,INDICATION,
CHEMBL3545181,EFO_0000616,INDICATION,
CHEMBL3545181,EFO_0006505,INDICATION,
CHEMBL3545181,EFO_1001919,INDICATION,
CHEMBL3545181,MONDO_0004979,INDICATION,
CHEMBL3545181,MONDO_0009061,INDICATION,
CHEMBL3545183,EFO_0003884,INDICATION,
CHEMBL3545183,EFO_1001173,INDICATION,
CHEMBL3545184,EFO_0003884,INDICATION,
CHEMBL3545184,EFO_0005754,INDICATION,
CHEMBL3545184,EFO_1001173,INDICATION,
CHEMBL3545185,EFO_0000096,INDICATION,
CHEMBL3545185,EFO_0000182,INDICATION,
CHEMBL3545185,EFO_0000198,INDICATION,
CHEMBL3545185,EFO_0000211,INDICATION,
CHEMBL3545185,EFO_0000220,INDICATION,
CHEMBL3545185,EFO_0000222,INDICATION,
CHEMBL3545185,EFO_0000339,INDICATION,
CHEMBL3545185,EFO_0000389,INDICATION,
CHEMBL3545185,EFO_0000403,INDICATION,
CHEMBL3545185,EFO_0000519,INDICATION,
CHEMBL3545185,EFO_0000574,INDICATION,
CHEMBL3545185,EFO_0000616,INDICATION,
CHEMBL3545185,EFO_0000681,INDICATION,
CHEMBL3545185,EFO_0000691,INDICATION,
CHEMBL3545185,EFO_0000702,INDICATION,
CHEMBL3545185,EFO_0000707,INDICATION,
CHEMBL3545185,EFO_0000708,INDICATION,
CHEMBL3545185,EFO_0000756,INDICATION,
CHEMBL3545185,EFO_0001075,INDICATION,
CHEMBL3545185,EFO_0001378,INDICATION,
CHEMBL3545185,EFO_0001642,INDICATION,
CHEMBL3545185,EFO_0002617,INDICATION,
CHEMBL3545185,EFO_0003060,INDICATION,
CHEMBL3545185,EFO_0003085,INDICATION,
CHEMBL3545185,EFO_0004142,INDICATION,
CHEMBL3545185,EFO_0005537,INDICATION,
CHEMBL3545185,EFO_0007143,INDICATION,
CHEMBL3545185,EFO_0008528,INDICATION,
CHEMBL3545185,EFO_1000251,INDICATION,
CHEMBL3545185,EFO_1000581,INDICATION,
CHEMBL3545185,EFO_1000657,INDICATION,
CHEMBL3545185,EFO_1001459,INDICATION,
CHEMBL3545185,EFO_1001465,INDICATION,
CHEMBL3545185,EFO_1001968,INDICATION,
CHEMBL3545185,MONDO_0000430,INDICATION,
CHEMBL3545185,MONDO_0004992,INDICATION,
CHEMBL3545185,MONDO_0007254,INDICATION,
CHEMBL3545185,MONDO_0008315,INDICATION,
CHEMBL3545185,MONDO_0011962,INDICATION,
CHEMBL3545185,MONDO_0019438,INDICATION,
CHEMBL3545185,MONDO_0019460,INDICATION,
CHEMBL3545185,MONDO_0044903,INDICATION,
CHEMBL3545185,MONDO_0100096,INDICATION,
CHEMBL3545186,EFO_1000906,INDICATION,
CHEMBL3545189,EFO_0000546,INDICATION,
CHEMBL3545189,EFO_0005251,INDICATION,
CHEMBL3545189,EFO_0005532,INDICATION,
CHEMBL3545189,MONDO_0019623,INDICATION,
CHEMBL3545189,MONDO_0100096,INDICATION,
CHEMBL3545190,EFO_0000616,INDICATION,
CHEMBL3545190,EFO_0007141,INDICATION,
CHEMBL3545190,EFO_1000906,INDICATION,
CHEMBL3545191,EFO_0000319,INDICATION,
CHEMBL3545191,EFO_0000589,INDICATION,
CHEMBL3545191,EFO_0004211,INDICATION,
CHEMBL3545191,EFO_0004911,INDICATION,
CHEMBL3545191,MONDO_0018328,INDICATION,
CHEMBL3545193,MONDO_0007915,INDICATION,
CHEMBL3545199,EFO_0000574,INDICATION,
CHEMBL3545208,EFO_0005762,INDICATION,
CHEMBL3545210,MONDO_0007254,INDICATION,
CHEMBL3545211,MONDO_0007254,INDICATION,
CHEMBL3545213,EFO_0001065,INDICATION,
CHEMBL3545214,EFO_0000228,INDICATION,
CHEMBL3545215,MONDO_0004992,INDICATION,
CHEMBL3545216,EFO_0004616,INDICATION,
CHEMBL3545220,MONDO_0005277,INDICATION,
CHEMBL3545221,EFO_0000341,INDICATION,
CHEMBL3545221,EFO_0003843,INDICATION,
CHEMBL3545221,EFO_0005762,INDICATION,
CHEMBL3545222,EFO_0000341,INDICATION,
CHEMBL3545224,EFO_0000183,INDICATION,
CHEMBL3545224,EFO_0001378,INDICATION,
CHEMBL3545224,EFO_0005952,INDICATION,
CHEMBL3545224,MONDO_0008315,INDICATION,
CHEMBL3545225,EFO_0000183,INDICATION,
CHEMBL3545225,EFO_0000198,INDICATION,
CHEMBL3545225,EFO_0000685,INDICATION,
CHEMBL3545225,MONDO_0007254,INDICATION,
CHEMBL3545231,MONDO_0004975,INDICATION,
CHEMBL3545231,MONDO_0005090,INDICATION,
CHEMBL3545232,MONDO_0004975,INDICATION,
CHEMBL3545232,MONDO_0005090,INDICATION,
CHEMBL3545233,EFO_0000660,INDICATION,
CHEMBL3545233,MONDO_0005090,INDICATION,
CHEMBL3545235,EFO_0003060,INDICATION,
CHEMBL3545236,EFO_0000616,INDICATION,
CHEMBL3545236,EFO_0003060,INDICATION,
CHEMBL3545237,MONDO_0008315,INDICATION,
CHEMBL3545239,EFO_0000731,INDICATION,
CHEMBL3545241,EFO_0000685,INDICATION,
CHEMBL3545243,EFO_0000616,INDICATION,
CHEMBL3545247,EFO_0005854,INDICATION,
CHEMBL3545248,EFO_1001951,INDICATION,
CHEMBL3545248,MONDO_0011962,INDICATION,
CHEMBL3545252,EFO_0000174,INDICATION,
CHEMBL3545252,EFO_0000178,INDICATION,
CHEMBL3545252,EFO_0000181,INDICATION,
CHEMBL3545252,EFO_0000182,INDICATION,
CHEMBL3545252,EFO_0000196,INDICATION,
CHEMBL3545252,EFO_0000198,INDICATION,
CHEMBL3545252,EFO_0000199,INDICATION,
CHEMBL3545252,EFO_0000228,INDICATION,
CHEMBL3545252,EFO_0000305,INDICATION,
CHEMBL3545252,EFO_0000313,INDICATION,
CHEMBL3545252,EFO_0000432,INDICATION,
CHEMBL3545252,EFO_0000466,INDICATION,
CHEMBL3545252,EFO_0000503,INDICATION,
CHEMBL3545252,EFO_0000564,INDICATION,
CHEMBL3545252,EFO_0000565,INDICATION,
CHEMBL3545252,EFO_0000571,INDICATION,
CHEMBL3545252,EFO_0000574,INDICATION,
CHEMBL3545252,EFO_0000616,INDICATION,
CHEMBL3545252,EFO_0000637,INDICATION,
CHEMBL3545252,EFO_0000673,INDICATION,
CHEMBL3545252,EFO_0000681,INDICATION,
CHEMBL3545252,EFO_0000691,INDICATION,
CHEMBL3545252,EFO_0000702,INDICATION,
CHEMBL3545252,EFO_0000707,INDICATION,
CHEMBL3545252,EFO_0000708,INDICATION,
CHEMBL3545252,EFO_0000756,INDICATION,
CHEMBL3545252,EFO_0001075,INDICATION,
CHEMBL3545252,EFO_0001376,INDICATION,
CHEMBL3545252,EFO_0001378,INDICATION,
CHEMBL3545252,EFO_0001416,INDICATION,
CHEMBL3545252,EFO_0001663,INDICATION,
CHEMBL3545252,EFO_0002428,INDICATION,
CHEMBL3545252,EFO_0002617,INDICATION,
CHEMBL3545252,EFO_0002618,INDICATION,
CHEMBL3545252,EFO_0002916,INDICATION,
CHEMBL3545252,EFO_0002938,INDICATION,
CHEMBL3545252,EFO_0003060,INDICATION,
CHEMBL3545252,EFO_0003817,INDICATION,
CHEMBL3545252,EFO_0003859,INDICATION,
CHEMBL3545252,EFO_0003860,INDICATION,
CHEMBL3545252,EFO_0003863,INDICATION,
CHEMBL3545252,EFO_0003865,INDICATION,
CHEMBL3545252,EFO_0003866,INDICATION,
CHEMBL3545252,EFO_0003869,INDICATION,
CHEMBL3545252,EFO_0003891,INDICATION,
CHEMBL3545252,EFO_0003893,INDICATION,
CHEMBL3545252,EFO_0003897,INDICATION,
CHEMBL3545252,EFO_0004230,INDICATION,
CHEMBL3545252,EFO_0004252,INDICATION,
CHEMBL3545252,EFO_0004281,INDICATION,
CHEMBL3545252,EFO_0004284,INDICATION,
CHEMBL3545252,EFO_0005088,INDICATION,
CHEMBL3545252,EFO_0005537,INDICATION,
CHEMBL3545252,EFO_0005570,INDICATION,
CHEMBL3545252,EFO_0005577,INDICATION,
CHEMBL3545252,EFO_0005922,INDICATION,
CHEMBL3545252,EFO_0005950,INDICATION,
CHEMBL3545252,EFO_0006352,INDICATION,
CHEMBL3545252,EFO_0006859,INDICATION,
CHEMBL3545252,EFO_0006861,INDICATION,
CHEMBL3545252,EFO_0006911,INDICATION,
CHEMBL3545252,EFO_0007355,INDICATION,
CHEMBL3545252,EFO_0007362,INDICATION,
CHEMBL3545252,EFO_0008528,INDICATION,
CHEMBL3545252,EFO_0009708,INDICATION,
CHEMBL3545252,EFO_0010282,INDICATION,
CHEMBL3545252,EFO_1000043,INDICATION,
CHEMBL3545252,EFO_1000595,INDICATION,
CHEMBL3545252,EFO_1000601,INDICATION,
CHEMBL3545252,EFO_1000613,INDICATION,
CHEMBL3545252,EFO_1000984,INDICATION,
CHEMBL3545252,EFO_1001100,INDICATION,
CHEMBL3545252,EFO_1001214,INDICATION,
CHEMBL3545252,EFO_1001931,INDICATION,
CHEMBL3545252,EFO_1001951,INDICATION,
CHEMBL3545252,EFO_1001968,INDICATION,
CHEMBL3545252,MONDO_0000521,INDICATION,
CHEMBL3545252,MONDO_0001056,INDICATION,
CHEMBL3545252,MONDO_0001187,INDICATION,
CHEMBL3545252,MONDO_0001325,INDICATION,
CHEMBL3545252,MONDO_0001402,INDICATION,
CHEMBL3545252,MONDO_0001475,INDICATION,
CHEMBL3545252,MONDO_0001528,INDICATION,
CHEMBL3545252,MONDO_0002038,INDICATION,
CHEMBL3545252,MONDO_0002087,INDICATION,
CHEMBL3545252,MONDO_0002120,INDICATION,
CHEMBL3545252,MONDO_0002158,INDICATION,
CHEMBL3545252,MONDO_0002358,INDICATION,
CHEMBL3545252,MONDO_0002367,INDICATION,
CHEMBL3545252,MONDO_0002691,INDICATION,
CHEMBL3545252,MONDO_0002974,INDICATION,
CHEMBL3545252,MONDO_0003060,INDICATION,
CHEMBL3545252,MONDO_0003199,INDICATION,
CHEMBL3545252,MONDO_0004192,INDICATION,
CHEMBL3545252,MONDO_0004669,INDICATION,
CHEMBL3545252,MONDO_0004986,INDICATION,
CHEMBL3545252,MONDO_0004992,INDICATION,
CHEMBL3545252,MONDO_0005271,INDICATION,
CHEMBL3545252,MONDO_0005575,INDICATION,
CHEMBL3545252,MONDO_0007254,INDICATION,
CHEMBL3545252,MONDO_0007576,INDICATION,
CHEMBL3545252,MONDO_0008170,INDICATION,
CHEMBL3545252,MONDO_0008315,INDICATION,
CHEMBL3545252,MONDO_0008903,INDICATION,
CHEMBL3545252,MONDO_0011719,INDICATION,
CHEMBL3545252,MONDO_0011962,INDICATION,
CHEMBL3545252,MONDO_0018364,INDICATION,
CHEMBL3545252,MONDO_0021063,INDICATION,
CHEMBL3545252,MONDO_0021117,INDICATION,
CHEMBL3545252,MONDO_0021310,INDICATION,
CHEMBL3545252,MONDO_0021355,INDICATION,
CHEMBL3545252,Orphanet_145,INDICATION,
CHEMBL3545253,EFO_0005772,INDICATION,
CHEMBL3545253,MONDO_0004975,INDICATION,
CHEMBL3545254,EFO_0003095,INDICATION,
CHEMBL3545254,EFO_0003100,INDICATION,
CHEMBL3545254,EFO_0003929,INDICATION,
CHEMBL3545254,EFO_0008525,INDICATION,
CHEMBL3545254,MONDO_0004976,INDICATION,
CHEMBL3545259,EFO_0000616,INDICATION,
CHEMBL3545259,EFO_1001951,INDICATION,
CHEMBL3545261,EFO_0000616,INDICATION,
CHEMBL3545261,MONDO_0004992,INDICATION,
CHEMBL3545262,EFO_0000519,INDICATION,
CHEMBL3545262,EFO_0000616,INDICATION,
CHEMBL3545262,EFO_0000702,INDICATION,
CHEMBL3545262,EFO_0003060,INDICATION,
CHEMBL3545262,EFO_0003863,INDICATION,
CHEMBL3545262,EFO_0003869,INDICATION,
CHEMBL3545262,EFO_0005537,INDICATION,
CHEMBL3545262,EFO_0008528,INDICATION,
CHEMBL3545262,EFO_1001512,INDICATION,
CHEMBL3545262,MONDO_0001187,INDICATION,
CHEMBL3545262,MONDO_0002974,INDICATION,
CHEMBL3545262,MONDO_0004669,INDICATION,
CHEMBL3545262,MONDO_0004986,INDICATION,
CHEMBL3545262,MONDO_0004992,INDICATION,
CHEMBL3545262,MONDO_0007254,INDICATION,
CHEMBL3545262,MONDO_0008315,INDICATION,
CHEMBL3545269,MONDO_0005148,INDICATION,
CHEMBL3545278,EFO_0000400,INDICATION,
CHEMBL3545278,MONDO_0041052,INDICATION,
CHEMBL3545280,EFO_0000365,INDICATION,
CHEMBL3545280,EFO_0000569,INDICATION,
CHEMBL3545280,EFO_0000616,INDICATION,
CHEMBL3545280,EFO_0001378,INDICATION,
CHEMBL3545280,EFO_0003060,INDICATION,
CHEMBL3545280,EFO_1001951,INDICATION,
CHEMBL3545280,MONDO_0002108,INDICATION,
CHEMBL3545280,MONDO_0004992,INDICATION,
CHEMBL3545291,EFO_0004319,INDICATION,
CHEMBL3545291,MONDO_0002050,INDICATION,
CHEMBL3545291,MONDO_0005090,INDICATION,
CHEMBL3545298,MONDO_0004992,INDICATION,
CHEMBL3545303,EFO_0007160,INDICATION,
CHEMBL3545305,MONDO_0002050,INDICATION,
CHEMBL3545306,EFO_0000712,INDICATION,
CHEMBL3545307,EFO_0000389,INDICATION,
CHEMBL3545307,EFO_0002618,INDICATION,
CHEMBL3545307,EFO_0003060,INDICATION,
CHEMBL3545307,EFO_1001469,INDICATION,
CHEMBL3545307,EFO_1001951,INDICATION,
CHEMBL3545307,MONDO_0003060,INDICATION,
CHEMBL3545307,MONDO_0004992,INDICATION,
CHEMBL3545307,MONDO_0007254,INDICATION,
CHEMBL3545308,EFO_0000616,INDICATION,
CHEMBL3545308,EFO_0003060,INDICATION,
CHEMBL3545309,EFO_1001272,INDICATION,
CHEMBL3545311,EFO_0000616,INDICATION,
CHEMBL3545311,EFO_0003032,INDICATION,
CHEMBL3545311,EFO_0003060,INDICATION,
CHEMBL3545312,EFO_0004220,INDICATION,
CHEMBL3545313,EFO_0000319,INDICATION,
CHEMBL3545313,EFO_0001645,INDICATION,
CHEMBL3545313,EFO_0003914,INDICATION,
CHEMBL3545313,EFO_0004911,INDICATION,
CHEMBL3545313,MONDO_0005148,INDICATION,
CHEMBL3545313,MONDO_0021187,INDICATION,
CHEMBL3545313,Orphanet_309005,INDICATION,
CHEMBL3545314,EFO_1001904,INDICATION,
CHEMBL3545316,EFO_0001365,INDICATION,
CHEMBL3545318,MONDO_0004933,INDICATION,
CHEMBL3545321,EFO_0000616,INDICATION,
CHEMBL3545327,EFO_0000574,INDICATION,
CHEMBL3545327,MONDO_0004992,INDICATION,
CHEMBL3545328,EFO_0000479,INDICATION,
CHEMBL3545328,EFO_0002429,INDICATION,
CHEMBL3545328,MONDO_0044903,INDICATION,
CHEMBL3545330,EFO_0000616,INDICATION,
CHEMBL3545333,EFO_1000653,INDICATION,
CHEMBL3545341,EFO_0001645,INDICATION,
CHEMBL3545341,EFO_0003884,INDICATION,
CHEMBL3545341,EFO_0004234,INDICATION,
CHEMBL3545343,MONDO_0004979,INDICATION,
CHEMBL3545346,EFO_0003948,INDICATION,
CHEMBL3545347,EFO_0000198,INDICATION,
CHEMBL3545347,EFO_0000537,INDICATION,
CHEMBL3545347,EFO_0000616,INDICATION,
CHEMBL3545347,EFO_0000764,INDICATION,
CHEMBL3545347,EFO_0001073,INDICATION,
CHEMBL3545347,EFO_0003144,INDICATION,
CHEMBL3545347,EFO_0004265,INDICATION,
CHEMBL3545347,EFO_0009686,INDICATION,
CHEMBL3545347,MONDO_0004992,INDICATION,
CHEMBL3545347,MONDO_0100096,INDICATION,
CHEMBL3545347,MP_0001845,INDICATION,
CHEMBL3545350,MONDO_0002050,INDICATION,
CHEMBL3545351,EFO_0001361,INDICATION,
CHEMBL3545351,EFO_0005762,INDICATION,
CHEMBL3545351,MONDO_0002009,INDICATION,
CHEMBL3545351,MONDO_0002050,INDICATION,
CHEMBL3545354,EFO_0000222,INDICATION,
CHEMBL3545354,EFO_0000616,INDICATION,
CHEMBL3545360,EFO_0000096,INDICATION,
CHEMBL3545360,EFO_0000616,INDICATION,
CHEMBL3545360,MONDO_0004992,INDICATION,
CHEMBL3545363,EFO_0001358,INDICATION,
CHEMBL3545363,EFO_0001421,INDICATION,
CHEMBL3545363,EFO_0003047,INDICATION,
CHEMBL3545363,EFO_0003086,INDICATION,
CHEMBL3545363,EFO_0003884,INDICATION,
CHEMBL3545363,EFO_0004220,INDICATION,
CHEMBL3545365,MONDO_0004992,INDICATION,
CHEMBL3545366,EFO_0000095,INDICATION,
CHEMBL3545366,EFO_0000519,INDICATION,
CHEMBL3545366,EFO_0000574,INDICATION,
CHEMBL3545366,EFO_0000616,INDICATION,
CHEMBL3545366,EFO_0000756,INDICATION,
CHEMBL3545366,EFO_0003060,INDICATION,
CHEMBL3545366,EFO_1001469,INDICATION,
CHEMBL3545366,EFO_1001951,INDICATION,
CHEMBL3545366,MONDO_0003268,INDICATION,
CHEMBL3545366,MONDO_0004992,INDICATION,
CHEMBL3545366,MONDO_0007254,INDICATION,
CHEMBL3545366,MONDO_0008170,INDICATION,
CHEMBL3545367,EFO_0001421,INDICATION,
CHEMBL3545367,EFO_0003086,INDICATION,
CHEMBL3545367,EFO_0003918,INDICATION,
CHEMBL3545367,EFO_0004698,INDICATION,
CHEMBL3545367,EFO_0008568,INDICATION,
CHEMBL3545367,MONDO_0004975,INDICATION,
CHEMBL3545367,MONDO_0007079,INDICATION,
CHEMBL3545367,MONDO_0021107,CONTRAINDICATION,
CHEMBL3545367,MONDO_0024361,INDICATION,
CHEMBL3545368,EFO_0001378,INDICATION,
CHEMBL3545369,EFO_0000181,INDICATION,
CHEMBL3545369,EFO_0000196,INDICATION,
CHEMBL3545369,EFO_0000198,INDICATION,
CHEMBL3545369,EFO_0000222,INDICATION,
CHEMBL3545369,EFO_0000389,INDICATION,
CHEMBL3545369,EFO_0000519,INDICATION,
CHEMBL3545369,EFO_0000574,INDICATION,
CHEMBL3545369,EFO_0000616,INDICATION,
CHEMBL3545369,EFO_0000681,INDICATION,
CHEMBL3545369,EFO_0000691,INDICATION,
CHEMBL3545369,EFO_0000702,INDICATION,
CHEMBL3545369,EFO_0000756,INDICATION,
CHEMBL3545369,EFO_0001075,INDICATION,
CHEMBL3545369,EFO_0003060,INDICATION,
CHEMBL3545369,EFO_0003863,INDICATION,
CHEMBL3545369,EFO_0006859,INDICATION,
CHEMBL3545369,EFO_0008528,INDICATION,
CHEMBL3545369,EFO_1000251,INDICATION,
CHEMBL3545369,EFO_1000576,INDICATION,
CHEMBL3545369,EFO_1000657,INDICATION,
CHEMBL3545369,EFO_1001512,INDICATION,
CHEMBL3545369,MONDO_0001187,INDICATION,
CHEMBL3545369,MONDO_0002087,INDICATION,
CHEMBL3545369,MONDO_0002158,INDICATION,
CHEMBL3545369,MONDO_0005184,INDICATION,
CHEMBL3545369,MONDO_0008170,INDICATION,
CHEMBL3545369,MONDO_0008903,INDICATION,
CHEMBL3545369,MONDO_0011719,INDICATION,
CHEMBL3545369,MONDO_0011962,INDICATION,
CHEMBL3545369,MONDO_0044881,INDICATION,
CHEMBL3545369,Orphanet_145,INDICATION,
CHEMBL3545370,EFO_0000616,INDICATION,
CHEMBL3545370,EFO_0005952,INDICATION,
CHEMBL3545370,MONDO_0002171,INDICATION,
CHEMBL3545370,MONDO_0004992,INDICATION,
CHEMBL3545371,EFO_0000220,INDICATION,
CHEMBL3545371,EFO_0000309,INDICATION,
CHEMBL3545371,EFO_0000403,INDICATION,
CHEMBL3545371,EFO_1001469,INDICATION,
CHEMBL3545371,MONDO_0018906,INDICATION,
CHEMBL3545372,EFO_0002618,INDICATION,
CHEMBL3545372,MONDO_0008170,INDICATION,
CHEMBL3545373,EFO_0000181,INDICATION,
CHEMBL3545373,EFO_0000756,INDICATION,
CHEMBL3545373,MONDO_0008315,INDICATION,
CHEMBL3545374,EFO_0007323,INDICATION,
CHEMBL3545374,EFO_1000653,INDICATION,
CHEMBL3545376,EFO_0000182,INDICATION,
CHEMBL3545376,EFO_0000196,INDICATION,
CHEMBL3545376,EFO_0000294,INDICATION,
CHEMBL3545376,EFO_0000519,INDICATION,
CHEMBL3545376,EFO_0000574,INDICATION,
CHEMBL3545376,EFO_0000616,INDICATION,
CHEMBL3545376,EFO_0000673,INDICATION,
CHEMBL3545376,EFO_0000708,INDICATION,
CHEMBL3545376,EFO_0001378,INDICATION,
CHEMBL3545376,EFO_0001421,INDICATION,
CHEMBL3545376,EFO_0003060,INDICATION,
CHEMBL3545376,EFO_0003863,INDICATION,
CHEMBL3545376,EFO_0008528,INDICATION,
CHEMBL3545376,MONDO_0001187,INDICATION,
CHEMBL3545376,MONDO_0004992,INDICATION,
CHEMBL3545376,MONDO_0007254,INDICATION,
CHEMBL3545378,EFO_0000616,INDICATION,
CHEMBL3545381,MONDO_0002171,INDICATION,
CHEMBL3545385,EFO_0000616,INDICATION,
CHEMBL3545386,MONDO_0005178,INDICATION,
CHEMBL3545391,MONDO_0002009,INDICATION,
CHEMBL3545391,MONDO_0002050,INDICATION,
CHEMBL3545391,MONDO_0007079,INDICATION,
CHEMBL3545393,EFO_0000401,INDICATION,
CHEMBL3545393,EFO_0000537,INDICATION,
CHEMBL3545393,MONDO_0001134,INDICATION,
CHEMBL3545393,MONDO_0001422,INDICATION,
CHEMBL3545395,EFO_0000222,INDICATION,
CHEMBL3545395,EFO_0000616,INDICATION,
CHEMBL3545396,EFO_0003060,INDICATION,
CHEMBL3545396,MONDO_0004992,INDICATION,
CHEMBL3545396,MONDO_0007254,INDICATION,
CHEMBL3545398,EFO_0000685,INDICATION,
CHEMBL3545400,EFO_0000222,INDICATION,
CHEMBL3545401,EFO_0000228,INDICATION,
CHEMBL3545401,EFO_0000616,INDICATION,
CHEMBL3545401,EFO_0001365,INDICATION,
CHEMBL3545401,EFO_0003860,INDICATION,
CHEMBL3545402,MONDO_0004992,INDICATION,
CHEMBL3545402,MONDO_0011719,INDICATION,
CHEMBL3545403,EFO_0000565,INDICATION,
CHEMBL3545403,EFO_0000702,INDICATION,
CHEMBL3545403,EFO_0002916,INDICATION,
CHEMBL3545403,EFO_0003897,INDICATION,
CHEMBL3545403,EFO_0004193,INDICATION,
CHEMBL3545403,MONDO_0004992,INDICATION,
CHEMBL3545403,MONDO_0007187,INDICATION,
CHEMBL3545406,MONDO_0002009,INDICATION,
CHEMBL3545406,MONDO_0002050,INDICATION,
CHEMBL3545406,MONDO_0007079,INDICATION,
CHEMBL3545407,EFO_0004190,INDICATION,
CHEMBL3545407,EFO_1001069,INDICATION,
CHEMBL354541,EFO_0000319,INDICATION,
CHEMBL354541,EFO_0004911,INDICATION,
CHEMBL354541,MONDO_0018328,INDICATION,
CHEMBL354541,MONDO_0021187,INDICATION,
CHEMBL3545412,EFO_0003095,INDICATION,
CHEMBL3545412,EFO_0004211,INDICATION,
CHEMBL3545412,EFO_1001249,INDICATION,
CHEMBL3545412,MONDO_0021187,INDICATION,
CHEMBL3545412,Orphanet_309005,INDICATION,
CHEMBL3545413,EFO_0000220,INDICATION,
CHEMBL3545413,EFO_0000339,INDICATION,
CHEMBL3545414,EFO_0000178,INDICATION,
CHEMBL3545414,EFO_0000181,INDICATION,
CHEMBL3545414,EFO_0000182,INDICATION,
CHEMBL3545414,EFO_0000199,INDICATION,
CHEMBL3545414,EFO_0000211,INDICATION,
CHEMBL3545414,EFO_0000231,INDICATION,
CHEMBL3545414,EFO_0000313,INDICATION,
CHEMBL3545414,EFO_0000365,INDICATION,
CHEMBL3545414,EFO_0000503,INDICATION,
CHEMBL3545414,EFO_0000571,INDICATION,
CHEMBL3545414,EFO_0000574,INDICATION,
CHEMBL3545414,EFO_0000616,INDICATION,
CHEMBL3545414,EFO_0000621,INDICATION,
CHEMBL3545414,EFO_0000637,INDICATION,
CHEMBL3545414,EFO_0000681,INDICATION,
CHEMBL3545414,EFO_0000691,INDICATION,
CHEMBL3545414,EFO_0000702,INDICATION,
CHEMBL3545414,EFO_0000707,INDICATION,
CHEMBL3545414,EFO_0000756,INDICATION,
CHEMBL3545414,EFO_0001061,INDICATION,
CHEMBL3545414,EFO_0001071,INDICATION,
CHEMBL3545414,EFO_0002618,INDICATION,
CHEMBL3545414,EFO_0002916,INDICATION,
CHEMBL3545414,EFO_0002939,INDICATION,
CHEMBL3545414,EFO_0003060,INDICATION,
CHEMBL3545414,EFO_0003860,INDICATION,
CHEMBL3545414,EFO_0003868,INDICATION,
CHEMBL3545414,EFO_0003869,INDICATION,
CHEMBL3545414,EFO_0003891,INDICATION,
CHEMBL3545414,EFO_0003893,INDICATION,
CHEMBL3545414,EFO_0003897,INDICATION,
CHEMBL3545414,EFO_0004142,INDICATION,
CHEMBL3545414,EFO_0004252,INDICATION,
CHEMBL3545414,EFO_0004284,INDICATION,
CHEMBL3545414,EFO_0005221,INDICATION,
CHEMBL3545414,EFO_0005537,INDICATION,
CHEMBL3545414,EFO_0005543,INDICATION,
CHEMBL3545414,EFO_0005922,INDICATION,
CHEMBL3545414,EFO_0006859,INDICATION,
CHEMBL3545414,EFO_0009708,INDICATION,
CHEMBL3545414,EFO_1000359,INDICATION,
CHEMBL3545414,EFO_1001951,INDICATION,
CHEMBL3545414,EFO_1001956,INDICATION,
CHEMBL3545414,EFO_1001961,INDICATION,
CHEMBL3545414,EFO_1001968,INDICATION,
CHEMBL3545414,EFO_1002017,INDICATION,
CHEMBL3545414,MONDO_0001056,INDICATION,
CHEMBL3545414,MONDO_0002108,INDICATION,
CHEMBL3545414,MONDO_0002120,INDICATION,
CHEMBL3545414,MONDO_0002974,INDICATION,
CHEMBL3545414,MONDO_0003060,INDICATION,
CHEMBL3545414,MONDO_0004992,INDICATION,
CHEMBL3545414,MONDO_0005575,INDICATION,
CHEMBL3545414,MONDO_0007254,INDICATION,
CHEMBL3545414,MONDO_0007576,INDICATION,
CHEMBL3545414,MONDO_0008170,INDICATION,
CHEMBL3545414,MONDO_0008315,INDICATION,
CHEMBL3545414,MONDO_0008903,INDICATION,
CHEMBL3545414,MONDO_0018944,INDICATION,
CHEMBL3545414,MONDO_0021063,INDICATION,
CHEMBL3545414,MONDO_0100342,INDICATION,
CHEMBL3545415,EFO_0003854,INDICATION,
CHEMBL3545415,EFO_0003882,INDICATION,
CHEMBL3545415,MONDO_0005178,INDICATION,
CHEMBL3545419,EFO_0000616,INDICATION,
CHEMBL3545420,EFO_0005952,INDICATION,
CHEMBL3545423,EFO_0000222,INDICATION,
CHEMBL3545423,EFO_0000574,INDICATION,
CHEMBL3545423,MONDO_0004992,INDICATION,
CHEMBL3545427,EFO_0000616,INDICATION,
CHEMBL3545427,EFO_0000681,INDICATION,
CHEMBL3545427,EFO_0000702,INDICATION,
CHEMBL3545427,EFO_0001365,INDICATION,
CHEMBL3545427,EFO_0003060,INDICATION,
CHEMBL3545427,MONDO_0001056,INDICATION,
CHEMBL3545427,MONDO_0004992,INDICATION,
CHEMBL3545432,EFO_0000220,INDICATION,
CHEMBL3545432,EFO_0000222,INDICATION,
CHEMBL3545432,EFO_0000519,INDICATION,
CHEMBL3545432,EFO_0000558,INDICATION,
CHEMBL3545432,EFO_0000574,INDICATION,
CHEMBL3545432,EFO_0001378,INDICATION,
CHEMBL3545432,EFO_0006475,INDICATION,
CHEMBL3545432,EFO_0006738,INDICATION,
CHEMBL3545432,EFO_0009441,INDICATION,
CHEMBL3545432,EFO_1001469,INDICATION,
CHEMBL3545432,MONDO_0000873,INDICATION,
CHEMBL3545432,MONDO_0004992,INDICATION,
CHEMBL3545432,MONDO_0007254,INDICATION,
CHEMBL3545432,MONDO_0019438,INDICATION,
CHEMBL3545432,MONDO_0020547,INDICATION,
CHEMBL3545985,EFO_0000319,CONTRAINDICATION,
CHEMBL3545985,EFO_0000400,CONTRAINDICATION,
CHEMBL3545985,EFO_0000537,CONTRAINDICATION,
CHEMBL3545985,EFO_0001073,INDICATION,
CHEMBL3545985,EFO_0005407,CONTRAINDICATION,
CHEMBL3545985,EFO_0009086,CONTRAINDICATION,
CHEMBL3545985,EFO_0009189,CONTRAINDICATION,
CHEMBL3545985,EFO_0009551,CONTRAINDICATION,
CHEMBL3545985,MONDO_0002277,CONTRAINDICATION,
CHEMBL3545985,MONDO_0002491,CONTRAINDICATION,
CHEMBL3545985,MONDO_0004985,CONTRAINDICATION,
CHEMBL3545985,MONDO_0005041,CONTRAINDICATION,
CHEMBL3545985,MONDO_0005149,CONTRAINDICATION,
CHEMBL3546168,EFO_0000764,INDICATION,
CHEMBL3546271,EFO_0005772,INDICATION,
CHEMBL3546271,MONDO_0004975,INDICATION,
CHEMBL3547132,EFO_0000239,INDICATION,
CHEMBL3547132,EFO_0000519,INDICATION,
CHEMBL3547132,EFO_0005543,INDICATION,
CHEMBL3547132,MONDO_0005180,INDICATION,
CHEMBL3549142,EFO_0000544,INDICATION,
CHEMBL3549142,EFO_0007386,INDICATION,
CHEMBL35505,EFO_0000266,INDICATION,
CHEMBL35505,EFO_0000537,INDICATION,
CHEMBL355200,EFO_0000365,INDICATION,
CHEMBL355200,EFO_0000574,INDICATION,
CHEMBL355200,EFO_0006859,INDICATION,
CHEMBL355200,EFO_1000657,INDICATION,
CHEMBL355200,EFO_1001951,INDICATION,
CHEMBL355200,MONDO_0004992,INDICATION,
CHEMBL355200,MONDO_0007254,INDICATION,
CHEMBL355200,MONDO_0021063,INDICATION,
CHEMBL3559671,EFO_0006859,INDICATION,
CHEMBL3559672,EFO_0000537,INDICATION,
CHEMBL3559672,EFO_0003777,INDICATION,
CHEMBL3561076,EFO_0000182,INDICATION,
CHEMBL3561076,MONDO_0004976,INDICATION,
CHEMBL356359,EFO_0000275,INDICATION,
CHEMBL356359,EFO_0000373,INDICATION,
CHEMBL356388,MONDO_0004975,INDICATION,
CHEMBL3577124,EFO_0000756,INDICATION,
CHEMBL3577124,EFO_0003060,INDICATION,
CHEMBL3577124,EFO_0004142,INDICATION,
CHEMBL3577124,EFO_0009708,INDICATION,
CHEMBL3578202,EFO_0000182,INDICATION,
CHEMBL3578202,EFO_0000673,INDICATION,
CHEMBL3578202,EFO_1001968,INDICATION,
CHEMBL3578202,MONDO_0008315,INDICATION,
CHEMBL357995,EFO_0000319,INDICATION,
CHEMBL358040,EFO_0000319,INDICATION,
CHEMBL3580737,MONDO_0005148,INDICATION,
CHEMBL358150,EFO_0000319,INDICATION,
CHEMBL3581647,EFO_0000222,INDICATION,
CHEMBL3581647,EFO_0000403,INDICATION,
CHEMBL3581647,EFO_0000519,INDICATION,
CHEMBL3581647,EFO_0003060,INDICATION,
CHEMBL3581647,MONDO_0005184,INDICATION,
CHEMBL3581647,MONDO_0007254,INDICATION,
CHEMBL3581647,MONDO_0008315,INDICATION,
CHEMBL3581693,MONDO_0007254,INDICATION,
CHEMBL3585580,EFO_0000400,INDICATION,
CHEMBL3585580,EFO_0003086,INDICATION,
CHEMBL3585580,MONDO_0005148,INDICATION,
CHEMBL3586404,EFO_0000182,INDICATION,
CHEMBL3586404,EFO_0000403,INDICATION,
CHEMBL3586404,EFO_0000519,INDICATION,
CHEMBL3586404,EFO_0000616,INDICATION,
CHEMBL3586404,EFO_0001378,INDICATION,
CHEMBL3586404,EFO_0003060,INDICATION,
CHEMBL3586404,EFO_1001901,INDICATION,
CHEMBL3586404,MONDO_0007254,INDICATION,
CHEMBL3586573,EFO_0000095,INDICATION,
CHEMBL3586573,EFO_0000181,INDICATION,
CHEMBL3586573,EFO_0000519,INDICATION,
CHEMBL3586573,EFO_0000637,INDICATION,
CHEMBL3586573,EFO_0009708,INDICATION,
CHEMBL3586573,MONDO_0008315,INDICATION,
CHEMBL358850,EFO_0000278,INDICATION,
CHEMBL358850,EFO_0000319,INDICATION,
CHEMBL358850,EFO_0000712,INDICATION,
CHEMBL358850,EFO_0000717,INDICATION,
CHEMBL358850,EFO_0002687,INDICATION,
CHEMBL358850,EFO_0003144,INDICATION,
CHEMBL358850,EFO_0004227,INDICATION,
CHEMBL358850,EFO_0004238,INDICATION,
CHEMBL358850,EFO_0004888,INDICATION,
CHEMBL358850,EFO_0005251,INDICATION,
CHEMBL358850,EFO_0006834,INDICATION,
CHEMBL358850,EFO_0009431,INDICATION,
CHEMBL358850,EFO_0009516,INDICATION,
CHEMBL358850,EFO_1000652,INDICATION,
CHEMBL358850,MONDO_0005129,INDICATION,
CHEMBL358850,MONDO_0008315,INDICATION,
CHEMBL3589904,EFO_0010072,INDICATION,
CHEMBL3590106,EFO_0000198,INDICATION,
CHEMBL3590106,EFO_0000222,INDICATION,
CHEMBL3590106,EFO_0000326,INDICATION,
CHEMBL3590106,EFO_0000616,INDICATION,
CHEMBL3590106,EFO_0002618,INDICATION,
CHEMBL3590187,EFO_0003894,INDICATION,
CHEMBL3590187,EFO_0004191,INDICATION,
CHEMBL3590674,EFO_0005762,INDICATION,
CHEMBL359164,EFO_0000565,INDICATION,
CHEMBL359744,EFO_0000094,INDICATION,
CHEMBL359744,EFO_0000095,INDICATION,
CHEMBL359744,EFO_0000096,INDICATION,
CHEMBL359744,EFO_0000174,INDICATION,
CHEMBL359744,EFO_0000182,INDICATION,
CHEMBL359744,EFO_0000183,INDICATION,
CHEMBL359744,EFO_0000198,INDICATION,
CHEMBL359744,EFO_0000209,INDICATION,
CHEMBL359744,EFO_0000211,INDICATION,
CHEMBL359744,EFO_0000220,INDICATION,
CHEMBL359744,EFO_0000222,INDICATION,
CHEMBL359744,EFO_0000223,INDICATION,
CHEMBL359744,EFO_0000239,INDICATION,
CHEMBL359744,EFO_0000248,INDICATION,
CHEMBL359744,EFO_0000305,INDICATION,
CHEMBL359744,EFO_0000309,INDICATION,
CHEMBL359744,EFO_0000313,INDICATION,
CHEMBL359744,EFO_0000403,INDICATION,
CHEMBL359744,EFO_0000437,INDICATION,
CHEMBL359744,EFO_0000502,INDICATION,
CHEMBL359744,EFO_0000558,INDICATION,
CHEMBL359744,EFO_0000564,INDICATION,
CHEMBL359744,EFO_0000565,INDICATION,
CHEMBL359744,EFO_0000569,INDICATION,
CHEMBL359744,EFO_0000574,INDICATION,
CHEMBL359744,EFO_0000588,INDICATION,
CHEMBL359744,EFO_0000616,INDICATION,
CHEMBL359744,EFO_0000621,INDICATION,
CHEMBL359744,EFO_0000637,INDICATION,
CHEMBL359744,EFO_0000681,INDICATION,
CHEMBL359744,EFO_0000691,INDICATION,
CHEMBL359744,EFO_0000702,INDICATION,
CHEMBL359744,EFO_0000760,INDICATION,
CHEMBL359744,EFO_0000765,INDICATION,
CHEMBL359744,EFO_0001075,INDICATION,
CHEMBL359744,EFO_0001376,INDICATION,
CHEMBL359744,EFO_0001378,INDICATION,
CHEMBL359744,EFO_0002918,INDICATION,
CHEMBL359744,EFO_0003032,INDICATION,
CHEMBL359744,EFO_0003060,INDICATION,
CHEMBL359744,EFO_0003144,INDICATION,
CHEMBL359744,EFO_0003869,INDICATION,
CHEMBL359744,EFO_0003893,INDICATION,
CHEMBL359744,EFO_0003968,INDICATION,
CHEMBL359744,EFO_0005537,INDICATION,
CHEMBL359744,EFO_0005561,INDICATION,
CHEMBL359744,EFO_0005952,INDICATION,
CHEMBL359744,EFO_0006475,INDICATION,
CHEMBL359744,EFO_0006859,INDICATION,
CHEMBL359744,EFO_0006861,INDICATION,
CHEMBL359744,EFO_0007143,INDICATION,
CHEMBL359744,EFO_0007160,INDICATION,
CHEMBL359744,EFO_0007532,INDICATION,
CHEMBL359744,EFO_0009708,INDICATION,
CHEMBL359744,EFO_1000131,INDICATION,
CHEMBL359744,EFO_1000158,INDICATION,
CHEMBL359744,EFO_1000251,INDICATION,
CHEMBL359744,EFO_1000292,INDICATION,
CHEMBL359744,EFO_1000294,INDICATION,
CHEMBL359744,EFO_1000595,INDICATION,
CHEMBL359744,EFO_1000796,INDICATION,
CHEMBL359744,EFO_1000984,INDICATION,
CHEMBL359744,EFO_1001042,INDICATION,
CHEMBL359744,EFO_1001100,INDICATION,
CHEMBL359744,EFO_1001365,INDICATION,
CHEMBL359744,EFO_1001469,INDICATION,
CHEMBL359744,EFO_1001951,INDICATION,
CHEMBL359744,EFO_1001968,INDICATION,
CHEMBL359744,EFO_1002017,INDICATION,
CHEMBL359744,MONDO_0000870,INDICATION,
CHEMBL359744,MONDO_0000873,INDICATION,
CHEMBL359744,MONDO_0001056,INDICATION,
CHEMBL359744,MONDO_0001187,INDICATION,
CHEMBL359744,MONDO_0002087,INDICATION,
CHEMBL359744,MONDO_0002158,INDICATION,
CHEMBL359744,MONDO_0002367,INDICATION,
CHEMBL359744,MONDO_0002678,INDICATION,
CHEMBL359744,MONDO_0002691,INDICATION,
CHEMBL359744,MONDO_0002974,INDICATION,
CHEMBL359744,MONDO_0003175,INDICATION,
CHEMBL359744,MONDO_0004192,INDICATION,
CHEMBL359744,MONDO_0004658,INDICATION,
CHEMBL359744,MONDO_0004986,INDICATION,
CHEMBL359744,MONDO_0004992,INDICATION,
CHEMBL359744,MONDO_0005094,INDICATION,
CHEMBL359744,MONDO_0007254,INDICATION,
CHEMBL359744,MONDO_0007576,INDICATION,
CHEMBL359744,MONDO_0008170,INDICATION,
CHEMBL359744,MONDO_0008315,INDICATION,
CHEMBL359744,MONDO_0008380,INDICATION,
CHEMBL359744,MONDO_0008903,INDICATION,
CHEMBL359744,MONDO_0009348,INDICATION,
CHEMBL359744,MONDO_0011934,INDICATION,
CHEMBL359744,MONDO_0011962,INDICATION,
CHEMBL359744,MONDO_0015540,INDICATION,
CHEMBL359744,MONDO_0017387,INDICATION,
CHEMBL359744,MONDO_0018364,INDICATION,
CHEMBL359744,MONDO_0018906,INDICATION,
CHEMBL359744,MONDO_0019004,INDICATION,
CHEMBL359744,MONDO_0020077,INDICATION,
CHEMBL359744,MONDO_0021054,INDICATION,
CHEMBL359744,MONDO_0044917,INDICATION,
CHEMBL3597634,MONDO_0004979,INDICATION,
CHEMBL3597971,EFO_0001421,INDICATION,
CHEMBL3597971,EFO_0003086,INDICATION,
CHEMBL3597971,EFO_0003918,INDICATION,
CHEMBL3597971,EFO_0004698,INDICATION,
CHEMBL3597971,MONDO_0002009,INDICATION,
CHEMBL3597971,MONDO_0004975,INDICATION,
CHEMBL359965,MONDO_0018906,INDICATION,
CHEMBL36,EFO_0000095,INDICATION,
CHEMBL36,EFO_0000180,INDICATION,
CHEMBL36,EFO_0000198,INDICATION,
CHEMBL36,EFO_0000474,CONTRAINDICATION,
CHEMBL36,EFO_0000764,INDICATION,
CHEMBL36,EFO_0001068,INDICATION,
CHEMBL36,EFO_0001356,INDICATION,
CHEMBL36,EFO_0002950,INDICATION,
CHEMBL36,EFO_0003086,CONTRAINDICATION,
CHEMBL36,EFO_0003917,INDICATION,
CHEMBL36,EFO_0004272,INDICATION,
CHEMBL36,EFO_0006859,INDICATION,
CHEMBL36,EFO_0007200,INDICATION,
CHEMBL36,EFO_0007220,INDICATION,
CHEMBL36,EFO_0007287,CONTRAINDICATION,
CHEMBL36,EFO_0007444,INDICATION,
CHEMBL36,EFO_0007445,INDICATION,
CHEMBL36,EFO_0007448,INDICATION,
CHEMBL36,EFO_0007517,INDICATION,
CHEMBL36,EFO_1001475,INDICATION,
CHEMBL36,MONDO_0002050,INDICATION,
CHEMBL36,MONDO_0002280,CONTRAINDICATION,
CHEMBL36,MONDO_0005090,INDICATION,
CHEMBL36,MONDO_0010006,INDICATION,
CHEMBL36,MONDO_0010100,INDICATION,
CHEMBL36,MONDO_0037821,CONTRAINDICATION,
CHEMBL3601398,EFO_0000616,INDICATION,
CHEMBL3601411,EFO_0000182,INDICATION,
CHEMBL3601411,EFO_0000565,INDICATION,
CHEMBL3601411,EFO_0003060,INDICATION,
CHEMBL3601411,EFO_0009907,INDICATION,
CHEMBL360216,EFO_0000694,INDICATION,
CHEMBL360216,MONDO_0100096,INDICATION,
CHEMBL360328,EFO_0000319,INDICATION,
CHEMBL360328,EFO_0001073,INDICATION,
CHEMBL360328,EFO_0001421,INDICATION,
CHEMBL360328,EFO_0002610,INDICATION,
CHEMBL360328,EFO_0003086,INDICATION,
CHEMBL360328,EFO_0003100,INDICATION,
CHEMBL360328,EFO_0003768,INDICATION,
CHEMBL360328,EFO_0003890,INDICATION,
CHEMBL360328,EFO_0004319,INDICATION,
CHEMBL360328,EFO_0005611,INDICATION,
CHEMBL360328,EFO_0007191,INDICATION,
CHEMBL360328,EFO_0010702,INDICATION,
CHEMBL3604010,EFO_0001358,INDICATION,
CHEMBL360861,EFO_0000275,INDICATION,
CHEMBL3608680,EFO_0001421,INDICATION,
CHEMBL3608680,EFO_0001422,CONTRAINDICATION,
CHEMBL3608680,EFO_0003086,INDICATION,
CHEMBL3608680,MONDO_0024327,CONTRAINDICATION,
CHEMBL3613118,MONDO_0100096,INDICATION,
CHEMBL361497,EFO_0000182,INDICATION,
CHEMBL361497,EFO_0000384,INDICATION,
CHEMBL361497,EFO_0000616,INDICATION,
CHEMBL361497,EFO_0001062,INDICATION,
CHEMBL361497,EFO_0001068,INDICATION,
CHEMBL361497,EFO_0007141,INDICATION,
CHEMBL361497,EFO_0007444,INDICATION,
CHEMBL361497,EFO_0007445,INDICATION,
CHEMBL361497,EFO_0007530,INDICATION,
CHEMBL361497,EFO_1001475,INDICATION,
CHEMBL361497,EFO_1001951,INDICATION,
CHEMBL361497,MONDO_0007254,INDICATION,
CHEMBL361497,MONDO_0100096,INDICATION,
CHEMBL361497,MONDO_0100339,INDICATION,
CHEMBL361506,DOID_10113,INDICATION,
CHEMBL361506,EFO_0000764,INDICATION,
CHEMBL361506,EFO_0003060,INDICATION,
CHEMBL361506,EFO_0003106,INDICATION,
CHEMBL361506,EFO_0005044,INDICATION,
CHEMBL361506,EFO_0006346,INDICATION,
CHEMBL361506,EFO_0007448,INDICATION,
CHEMBL3617964,EFO_0000341,INDICATION,
CHEMBL3617964,MONDO_0009061,INDICATION,
CHEMBL3617964,MONDO_0044881,INDICATION,
CHEMBL3617964,MONDO_0100096,INDICATION,
CHEMBL361812,EFO_0005854,INDICATION,
CHEMBL361812,MONDO_0004979,INDICATION,
CHEMBL361812,MONDO_0100096,INDICATION,
CHEMBL3621969,EFO_0000404,INDICATION,
CHEMBL3621969,EFO_0000717,INDICATION,
CHEMBL3621969,EFO_0000768,INDICATION,
CHEMBL3621988,EFO_0000096,INDICATION,
CHEMBL3621988,EFO_0000180,INDICATION,
CHEMBL3621988,EFO_0000182,INDICATION,
CHEMBL3621988,EFO_0000183,INDICATION,
CHEMBL3621988,EFO_0000209,INDICATION,
CHEMBL3621988,EFO_0000211,INDICATION,
CHEMBL3621988,EFO_0000220,INDICATION,
CHEMBL3621988,EFO_0000221,INDICATION,
CHEMBL3621988,EFO_0000222,INDICATION,
CHEMBL3621988,EFO_0000224,INDICATION,
CHEMBL3621988,EFO_0000231,INDICATION,
CHEMBL3621988,EFO_0000255,INDICATION,
CHEMBL3621988,EFO_0000403,INDICATION,
CHEMBL3621988,EFO_0000574,INDICATION,
CHEMBL3621988,EFO_0000616,INDICATION,
CHEMBL3621988,EFO_0000621,INDICATION,
CHEMBL3621988,EFO_0000691,INDICATION,
CHEMBL3621988,EFO_0000764,INDICATION,
CHEMBL3621988,EFO_0000765,INDICATION,
CHEMBL3621988,EFO_0001378,INDICATION,
CHEMBL3621988,EFO_0001416,INDICATION,
CHEMBL3621988,EFO_0002913,INDICATION,
CHEMBL3621988,EFO_0003060,INDICATION,
CHEMBL3621988,EFO_0003869,INDICATION,
CHEMBL3621988,EFO_0005537,INDICATION,
CHEMBL3621988,EFO_0005922,INDICATION,
CHEMBL3621988,EFO_0005952,INDICATION,
CHEMBL3621988,EFO_1001938,INDICATION,
CHEMBL3621988,EFO_1001951,INDICATION,
CHEMBL3621988,MONDO_0000430,INDICATION,
CHEMBL3621988,MONDO_0000873,INDICATION,
CHEMBL3621988,MONDO_0001187,INDICATION,
CHEMBL3621988,MONDO_0002120,INDICATION,
CHEMBL3621988,MONDO_0007254,INDICATION,
CHEMBL3621988,MONDO_0019472,INDICATION,
CHEMBL3622533,EFO_0000574,INDICATION,
CHEMBL3622533,MONDO_0002108,INDICATION,
CHEMBL3622820,EFO_0000182,INDICATION,
CHEMBL3622820,EFO_0000183,INDICATION,
CHEMBL3622820,EFO_0000403,INDICATION,
CHEMBL3622820,EFO_0000540,INDICATION,
CHEMBL3622820,EFO_0000574,INDICATION,
CHEMBL3622820,EFO_0000616,INDICATION,
CHEMBL3622820,EFO_0000676,INDICATION,
CHEMBL3622820,EFO_0000685,INDICATION,
CHEMBL3622820,EFO_0000717,INDICATION,
CHEMBL3622820,EFO_0000729,INDICATION,
CHEMBL3622820,EFO_0000756,INDICATION,
CHEMBL3622820,EFO_0002618,INDICATION,
CHEMBL3622820,EFO_0003060,INDICATION,
CHEMBL3622820,EFO_0004251,INDICATION,
CHEMBL3622820,EFO_0004599,INDICATION,
CHEMBL3622820,EFO_0005803,INDICATION,
CHEMBL3622820,EFO_0007183,INDICATION,
CHEMBL3622820,EFO_1000560,INDICATION,
CHEMBL3622820,MONDO_0004992,INDICATION,
CHEMBL3622820,MONDO_0007254,INDICATION,
CHEMBL3622820,MONDO_0008903,INDICATION,
CHEMBL3622820,MONDO_0009348,INDICATION,
CHEMBL3622820,MONDO_0011962,INDICATION,
CHEMBL3622820,MONDO_0013730,INDICATION,
CHEMBL3622820,MONDO_0015540,INDICATION,
CHEMBL3622820,MONDO_0020547,INDICATION,
CHEMBL3622820,MONDO_0044881,INDICATION,
CHEMBL3622820,MONDO_0044903,INDICATION,
CHEMBL3622821,EFO_0000274,INDICATION,
CHEMBL3622821,EFO_0000384,INDICATION,
CHEMBL3622821,EFO_0000540,INDICATION,
CHEMBL3622821,EFO_0000685,INDICATION,
CHEMBL3622821,EFO_0000729,INDICATION,
CHEMBL3622821,EFO_0002609,INDICATION,
CHEMBL3622821,EFO_0003778,INDICATION,
CHEMBL3622821,EFO_0003898,INDICATION,
CHEMBL3622821,EFO_0004208,INDICATION,
CHEMBL3622821,EFO_1000710,INDICATION,
CHEMBL3622821,EFO_1001209,INDICATION,
CHEMBL3622821,MONDO_0007915,INDICATION,
CHEMBL3623004,MONDO_0007254,INDICATION,
CHEMBL3623290,EFO_0003060,INDICATION,
CHEMBL36255,EFO_0009708,INDICATION,
CHEMBL362558,EFO_0000565,INDICATION,
CHEMBL362558,EFO_0002618,INDICATION,
CHEMBL362558,MONDO_0004992,INDICATION,
CHEMBL3633802,EFO_0000616,INDICATION,
CHEMBL363387,MONDO_0001583,INDICATION,
CHEMBL363392,EFO_0001421,INDICATION,
CHEMBL363392,EFO_0004268,INDICATION,
CHEMBL363392,EFO_1001486,INDICATION,
CHEMBL363392,MONDO_0007318,INDICATION,
CHEMBL363392,MONDO_0008867,INDICATION,
CHEMBL36342,EFO_0007512,INDICATION,
CHEMBL36342,MONDO_0002026,INDICATION,
CHEMBL36342,MONDO_0002508,INDICATION,
CHEMBL363449,EFO_0003894,INDICATION,
CHEMBL3634561,MONDO_0004975,INDICATION,
CHEMBL363648,EFO_0000685,INDICATION,
CHEMBL3638051,EFO_0000275,INDICATION,
CHEMBL3639728,EFO_0000685,INDICATION,
CHEMBL3639788,EFO_0000198,INDICATION,
CHEMBL3639788,EFO_0000220,INDICATION,
CHEMBL3639788,EFO_0000222,INDICATION,
CHEMBL3639788,EFO_0000272,INDICATION,
CHEMBL3639788,EFO_0000349,INDICATION,
CHEMBL3639788,EFO_0000616,INDICATION,
CHEMBL3639788,EFO_0000681,INDICATION,
CHEMBL3639788,EFO_0000760,INDICATION,
CHEMBL3639788,EFO_0001061,INDICATION,
CHEMBL3639788,EFO_0001378,INDICATION,
CHEMBL3639788,EFO_0003060,INDICATION,
CHEMBL3639788,EFO_0005537,INDICATION,
CHEMBL3639788,EFO_1001779,INDICATION,
CHEMBL3639788,MONDO_0008315,INDICATION,
CHEMBL3642985,MONDO_0010383,INDICATION,
CHEMBL3643413,EFO_0000699,INDICATION,
CHEMBL3643413,MONDO_0003778,INDICATION,
CHEMBL3643413,MONDO_0015517,INDICATION,
CHEMBL3644252,EFO_0000616,INDICATION,
CHEMBL3644587,EFO_0000305,INDICATION,
CHEMBL3644587,EFO_0000616,INDICATION,
CHEMBL3644587,MONDO_0007254,INDICATION,
CHEMBL3644587,MONDO_0008170,INDICATION,
CHEMBL3644672,EFO_0000616,INDICATION,
CHEMBL3646118,EFO_0004272,INDICATION,
CHEMBL3646221,EFO_0001421,INDICATION,
CHEMBL3646221,EFO_0003884,INDICATION,
CHEMBL3646221,EFO_0004272,INDICATION,
CHEMBL364713,EFO_0000095,INDICATION,
CHEMBL364713,EFO_0000400,CONTRAINDICATION,
CHEMBL364713,EFO_0000474,CONTRAINDICATION,
CHEMBL364713,EFO_0000537,CONTRAINDICATION,
CHEMBL364713,EFO_0000612,CONTRAINDICATION,
CHEMBL364713,EFO_0001378,INDICATION,
CHEMBL364713,EFO_0004705,CONTRAINDICATION,
CHEMBL364713,EFO_0009189,CONTRAINDICATION,
CHEMBL364713,EFO_1001134,CONTRAINDICATION,
CHEMBL364713,MONDO_0004247,CONTRAINDICATION,
CHEMBL364713,MONDO_0004596,CONTRAINDICATION,
CHEMBL364713,MONDO_0007079,CONTRAINDICATION,
CHEMBL364713,MONDO_0009061,CONTRAINDICATION,
CHEMBL3647420,EFO_0000182,INDICATION,
CHEMBL3647420,EFO_0000339,INDICATION,
CHEMBL3647420,EFO_0000616,INDICATION,
CHEMBL3647420,EFO_0003060,INDICATION,
CHEMBL3647420,EFO_0003869,INDICATION,
CHEMBL3647420,EFO_0005537,INDICATION,
CHEMBL3647420,EFO_0008549,INDICATION,
CHEMBL3647420,EFO_1001951,INDICATION,
CHEMBL3647420,MONDO_0001056,INDICATION,
CHEMBL3647420,MONDO_0007254,INDICATION,
CHEMBL3647536,EFO_0004262,INDICATION,
CHEMBL3647536,EFO_1001146,INDICATION,
CHEMBL3647536,EFO_1001892,INDICATION,
CHEMBL364804,EFO_0000685,INDICATION,
CHEMBL364804,EFO_0003843,INDICATION,
CHEMBL364804,EFO_0004616,INDICATION,
CHEMBL364804,EFO_0010072,INDICATION,
CHEMBL3649803,EFO_0000712,INDICATION,
CHEMBL36506,EFO_0000616,INDICATION,
CHEMBL36506,EFO_0003102,INDICATION,
CHEMBL3651966,EFO_0000222,INDICATION,
CHEMBL3651966,EFO_0001378,INDICATION,
CHEMBL3651966,MONDO_0044903,INDICATION,
CHEMBL3653256,EFO_0000222,INDICATION,
CHEMBL3653256,EFO_0000569,INDICATION,
CHEMBL3653256,EFO_0000616,INDICATION,
CHEMBL3653256,EFO_0001421,INDICATION,
CHEMBL3653256,EFO_1001968,INDICATION,
CHEMBL3653256,MONDO_0044903,INDICATION,
CHEMBL3654384,EFO_0000274,INDICATION,
CHEMBL3654384,EFO_0000676,INDICATION,
CHEMBL3654384,EFO_1000710,INDICATION,
CHEMBL3655081,EFO_0000274,INDICATION,
CHEMBL3655081,EFO_0000676,INDICATION,
CHEMBL3655081,EFO_0001421,INDICATION,
CHEMBL3655081,EFO_0003086,INDICATION,
CHEMBL3655081,EFO_1000704,INDICATION,
CHEMBL3655081,EFO_1001890,INDICATION,
CHEMBL3655081,MONDO_0005147,INDICATION,
CHEMBL3655081,MONDO_0019338,INDICATION,
CHEMBL3657311,EFO_0000616,INDICATION,
CHEMBL3657311,EFO_0002617,INDICATION,
CHEMBL3657311,EFO_0002618,INDICATION,
CHEMBL3657311,MONDO_0001056,INDICATION,
CHEMBL3657311,MONDO_0008170,INDICATION,
CHEMBL365795,EFO_0000685,INDICATION,
CHEMBL365795,EFO_0005755,INDICATION,
CHEMBL365795,MONDO_0005178,INDICATION,
CHEMBL36591,MONDO_0002009,INDICATION,
CHEMBL3659477,MONDO_0004975,INDICATION,
CHEMBL3659497,EFO_0000519,INDICATION,
CHEMBL3661115,EFO_0000616,INDICATION,
CHEMBL3661115,MONDO_0011719,INDICATION,
CHEMBL3661754,EFO_0000272,INDICATION,
CHEMBL3661754,EFO_0000305,INDICATION,
CHEMBL3661754,EFO_0000616,INDICATION,
CHEMBL3661754,EFO_0000673,INDICATION,
CHEMBL3661754,EFO_0003095,INDICATION,
CHEMBL3661754,MONDO_0004992,INDICATION,
CHEMBL3661754,MONDO_0021063,INDICATION,
CHEMBL36633,EFO_0003888,INDICATION,
CHEMBL3663929,EFO_0000616,INDICATION,
CHEMBL3663929,EFO_0003060,INDICATION,
CHEMBL366460,EFO_0000571,INDICATION,
CHEMBL366460,EFO_0003884,INDICATION,
CHEMBL366460,EFO_0006859,INDICATION,
CHEMBL366460,MONDO_0007254,INDICATION,
CHEMBL366460,MONDO_0008315,INDICATION,
CHEMBL3666807,EFO_0000341,INDICATION,
CHEMBL3666807,MONDO_0004979,INDICATION,
CHEMBL3668014,EFO_0000731,INDICATION,
CHEMBL3668014,EFO_0001065,INDICATION,
CHEMBL3668014,EFO_0001421,INDICATION,
CHEMBL3668014,EFO_0003086,INDICATION,
CHEMBL3669417,MONDO_0005148,INDICATION,
CHEMBL3670800,EFO_0001365,INDICATION,
CHEMBL3670800,EFO_0003770,INDICATION,
CHEMBL3670800,EFO_0004683,INDICATION,
CHEMBL3670800,EFO_0007187,INDICATION,
CHEMBL3670800,MONDO_0004975,INDICATION,
CHEMBL3670800,MONDO_0005180,INDICATION,
CHEMBL367149,EFO_0000319,INDICATION,
CHEMBL367149,EFO_0000432,INDICATION,
CHEMBL367149,EFO_0000474,INDICATION,
CHEMBL367149,EFO_0000685,INDICATION,
CHEMBL367149,EFO_0001073,INDICATION,
CHEMBL367149,EFO_0001421,INDICATION,
CHEMBL367149,EFO_0001645,INDICATION,
CHEMBL367149,EFO_0002950,INDICATION,
CHEMBL367149,EFO_0003086,INDICATION,
CHEMBL367149,EFO_0003095,INDICATION,
CHEMBL367149,EFO_0003144,INDICATION,
CHEMBL367149,EFO_0003777,INDICATION,
CHEMBL367149,EFO_0003884,INDICATION,
CHEMBL367149,EFO_0003888,INDICATION,
CHEMBL367149,EFO_0003917,INDICATION,
CHEMBL367149,EFO_0003928,INDICATION,
CHEMBL367149,EFO_0004269,INDICATION,
CHEMBL367149,EFO_0005406,INDICATION,
CHEMBL367149,EFO_0005407,INDICATION,
CHEMBL367149,EFO_0008509,INDICATION,
CHEMBL367149,EFO_0009431,INDICATION,
CHEMBL367149,EFO_0009606,INDICATION,
CHEMBL367149,EFO_0011023,INDICATION,
CHEMBL367149,EFO_1000783,INDICATION,
CHEMBL367149,EFO_1001158,INDICATION,
CHEMBL367149,EFO_1001917,INDICATION,
CHEMBL367149,MONDO_0001020,INDICATION,
CHEMBL367149,MONDO_0001751,INDICATION,
CHEMBL367149,MONDO_0002009,INDICATION,
CHEMBL367149,MONDO_0002050,INDICATION,
CHEMBL367149,MONDO_0004975,INDICATION,
CHEMBL367149,MONDO_0004979,INDICATION,
CHEMBL367149,MONDO_0004985,INDICATION,
CHEMBL367149,MONDO_0004992,INDICATION,
CHEMBL367149,MONDO_0005147,INDICATION,
CHEMBL367149,MONDO_0005180,INDICATION,
CHEMBL367149,MONDO_0005301,INDICATION,
CHEMBL367149,MONDO_0007254,INDICATION,
CHEMBL367149,MONDO_0007915,INDICATION,
CHEMBL367149,MONDO_0009061,INDICATION,
CHEMBL367149,MONDO_0011382,INDICATION,
CHEMBL367149,MONDO_0019200,INDICATION,
CHEMBL367149,MONDO_0021165,INDICATION,
CHEMBL367149,MONDO_0100096,INDICATION,
CHEMBL367149,MP_0001845,INDICATION,
CHEMBL36715,EFO_0002610,INDICATION,
CHEMBL36715,EFO_0003888,INDICATION,
CHEMBL36715,EFO_0004280,INDICATION,
CHEMBL36715,EFO_0005230,INDICATION,
CHEMBL36715,EFO_0007454,INDICATION,
CHEMBL36715,MONDO_0002050,INDICATION,
CHEMBL36715,MONDO_0005090,INDICATION,
CHEMBL3673096,EFO_0001361,INDICATION,
CHEMBL3673452,MONDO_0005178,INDICATION,
CHEMBL3674570,EFO_0000222,INDICATION,
CHEMBL3674570,EFO_0000673,INDICATION,
CHEMBL3674570,EFO_0000685,INDICATION,
CHEMBL367463,EFO_0005752,INDICATION,
CHEMBL3678076,MONDO_0005090,INDICATION,
CHEMBL3678958,EFO_0000222,INDICATION,
CHEMBL3678958,EFO_0000616,INDICATION,
CHEMBL3681419,EFO_0000712,INDICATION,
CHEMBL3681419,EFO_0001064,INDICATION,
CHEMBL3681419,MONDO_0005090,INDICATION,
CHEMBL3681949,EFO_0000729,INDICATION,
CHEMBL3682589,EFO_1000783,INDICATION,
CHEMBL368347,MONDO_0007254,INDICATION,
CHEMBL3683575,EFO_0000616,INDICATION,
CHEMBL3683575,EFO_0003060,INDICATION,
CHEMBL3683575,EFO_0005952,INDICATION,
CHEMBL3683575,MONDO_0044903,INDICATION,
CHEMBL368591,EFO_0004240,INDICATION,
CHEMBL3686884,EFO_0000616,INDICATION,
CHEMBL3686884,EFO_0001421,INDICATION,
CHEMBL3686884,EFO_0003869,INDICATION,
CHEMBL3686884,EFO_0005221,INDICATION,
CHEMBL3689071,EFO_0000616,INDICATION,
CHEMBL3692206,EFO_0000616,INDICATION,
CHEMBL3693786,EFO_0000616,INDICATION,
CHEMBL3693786,EFO_0000756,INDICATION,
CHEMBL3693786,EFO_0001378,INDICATION,
CHEMBL3693786,EFO_0003060,INDICATION,
CHEMBL3694493,EFO_0000717,INDICATION,
CHEMBL3694493,MP_0001845,INDICATION,
CHEMBL3694769,EFO_0003060,INDICATION,
CHEMBL3694769,MONDO_0005180,INDICATION,
CHEMBL3695568,EFO_0000341,INDICATION,
CHEMBL3695568,EFO_0003956,INDICATION,
CHEMBL3695568,EFO_1001413,INDICATION,
CHEMBL3696475,EFO_0000537,INDICATION,
CHEMBL3697617,EFO_0001421,INDICATION,
CHEMBL3697617,EFO_0003086,INDICATION,
CHEMBL3697617,MONDO_0005180,INDICATION,
CHEMBL36994,EFO_0003888,INDICATION,
CHEMBL3701238,EFO_0000182,INDICATION,
CHEMBL3701238,EFO_0000616,INDICATION,
CHEMBL3701238,EFO_0003060,INDICATION,
CHEMBL3701238,EFO_0003891,INDICATION,
CHEMBL3701238,EFO_0005221,INDICATION,
CHEMBL3701238,EFO_1001961,INDICATION,
CHEMBL3701238,EFO_1001968,INDICATION,
CHEMBL3701238,MONDO_0004992,INDICATION,
CHEMBL3701238,MONDO_0007254,INDICATION,
CHEMBL370143,EFO_0000544,INDICATION,
CHEMBL370143,EFO_0003086,CONTRAINDICATION,
CHEMBL370143,EFO_0003102,INDICATION,
CHEMBL370143,EFO_0004238,CONTRAINDICATION,
CHEMBL370143,EFO_0005044,INDICATION,
CHEMBL370143,EFO_0005045,INDICATION,
CHEMBL370143,EFO_0005046,INDICATION,
CHEMBL370143,EFO_0007144,INDICATION,
CHEMBL370143,MONDO_0015474,OFF_LABEL_USE,
CHEMBL370252,EFO_0000771,INDICATION,
CHEMBL3702854,EFO_0000274,INDICATION,
CHEMBL3702854,EFO_0004719,INDICATION,
CHEMBL3702854,EFO_0005531,INDICATION,
CHEMBL3702854,EFO_0005809,INDICATION,
CHEMBL3702854,EFO_0007160,INDICATION,
CHEMBL3702854,EFO_1000749,INDICATION,
CHEMBL3702854,EFO_1001264,INDICATION,
CHEMBL3702854,MONDO_0004979,INDICATION,
CHEMBL3702854,MONDO_0017287,INDICATION,
CHEMBL3702854,MP_0001845,INDICATION,
CHEMBL3703921,EFO_0000400,INDICATION,
CHEMBL3703921,MONDO_0005148,INDICATION,
CHEMBL3704901,EFO_0000685,INDICATION,
CHEMBL3704901,EFO_0003778,INDICATION,
CHEMBL3704901,EFO_1000710,INDICATION,
CHEMBL3704901,MONDO_0016168,INDICATION,
CHEMBL3704901,MONDO_0100096,INDICATION,
CHEMBL3704901,MP_0001845,INDICATION,
CHEMBL3707183,EFO_0003758,INDICATION,
CHEMBL3707183,MONDO_0004976,INDICATION,
CHEMBL3707204,EFO_0010282,INDICATION,
CHEMBL3707205,EFO_0010282,INDICATION,
CHEMBL3707206,EFO_0003086,CONTRAINDICATION,
CHEMBL3707206,EFO_0003777,CONTRAINDICATION,
CHEMBL3707206,EFO_0004287,CONTRAINDICATION,
CHEMBL3707206,EFO_0008506,CONTRAINDICATION,
CHEMBL3707206,MONDO_0001566,CONTRAINDICATION,
CHEMBL3707206,MONDO_0019338,CONTRAINDICATION,
CHEMBL3707206,MONDO_0024327,CONTRAINDICATION,
CHEMBL3707207,EFO_1001157,INDICATION,
CHEMBL3707208,EFO_0004272,INDICATION,
CHEMBL3707209,EFO_0000319,INDICATION,
CHEMBL3707212,EFO_0000616,INDICATION,
CHEMBL3707213,EFO_0005755,INDICATION,
CHEMBL3707214,EFO_0003843,INDICATION,
CHEMBL3707215,MONDO_0005180,INDICATION,
CHEMBL3707218,EFO_0004616,INDICATION,
CHEMBL3707218,MONDO_0007571,INDICATION,
CHEMBL3707218,MONDO_0041052,INDICATION,
CHEMBL3707219,EFO_0000707,INDICATION,
CHEMBL3707219,EFO_0002913,INDICATION,
CHEMBL3707219,MONDO_0005341,INDICATION,
CHEMBL3707220,EFO_0003095,INDICATION,
CHEMBL3707220,Orphanet_309005,INDICATION,
CHEMBL3707222,EFO_0004268,INDICATION,
CHEMBL3707222,EFO_1001486,INDICATION,
CHEMBL3707222,MONDO_0019072,INDICATION,
CHEMBL3707225,EFO_0000373,INDICATION,
CHEMBL3707225,EFO_0003144,INDICATION,
CHEMBL3707225,EFO_1001134,INDICATION,
CHEMBL3707225,MONDO_0003005,INDICATION,
CHEMBL3707226,MONDO_0019514,INDICATION,
CHEMBL3707227,EFO_0000095,INDICATION,
CHEMBL3707227,EFO_0000096,INDICATION,
CHEMBL3707227,EFO_0000181,INDICATION,
CHEMBL3707227,EFO_0000182,INDICATION,
CHEMBL3707227,EFO_0000183,INDICATION,
CHEMBL3707227,EFO_0000196,INDICATION,
CHEMBL3707227,EFO_0000198,INDICATION,
CHEMBL3707227,EFO_0000199,INDICATION,
CHEMBL3707227,EFO_0000222,INDICATION,
CHEMBL3707227,EFO_0000305,INDICATION,
CHEMBL3707227,EFO_0000313,INDICATION,
CHEMBL3707227,EFO_0000339,INDICATION,
CHEMBL3707227,EFO_0000389,INDICATION,
CHEMBL3707227,EFO_0000403,INDICATION,
CHEMBL3707227,EFO_0000503,INDICATION,
CHEMBL3707227,EFO_0000519,INDICATION,
CHEMBL3707227,EFO_0000574,INDICATION,
CHEMBL3707227,EFO_0000588,INDICATION,
CHEMBL3707227,EFO_0000616,INDICATION,
CHEMBL3707227,EFO_0000637,INDICATION,
CHEMBL3707227,EFO_0000640,INDICATION,
CHEMBL3707227,EFO_0000673,INDICATION,
CHEMBL3707227,EFO_0000681,INDICATION,
CHEMBL3707227,EFO_0000691,INDICATION,
CHEMBL3707227,EFO_0000702,INDICATION,
CHEMBL3707227,EFO_0000707,INDICATION,
CHEMBL3707227,EFO_0000756,INDICATION,
CHEMBL3707227,EFO_0000768,INDICATION,
CHEMBL3707227,EFO_0000770,INDICATION,
CHEMBL3707227,EFO_0001061,INDICATION,
CHEMBL3707227,EFO_0001075,INDICATION,
CHEMBL3707227,EFO_0001378,INDICATION,
CHEMBL3707227,EFO_0001642,INDICATION,
CHEMBL3707227,EFO_0002617,INDICATION,
CHEMBL3707227,EFO_0002618,INDICATION,
CHEMBL3707227,EFO_0002892,INDICATION,
CHEMBL3707227,EFO_0002916,INDICATION,
CHEMBL3707227,EFO_0002918,INDICATION,
CHEMBL3707227,EFO_0003060,INDICATION,
CHEMBL3707227,EFO_0003863,INDICATION,
CHEMBL3707227,EFO_0003869,INDICATION,
CHEMBL3707227,EFO_0003893,INDICATION,
CHEMBL3707227,EFO_0004142,INDICATION,
CHEMBL3707227,EFO_0004284,INDICATION,
CHEMBL3707227,EFO_0004288,INDICATION,
CHEMBL3707227,EFO_0005221,INDICATION,
CHEMBL3707227,EFO_0005537,INDICATION,
CHEMBL3707227,EFO_0005567,INDICATION,
CHEMBL3707227,EFO_0005922,INDICATION,
CHEMBL3707227,EFO_0005952,INDICATION,
CHEMBL3707227,EFO_0006859,INDICATION,
CHEMBL3707227,EFO_0007143,INDICATION,
CHEMBL3707227,EFO_0007532,INDICATION,
CHEMBL3707227,EFO_0008528,INDICATION,
CHEMBL3707227,EFO_0009708,INDICATION,
CHEMBL3707227,EFO_1000251,INDICATION,
CHEMBL3707227,EFO_1000601,INDICATION,
CHEMBL3707227,EFO_1000613,INDICATION,
CHEMBL3707227,EFO_1000657,INDICATION,
CHEMBL3707227,EFO_1000785,INDICATION,
CHEMBL3707227,EFO_1001051,INDICATION,
CHEMBL3707227,EFO_1001100,INDICATION,
CHEMBL3707227,EFO_1001465,INDICATION,
CHEMBL3707227,EFO_1001512,INDICATION,
CHEMBL3707227,EFO_1001513,INDICATION,
CHEMBL3707227,EFO_1001951,INDICATION,
CHEMBL3707227,EFO_1001956,INDICATION,
CHEMBL3707227,EFO_1001961,INDICATION,
CHEMBL3707227,MONDO_0001056,INDICATION,
CHEMBL3707227,MONDO_0001187,INDICATION,
CHEMBL3707227,MONDO_0001879,INDICATION,
CHEMBL3707227,MONDO_0002120,INDICATION,
CHEMBL3707227,MONDO_0002158,INDICATION,
CHEMBL3707227,MONDO_0002367,INDICATION,
CHEMBL3707227,MONDO_0002691,INDICATION,
CHEMBL3707227,MONDO_0002898,INDICATION,
CHEMBL3707227,MONDO_0002974,INDICATION,
CHEMBL3707227,MONDO_0003060,INDICATION,
CHEMBL3707227,MONDO_0004180,INDICATION,
CHEMBL3707227,MONDO_0004992,INDICATION,
CHEMBL3707227,MONDO_0005184,INDICATION,
CHEMBL3707227,MONDO_0007254,INDICATION,
CHEMBL3707227,MONDO_0007576,INDICATION,
CHEMBL3707227,MONDO_0008170,INDICATION,
CHEMBL3707227,MONDO_0008315,INDICATION,
CHEMBL3707227,MONDO_0008903,INDICATION,
CHEMBL3707227,MONDO_0011719,INDICATION,
CHEMBL3707227,MONDO_0011962,INDICATION,
CHEMBL3707227,MONDO_0018906,INDICATION,
CHEMBL3707227,MONDO_0021063,INDICATION,
CHEMBL3707227,MONDO_0044881,INDICATION,
CHEMBL3707227,MONDO_0100342,INDICATION,
CHEMBL3707228,EFO_0000319,INDICATION,
CHEMBL3707228,EFO_0000401,INDICATION,
CHEMBL3707228,EFO_0000756,INDICATION,
CHEMBL3707228,EFO_0003914,INDICATION,
CHEMBL3707228,MONDO_0005301,INDICATION,
CHEMBL3707229,EFO_0000274,INDICATION,
CHEMBL3707229,EFO_0000341,INDICATION,
CHEMBL3707229,EFO_0004232,INDICATION,
CHEMBL3707229,EFO_0005531,INDICATION,
CHEMBL3707229,MONDO_0004979,INDICATION,
CHEMBL3707229,MONDO_0005271,INDICATION,
CHEMBL3707232,EFO_0004272,INDICATION,
CHEMBL3707234,EFO_0010282,INDICATION,
CHEMBL3707235,EFO_0000400,INDICATION,
CHEMBL3707235,EFO_0001421,INDICATION,
CHEMBL3707235,EFO_0003086,INDICATION,
CHEMBL3707235,MONDO_0004992,INDICATION,
CHEMBL3707235,MONDO_0005148,INDICATION,
CHEMBL3707239,EFO_0000319,INDICATION,
CHEMBL3707243,EFO_0000341,INDICATION,
CHEMBL3707243,EFO_0004269,INDICATION,
CHEMBL3707243,EFO_1000632,INDICATION,
CHEMBL3707243,MONDO_0004247,INDICATION,
CHEMBL3707244,EFO_0008533,INDICATION,
CHEMBL3707244,EFO_1000948,INDICATION,
CHEMBL3707245,MONDO_0005041,INDICATION,
CHEMBL3707246,EFO_0000729,INDICATION,
CHEMBL3707246,EFO_0003929,INDICATION,
CHEMBL3707246,MONDO_0005301,INDICATION,
CHEMBL3707247,EFO_0000384,INDICATION,
CHEMBL3707247,EFO_0000540,INDICATION,
CHEMBL3707247,EFO_0000612,CONTRAINDICATION,
CHEMBL3707247,EFO_0000712,CONTRAINDICATION,
CHEMBL3707247,EFO_0000729,INDICATION,
CHEMBL3707247,EFO_0001421,INDICATION,
CHEMBL3707247,EFO_0003144,CONTRAINDICATION,
CHEMBL3707247,EFO_0003764,CONTRAINDICATION,
CHEMBL3707247,EFO_0003877,CONTRAINDICATION,
CHEMBL3707247,EFO_0003929,INDICATION,
CHEMBL3707247,EFO_1000985,CONTRAINDICATION,
CHEMBL3707247,MONDO_0001823,CONTRAINDICATION,
CHEMBL3707247,MONDO_0005301,INDICATION,
CHEMBL3707247,MONDO_0100096,INDICATION,
CHEMBL3707248,EFO_0004280,INDICATION,
CHEMBL3707249,EFO_0000341,INDICATION,
CHEMBL3707249,MONDO_0004979,INDICATION,
CHEMBL3707250,MONDO_0002009,INDICATION,
CHEMBL3707254,EFO_0000771,INDICATION,
CHEMBL3707254,EFO_0003103,INDICATION,
CHEMBL3707256,EFO_0004272,INDICATION,
CHEMBL3707257,EFO_0000319,INDICATION,
CHEMBL3707260,MONDO_0001056,INDICATION,
CHEMBL3707266,EFO_0000305,INDICATION,
CHEMBL3707266,EFO_0000616,INDICATION,
CHEMBL3707266,EFO_0003869,INDICATION,
CHEMBL3707266,MONDO_0007254,INDICATION,
CHEMBL3707275,EFO_0003966,INDICATION,
CHEMBL3707275,MONDO_0018998,INDICATION,
CHEMBL3707276,EFO_0004260,INDICATION,
CHEMBL3707276,MONDO_0007037,INDICATION,
CHEMBL3707276,MONDO_0009659,INDICATION,
CHEMBL3707277,EFO_0000519,INDICATION,
CHEMBL3707277,EFO_0000616,INDICATION,
CHEMBL3707277,EFO_1001465,INDICATION,
CHEMBL3707278,MONDO_0005148,INDICATION,
CHEMBL3707279,EFO_0000182,INDICATION,
CHEMBL3707279,MONDO_0007254,INDICATION,
CHEMBL3707279,MONDO_0008170,INDICATION,
CHEMBL3707280,EFO_0000681,INDICATION,
CHEMBL3707281,EFO_0003086,CONTRAINDICATION,
CHEMBL3707281,EFO_0008533,INDICATION,
CHEMBL3707281,MONDO_0002203,INDICATION,
CHEMBL3707281,MONDO_0018100,INDICATION,
CHEMBL3707283,MP_0001914,INDICATION,
CHEMBL3707284,EFO_0004272,INDICATION,
CHEMBL3707285,EFO_0004272,INDICATION,
CHEMBL3707285,MONDO_0007254,INDICATION,
CHEMBL3707286,EFO_0000319,INDICATION,
CHEMBL3707287,EFO_0000319,INDICATION,
CHEMBL3707289,MONDO_0005180,INDICATION,
CHEMBL3707290,EFO_1001109,INDICATION,
CHEMBL3707293,EFO_0000341,INDICATION,
CHEMBL3707293,MONDO_0005148,INDICATION,
CHEMBL3707294,EFO_0000228,INDICATION,
CHEMBL3707294,EFO_0000616,INDICATION,
CHEMBL3707295,Orphanet_365,INDICATION,
CHEMBL3707297,EFO_0000681,INDICATION,
CHEMBL3707301,EFO_0010282,INDICATION,
CHEMBL3707303,EFO_1001797,INDICATION,
CHEMBL3707303,MONDO_0011382,INDICATION,
CHEMBL3707305,EFO_0004272,INDICATION,
CHEMBL3707306,EFO_0003854,INDICATION,
CHEMBL3707306,EFO_0004260,INDICATION,
CHEMBL3707307,EFO_0005230,INDICATION,
CHEMBL3707309,EFO_0000284,INDICATION,
CHEMBL3707309,MONDO_0008315,INDICATION,
CHEMBL3707310,EFO_0009536,INDICATION,
CHEMBL3707310,EFO_1000760,INDICATION,
CHEMBL3707310,EFO_1001888,INDICATION,
CHEMBL3707311,EFO_0000729,INDICATION,
CHEMBL3707311,MONDO_0010311,INDICATION,
CHEMBL3707311,MONDO_0010679,INDICATION,
CHEMBL3707312,EFO_0000275,INDICATION,
CHEMBL3707313,EFO_0000574,INDICATION,
CHEMBL3707313,EFO_0003894,INDICATION,
CHEMBL3707313,MONDO_0017778,INDICATION,
CHEMBL3707314,EFO_0003086,INDICATION,
CHEMBL3707314,EFO_0003884,INDICATION,
CHEMBL3707314,EFO_0004272,INDICATION,
CHEMBL3707314,MONDO_0002280,INDICATION,
CHEMBL3707315,EFO_0000616,INDICATION,
CHEMBL3707316,EFO_0003888,INDICATION,
CHEMBL3707318,EFO_1000783,INDICATION,
CHEMBL3707319,EFO_0005762,INDICATION,
CHEMBL3707320,EFO_0003060,INDICATION,
CHEMBL3707323,EFO_1001109,INDICATION,
CHEMBL3707324,EFO_0000096,INDICATION,
CHEMBL3707324,EFO_0000196,INDICATION,
CHEMBL3707324,EFO_0000365,INDICATION,
CHEMBL3707324,EFO_0000403,INDICATION,
CHEMBL3707324,EFO_0000616,INDICATION,
CHEMBL3707324,EFO_0001075,INDICATION,
CHEMBL3707324,EFO_0005537,INDICATION,
CHEMBL3707324,EFO_1000294,INDICATION,
CHEMBL3707324,MONDO_0004992,INDICATION,
CHEMBL3707324,MONDO_0007254,INDICATION,
CHEMBL3707324,MONDO_0018906,INDICATION,
CHEMBL3707325,EFO_0000096,INDICATION,
CHEMBL3707325,EFO_0000685,INDICATION,
CHEMBL3707325,EFO_0003106,INDICATION,
CHEMBL3707325,EFO_1001779,INDICATION,
CHEMBL3707325,MONDO_0004979,INDICATION,
CHEMBL3707325,MONDO_0100096,INDICATION,
CHEMBL3707326,EFO_0004260,INDICATION,
CHEMBL3707326,EFO_1002027,INDICATION,
CHEMBL3707326,MONDO_0000845,INDICATION,
CHEMBL3707326,MONDO_0024300,INDICATION,
CHEMBL3707326,Orphanet_89936,INDICATION,
CHEMBL3707327,EFO_1001413,INDICATION,
CHEMBL3707328,EFO_0003843,INDICATION,
CHEMBL3707328,EFO_0004616,INDICATION,
CHEMBL3707328,MONDO_0005277,INDICATION,
CHEMBL3707330,EFO_0000691,INDICATION,
CHEMBL3707330,EFO_0006911,INDICATION,
CHEMBL3707331,EFO_0000691,INDICATION,
CHEMBL3707331,EFO_0004888,INDICATION,
CHEMBL3707331,EFO_0006911,INDICATION,
CHEMBL3707333,EFO_0000544,INDICATION,
CHEMBL3707334,EFO_0000544,INDICATION,
CHEMBL3707336,EFO_0004272,INDICATION,
CHEMBL3707337,EFO_0004272,INDICATION,
CHEMBL3707338,EFO_0000319,INDICATION,
CHEMBL3707339,EFO_0000319,INDICATION,
CHEMBL3707342,EFO_0003843,INDICATION,
CHEMBL3707347,EFO_0003144,INDICATION,
CHEMBL3707347,EFO_0003884,INDICATION,
CHEMBL3707347,EFO_0004274,INDICATION,
CHEMBL3707347,EFO_0009104,INDICATION,
CHEMBL3707348,EFO_0000095,INDICATION,
CHEMBL3707348,EFO_0000096,INDICATION,
CHEMBL3707348,EFO_0000181,INDICATION,
CHEMBL3707348,EFO_0000403,INDICATION,
CHEMBL3707348,EFO_0000519,INDICATION,
CHEMBL3707348,EFO_0000565,INDICATION,
CHEMBL3707348,EFO_0000574,INDICATION,
CHEMBL3707348,EFO_0000616,INDICATION,
CHEMBL3707348,EFO_0000685,INDICATION,
CHEMBL3707348,EFO_0001378,INDICATION,
CHEMBL3707348,EFO_0002618,INDICATION,
CHEMBL3707348,EFO_0003060,INDICATION,
CHEMBL3707348,EFO_0005741,INDICATION,
CHEMBL3707348,EFO_0005952,INDICATION,
CHEMBL3707348,EFO_0009441,INDICATION,
CHEMBL3707348,EFO_1001469,INDICATION,
CHEMBL3707348,EFO_1001890,INDICATION,
CHEMBL3707348,MONDO_0001023,INDICATION,
CHEMBL3707348,MONDO_0004992,INDICATION,
CHEMBL3707348,MONDO_0008170,INDICATION,
CHEMBL3707348,MONDO_0018906,INDICATION,
CHEMBL3707348,MONDO_0020547,INDICATION,
CHEMBL3707348,MONDO_0044881,INDICATION,
CHEMBL3707348,MONDO_0100096,INDICATION,
CHEMBL3707349,EFO_0000182,INDICATION,
CHEMBL3707349,EFO_0000681,INDICATION,
CHEMBL3707349,EFO_0005221,INDICATION,
CHEMBL3707349,EFO_0008528,INDICATION,
CHEMBL3707349,MONDO_0004992,INDICATION,
CHEMBL3707349,MONDO_0008170,INDICATION,
CHEMBL3707349,MONDO_0011719,INDICATION,
CHEMBL3707350,EFO_0003060,INDICATION,
CHEMBL3707351,EFO_0003884,INDICATION,
CHEMBL3707351,MONDO_0005147,INDICATION,
CHEMBL3707351,MONDO_0005148,INDICATION,
CHEMBL3707352,EFO_0000319,INDICATION,
CHEMBL3707356,EFO_1000906,INDICATION,
CHEMBL3707357,EFO_0001365,INDICATION,
CHEMBL3707357,EFO_0004683,INDICATION,
CHEMBL3707357,EFO_0005753,INDICATION,
CHEMBL3707357,EFO_1001157,INDICATION,
CHEMBL3707357,MONDO_0003005,INDICATION,
CHEMBL3707358,EFO_1001380,INDICATION,
CHEMBL3707358,MONDO_0011871,INDICATION,
CHEMBL3707358,MONDO_0100464,INDICATION,
CHEMBL3707359,EFO_0005422,INDICATION,
CHEMBL3707362,EFO_0010282,INDICATION,
CHEMBL3707363,EFO_0010282,INDICATION,
CHEMBL3707365,EFO_0000702,INDICATION,
CHEMBL3707365,EFO_0001422,INDICATION,
CHEMBL3707365,EFO_1001459,INDICATION,
CHEMBL3707365,MONDO_0100096,INDICATION,
CHEMBL3707366,EFO_0001645,INDICATION,
CHEMBL3707371,MONDO_0005271,INDICATION,
CHEMBL3707372,EFO_0003047,INDICATION,
CHEMBL3707372,EFO_0004220,INDICATION,
CHEMBL3707374,EFO_0000384,INDICATION,
CHEMBL3707374,EFO_0000676,INDICATION,
CHEMBL3707374,EFO_0000729,INDICATION,
CHEMBL3707374,EFO_0003767,INDICATION,
CHEMBL3707374,EFO_0003929,INDICATION,
CHEMBL3707374,MONDO_0007915,INDICATION,
CHEMBL3707375,EFO_0000384,INDICATION,
CHEMBL3707375,EFO_0000676,INDICATION,
CHEMBL3707375,EFO_0000729,INDICATION,
CHEMBL3707375,EFO_0003767,INDICATION,
CHEMBL3707375,EFO_0003929,INDICATION,
CHEMBL3707375,MONDO_0007915,INDICATION,
CHEMBL3707376,EFO_0009130,INDICATION,
CHEMBL3707381,EFO_0000519,INDICATION,
CHEMBL3707381,MONDO_0002108,INDICATION,
CHEMBL3707381,MONDO_0004992,INDICATION,
CHEMBL3707381,MONDO_0008170,INDICATION,
CHEMBL3707382,MONDO_0009662,INDICATION,
CHEMBL3707383,EFO_0000384,INDICATION,
CHEMBL3707383,EFO_0000729,INDICATION,
CHEMBL3707386,EFO_0004272,INDICATION,
CHEMBL3707387,EFO_0000546,INDICATION,
CHEMBL3707389,EFO_0000474,INDICATION,
CHEMBL3707390,EFO_0003888,INDICATION,
CHEMBL3707392,EFO_0000538,INDICATION,
CHEMBL3707392,EFO_1001375,INDICATION,
CHEMBL3707393,EFO_0003099,INDICATION,
CHEMBL3707393,EFO_1001110,INDICATION,
CHEMBL3707395,EFO_0001421,INDICATION,
CHEMBL3707395,EFO_0003095,INDICATION,
CHEMBL3707395,EFO_0004268,INDICATION,
CHEMBL3707395,EFO_1001248,INDICATION,
CHEMBL3707395,EFO_1001486,INDICATION,
CHEMBL3707395,MONDO_0005148,INDICATION,
CHEMBL3707398,EFO_0000274,INDICATION,
CHEMBL3707398,EFO_1000760,INDICATION,
CHEMBL3707398,EFO_1000764,INDICATION,
CHEMBL3707400,EFO_0003843,INDICATION,
CHEMBL3707400,EFO_0005762,INDICATION,
CHEMBL3707400,EFO_1000783,INDICATION,
CHEMBL3707401,EFO_0003888,INDICATION,
CHEMBL3707401,MONDO_0002050,INDICATION,
CHEMBL3707403,EFO_0000275,INDICATION,
CHEMBL3707403,EFO_0003911,INDICATION,
CHEMBL3707403,EFO_0004287,INDICATION,
CHEMBL3707403,EFO_0005306,INDICATION,
CHEMBL3707404,EFO_0000616,INDICATION,
CHEMBL3707404,EFO_0003060,INDICATION,
CHEMBL3707404,MONDO_0007254,INDICATION,
CHEMBL3707407,MP_0001914,INDICATION,
CHEMBL3707409,EFO_0007183,INDICATION,
CHEMBL3707446,EFO_0001421,INDICATION,
CHEMBL3707446,EFO_0003086,INDICATION,
CHEMBL3707446,MONDO_0011382,INDICATION,
CHEMBL370753,EFO_0003890,INDICATION,
CHEMBL370753,EFO_0005230,INDICATION,
CHEMBL370753,MONDO_0002009,INDICATION,
CHEMBL370753,MONDO_0002050,INDICATION,
CHEMBL370753,MONDO_0005090,INDICATION,
CHEMBL370805,EFO_0000474,CONTRAINDICATION,
CHEMBL370805,EFO_0002610,INDICATION,
CHEMBL370805,EFO_0005611,INDICATION,
CHEMBL370805,EFO_0005800,INDICATION,
CHEMBL370805,EFO_0009190,CONTRAINDICATION,
CHEMBL370805,MONDO_0005271,INDICATION,
CHEMBL371064,EFO_0003882,INDICATION,
CHEMBL371064,EFO_0004616,INDICATION,
CHEMBL371405,EFO_0000519,INDICATION,
CHEMBL371405,EFO_0000574,INDICATION,
CHEMBL371405,EFO_0001378,INDICATION,
CHEMBL371405,EFO_1000028,INDICATION,
CHEMBL371405,MONDO_0004992,INDICATION,
CHEMBL371405,MONDO_0016700,INDICATION,
CHEMBL3715108,EFO_0001069,INDICATION,
CHEMBL3716057,EFO_0000768,INDICATION,
CHEMBL3716057,EFO_0003918,INDICATION,
CHEMBL3716057,EFO_0004616,INDICATION,
CHEMBL3716057,EFO_0008507,INDICATION,
CHEMBL3716057,MONDO_0004979,INDICATION,
CHEMBL37161,EFO_1001342,INDICATION,
CHEMBL3716365,EFO_0000729,INDICATION,
CHEMBL3716365,EFO_0000768,INDICATION,
CHEMBL3716552,EFO_0001421,INDICATION,
CHEMBL3716552,EFO_0001645,INDICATION,
CHEMBL3716552,MONDO_0000831,INDICATION,
CHEMBL372205,MONDO_0004975,INDICATION,
CHEMBL372764,EFO_0000095,INDICATION,
CHEMBL372764,EFO_0000198,INDICATION,
CHEMBL372764,EFO_0000209,INDICATION,
CHEMBL372764,EFO_0000218,INDICATION,
CHEMBL372764,EFO_0000221,INDICATION,
CHEMBL372764,EFO_0000223,INDICATION,
CHEMBL372764,EFO_0000224,INDICATION,
CHEMBL372764,EFO_0000339,INDICATION,
CHEMBL372764,EFO_0000389,INDICATION,
CHEMBL372764,EFO_0000519,INDICATION,
CHEMBL372764,EFO_0000565,INDICATION,
CHEMBL372764,EFO_0000574,INDICATION,
CHEMBL372764,EFO_0000616,INDICATION,
CHEMBL372764,EFO_0000632,INDICATION,
CHEMBL372764,EFO_0000673,INDICATION,
CHEMBL372764,EFO_0000681,INDICATION,
CHEMBL372764,EFO_0001378,INDICATION,
CHEMBL372764,EFO_0002499,INDICATION,
CHEMBL372764,EFO_0002501,INDICATION,
CHEMBL372764,EFO_0002618,INDICATION,
CHEMBL372764,EFO_0003025,INDICATION,
CHEMBL372764,EFO_0003027,INDICATION,
CHEMBL372764,EFO_0003028,INDICATION,
CHEMBL372764,EFO_0003060,INDICATION,
CHEMBL372764,EFO_0003833,INDICATION,
CHEMBL372764,EFO_0006859,INDICATION,
CHEMBL372764,EFO_0009441,INDICATION,
CHEMBL372764,EFO_1001465,INDICATION,
CHEMBL372764,EFO_1001951,INDICATION,
CHEMBL372764,EFO_1001968,INDICATION,
CHEMBL372764,MONDO_0002367,INDICATION,
CHEMBL372764,MONDO_0003268,INDICATION,
CHEMBL372764,MONDO_0004992,INDICATION,
CHEMBL372764,MONDO_0007254,INDICATION,
CHEMBL372764,MONDO_0008170,INDICATION,
CHEMBL372764,MONDO_0008315,INDICATION,
CHEMBL372764,MONDO_0011719,INDICATION,
CHEMBL372764,MONDO_0021063,INDICATION,
CHEMBL372795,EFO_0000544,INDICATION,
CHEMBL372795,EFO_0000771,INDICATION,
CHEMBL372795,EFO_0003086,CONTRAINDICATION,
CHEMBL372795,EFO_0003102,INDICATION,
CHEMBL372795,EFO_0003103,INDICATION,
CHEMBL372795,EFO_0003106,INDICATION,
CHEMBL372795,EFO_0004991,CONTRAINDICATION,
CHEMBL372795,EFO_0007185,INDICATION,
CHEMBL372795,EFO_0007291,INDICATION,
CHEMBL372795,EFO_0007386,INDICATION,
CHEMBL372795,EFO_0007481,INDICATION,
CHEMBL372795,EFO_0009425,INDICATION,
CHEMBL372795,EFO_1000049,INDICATION,
CHEMBL372795,EFO_1001444,INDICATION,
CHEMBL372795,MONDO_0000327,INDICATION,
CHEMBL372795,MONDO_0005247,INDICATION,
CHEMBL372795,MONDO_0018076,INDICATION,
CHEMBL372795,MONDO_0021095,CONTRAINDICATION,
CHEMBL373081,EFO_1001888,INDICATION,
CHEMBL3732012,MONDO_0004976,INDICATION,
CHEMBL373204,EFO_0001067,INDICATION,
CHEMBL3734774,MONDO_0004976,INDICATION,
CHEMBL373742,EFO_0003756,INDICATION,
CHEMBL373742,EFO_0003758,INDICATION,
CHEMBL373742,EFO_0003777,INDICATION,
CHEMBL373742,EFO_0003843,INDICATION,
CHEMBL373742,EFO_0004278,INDICATION,
CHEMBL373742,EFO_0004610,INDICATION,
CHEMBL373742,EFO_0005207,INDICATION,
CHEMBL373742,EFO_0005251,INDICATION,
CHEMBL373742,EFO_0006834,INDICATION,
CHEMBL373742,EFO_0009492,INDICATION,
CHEMBL373742,EFO_0009637,INDICATION,
CHEMBL373742,EFO_1001255,INDICATION,
CHEMBL373742,MONDO_0001572,INDICATION,
CHEMBL373742,MONDO_0002009,INDICATION,
CHEMBL373742,MONDO_0003061,INDICATION,
CHEMBL373742,MONDO_0004782,INDICATION,
CHEMBL373742,MONDO_0005149,INDICATION,
CHEMBL3740500,EFO_0000222,INDICATION,
CHEMBL3740500,EFO_0002618,INDICATION,
CHEMBL3740500,MONDO_0001056,INDICATION,
CHEMBL374223,EFO_0000616,INDICATION,
CHEMBL3742465,EFO_0000222,INDICATION,
CHEMBL3742465,EFO_0002618,INDICATION,
CHEMBL3742465,MONDO_0001056,INDICATION,
CHEMBL374385,EFO_0003876,INDICATION,
CHEMBL374478,EFO_0000095,INDICATION,
CHEMBL374478,EFO_0000180,INDICATION,
CHEMBL374478,EFO_0000183,INDICATION,
CHEMBL374478,EFO_0000400,CONTRAINDICATION,
CHEMBL374478,EFO_0000544,INDICATION,
CHEMBL374478,EFO_0000574,INDICATION,
CHEMBL374478,EFO_0000616,INDICATION,
CHEMBL374478,EFO_0000685,INDICATION,
CHEMBL374478,EFO_0000756,INDICATION,
CHEMBL374478,EFO_0000764,INDICATION,
CHEMBL374478,EFO_0000765,INDICATION,
CHEMBL374478,EFO_0000778,OFF_LABEL_USE,
CHEMBL374478,EFO_0001054,OFF_LABEL_USE,
CHEMBL374478,EFO_0001065,INDICATION,
CHEMBL374478,EFO_0001361,INDICATION,
CHEMBL374478,EFO_0001645,INDICATION,
CHEMBL374478,EFO_0002617,INDICATION,
CHEMBL374478,EFO_0003060,INDICATION,
CHEMBL374478,EFO_0003100,CONTRAINDICATION,
CHEMBL374478,EFO_0003102,INDICATION,
CHEMBL374478,EFO_0003843,INDICATION,
CHEMBL374478,EFO_0003884,INDICATION,
CHEMBL374478,EFO_0004239,INDICATION,
CHEMBL374478,EFO_0004274,CONTRAINDICATION,
CHEMBL374478,EFO_0005952,INDICATION,
CHEMBL374478,EFO_0006911,INDICATION,
CHEMBL374478,EFO_0007386,INDICATION,
CHEMBL374478,EFO_0007402,INDICATION,
CHEMBL374478,EFO_0007460,INDICATION,
CHEMBL374478,EFO_0007470,INDICATION,
CHEMBL374478,EFO_1000049,INDICATION,
CHEMBL374478,EFO_1001050,INDICATION,
CHEMBL374478,EFO_1001249,INDICATION,
CHEMBL374478,EFO_1001314,INDICATION,
CHEMBL374478,EFO_1001413,INDICATION,
CHEMBL374478,EFO_1001849,OFF_LABEL_USE,
CHEMBL374478,MONDO_0000327,INDICATION,
CHEMBL374478,MONDO_0000565,INDICATION,
CHEMBL374478,MONDO_0000831,INDICATION,
CHEMBL374478,MONDO_0001134,INDICATION,
CHEMBL374478,MONDO_0001701,OFF_LABEL_USE,
CHEMBL374478,MONDO_0002041,INDICATION,
CHEMBL374478,MONDO_0002050,CONTRAINDICATION,
CHEMBL374478,MONDO_0002280,CONTRAINDICATION,
CHEMBL374478,MONDO_0004215,OFF_LABEL_USE,
CHEMBL374478,MONDO_0004975,INDICATION,
CHEMBL374478,MONDO_0004992,INDICATION,
CHEMBL374478,MONDO_0005148,INDICATION,
CHEMBL374478,MONDO_0005180,INDICATION,
CHEMBL374478,MONDO_0005301,INDICATION,
CHEMBL374478,MONDO_0007079,CONTRAINDICATION,
CHEMBL374478,MONDO_0009061,INDICATION,
CHEMBL374478,MONDO_0015909,CONTRAINDICATION,
CHEMBL374478,MONDO_0018076,INDICATION,
CHEMBL374478,MONDO_0019338,INDICATION,
CHEMBL374478,MONDO_0019542,CONTRAINDICATION,
CHEMBL374478,MONDO_0021108,INDICATION,
CHEMBL374478,MONDO_0037821,CONTRAINDICATION,
CHEMBL374478,MONDO_0100096,INDICATION,
CHEMBL374478,MONDO_0100192,CONTRAINDICATION,
CHEMBL3746329,EFO_0001421,INDICATION,
CHEMBL3746329,EFO_0004274,INDICATION,
CHEMBL3746329,EFO_0009104,INDICATION,
CHEMBL3746388,EFO_1001249,INDICATION,
CHEMBL374731,EFO_0000763,INDICATION,
CHEMBL374731,EFO_0000783,CONTRAINDICATION,
CHEMBL374731,EFO_0001422,INDICATION,
CHEMBL374731,EFO_0003086,CONTRAINDICATION,
CHEMBL374731,EFO_0003100,CONTRAINDICATION,
CHEMBL374731,EFO_0004145,CONTRAINDICATION,
CHEMBL374731,EFO_0004197,INDICATION,
CHEMBL374731,EFO_0004239,INDICATION,
CHEMBL374731,EFO_1000036,CONTRAINDICATION,
CHEMBL374731,MONDO_0004790,CONTRAINDICATION,
CHEMBL3747513,EFO_0000616,INDICATION,
CHEMBL3747513,EFO_0001378,INDICATION,
CHEMBL374975,DOID_7551,INDICATION,
CHEMBL374975,EFO_0000275,CONTRAINDICATION,
CHEMBL374975,EFO_0000400,CONTRAINDICATION,
CHEMBL374975,EFO_0000544,INDICATION,
CHEMBL374975,EFO_0000701,INDICATION,
CHEMBL374975,EFO_0000771,INDICATION,
CHEMBL374975,EFO_0000772,INDICATION,
CHEMBL374975,EFO_0000778,INDICATION,
CHEMBL374975,EFO_0001068,OFF_LABEL_USE,
CHEMBL374975,EFO_0002623,INDICATION,
CHEMBL374975,EFO_0003060,INDICATION,
CHEMBL374975,EFO_0003086,CONTRAINDICATION,
CHEMBL374975,EFO_0003103,INDICATION,
CHEMBL374975,EFO_0003106,INDICATION,
CHEMBL374975,EFO_0003872,CONTRAINDICATION,
CHEMBL374975,EFO_0003928,OFF_LABEL_USE,
CHEMBL374975,EFO_0004190,CONTRAINDICATION,
CHEMBL374975,EFO_0004212,INDICATION,
CHEMBL374975,EFO_0004991,CONTRAINDICATION,
CHEMBL374975,EFO_0005224,INDICATION,
CHEMBL374975,EFO_0005681,INDICATION,
CHEMBL374975,EFO_0007128,INDICATION,
CHEMBL374975,EFO_0007141,INDICATION,
CHEMBL374975,EFO_0007166,INDICATION,
CHEMBL374975,EFO_0007182,INDICATION,
CHEMBL374975,EFO_0007185,INDICATION,
CHEMBL374975,EFO_0007291,INDICATION,
CHEMBL374975,EFO_0007308,CONTRAINDICATION,
CHEMBL374975,EFO_0007324,INDICATION,
CHEMBL374975,EFO_0007344,OFF_LABEL_USE,
CHEMBL374975,EFO_0007347,INDICATION,
CHEMBL374975,EFO_0007353,INDICATION,
CHEMBL374975,EFO_0007387,INDICATION,
CHEMBL374975,EFO_0007403,CONTRAINDICATION,
CHEMBL374975,EFO_0007410,INDICATION,
CHEMBL374975,EFO_0007421,INDICATION,
CHEMBL374975,EFO_0007445,OFF_LABEL_USE,
CHEMBL374975,EFO_0007470,INDICATION,
CHEMBL374975,EFO_0007480,INDICATION,
CHEMBL374975,EFO_0007486,INDICATION,
CHEMBL374975,EFO_0007496,INDICATION,
CHEMBL374975,EFO_0007504,INDICATION,
CHEMBL374975,EFO_0007548,INDICATION,
CHEMBL374975,EFO_0008510,OFF_LABEL_USE,
CHEMBL374975,EFO_0008588,INDICATION,
CHEMBL374975,EFO_0009117,INDICATION,
CHEMBL374975,EFO_0009425,OFF_LABEL_USE,
CHEMBL374975,EFO_0009661,INDICATION,
CHEMBL374975,EFO_1000702,INDICATION,
CHEMBL374975,EFO_1000760,INDICATION,
CHEMBL374975,EFO_1000811,INDICATION,
CHEMBL374975,EFO_1000829,INDICATION,
CHEMBL374975,EFO_1000831,INDICATION,
CHEMBL374975,EFO_1001069,CONTRAINDICATION,
CHEMBL374975,EFO_1001070,CONTRAINDICATION,
CHEMBL374975,EFO_1001162,INDICATION,
CHEMBL374975,EFO_1001231,INDICATION,
CHEMBL374975,EFO_1001246,OFF_LABEL_USE,
CHEMBL374975,EFO_1001272,INDICATION,
CHEMBL374975,EFO_1001318,INDICATION,
CHEMBL374975,EFO_1001444,INDICATION,
CHEMBL374975,EFO_1001450,CONTRAINDICATION,
CHEMBL374975,EFO_1001459,INDICATION,
CHEMBL374975,EFO_1001476,INDICATION,
CHEMBL374975,EFO_1001481,OFF_LABEL_USE,
CHEMBL374975,EFO_1001849,INDICATION,
CHEMBL374975,EFO_1001888,CONTRAINDICATION,
CHEMBL374975,MONDO_0000468,CONTRAINDICATION,
CHEMBL374975,MONDO_0001080,INDICATION,
CHEMBL374975,MONDO_0001701,INDICATION,
CHEMBL374975,MONDO_0002258,INDICATION,
CHEMBL374975,MONDO_0002307,INDICATION,
CHEMBL374975,MONDO_0004215,INDICATION,
CHEMBL374975,MONDO_0004768,INDICATION,
CHEMBL374975,MONDO_0004789,INDICATION,
CHEMBL374975,MONDO_0005041,CONTRAINDICATION,
CHEMBL374975,MONDO_0005247,INDICATION,
CHEMBL374975,MONDO_0009061,INDICATION,
CHEMBL374975,MONDO_0018100,CONTRAINDICATION,
CHEMBL374975,MONDO_0019362,INDICATION,
CHEMBL374975,MONDO_0020944,CONTRAINDICATION,
CHEMBL374975,MONDO_0020950,CONTRAINDICATION,
CHEMBL374975,MONDO_0021095,CONTRAINDICATION,
CHEMBL374975,MONDO_0040732,INDICATION,
CHEMBL374975,MONDO_0043885,CONTRAINDICATION,
CHEMBL374975,MONDO_0100192,CONTRAINDICATION,
CHEMBL3753858,EFO_0000544,INDICATION,
CHEMBL3753858,EFO_0000771,INDICATION,
CHEMBL3753858,EFO_0009130,INDICATION,
CHEMBL375492,EFO_0007386,INDICATION,
CHEMBL375492,EFO_1000049,INDICATION,
CHEMBL375492,MONDO_0018076,INDICATION,
CHEMBL376140,EFO_0000222,INDICATION,
CHEMBL376140,EFO_0000278,CONTRAINDICATION,
CHEMBL376140,EFO_0000544,INDICATION,
CHEMBL376140,EFO_0000701,INDICATION,
CHEMBL376140,EFO_0000771,INDICATION,
CHEMBL376140,EFO_0003033,INDICATION,
CHEMBL376140,EFO_0003102,INDICATION,
CHEMBL376140,EFO_0003884,INDICATION,
CHEMBL376140,EFO_0005681,INDICATION,
CHEMBL376140,EFO_0007499,INDICATION,
CHEMBL376140,EFO_1001272,INDICATION,
CHEMBL376140,EFO_1001459,INDICATION,
CHEMBL376140,EFO_1001486,INDICATION,
CHEMBL376140,EFO_1001753,INDICATION,
CHEMBL376140,MONDO_0021678,INDICATION,
CHEMBL376140,MONDO_0021679,INDICATION,
CHEMBL376140,MONDO_0024295,INDICATION,
CHEMBL376140,MONDO_0100192,CONTRAINDICATION,
CHEMBL376180,EFO_0000220,INDICATION,
CHEMBL376180,EFO_0000565,INDICATION,
CHEMBL376180,EFO_0000676,INDICATION,
CHEMBL376180,EFO_0000685,INDICATION,
CHEMBL376180,MONDO_0011962,INDICATION,
CHEMBL376185,EFO_0000274,CONTRAINDICATION,
CHEMBL376185,EFO_0000384,CONTRAINDICATION,
CHEMBL376185,EFO_0000729,CONTRAINDICATION,
CHEMBL376185,EFO_0000778,OFF_LABEL_USE,
CHEMBL376185,EFO_0001068,OFF_LABEL_USE,
CHEMBL376185,EFO_0003932,INDICATION,
CHEMBL376185,EFO_0005681,INDICATION,
CHEMBL376185,EFO_0007128,OFF_LABEL_USE,
CHEMBL376185,EFO_0007162,OFF_LABEL_USE,
CHEMBL376185,EFO_0007486,OFF_LABEL_USE,
CHEMBL376185,EFO_0007496,INDICATION,
CHEMBL376185,EFO_0007499,INDICATION,
CHEMBL376185,EFO_0007517,OFF_LABEL_USE,
CHEMBL376185,EFO_0007543,CONTRAINDICATION,
CHEMBL376185,EFO_0009456,CONTRAINDICATION,
CHEMBL376185,EFO_0009680,INDICATION,
CHEMBL376185,EFO_1000760,OFF_LABEL_USE,
CHEMBL376185,EFO_1001462,OFF_LABEL_USE,
CHEMBL376185,MONDO_0001701,OFF_LABEL_USE,
CHEMBL376185,MONDO_0002406,CONTRAINDICATION,
CHEMBL376185,MONDO_0004215,OFF_LABEL_USE,
CHEMBL376185,MONDO_0024389,INDICATION,
CHEMBL376185,MONDO_0100192,CONTRAINDICATION,
CHEMBL376359,EFO_0000400,INDICATION,
CHEMBL376359,MONDO_0005148,INDICATION,
CHEMBL3763743,MONDO_0007254,INDICATION,
CHEMBL376408,MONDO_0007254,INDICATION,
CHEMBL376488,EFO_0001054,INDICATION,
CHEMBL376488,EFO_0001421,INDICATION,
CHEMBL376488,EFO_0007381,INDICATION,
CHEMBL376488,EFO_0007386,INDICATION,
CHEMBL376488,EFO_1000049,INDICATION,
CHEMBL376488,MONDO_0018076,INDICATION,
CHEMBL376488,MONDO_0041806,INDICATION,
CHEMBL376756,EFO_0000512,INDICATION,
CHEMBL376756,EFO_0000545,INDICATION,
CHEMBL376756,EFO_0000589,INDICATION,
CHEMBL376756,EFO_0002950,INDICATION,
CHEMBL376756,MONDO_0018555,INDICATION,
CHEMBL37676,MONDO_0008315,INDICATION,
CHEMBL376897,EFO_0000341,CONTRAINDICATION,
CHEMBL376897,EFO_0000400,CONTRAINDICATION,
CHEMBL376897,EFO_0000537,CONTRAINDICATION,
CHEMBL376897,EFO_0000555,INDICATION,
CHEMBL376897,EFO_0000612,CONTRAINDICATION,
CHEMBL376897,EFO_0000729,CONTRAINDICATION,
CHEMBL376897,EFO_0001064,CONTRAINDICATION,
CHEMBL376897,EFO_0001645,CONTRAINDICATION,
CHEMBL376897,EFO_0003086,CONTRAINDICATION,
CHEMBL376897,EFO_0003818,CONTRAINDICATION,
CHEMBL376897,EFO_0003877,CONTRAINDICATION,
CHEMBL376897,EFO_0003956,OFF_LABEL_USE,
CHEMBL376897,EFO_0004991,CONTRAINDICATION,
CHEMBL376897,EFO_0005306,CONTRAINDICATION,
CHEMBL376897,EFO_0005407,CONTRAINDICATION,
CHEMBL376897,EFO_0005854,INDICATION,
CHEMBL376897,EFO_0007214,INDICATION,
CHEMBL376897,EFO_0007533,INDICATION,
CHEMBL376897,EFO_0008521,OFF_LABEL_USE,
CHEMBL376897,EFO_0009086,CONTRAINDICATION,
CHEMBL376897,EFO_0009189,CONTRAINDICATION,
CHEMBL376897,EFO_0009454,CONTRAINDICATION,
CHEMBL376897,EFO_0009571,CONTRAINDICATION,
CHEMBL376897,EFO_0009910,CONTRAINDICATION,
CHEMBL376897,EFO_0010282,INDICATION,
CHEMBL376897,EFO_1000014,CONTRAINDICATION,
CHEMBL376897,EFO_1000652,CONTRAINDICATION,
CHEMBL376897,EFO_1001069,CONTRAINDICATION,
CHEMBL376897,EFO_1001095,CONTRAINDICATION,
CHEMBL376897,MONDO_0001744,CONTRAINDICATION,
CHEMBL376897,MONDO_0002050,CONTRAINDICATION,
CHEMBL376897,MONDO_0002277,CONTRAINDICATION,
CHEMBL376897,MONDO_0002491,CONTRAINDICATION,
CHEMBL376897,MONDO_0004247,CONTRAINDICATION,
CHEMBL376897,MONDO_0005041,CONTRAINDICATION,
CHEMBL376897,MONDO_0021661,CONTRAINDICATION,
CHEMBL376897,MONDO_0037821,CONTRAINDICATION,
CHEMBL3769414,EFO_0000319,INDICATION,
CHEMBL3769414,EFO_0000618,INDICATION,
CHEMBL3769414,EFO_1001207,INDICATION,
CHEMBL3769414,MONDO_0005090,INDICATION,
CHEMBL3769414,MONDO_0005180,INDICATION,
CHEMBL3770459,EFO_0000319,INDICATION,
CHEMBL3770459,EFO_0000618,INDICATION,
CHEMBL3770459,MONDO_0005180,INDICATION,
CHEMBL377300,EFO_0000182,INDICATION,
CHEMBL377300,EFO_0000313,INDICATION,
CHEMBL377300,EFO_0000365,INDICATION,
CHEMBL377300,EFO_0000616,INDICATION,
CHEMBL377300,EFO_0009708,INDICATION,
CHEMBL377300,EFO_1001951,INDICATION,
CHEMBL377300,MONDO_0002691,INDICATION,
CHEMBL377300,MONDO_0002974,INDICATION,
CHEMBL377300,MONDO_0004992,INDICATION,
CHEMBL377300,MONDO_0008170,INDICATION,
CHEMBL37744,MONDO_0002009,INDICATION,
CHEMBL377559,EFO_0000305,INDICATION,
CHEMBL377559,EFO_0000673,INDICATION,
CHEMBL377559,EFO_0001378,INDICATION,
CHEMBL377559,EFO_0002617,INDICATION,
CHEMBL377559,EFO_0003060,INDICATION,
CHEMBL377559,EFO_0003085,INDICATION,
CHEMBL377559,MONDO_0004992,INDICATION,
CHEMBL377559,MONDO_0007254,INDICATION,
CHEMBL377559,MONDO_0008903,INDICATION,
CHEMBL377559,MONDO_0011719,INDICATION,
CHEMBL3775741,MONDO_0008903,INDICATION,
CHEMBL3780740,EFO_0000400,INDICATION,
CHEMBL3780740,EFO_0003086,INDICATION,
CHEMBL3780740,MONDO_0005148,INDICATION,
CHEMBL3781751,EFO_0000222,INDICATION,
CHEMBL3781751,EFO_0000702,INDICATION,
CHEMBL3785197,EFO_0000319,INDICATION,
CHEMBL3785197,MONDO_0004975,INDICATION,
CHEMBL3785197,Orphanet_309005,INDICATION,
CHEMBL378544,EFO_0000183,INDICATION,
CHEMBL378544,EFO_0000389,INDICATION,
CHEMBL378544,EFO_0000574,INDICATION,
CHEMBL378544,EFO_0000588,INDICATION,
CHEMBL378544,EFO_0000691,INDICATION,
CHEMBL378544,EFO_0000756,INDICATION,
CHEMBL378544,EFO_0001642,INDICATION,
CHEMBL378544,EFO_0004281,INDICATION,
CHEMBL378544,EFO_0009907,INDICATION,
CHEMBL378544,MONDO_0001187,INDICATION,
CHEMBL378544,MONDO_0002041,INDICATION,
CHEMBL378544,MONDO_0002367,INDICATION,
CHEMBL378544,MONDO_0002974,INDICATION,
CHEMBL378544,MONDO_0003751,INDICATION,
CHEMBL378544,MONDO_0004192,INDICATION,
CHEMBL378544,MONDO_0004986,INDICATION,
CHEMBL378544,MONDO_0008170,INDICATION,
CHEMBL378544,MONDO_0008315,INDICATION,
CHEMBL378544,MONDO_0008903,INDICATION,
CHEMBL378544,MONDO_0009348,INDICATION,
CHEMBL3785909,EFO_0000616,INDICATION,
CHEMBL3785909,EFO_0003897,INDICATION,
CHEMBL3785909,EFO_0008498,INDICATION,
CHEMBL3785909,MONDO_0004992,INDICATION,
CHEMBL3786098,EFO_0003060,INDICATION,
CHEMBL3786182,EFO_0000198,INDICATION,
CHEMBL3786182,EFO_0000565,INDICATION,
CHEMBL3786182,EFO_0000702,INDICATION,
CHEMBL3786343,EFO_0000616,INDICATION,
CHEMBL3786343,EFO_0003060,INDICATION,
CHEMBL3786673,MONDO_0005148,INDICATION,
CHEMBL3786673,MONDO_0010679,INDICATION,
CHEMBL3787344,EFO_0000616,INDICATION,
CHEMBL3787344,EFO_0003060,INDICATION,
CHEMBL3787344,EFO_1000849,INDICATION,
CHEMBL3787344,MONDO_0008903,INDICATION,
CHEMBL3793226,EFO_0000544,INDICATION,
CHEMBL38,EFO_0000198,INDICATION,
CHEMBL38,EFO_0000222,INDICATION,
CHEMBL38,EFO_0000224,INDICATION,
CHEMBL38,EFO_0000231,INDICATION,
CHEMBL38,EFO_0000274,CONTRAINDICATION,
CHEMBL38,EFO_0000319,CONTRAINDICATION,
CHEMBL38,EFO_0000384,CONTRAINDICATION,
CHEMBL38,EFO_0000389,INDICATION,
CHEMBL38,EFO_0000400,CONTRAINDICATION,
CHEMBL38,EFO_0000464,INDICATION,
CHEMBL38,EFO_0000565,INDICATION,
CHEMBL38,EFO_0000574,INDICATION,
CHEMBL38,EFO_0000612,CONTRAINDICATION,
CHEMBL38,EFO_0000616,INDICATION,
CHEMBL38,EFO_0000621,INDICATION,
CHEMBL38,EFO_0000673,INDICATION,
CHEMBL38,EFO_0000702,INDICATION,
CHEMBL38,EFO_0000707,INDICATION,
CHEMBL38,EFO_0000729,CONTRAINDICATION,
CHEMBL38,EFO_0000756,INDICATION,
CHEMBL38,EFO_0001073,CONTRAINDICATION,
CHEMBL38,EFO_0001378,INDICATION,
CHEMBL38,EFO_0002496,INDICATION,
CHEMBL38,EFO_0002618,INDICATION,
CHEMBL38,EFO_0003060,INDICATION,
CHEMBL38,EFO_0003086,CONTRAINDICATION,
CHEMBL38,EFO_0003758,INDICATION,
CHEMBL38,EFO_0003767,CONTRAINDICATION,
CHEMBL38,EFO_0003869,INDICATION,
CHEMBL38,EFO_0003875,CONTRAINDICATION,
CHEMBL38,EFO_0003882,CONTRAINDICATION,
CHEMBL38,EFO_0003894,INDICATION,
CHEMBL38,EFO_0003963,INDICATION,
CHEMBL38,EFO_0004193,INDICATION,
CHEMBL38,EFO_0004208,CONTRAINDICATION,
CHEMBL38,EFO_0004238,CONTRAINDICATION,
CHEMBL38,EFO_0004251,INDICATION,
CHEMBL38,EFO_0004260,CONTRAINDICATION,
CHEMBL38,EFO_0004268,INDICATION,
CHEMBL38,EFO_0004826,INDICATION,
CHEMBL38,EFO_0005407,CONTRAINDICATION,
CHEMBL38,EFO_0007160,INDICATION,
CHEMBL38,EFO_0009491,CONTRAINDICATION,
CHEMBL38,EFO_1000652,CONTRAINDICATION,
CHEMBL38,EFO_1000760,INDICATION,
CHEMBL38,EFO_1000766,CONTRAINDICATION,
CHEMBL38,EFO_1001051,CONTRAINDICATION,
CHEMBL38,EFO_1001132,CONTRAINDICATION,
CHEMBL38,MONDO_0001370,CONTRAINDICATION,
CHEMBL38,MONDO_0001576,CONTRAINDICATION,
CHEMBL38,MONDO_0002050,CONTRAINDICATION,
CHEMBL38,MONDO_0002280,INDICATION,
CHEMBL38,MONDO_0002367,INDICATION,
CHEMBL38,MONDO_0004976,INDICATION,
CHEMBL38,MONDO_0005351,CONTRAINDICATION,
CHEMBL38,MONDO_0007079,CONTRAINDICATION,
CHEMBL38,MONDO_0007254,INDICATION,
CHEMBL38,MONDO_0007417,OFF_LABEL_USE,
CHEMBL38,MONDO_0008903,INDICATION,
CHEMBL38,MONDO_0015758,OFF_LABEL_USE,
CHEMBL38,MONDO_0019098,INDICATION,
CHEMBL38,MONDO_0019289,INDICATION,
CHEMBL38,MONDO_0019306,OFF_LABEL_USE,
CHEMBL38,MONDO_0020077,INDICATION,
CHEMBL38,MONDO_0044881,INDICATION,
CHEMBL38,MONDO_0100096,INDICATION,
CHEMBL3806158,EFO_0000685,INDICATION,
CHEMBL3809489,EFO_0000198,INDICATION,
CHEMBL3809489,EFO_0000222,INDICATION,
CHEMBL3809489,EFO_0000571,INDICATION,
CHEMBL3809489,EFO_0000588,INDICATION,
CHEMBL3809489,EFO_0000616,INDICATION,
CHEMBL3809489,EFO_0000756,INDICATION,
CHEMBL3809489,EFO_0002618,INDICATION,
CHEMBL3809489,EFO_0003060,INDICATION,
CHEMBL3809489,EFO_1000158,INDICATION,
CHEMBL3809489,EFO_1000984,INDICATION,
CHEMBL3809489,MONDO_0100096,INDICATION,
CHEMBL3809901,MP_0001845,INDICATION,
CHEMBL3813842,EFO_0000519,INDICATION,
CHEMBL3813842,EFO_0000616,INDICATION,
CHEMBL3813842,EFO_1000158,INDICATION,
CHEMBL3813842,MONDO_0007254,INDICATION,
CHEMBL3813873,EFO_0000183,INDICATION,
CHEMBL3813873,EFO_0000222,INDICATION,
CHEMBL3813873,EFO_0000519,INDICATION,
CHEMBL3813873,EFO_0000616,INDICATION,
CHEMBL3813873,EFO_0000673,INDICATION,
CHEMBL3813873,EFO_0000685,INDICATION,
CHEMBL3813873,EFO_0000756,INDICATION,
CHEMBL3813873,EFO_0000760,INDICATION,
CHEMBL3813873,EFO_0001421,INDICATION,
CHEMBL3813873,EFO_0002617,INDICATION,
CHEMBL3813873,EFO_0003968,INDICATION,
CHEMBL3813873,EFO_0005537,INDICATION,
CHEMBL3813873,EFO_1000562,INDICATION,
CHEMBL3813873,EFO_1001106,INDICATION,
CHEMBL3813873,MONDO_0002171,INDICATION,
CHEMBL3813873,MONDO_0007254,INDICATION,
CHEMBL3813873,MONDO_0008315,INDICATION,
CHEMBL3813873,MONDO_0011719,INDICATION,
CHEMBL3818130,EFO_0000616,INDICATION,
CHEMBL3818247,EFO_0000616,INDICATION,
CHEMBL3818875,EFO_0000341,INDICATION,
CHEMBL3822503,EFO_0005681,INDICATION,
CHEMBL3822773,EFO_0003095,INDICATION,
CHEMBL382300,EFO_0000519,INDICATION,
CHEMBL382300,EFO_0000574,INDICATION,
CHEMBL382300,EFO_0000681,INDICATION,
CHEMBL382300,MONDO_0002367,INDICATION,
CHEMBL382300,MONDO_0008903,INDICATION,
CHEMBL382301,EFO_0001065,INDICATION,
CHEMBL382301,EFO_0003917,INDICATION,
CHEMBL3824393,EFO_0005681,INDICATION,
CHEMBL3827379,EFO_0000764,INDICATION,
CHEMBL3828074,EFO_0000717,INDICATION,
CHEMBL3828074,EFO_0000768,INDICATION,
CHEMBL3828074,EFO_0006890,INDICATION,
CHEMBL383322,EFO_0000389,INDICATION,
CHEMBL383322,EFO_0000519,INDICATION,
CHEMBL383322,EFO_0000632,INDICATION,
CHEMBL383322,EFO_0000756,INDICATION,
CHEMBL383322,EFO_0002496,INDICATION,
CHEMBL383322,EFO_0002499,INDICATION,
CHEMBL383322,EFO_0002617,INDICATION,
CHEMBL383322,EFO_0002913,INDICATION,
CHEMBL383322,EFO_0004193,INDICATION,
CHEMBL383322,EFO_0004197,INDICATION,
CHEMBL383322,EFO_0007328,INDICATION,
CHEMBL383322,MONDO_0004992,INDICATION,
CHEMBL3833301,EFO_0000474,INDICATION,
CHEMBL3833302,EFO_0000684,INDICATION,
CHEMBL3833303,EFO_0004272,INDICATION,
CHEMBL3833304,EFO_0000095,INDICATION,
CHEMBL3833304,EFO_0000096,INDICATION,
CHEMBL3833304,EFO_0000183,INDICATION,
CHEMBL3833304,EFO_0000191,INDICATION,
CHEMBL3833304,EFO_0000309,INDICATION,
CHEMBL3833304,EFO_0000403,INDICATION,
CHEMBL3833304,EFO_0000574,INDICATION,
CHEMBL3833304,EFO_0001378,INDICATION,
CHEMBL3833304,EFO_0003032,INDICATION,
CHEMBL3833304,EFO_0005952,INDICATION,
CHEMBL3833304,EFO_0009441,INDICATION,
CHEMBL3833304,EFO_1001469,INDICATION,
CHEMBL3833304,MONDO_0000873,INDICATION,
CHEMBL3833304,MONDO_0018906,INDICATION,
CHEMBL3833306,MONDO_0008315,INDICATION,
CHEMBL3833307,EFO_0000540,INDICATION,
CHEMBL3833307,EFO_0001361,INDICATION,
CHEMBL3833307,EFO_0004256,INDICATION,
CHEMBL3833307,EFO_0004991,INDICATION,
CHEMBL3833307,EFO_0007332,INDICATION,
CHEMBL3833308,EFO_0003834,INDICATION,
CHEMBL3833308,EFO_0005809,INDICATION,
CHEMBL3833308,MONDO_0007915,INDICATION,
CHEMBL3833314,EFO_0003894,INDICATION,
CHEMBL3833315,EFO_0003086,CONTRAINDICATION,
CHEMBL3833315,EFO_0007444,INDICATION,
CHEMBL3833315,EFO_0009552,CONTRAINDICATION,
CHEMBL3833315,EFO_1001413,INDICATION,
CHEMBL3833315,MONDO_0000313,CONTRAINDICATION,
CHEMBL3833315,MONDO_0002203,CONTRAINDICATION,
CHEMBL3833315,MONDO_0044751,CONTRAINDICATION,
CHEMBL3833316,MONDO_0011382,INDICATION,
CHEMBL3833317,EFO_0003884,INDICATION,
CHEMBL3833317,EFO_1002048,INDICATION,
CHEMBL3833319,EFO_0000341,INDICATION,
CHEMBL3833319,EFO_0001421,INDICATION,
CHEMBL3833319,EFO_0003086,INDICATION,
CHEMBL3833320,EFO_0003843,INDICATION,
CHEMBL3833320,MONDO_0005277,INDICATION,
CHEMBL3833321,MONDO_0004975,INDICATION,
CHEMBL3833325,EFO_0003843,INDICATION,
CHEMBL3833327,EFO_0000763,INDICATION,
CHEMBL3833327,MONDO_0100096,INDICATION,
CHEMBL3833329,EFO_0003913,INDICATION,
CHEMBL3833329,EFO_0004149,INDICATION,
CHEMBL3833329,EFO_0005279,INDICATION,
CHEMBL3833329,EFO_1001219,INDICATION,
CHEMBL3833329,MONDO_0005277,INDICATION,
CHEMBL3833330,MONDO_0005180,INDICATION,
CHEMBL3833331,MONDO_0005301,INDICATION,
CHEMBL3833333,EFO_0000181,INDICATION,
CHEMBL3833333,EFO_0001358,INDICATION,
CHEMBL3833333,EFO_0001421,INDICATION,
CHEMBL3833333,EFO_0003100,INDICATION,
CHEMBL3833333,EFO_0003758,INDICATION,
CHEMBL3833333,EFO_0003843,INDICATION,
CHEMBL3833333,EFO_0004895,INDICATION,
CHEMBL3833333,EFO_0005762,INDICATION,
CHEMBL3833333,EFO_0007191,INDICATION,
CHEMBL3833333,EFO_1000632,INDICATION,
CHEMBL3833333,MONDO_0004992,INDICATION,
CHEMBL3833333,MONDO_0005301,INDICATION,
CHEMBL3833334,EFO_0003843,INDICATION,
CHEMBL3833336,EFO_0000319,INDICATION,
CHEMBL3833338,EFO_0000771,INDICATION,
CHEMBL3833340,MONDO_0009061,INDICATION,
CHEMBL3833340,MONDO_0024355,INDICATION,
CHEMBL3833342,EFO_0008525,INDICATION,
CHEMBL3833343,EFO_0000685,INDICATION,
CHEMBL3833343,MONDO_0007915,INDICATION,
CHEMBL3833344,MONDO_0007254,INDICATION,
CHEMBL3833345,EFO_1001875,INDICATION,
CHEMBL3833345,MONDO_0019438,INDICATION,
CHEMBL3833346,MONDO_0004976,INDICATION,
CHEMBL3833347,EFO_0003888,INDICATION,
CHEMBL3833348,EFO_0003948,INDICATION,
CHEMBL3833353,EFO_0001073,INDICATION,
CHEMBL3833353,MONDO_0005147,INDICATION,
CHEMBL3833353,MONDO_0005148,INDICATION,
CHEMBL3833357,EFO_0000540,INDICATION,
CHEMBL3833357,MONDO_0013730,INDICATION,
CHEMBL3833359,EFO_0000274,INDICATION,
CHEMBL3833359,EFO_0004272,INDICATION,
CHEMBL3833367,EFO_0000616,INDICATION,
CHEMBL3833367,EFO_0003060,INDICATION,
CHEMBL3833367,MONDO_0004992,INDICATION,
CHEMBL3833367,MONDO_0007254,INDICATION,
CHEMBL3833367,MONDO_0008315,INDICATION,
CHEMBL3833367,MONDO_0008903,INDICATION,
CHEMBL3833368,EFO_0000616,INDICATION,
CHEMBL3833368,EFO_0000673,INDICATION,
CHEMBL3833368,EFO_0001075,INDICATION,
CHEMBL3833368,EFO_0003893,INDICATION,
CHEMBL3833368,MONDO_0008170,INDICATION,
CHEMBL3833369,Orphanet_309005,INDICATION,
CHEMBL3833370,EFO_0000373,INDICATION,
CHEMBL3833370,EFO_0001365,INDICATION,
CHEMBL3833370,EFO_0003086,INDICATION,
CHEMBL3833370,EFO_0003144,INDICATION,
CHEMBL3833370,MONDO_0010543,INDICATION,
CHEMBL3833370,MONDO_0010788,INDICATION,
CHEMBL3833370,MONDO_0044970,INDICATION,
CHEMBL3833370,MONDO_0100339,INDICATION,
CHEMBL3833370,Orphanet_206966,INDICATION,
CHEMBL3833371,EFO_0003047,INDICATION,
CHEMBL3833371,EFO_0004220,INDICATION,
CHEMBL3833372,EFO_0000384,INDICATION,
CHEMBL3833372,EFO_0000729,INDICATION,
CHEMBL3833373,EFO_0000096,INDICATION,
CHEMBL3833373,EFO_0000181,INDICATION,
CHEMBL3833373,EFO_0000182,INDICATION,
CHEMBL3833373,EFO_0000183,INDICATION,
CHEMBL3833373,EFO_0000196,INDICATION,
CHEMBL3833373,EFO_0000222,INDICATION,
CHEMBL3833373,EFO_0000228,INDICATION,
CHEMBL3833373,EFO_0000231,INDICATION,
CHEMBL3833373,EFO_0000339,INDICATION,
CHEMBL3833373,EFO_0000349,INDICATION,
CHEMBL3833373,EFO_0000365,INDICATION,
CHEMBL3833373,EFO_0000403,INDICATION,
CHEMBL3833373,EFO_0000503,INDICATION,
CHEMBL3833373,EFO_0000519,INDICATION,
CHEMBL3833373,EFO_0000564,INDICATION,
CHEMBL3833373,EFO_0000574,INDICATION,
CHEMBL3833373,EFO_0000588,INDICATION,
CHEMBL3833373,EFO_0000616,INDICATION,
CHEMBL3833373,EFO_0000637,INDICATION,
CHEMBL3833373,EFO_0000681,INDICATION,
CHEMBL3833373,EFO_0000702,INDICATION,
CHEMBL3833373,EFO_0000707,INDICATION,
CHEMBL3833373,EFO_0000756,INDICATION,
CHEMBL3833373,EFO_0001378,INDICATION,
CHEMBL3833373,EFO_0001668,INDICATION,
CHEMBL3833373,EFO_0002618,INDICATION,
CHEMBL3833373,EFO_0002890,INDICATION,
CHEMBL3833373,EFO_0003060,INDICATION,
CHEMBL3833373,EFO_0003863,INDICATION,
CHEMBL3833373,EFO_0003869,INDICATION,
CHEMBL3833373,EFO_0003968,INDICATION,
CHEMBL3833373,EFO_0004142,INDICATION,
CHEMBL3833373,EFO_0004252,INDICATION,
CHEMBL3833373,EFO_0005537,INDICATION,
CHEMBL3833373,EFO_0005922,INDICATION,
CHEMBL3833373,EFO_0005952,INDICATION,
CHEMBL3833373,EFO_0006859,INDICATION,
CHEMBL3833373,EFO_0008528,INDICATION,
CHEMBL3833373,EFO_1000158,INDICATION,
CHEMBL3833373,EFO_1000576,INDICATION,
CHEMBL3833373,EFO_1000581,INDICATION,
CHEMBL3833373,EFO_1000657,INDICATION,
CHEMBL3833373,EFO_1001471,INDICATION,
CHEMBL3833373,EFO_1001901,INDICATION,
CHEMBL3833373,EFO_1001951,INDICATION,
CHEMBL3833373,MONDO_0001187,INDICATION,
CHEMBL3833373,MONDO_0002087,INDICATION,
CHEMBL3833373,MONDO_0002120,INDICATION,
CHEMBL3833373,MONDO_0002158,INDICATION,
CHEMBL3833373,MONDO_0002898,INDICATION,
CHEMBL3833373,MONDO_0004986,INDICATION,
CHEMBL3833373,MONDO_0004992,INDICATION,
CHEMBL3833373,MONDO_0005184,INDICATION,
CHEMBL3833373,MONDO_0007254,INDICATION,
CHEMBL3833373,MONDO_0008170,INDICATION,
CHEMBL3833373,MONDO_0008315,INDICATION,
CHEMBL3833373,MONDO_0008978,INDICATION,
CHEMBL3833373,MONDO_0011962,INDICATION,
CHEMBL3833373,MONDO_0016642,INDICATION,
CHEMBL3833373,MONDO_0018906,INDICATION,
CHEMBL3833373,MONDO_0018944,INDICATION,
CHEMBL3833373,MONDO_0021063,INDICATION,
CHEMBL3833373,MONDO_0044903,INDICATION,
CHEMBL3833373,MONDO_0100342,INDICATION,
CHEMBL3833374,EFO_0000341,INDICATION,
CHEMBL3833374,EFO_0000384,INDICATION,
CHEMBL3833374,EFO_0000503,INDICATION,
CHEMBL3833374,EFO_0000685,INDICATION,
CHEMBL3833374,EFO_0000729,INDICATION,
CHEMBL3833374,MONDO_0009061,INDICATION,
CHEMBL3833375,EFO_1001888,INDICATION,
CHEMBL3833377,EFO_0000537,CONTRAINDICATION,
CHEMBL3833377,EFO_0000565,CONTRAINDICATION,
CHEMBL3833377,EFO_0000685,CONTRAINDICATION,
CHEMBL3833377,EFO_0000764,CONTRAINDICATION,
CHEMBL3833377,EFO_0003888,OFF_LABEL_USE,
CHEMBL3833377,EFO_0005854,CONTRAINDICATION,
CHEMBL3833377,EFO_0009314,CONTRAINDICATION,
CHEMBL3833377,EFO_1000739,INDICATION,
CHEMBL3833377,MONDO_0000485,INDICATION,
CHEMBL3833377,MONDO_0001117,OFF_LABEL_USE,
CHEMBL3833377,MONDO_0002474,CONTRAINDICATION,
CHEMBL3833377,MONDO_0005148,INDICATION,
CHEMBL3833377,MONDO_0005301,CONTRAINDICATION,
CHEMBL3833377,MONDO_0007915,CONTRAINDICATION,
CHEMBL3833377,MONDO_0008713,OFF_LABEL_USE,
CHEMBL3833377,MONDO_0010200,INDICATION,
CHEMBL3833377,MONDO_0011382,CONTRAINDICATION,
CHEMBL3833378,EFO_0000771,INDICATION,
CHEMBL3833379,EFO_0005755,INDICATION,
CHEMBL3833382,EFO_0004269,INDICATION,
CHEMBL3833384,EFO_0000574,INDICATION,
CHEMBL3833384,EFO_0000616,INDICATION,
CHEMBL3833384,MONDO_0001475,INDICATION,
CHEMBL3833384,MONDO_0007254,INDICATION,
CHEMBL3833385,EFO_0003047,INDICATION,
CHEMBL3833385,EFO_0004220,INDICATION,
CHEMBL3833386,EFO_0000222,INDICATION,
CHEMBL3833389,EFO_0003843,INDICATION,
CHEMBL3833391,EFO_0005755,INDICATION,
CHEMBL3833393,MONDO_0010602,INDICATION,
CHEMBL3833393,MP_0001914,INDICATION,
CHEMBL3833401,EFO_0003894,INDICATION,
CHEMBL3833401,EFO_1000697,CONTRAINDICATION,
CHEMBL3833401,MONDO_0002406,CONTRAINDICATION,
CHEMBL3833404,EFO_0003843,INDICATION,
CHEMBL3833406,EFO_0003843,INDICATION,
CHEMBL3833407,EFO_0000771,INDICATION,
CHEMBL3833411,EFO_1001888,INDICATION,
CHEMBL3833413,EFO_0005755,INDICATION,
CHEMBL383634,EFO_0000400,INDICATION,
CHEMBL383634,MONDO_0005148,INDICATION,
CHEMBL383675,EFO_0000181,INDICATION,
CHEMBL383675,EFO_0000313,INDICATION,
CHEMBL383675,EFO_0000616,INDICATION,
CHEMBL383675,EFO_0000707,INDICATION,
CHEMBL383675,EFO_0003060,INDICATION,
CHEMBL383675,EFO_0004252,INDICATION,
CHEMBL383675,EFO_0005540,INDICATION,
CHEMBL383675,EFO_0005950,INDICATION,
CHEMBL383675,EFO_0006859,INDICATION,
CHEMBL383675,EFO_1001959,INDICATION,
CHEMBL38380,EFO_0000319,INDICATION,
CHEMBL38380,EFO_0002615,INDICATION,
CHEMBL38380,EFO_1001157,INDICATION,
CHEMBL38380,EFO_1001158,INDICATION,
CHEMBL38380,MONDO_0004976,INDICATION,
CHEMBL38380,MONDO_0005299,INDICATION,
CHEMBL383824,EFO_0000095,INDICATION,
CHEMBL383824,EFO_0000616,INDICATION,
CHEMBL383824,MONDO_0001023,INDICATION,
CHEMBL383824,MONDO_0007254,INDICATION,
CHEMBL383921,MONDO_0002009,INDICATION,
CHEMBL384200,EFO_0001378,INDICATION,
CHEMBL384200,EFO_0004220,INDICATION,
CHEMBL384200,EFO_0004239,INDICATION,
CHEMBL384200,MONDO_0008903,INDICATION,
CHEMBL384304,EFO_0000616,INDICATION,
CHEMBL38434,EFO_0000222,INDICATION,
CHEMBL38434,MONDO_0100096,INDICATION,
CHEMBL384467,EFO_0000094,INDICATION,
CHEMBL384467,EFO_0000095,INDICATION,
CHEMBL384467,EFO_0000096,INDICATION,
CHEMBL384467,EFO_0000181,INDICATION,
CHEMBL384467,EFO_0000182,INDICATION,
CHEMBL384467,EFO_0000183,INDICATION,
CHEMBL384467,EFO_0000198,INDICATION,
CHEMBL384467,EFO_0000209,INDICATION,
CHEMBL384467,EFO_0000211,INDICATION,
CHEMBL384467,EFO_0000217,CONTRAINDICATION,
CHEMBL384467,EFO_0000218,INDICATION,
CHEMBL384467,EFO_0000220,INDICATION,
CHEMBL384467,EFO_0000221,INDICATION,
CHEMBL384467,EFO_0000222,INDICATION,
CHEMBL384467,EFO_0000223,INDICATION,
CHEMBL384467,EFO_0000224,INDICATION,
CHEMBL384467,EFO_0000274,INDICATION,
CHEMBL384467,EFO_0000305,INDICATION,
CHEMBL384467,EFO_0000309,INDICATION,
CHEMBL384467,EFO_0000365,INDICATION,
CHEMBL384467,EFO_0000373,INDICATION,
CHEMBL384467,EFO_0000384,INDICATION,
CHEMBL384467,EFO_0000400,CONTRAINDICATION,
CHEMBL384467,EFO_0000403,INDICATION,
CHEMBL384467,EFO_0000474,CONTRAINDICATION,
CHEMBL384467,EFO_0000519,INDICATION,
CHEMBL384467,EFO_0000537,CONTRAINDICATION,
CHEMBL384467,EFO_0000540,INDICATION,
CHEMBL384467,EFO_0000544,INDICATION,
CHEMBL384467,EFO_0000546,INDICATION,
CHEMBL384467,EFO_0000565,INDICATION,
CHEMBL384467,EFO_0000574,INDICATION,
CHEMBL384467,EFO_0000588,INDICATION,
CHEMBL384467,EFO_0000613,INDICATION,
CHEMBL384467,EFO_0000616,INDICATION,
CHEMBL384467,EFO_0000618,INDICATION,
CHEMBL384467,EFO_0000673,INDICATION,
CHEMBL384467,EFO_0000676,INDICATION,
CHEMBL384467,EFO_0000681,INDICATION,
CHEMBL384467,EFO_0000685,INDICATION,
CHEMBL384467,EFO_0000691,INDICATION,
CHEMBL384467,EFO_0000694,INDICATION,
CHEMBL384467,EFO_0000701,INDICATION,
CHEMBL384467,EFO_0000702,INDICATION,
CHEMBL384467,EFO_0000708,INDICATION,
CHEMBL384467,EFO_0000713,INDICATION,
CHEMBL384467,EFO_0000729,INDICATION,
CHEMBL384467,EFO_0000756,INDICATION,
CHEMBL384467,EFO_0001060,OFF_LABEL_USE,
CHEMBL384467,EFO_0001063,INDICATION,
CHEMBL384467,EFO_0001068,INDICATION,
CHEMBL384467,EFO_0001075,INDICATION,
CHEMBL384467,EFO_0001365,INDICATION,
CHEMBL384467,EFO_0001378,INDICATION,
CHEMBL384467,EFO_0001380,CONTRAINDICATION,
CHEMBL384467,EFO_0001422,CONTRAINDICATION,
CHEMBL384467,EFO_0001642,INDICATION,
CHEMBL384467,EFO_0001663,INDICATION,
CHEMBL384467,EFO_0002609,INDICATION,
CHEMBL384467,EFO_0002618,INDICATION,
CHEMBL384467,EFO_0002913,INDICATION,
CHEMBL384467,EFO_0002950,INDICATION,
CHEMBL384467,EFO_0003025,INDICATION,
CHEMBL384467,EFO_0003027,INDICATION,
CHEMBL384467,EFO_0003032,INDICATION,
CHEMBL384467,EFO_0003060,INDICATION,
CHEMBL384467,EFO_0003073,INDICATION,
CHEMBL384467,EFO_0003103,INDICATION,
CHEMBL384467,EFO_0003106,INDICATION,
CHEMBL384467,EFO_0003144,INDICATION,
CHEMBL384467,EFO_0003767,INDICATION,
CHEMBL384467,EFO_0003769,INDICATION,
CHEMBL384467,EFO_0003770,INDICATION,
CHEMBL384467,EFO_0003778,INDICATION,
CHEMBL384467,EFO_0003802,INDICATION,
CHEMBL384467,EFO_0003811,INDICATION,
CHEMBL384467,EFO_0003843,INDICATION,
CHEMBL384467,EFO_0003869,INDICATION,
CHEMBL384467,EFO_0003875,CONTRAINDICATION,
CHEMBL384467,EFO_0003882,CONTRAINDICATION,
CHEMBL384467,EFO_0003884,INDICATION,
CHEMBL384467,EFO_0003893,INDICATION,
CHEMBL384467,EFO_0003894,INDICATION,
CHEMBL384467,EFO_0003898,INDICATION,
CHEMBL384467,EFO_0003917,INDICATION,
CHEMBL384467,EFO_0003918,INDICATION,
CHEMBL384467,EFO_0003932,INDICATION,
CHEMBL384467,EFO_0003956,INDICATION,
CHEMBL384467,EFO_0003957,INDICATION,
CHEMBL384467,EFO_0003966,INDICATION,
CHEMBL384467,EFO_0004145,CONTRAINDICATION,
CHEMBL384467,EFO_0004190,CONTRAINDICATION,
CHEMBL384467,EFO_0004208,INDICATION,
CHEMBL384467,EFO_0004212,INDICATION,
CHEMBL384467,EFO_0004236,INDICATION,
CHEMBL384467,EFO_0004237,INDICATION,
CHEMBL384467,EFO_0004238,INDICATION,
CHEMBL384467,EFO_0004252,INDICATION,
CHEMBL384467,EFO_0004255,INDICATION,
CHEMBL384467,EFO_0004272,INDICATION,
CHEMBL384467,EFO_0004274,INDICATION,
CHEMBL384467,EFO_0004276,INDICATION,
CHEMBL384467,EFO_0004289,INDICATION,
CHEMBL384467,EFO_0004616,INDICATION,
CHEMBL384467,EFO_0004683,INDICATION,
CHEMBL384467,EFO_0004705,CONTRAINDICATION,
CHEMBL384467,EFO_0004710,INDICATION,
CHEMBL384467,EFO_0004719,INDICATION,
CHEMBL384467,EFO_0004888,INDICATION,
CHEMBL384467,EFO_0004991,OFF_LABEL_USE,
CHEMBL384467,EFO_0004992,INDICATION,
CHEMBL384467,EFO_0005207,INDICATION,
CHEMBL384467,EFO_0005221,INDICATION,
CHEMBL384467,EFO_0005319,INDICATION,
CHEMBL384467,EFO_0005407,CONTRAINDICATION,
CHEMBL384467,EFO_0005532,INDICATION,
CHEMBL384467,EFO_0005539,INDICATION,
CHEMBL384467,EFO_0005558,INDICATION,
CHEMBL384467,EFO_0005570,INDICATION,
CHEMBL384467,EFO_0005592,INDICATION,
CHEMBL384467,EFO_0005741,CONTRAINDICATION,
CHEMBL384467,EFO_0005752,INDICATION,
CHEMBL384467,EFO_0005755,INDICATION,
CHEMBL384467,EFO_0005773,CONTRAINDICATION,
CHEMBL384467,EFO_0005854,INDICATION,
CHEMBL384467,EFO_0005952,INDICATION,
CHEMBL384467,EFO_0006475,INDICATION,
CHEMBL384467,EFO_0006509,CONTRAINDICATION,
CHEMBL384467,EFO_0006738,INDICATION,
CHEMBL384467,EFO_0006803,OFF_LABEL_USE,
CHEMBL384467,EFO_0006857,CONTRAINDICATION,
CHEMBL384467,EFO_0006859,INDICATION,
CHEMBL384467,EFO_0006862,INDICATION,
CHEMBL384467,EFO_0006911,INDICATION,
CHEMBL384467,EFO_0006912,INDICATION,
CHEMBL384467,EFO_0007141,INDICATION,
CHEMBL384467,EFO_0007149,INDICATION,
CHEMBL384467,EFO_0007160,INDICATION,
CHEMBL384467,EFO_0007187,OFF_LABEL_USE,
CHEMBL384467,EFO_0007200,INDICATION,
CHEMBL384467,EFO_0007227,OFF_LABEL_USE,
CHEMBL384467,EFO_0007228,INDICATION,
CHEMBL384467,EFO_0007231,INDICATION,
CHEMBL384467,EFO_0007257,INDICATION,
CHEMBL384467,EFO_0007297,INDICATION,
CHEMBL384467,EFO_0007308,CONTRAINDICATION,
CHEMBL384467,EFO_0007328,INDICATION,
CHEMBL384467,EFO_0007344,INDICATION,
CHEMBL384467,EFO_0007355,INDICATION,
CHEMBL384467,EFO_0007368,INDICATION,
CHEMBL384467,EFO_0007403,INDICATION,
CHEMBL384467,EFO_0007405,INDICATION,
CHEMBL384467,EFO_0007409,CONTRAINDICATION,
CHEMBL384467,EFO_0007427,OFF_LABEL_USE,
CHEMBL384467,EFO_0007486,INDICATION,
CHEMBL384467,EFO_0007501,CONTRAINDICATION,
CHEMBL384467,EFO_0007520,INDICATION,
CHEMBL384467,EFO_0007537,INDICATION,
CHEMBL384467,EFO_0007541,INDICATION,
CHEMBL384467,EFO_0008517,INDICATION,
CHEMBL384467,EFO_0008518,OFF_LABEL_USE,
CHEMBL384467,EFO_0008520,INDICATION,
CHEMBL384467,EFO_0008528,INDICATION,
CHEMBL384467,EFO_0008571,INDICATION,
CHEMBL384467,EFO_0008997,INDICATION,
CHEMBL384467,EFO_0009012,OFF_LABEL_USE,
CHEMBL384467,EFO_0009104,INDICATION,
CHEMBL384467,EFO_0009430,INDICATION,
CHEMBL384467,EFO_0009441,INDICATION,
CHEMBL384467,EFO_0009448,INDICATION,
CHEMBL384467,EFO_0009449,INDICATION,
CHEMBL384467,EFO_0009456,INDICATION,
CHEMBL384467,EFO_0009491,INDICATION,
CHEMBL384467,EFO_0009507,INDICATION,
CHEMBL384467,EFO_0009515,INDICATION,
CHEMBL384467,EFO_0009536,INDICATION,
CHEMBL384467,EFO_0009552,INDICATION,
CHEMBL384467,EFO_0009560,INDICATION,
CHEMBL384467,EFO_0009609,INDICATION,
CHEMBL384467,EFO_0009676,INDICATION,
CHEMBL384467,EFO_0009708,INDICATION,
CHEMBL384467,EFO_0009869,INDICATION,
CHEMBL384467,EFO_1000039,INDICATION,
CHEMBL384467,EFO_1000049,INDICATION,
CHEMBL384467,EFO_1000131,INDICATION,
CHEMBL384467,EFO_1000318,INDICATION,
CHEMBL384467,EFO_1000391,OFF_LABEL_USE,
CHEMBL384467,EFO_1000637,INDICATION,
CHEMBL384467,EFO_1000657,INDICATION,
CHEMBL384467,EFO_1000684,INDICATION,
CHEMBL384467,EFO_1000694,INDICATION,
CHEMBL384467,EFO_1000697,INDICATION,
CHEMBL384467,EFO_1000704,INDICATION,
CHEMBL384467,EFO_1000726,INDICATION,
CHEMBL384467,EFO_1000749,INDICATION,
CHEMBL384467,EFO_1000760,INDICATION,
CHEMBL384467,EFO_1000764,INDICATION,
CHEMBL384467,EFO_1000766,CONTRAINDICATION,
CHEMBL384467,EFO_1000797,INDICATION,
CHEMBL384467,EFO_1000811,INDICATION,
CHEMBL384467,EFO_1000845,INDICATION,
CHEMBL384467,EFO_1000879,INDICATION,
CHEMBL384467,EFO_1000906,INDICATION,
CHEMBL384467,EFO_1000941,INDICATION,
CHEMBL384467,EFO_1000965,INDICATION,
CHEMBL384467,EFO_1000986,INDICATION,
CHEMBL384467,EFO_1000992,INDICATION,
CHEMBL384467,EFO_1000997,INDICATION,
CHEMBL384467,EFO_1001012,INDICATION,
CHEMBL384467,EFO_1001051,INDICATION,
CHEMBL384467,EFO_1001069,CONTRAINDICATION,
CHEMBL384467,EFO_1001070,CONTRAINDICATION,
CHEMBL384467,EFO_1001115,INDICATION,
CHEMBL384467,EFO_1001119,INDICATION,
CHEMBL384467,EFO_1001129,INDICATION,
CHEMBL384467,EFO_1001139,INDICATION,
CHEMBL384467,EFO_1001157,INDICATION,
CHEMBL384467,EFO_1001158,INDICATION,
CHEMBL384467,EFO_1001160,OFF_LABEL_USE,
CHEMBL384467,EFO_1001161,INDICATION,
CHEMBL384467,EFO_1001176,INDICATION,
CHEMBL384467,EFO_1001194,INDICATION,
CHEMBL384467,EFO_1001205,INDICATION,
CHEMBL384467,EFO_1001216,INDICATION,
CHEMBL384467,EFO_1001222,INDICATION,
CHEMBL384467,EFO_1001231,INDICATION,
CHEMBL384467,EFO_1001250,INDICATION,
CHEMBL384467,EFO_1001264,INDICATION,
CHEMBL384467,EFO_1001267,INDICATION,
CHEMBL384467,EFO_1001417,INDICATION,
CHEMBL384467,EFO_1001435,INDICATION,
CHEMBL384467,EFO_1001469,INDICATION,
CHEMBL384467,EFO_1001494,INDICATION,
CHEMBL384467,EFO_1001779,INDICATION,
CHEMBL384467,EFO_1001801,INDICATION,
CHEMBL384467,EFO_1001830,INDICATION,
CHEMBL384467,EFO_1001875,INDICATION,
CHEMBL384467,EFO_1001887,INDICATION,
CHEMBL384467,EFO_1001888,CONTRAINDICATION,
CHEMBL384467,EFO_1001896,INDICATION,
CHEMBL384467,EFO_1001909,INDICATION,
CHEMBL384467,EFO_1001951,INDICATION,
CHEMBL384467,EFO_1001961,INDICATION,
CHEMBL384467,EFO_1001968,INDICATION,
CHEMBL384467,EFO_1002022,CONTRAINDICATION,
CHEMBL384467,EFO_1002025,CONTRAINDICATION,
CHEMBL384467,MONDO_0000465,INDICATION,
CHEMBL384467,MONDO_0000870,INDICATION,
CHEMBL384467,MONDO_0000873,INDICATION,
CHEMBL384467,MONDO_0001056,INDICATION,
CHEMBL384467,MONDO_0001187,INDICATION,
CHEMBL384467,MONDO_0001198,INDICATION,
CHEMBL384467,MONDO_0001280,INDICATION,
CHEMBL384467,MONDO_0001572,INDICATION,
CHEMBL384467,MONDO_0001576,CONTRAINDICATION,
CHEMBL384467,MONDO_0001657,INDICATION,
CHEMBL384467,MONDO_0001705,INDICATION,
CHEMBL384467,MONDO_0001718,INDICATION,
CHEMBL384467,MONDO_0002041,CONTRAINDICATION,
CHEMBL384467,MONDO_0002307,INDICATION,
CHEMBL384467,MONDO_0002331,INDICATION,
CHEMBL384467,MONDO_0002334,INDICATION,
CHEMBL384467,MONDO_0002406,INDICATION,
CHEMBL384467,MONDO_0002462,INDICATION,
CHEMBL384467,MONDO_0002471,INDICATION,
CHEMBL384467,MONDO_0002691,INDICATION,
CHEMBL384467,MONDO_0002959,INDICATION,
CHEMBL384467,MONDO_0003005,INDICATION,
CHEMBL384467,MONDO_0004126,INDICATION,
CHEMBL384467,MONDO_0004247,CONTRAINDICATION,
CHEMBL384467,MONDO_0004565,INDICATION,
CHEMBL384467,MONDO_0004567,INDICATION,
CHEMBL384467,MONDO_0004577,INDICATION,
CHEMBL384467,MONDO_0004658,INDICATION,
CHEMBL384467,MONDO_0004773,INDICATION,
CHEMBL384467,MONDO_0004857,OFF_LABEL_USE,
CHEMBL384467,MONDO_0004979,INDICATION,
CHEMBL384467,MONDO_0004992,INDICATION,
CHEMBL384467,MONDO_0005041,CONTRAINDICATION,
CHEMBL384467,MONDO_0005129,INDICATION,
CHEMBL384467,MONDO_0005178,INDICATION,
CHEMBL384467,MONDO_0005271,INDICATION,
CHEMBL384467,MONDO_0005277,INDICATION,
CHEMBL384467,MONDO_0005301,INDICATION,
CHEMBL384467,MONDO_0006412,INDICATION,
CHEMBL384467,MONDO_0007079,INDICATION,
CHEMBL384467,MONDO_0007254,INDICATION,
CHEMBL384467,MONDO_0007576,INDICATION,
CHEMBL384467,MONDO_0007915,INDICATION,
CHEMBL384467,MONDO_0007935,INDICATION,
CHEMBL384467,MONDO_0008170,INDICATION,
CHEMBL384467,MONDO_0008315,INDICATION,
CHEMBL384467,MONDO_0008728,INDICATION,
CHEMBL384467,MONDO_0008814,CONTRAINDICATION,
CHEMBL384467,MONDO_0008903,INDICATION,
CHEMBL384467,MONDO_0009348,INDICATION,
CHEMBL384467,MONDO_0011382,INDICATION,
CHEMBL384467,MONDO_0011962,INDICATION,
CHEMBL384467,MONDO_0011972,INDICATION,
CHEMBL384467,MONDO_0013730,INDICATION,
CHEMBL384467,MONDO_0015128,INDICATION,
CHEMBL384467,MONDO_0015129,INDICATION,
CHEMBL384467,MONDO_0015253,INDICATION,
CHEMBL384467,MONDO_0015540,INDICATION,
CHEMBL384467,MONDO_0015564,INDICATION,
CHEMBL384467,MONDO_0015758,INDICATION,
CHEMBL384467,MONDO_0015991,CONTRAINDICATION,
CHEMBL384467,MONDO_0016047,CONTRAINDICATION,
CHEMBL384467,MONDO_0016226,INDICATION,
CHEMBL384467,MONDO_0017816,INDICATION,
CHEMBL384467,MONDO_0018076,CONTRAINDICATION,
CHEMBL384467,MONDO_0018097,OFF_LABEL_USE,
CHEMBL384467,MONDO_0018373,CONTRAINDICATION,
CHEMBL384467,MONDO_0018479,INDICATION,
CHEMBL384467,MONDO_0018896,INDICATION,
CHEMBL384467,MONDO_0018906,INDICATION,
CHEMBL384467,MONDO_0019091,INDICATION,
CHEMBL384467,MONDO_0019170,OFF_LABEL_USE,
CHEMBL384467,MONDO_0019338,INDICATION,
CHEMBL384467,MONDO_0019438,INDICATION,
CHEMBL384467,MONDO_0019460,INDICATION,
CHEMBL384467,MONDO_0019471,INDICATION,
CHEMBL384467,MONDO_0019472,INDICATION,
CHEMBL384467,MONDO_0019801,INDICATION,
CHEMBL384467,MONDO_0020547,INDICATION,
CHEMBL384467,MONDO_0020944,CONTRAINDICATION,
CHEMBL384467,MONDO_0020950,CONTRAINDICATION,
CHEMBL384467,MONDO_0021108,INDICATION,
CHEMBL384467,MONDO_0021148,INDICATION,
CHEMBL384467,MONDO_0024636,OFF_LABEL_USE,
CHEMBL384467,MONDO_0043885,CONTRAINDICATION,
CHEMBL384467,MONDO_0044881,INDICATION,
CHEMBL384467,MONDO_0044917,INDICATION,
CHEMBL384467,MONDO_0100053,INDICATION,
CHEMBL384467,MONDO_0100096,INDICATION,
CHEMBL384467,MONDO_0100130,INDICATION,
CHEMBL384467,MP_0001845,INDICATION,
CHEMBL384467,MP_0001914,INDICATION,
CHEMBL384467,Orphanet_124,INDICATION,
CHEMBL384467,Orphanet_1930,INDICATION,
CHEMBL384467,Orphanet_90,CONTRAINDICATION,
CHEMBL385517,EFO_0000400,INDICATION,
CHEMBL385517,EFO_0000612,CONTRAINDICATION,
CHEMBL385517,EFO_0000660,INDICATION,
CHEMBL385517,EFO_0000734,CONTRAINDICATION,
CHEMBL385517,EFO_0001380,CONTRAINDICATION,
CHEMBL385517,EFO_0002546,INDICATION,
CHEMBL385517,EFO_0003086,CONTRAINDICATION,
CHEMBL385517,EFO_0003940,INDICATION,
CHEMBL385517,EFO_0005741,CONTRAINDICATION,
CHEMBL385517,EFO_0008583,INDICATION,
CHEMBL385517,EFO_0009491,CONTRAINDICATION,
CHEMBL385517,EFO_1000036,CONTRAINDICATION,
CHEMBL385517,MONDO_0000440,CONTRAINDICATION,
CHEMBL385517,MONDO_0003783,CONTRAINDICATION,
CHEMBL385517,MONDO_0005147,INDICATION,
CHEMBL385517,MONDO_0005148,INDICATION,
CHEMBL385517,MONDO_0007079,CONTRAINDICATION,
CHEMBL385517,MONDO_0024327,CONTRAINDICATION,
CHEMBL386115,EFO_0000183,INDICATION,
CHEMBL386115,EFO_0000389,INDICATION,
CHEMBL386115,EFO_0000616,INDICATION,
CHEMBL386115,EFO_0000681,INDICATION,
CHEMBL386115,EFO_0000691,INDICATION,
CHEMBL386115,EFO_0003060,INDICATION,
CHEMBL386115,EFO_0003833,INDICATION,
CHEMBL386115,EFO_0005952,INDICATION,
CHEMBL386115,EFO_0006859,INDICATION,
CHEMBL386630,EFO_0000195,INDICATION,
CHEMBL386630,EFO_0000196,INDICATION,
CHEMBL386630,EFO_0000400,CONTRAINDICATION,
CHEMBL386630,EFO_0000474,CONTRAINDICATION,
CHEMBL386630,EFO_0000537,CONTRAINDICATION,
CHEMBL386630,EFO_0000545,INDICATION,
CHEMBL386630,EFO_0000612,CONTRAINDICATION,
CHEMBL386630,EFO_0000616,INDICATION,
CHEMBL386630,EFO_0000660,INDICATION,
CHEMBL386630,EFO_0000712,CONTRAINDICATION,
CHEMBL386630,EFO_0000765,INDICATION,
CHEMBL386630,EFO_0001065,CONTRAINDICATION,
CHEMBL386630,EFO_0001073,CONTRAINDICATION,
CHEMBL386630,EFO_0001380,INDICATION,
CHEMBL386630,EFO_0001645,CONTRAINDICATION,
CHEMBL386630,EFO_0001663,INDICATION,
CHEMBL386630,EFO_0002614,INDICATION,
CHEMBL386630,EFO_0002970,INDICATION,
CHEMBL386630,EFO_0003086,CONTRAINDICATION,
CHEMBL386630,EFO_0003144,CONTRAINDICATION,
CHEMBL386630,EFO_0003777,CONTRAINDICATION,
CHEMBL386630,EFO_0003832,CONTRAINDICATION,
CHEMBL386630,EFO_0003843,INDICATION,
CHEMBL386630,EFO_0003877,CONTRAINDICATION,
CHEMBL386630,EFO_0003884,INDICATION,
CHEMBL386630,EFO_0003964,INDICATION,
CHEMBL386630,EFO_0004152,CONTRAINDICATION,
CHEMBL386630,EFO_0004234,INDICATION,
CHEMBL386630,EFO_0004562,INDICATION,
CHEMBL386630,EFO_0004705,CONTRAINDICATION,
CHEMBL386630,EFO_0004714,INDICATION,
CHEMBL386630,EFO_0005088,INDICATION,
CHEMBL386630,EFO_0009086,CONTRAINDICATION,
CHEMBL386630,EFO_0009315,CONTRAINDICATION,
CHEMBL386630,EFO_0009910,CONTRAINDICATION,
CHEMBL386630,EFO_1000653,INDICATION,
CHEMBL386630,EFO_1000859,INDICATION,
CHEMBL386630,EFO_1001006,INDICATION,
CHEMBL386630,EFO_1001078,INDICATION,
CHEMBL386630,EFO_1001512,CONTRAINDICATION,
CHEMBL386630,EFO_1001919,INDICATION,
CHEMBL386630,MONDO_0001566,CONTRAINDICATION,
CHEMBL386630,MONDO_0001627,CONTRAINDICATION,
CHEMBL386630,MONDO_0002146,INDICATION,
CHEMBL386630,MONDO_0002277,CONTRAINDICATION,
CHEMBL386630,MONDO_0002520,CONTRAINDICATION,
CHEMBL386630,MONDO_0004979,CONTRAINDICATION,
CHEMBL386630,MONDO_0004992,INDICATION,
CHEMBL386630,MONDO_0005277,CONTRAINDICATION,
CHEMBL386630,MONDO_0005301,INDICATION,
CHEMBL386630,MONDO_0005351,INDICATION,
CHEMBL386630,MONDO_0007915,CONTRAINDICATION,
CHEMBL386630,MONDO_0008170,CONTRAINDICATION,
CHEMBL386630,MONDO_0008315,INDICATION,
CHEMBL386630,MONDO_0018555,INDICATION,
CHEMBL386630,MONDO_0018800,INDICATION,
CHEMBL386630,MONDO_0018997,OFF_LABEL_USE,
CHEMBL386630,MONDO_0021259,CONTRAINDICATION,
CHEMBL386630,MONDO_0037748,CONTRAINDICATION,
CHEMBL386630,Orphanet_145,INDICATION,
CHEMBL386630,Orphanet_325690,INDICATION,
CHEMBL38700,EFO_0000180,INDICATION,
CHEMBL38700,EFO_0000764,INDICATION,
CHEMBL38700,EFO_0004239,INDICATION,
CHEMBL387675,EFO_0000465,INDICATION,
CHEMBL387675,EFO_0000544,INDICATION,
CHEMBL387675,EFO_0000701,INDICATION,
CHEMBL387675,EFO_0000771,INDICATION,
CHEMBL387675,EFO_0003033,INDICATION,
CHEMBL387675,EFO_0003102,INDICATION,
CHEMBL387675,EFO_0003884,INDICATION,
CHEMBL387675,EFO_0005681,INDICATION,
CHEMBL387675,EFO_1000830,INDICATION,
CHEMBL387675,EFO_1001114,INDICATION,
CHEMBL387675,EFO_1001272,INDICATION,
CHEMBL387675,EFO_1001459,INDICATION,
CHEMBL387675,EFO_1002048,INDICATION,
CHEMBL387675,MONDO_0000565,INDICATION,
CHEMBL387675,MONDO_0021108,INDICATION,
CHEMBL387675,MONDO_0021679,INDICATION,
CHEMBL387675,MONDO_0043544,INDICATION,
CHEMBL387675,MONDO_0044881,INDICATION,
CHEMBL38827,EFO_0000764,INDICATION,
CHEMBL38827,EFO_0001068,INDICATION,
CHEMBL38827,EFO_0005307,CONTRAINDICATION,
CHEMBL38827,EFO_0007444,INDICATION,
CHEMBL38827,EFO_0007445,INDICATION,
CHEMBL38827,EFO_0007530,INDICATION,
CHEMBL38827,MONDO_0018100,CONTRAINDICATION,
CHEMBL38827,MONDO_0019171,CONTRAINDICATION,
CHEMBL388590,EFO_0004274,INDICATION,
CHEMBL388590,EFO_0009104,INDICATION,
CHEMBL388590,MONDO_0017147,INDICATION,
CHEMBL3889654,EFO_0000616,INDICATION,
CHEMBL3889654,EFO_0009708,INDICATION,
CHEMBL3889654,EFO_1000026,INDICATION,
CHEMBL3889654,MONDO_0002108,INDICATION,
CHEMBL3889654,MONDO_0004992,INDICATION,
CHEMBL38943,Orphanet_309005,INDICATION,
CHEMBL389433,MONDO_0017778,INDICATION,
CHEMBL3894518,MONDO_0007254,INDICATION,
CHEMBL3894860,EFO_0000702,INDICATION,
CHEMBL3894860,EFO_0003060,INDICATION,
CHEMBL3894860,EFO_0003869,INDICATION,
CHEMBL3894860,EFO_0003968,INDICATION,
CHEMBL3894860,EFO_0005537,INDICATION,
CHEMBL3894860,MONDO_0007254,INDICATION,
CHEMBL389507,EFO_0001378,INDICATION,
CHEMBL389621,EFO_0000094,INDICATION,
CHEMBL389621,EFO_0000198,INDICATION,
CHEMBL389621,EFO_0000209,INDICATION,
CHEMBL389621,EFO_0000218,INDICATION,
CHEMBL389621,EFO_0000220,INDICATION,
CHEMBL389621,EFO_0000221,INDICATION,
CHEMBL389621,EFO_0000222,INDICATION,
CHEMBL389621,EFO_0000223,INDICATION,
CHEMBL389621,EFO_0000274,INDICATION,
CHEMBL389621,EFO_0000275,INDICATION,
CHEMBL389621,EFO_0000278,INDICATION,
CHEMBL389621,EFO_0000384,INDICATION,
CHEMBL389621,EFO_0000400,CONTRAINDICATION,
CHEMBL389621,EFO_0000403,INDICATION,
CHEMBL389621,EFO_0000474,CONTRAINDICATION,
CHEMBL389621,EFO_0000537,CONTRAINDICATION,
CHEMBL389621,EFO_0000544,INDICATION,
CHEMBL389621,EFO_0000546,INDICATION,
CHEMBL389621,EFO_0000565,INDICATION,
CHEMBL389621,EFO_0000574,INDICATION,
CHEMBL389621,EFO_0000612,INDICATION,
CHEMBL389621,EFO_0000673,INDICATION,
CHEMBL389621,EFO_0000676,INDICATION,
CHEMBL389621,EFO_0000685,INDICATION,
CHEMBL389621,EFO_0000701,INDICATION,
CHEMBL389621,EFO_0000729,INDICATION,
CHEMBL389621,EFO_0000756,INDICATION,
CHEMBL389621,EFO_0000764,INDICATION,
CHEMBL389621,EFO_0001072,INDICATION,
CHEMBL389621,EFO_0001073,INDICATION,
CHEMBL389621,EFO_0001378,INDICATION,
CHEMBL389621,EFO_0001379,INDICATION,
CHEMBL389621,EFO_0001380,CONTRAINDICATION,
CHEMBL389621,EFO_0001422,CONTRAINDICATION,
CHEMBL389621,EFO_0002609,INDICATION,
CHEMBL389621,EFO_0002614,INDICATION,
CHEMBL389621,EFO_0003025,INDICATION,
CHEMBL389621,EFO_0003027,INDICATION,
CHEMBL389621,EFO_0003032,INDICATION,
CHEMBL389621,EFO_0003086,CONTRAINDICATION,
CHEMBL389621,EFO_0003106,INDICATION,
CHEMBL389621,EFO_0003144,INDICATION,
CHEMBL389621,EFO_0003767,INDICATION,
CHEMBL389621,EFO_0003768,INDICATION,
CHEMBL389621,EFO_0003778,INDICATION,
CHEMBL389621,EFO_0003802,INDICATION,
CHEMBL389621,EFO_0003811,INDICATION,
CHEMBL389621,EFO_0003843,INDICATION,
CHEMBL389621,EFO_0003875,CONTRAINDICATION,
CHEMBL389621,EFO_0003882,CONTRAINDICATION,
CHEMBL389621,EFO_0003898,INDICATION,
CHEMBL389621,EFO_0003966,INDICATION,
CHEMBL389621,EFO_0004145,CONTRAINDICATION,
CHEMBL389621,EFO_0004190,CONTRAINDICATION,
CHEMBL389621,EFO_0004192,INDICATION,
CHEMBL389621,EFO_0004251,INDICATION,
CHEMBL389621,EFO_0004255,INDICATION,
CHEMBL389621,EFO_0004607,CONTRAINDICATION,
CHEMBL389621,EFO_0004705,CONTRAINDICATION,
CHEMBL389621,EFO_0005251,INDICATION,
CHEMBL389621,EFO_0005319,INDICATION,
CHEMBL389621,EFO_0005407,CONTRAINDICATION,
CHEMBL389621,EFO_0005532,INDICATION,
CHEMBL389621,EFO_0005539,INDICATION,
CHEMBL389621,EFO_0005611,INDICATION,
CHEMBL389621,EFO_0005628,INDICATION,
CHEMBL389621,EFO_0005687,INDICATION,
CHEMBL389621,EFO_0005741,CONTRAINDICATION,
CHEMBL389621,EFO_0005752,INDICATION,
CHEMBL389621,EFO_0005809,INDICATION,
CHEMBL389621,EFO_0005854,INDICATION,
CHEMBL389621,EFO_0005952,INDICATION,
CHEMBL389621,EFO_0006509,CONTRAINDICATION,
CHEMBL389621,EFO_0006834,INDICATION,
CHEMBL389621,EFO_0007141,INDICATION,
CHEMBL389621,EFO_0007281,CONTRAINDICATION,
CHEMBL389621,EFO_0007308,CONTRAINDICATION,
CHEMBL389621,EFO_0007328,INDICATION,
CHEMBL389621,EFO_0007359,INDICATION,
CHEMBL389621,EFO_0007512,INDICATION,
CHEMBL389621,EFO_0007541,INDICATION,
CHEMBL389621,EFO_0008997,INDICATION,
CHEMBL389621,EFO_0009189,CONTRAINDICATION,
CHEMBL389621,EFO_0009444,INDICATION,
CHEMBL389621,EFO_0009449,INDICATION,
CHEMBL389621,EFO_0009454,CONTRAINDICATION,
CHEMBL389621,EFO_0009456,INDICATION,
CHEMBL389621,EFO_0009491,INDICATION,
CHEMBL389621,EFO_0009492,INDICATION,
CHEMBL389621,EFO_0009552,INDICATION,
CHEMBL389621,EFO_0009560,INDICATION,
CHEMBL389621,EFO_0009676,INDICATION,
CHEMBL389621,EFO_0010702,INDICATION,
CHEMBL389621,EFO_1000158,INDICATION,
CHEMBL389621,EFO_1000684,INDICATION,
CHEMBL389621,EFO_1000694,INDICATION,
CHEMBL389621,EFO_1000697,INDICATION,
CHEMBL389621,EFO_1000704,INDICATION,
CHEMBL389621,EFO_1000749,INDICATION,
CHEMBL389621,EFO_1000760,INDICATION,
CHEMBL389621,EFO_1000764,INDICATION,
CHEMBL389621,EFO_1000766,CONTRAINDICATION,
CHEMBL389621,EFO_1000796,INDICATION,
CHEMBL389621,EFO_1000845,INDICATION,
CHEMBL389621,EFO_1000997,INDICATION,
CHEMBL389621,EFO_1001051,INDICATION,
CHEMBL389621,EFO_1001069,CONTRAINDICATION,
CHEMBL389621,EFO_1001070,CONTRAINDICATION,
CHEMBL389621,EFO_1001161,INDICATION,
CHEMBL389621,EFO_1001222,INDICATION,
CHEMBL389621,EFO_1001231,INDICATION,
CHEMBL389621,EFO_1001264,INDICATION,
CHEMBL389621,EFO_1001347,INDICATION,
CHEMBL389621,EFO_1001399,INDICATION,
CHEMBL389621,EFO_1001435,INDICATION,
CHEMBL389621,EFO_1001494,INDICATION,
CHEMBL389621,EFO_1001779,INDICATION,
CHEMBL389621,EFO_1001818,INDICATION,
CHEMBL389621,EFO_1001888,CONTRAINDICATION,
CHEMBL389621,EFO_1001908,INDICATION,
CHEMBL389621,EFO_1002022,CONTRAINDICATION,
CHEMBL389621,EFO_1002025,CONTRAINDICATION,
CHEMBL389621,MONDO_0000870,INDICATION,
CHEMBL389621,MONDO_0000873,INDICATION,
CHEMBL389621,MONDO_0001198,INDICATION,
CHEMBL389621,MONDO_0001409,CONTRAINDICATION,
CHEMBL389621,MONDO_0001576,CONTRAINDICATION,
CHEMBL389621,MONDO_0001920,OFF_LABEL_USE,
CHEMBL389621,MONDO_0002041,CONTRAINDICATION,
CHEMBL389621,MONDO_0002307,INDICATION,
CHEMBL389621,MONDO_0002406,INDICATION,
CHEMBL389621,MONDO_0002471,INDICATION,
CHEMBL389621,MONDO_0003937,INDICATION,
CHEMBL389621,MONDO_0004126,INDICATION,
CHEMBL389621,MONDO_0004247,CONTRAINDICATION,
CHEMBL389621,MONDO_0004577,INDICATION,
CHEMBL389621,MONDO_0004773,INDICATION,
CHEMBL389621,MONDO_0004857,INDICATION,
CHEMBL389621,MONDO_0004979,INDICATION,
CHEMBL389621,MONDO_0004992,INDICATION,
CHEMBL389621,MONDO_0005041,CONTRAINDICATION,
CHEMBL389621,MONDO_0005147,INDICATION,
CHEMBL389621,MONDO_0005178,INDICATION,
CHEMBL389621,MONDO_0005301,INDICATION,
CHEMBL389621,MONDO_0007079,INDICATION,
CHEMBL389621,MONDO_0007915,INDICATION,
CHEMBL389621,MONDO_0008315,INDICATION,
CHEMBL389621,MONDO_0008728,INDICATION,
CHEMBL389621,MONDO_0009348,INDICATION,
CHEMBL389621,MONDO_0015128,INDICATION,
CHEMBL389621,MONDO_0015129,INDICATION,
CHEMBL389621,MONDO_0015253,INDICATION,
CHEMBL389621,MONDO_0015540,INDICATION,
CHEMBL389621,MONDO_0015758,INDICATION,
CHEMBL389621,MONDO_0018479,INDICATION,
CHEMBL389621,MONDO_0018544,OFF_LABEL_USE,
CHEMBL389621,MONDO_0019091,INDICATION,
CHEMBL389621,MONDO_0019338,INDICATION,
CHEMBL389621,MONDO_0019460,INDICATION,
CHEMBL389621,MONDO_0019801,INDICATION,
CHEMBL389621,MONDO_0020944,CONTRAINDICATION,
CHEMBL389621,MONDO_0020950,CONTRAINDICATION,
CHEMBL389621,MONDO_0022096,INDICATION,
CHEMBL389621,MONDO_0043885,CONTRAINDICATION,
CHEMBL389621,MONDO_0100096,INDICATION,
CHEMBL389621,MP_0001845,INDICATION,
CHEMBL389621,Orphanet_124,INDICATION,
CHEMBL389621,Orphanet_43,OFF_LABEL_USE,
CHEMBL3899477,EFO_0003060,INDICATION,
CHEMBL3899477,EFO_1000359,INDICATION,
CHEMBL39,EFO_0006911,INDICATION,
CHEMBL3900409,EFO_0001421,INDICATION,
CHEMBL3900409,EFO_0003086,INDICATION,
CHEMBL3900409,MONDO_0004822,INDICATION,
CHEMBL3900409,MONDO_0009061,INDICATION,
CHEMBL3900409,MONDO_0100096,INDICATION,
CHEMBL3900554,EFO_0000685,INDICATION,
CHEMBL3900554,MONDO_0005178,INDICATION,
CHEMBL3904602,EFO_0003060,INDICATION,
CHEMBL3904602,EFO_0006318,INDICATION,
CHEMBL3904602,EFO_1001512,INDICATION,
CHEMBL3904602,MONDO_0007254,INDICATION,
CHEMBL3905910,EFO_0000095,INDICATION,
CHEMBL3905910,EFO_0000756,INDICATION,
CHEMBL3905910,MONDO_0004992,INDICATION,
CHEMBL3905910,MONDO_0044881,INDICATION,
CHEMBL3907479,EFO_0000616,INDICATION,
CHEMBL3907479,MONDO_0007254,INDICATION,
CHEMBL3908979,EFO_0000182,INDICATION,
CHEMBL3909517,MONDO_0044903,INDICATION,
CHEMBL3911164,MONDO_0004992,INDICATION,
CHEMBL3912251,EFO_0003948,INDICATION,
CHEMBL3912251,EFO_1000781,INDICATION,
CHEMBL3914857,MONDO_0004985,INDICATION,
CHEMBL3915620,MONDO_0005148,INDICATION,
CHEMBL3916243,MONDO_0004975,INDICATION,
CHEMBL3916700,EFO_0000341,INDICATION,
CHEMBL3916700,MONDO_0004979,INDICATION,
CHEMBL3916717,EFO_0000401,INDICATION,
CHEMBL3916717,EFO_0001361,INDICATION,
CHEMBL3916717,EFO_0003095,INDICATION,
CHEMBL3916717,EFO_1001249,INDICATION,
CHEMBL3916717,EFO_1001345,INDICATION,
CHEMBL3916929,EFO_0000319,INDICATION,
CHEMBL3916929,EFO_0003086,INDICATION,
CHEMBL3916929,EFO_0003144,INDICATION,
CHEMBL3918017,EFO_0000474,INDICATION,
CHEMBL3918017,EFO_0004263,INDICATION,
CHEMBL3919831,EFO_0000616,INDICATION,
CHEMBL3920982,EFO_0000685,INDICATION,
CHEMBL392149,EFO_0000275,INDICATION,
CHEMBL392158,EFO_0001073,INDICATION,
CHEMBL392158,EFO_0001074,INDICATION,
CHEMBL3924151,EFO_0000673,INDICATION,
CHEMBL3924151,MONDO_0018555,INDICATION,
CHEMBL3928407,EFO_0000095,INDICATION,
CHEMBL3928407,MONDO_0018906,INDICATION,
CHEMBL3930624,EFO_0000616,INDICATION,
CHEMBL3930624,EFO_0000681,INDICATION,
CHEMBL3930624,EFO_0000691,INDICATION,
CHEMBL3930624,EFO_0000702,INDICATION,
CHEMBL3930624,EFO_0001421,INDICATION,
CHEMBL3930624,EFO_0002618,INDICATION,
CHEMBL3930624,EFO_0003060,INDICATION,
CHEMBL3930624,EFO_0003086,INDICATION,
CHEMBL3930624,EFO_0003893,INDICATION,
CHEMBL3930624,EFO_0004252,INDICATION,
CHEMBL3930624,EFO_0005537,INDICATION,
CHEMBL3930624,EFO_1000359,INDICATION,
CHEMBL3930624,MONDO_0001056,INDICATION,
CHEMBL3930624,MONDO_0004992,INDICATION,
CHEMBL3930624,MONDO_0007254,INDICATION,
CHEMBL3930624,MONDO_0008170,INDICATION,
CHEMBL3930624,MONDO_0008315,INDICATION,
CHEMBL3931672,EFO_0003047,INDICATION,
CHEMBL3931782,EFO_0004272,INDICATION,
CHEMBL3931971,EFO_0003770,INDICATION,
CHEMBL3931971,EFO_1001157,INDICATION,
CHEMBL3931971,MONDO_0005041,INDICATION,
CHEMBL393220,EFO_0000180,INDICATION,
CHEMBL393220,EFO_0000195,INDICATION,
CHEMBL393220,EFO_0000196,INDICATION,
CHEMBL393220,EFO_0000198,INDICATION,
CHEMBL393220,EFO_0000222,INDICATION,
CHEMBL393220,EFO_0000275,INDICATION,
CHEMBL393220,EFO_0000318,INDICATION,
CHEMBL393220,EFO_0000319,INDICATION,
CHEMBL393220,EFO_0000365,INDICATION,
CHEMBL393220,EFO_0000373,INDICATION,
CHEMBL393220,EFO_0000384,INDICATION,
CHEMBL393220,EFO_0000400,INDICATION,
CHEMBL393220,EFO_0000474,INDICATION,
CHEMBL393220,EFO_0000519,INDICATION,
CHEMBL393220,EFO_0000537,INDICATION,
CHEMBL393220,EFO_0000538,INDICATION,
CHEMBL393220,EFO_0000565,INDICATION,
CHEMBL393220,EFO_0000574,INDICATION,
CHEMBL393220,EFO_0000612,INDICATION,
CHEMBL393220,EFO_0000616,INDICATION,
CHEMBL393220,EFO_0000649,INDICATION,
CHEMBL393220,EFO_0000660,INDICATION,
CHEMBL393220,EFO_0000668,INDICATION,
CHEMBL393220,EFO_0000673,INDICATION,
CHEMBL393220,EFO_0000676,INDICATION,
CHEMBL393220,EFO_0000681,INDICATION,
CHEMBL393220,EFO_0000685,INDICATION,
CHEMBL393220,EFO_0000712,INDICATION,
CHEMBL393220,EFO_0000764,INDICATION,
CHEMBL393220,EFO_0001073,INDICATION,
CHEMBL393220,EFO_0001361,INDICATION,
CHEMBL393220,EFO_0001365,INDICATION,
CHEMBL393220,EFO_0001378,INDICATION,
CHEMBL393220,EFO_0001422,INDICATION,
CHEMBL393220,EFO_0001645,INDICATION,
CHEMBL393220,EFO_0003047,INDICATION,
CHEMBL393220,EFO_0003086,INDICATION,
CHEMBL393220,EFO_0003095,INDICATION,
CHEMBL393220,EFO_0003144,INDICATION,
CHEMBL393220,EFO_0003767,INDICATION,
CHEMBL393220,EFO_0003869,INDICATION,
CHEMBL393220,EFO_0003870,INDICATION,
CHEMBL393220,EFO_0003884,INDICATION,
CHEMBL393220,EFO_0003913,INDICATION,
CHEMBL393220,EFO_0003914,INDICATION,
CHEMBL393220,EFO_0003918,INDICATION,
CHEMBL393220,EFO_0003929,INDICATION,
CHEMBL393220,EFO_0004194,INDICATION,
CHEMBL393220,EFO_0004208,INDICATION,
CHEMBL393220,EFO_0004211,INDICATION,
CHEMBL393220,EFO_0004236,INDICATION,
CHEMBL393220,EFO_0004246,INDICATION,
CHEMBL393220,EFO_0004252,INDICATION,
CHEMBL393220,EFO_0004255,INDICATION,
CHEMBL393220,EFO_0004264,INDICATION,
CHEMBL393220,EFO_0004286,INDICATION,
CHEMBL393220,EFO_0004616,INDICATION,
CHEMBL393220,EFO_0004911,INDICATION,
CHEMBL393220,EFO_0005672,INDICATION,
CHEMBL393220,EFO_0005952,INDICATION,
CHEMBL393220,EFO_0006818,INDICATION,
CHEMBL393220,EFO_0007129,INDICATION,
CHEMBL393220,EFO_0007160,INDICATION,
CHEMBL393220,EFO_0007328,INDICATION,
CHEMBL393220,EFO_0008568,INDICATION,
CHEMBL393220,EFO_0008583,INDICATION,
CHEMBL393220,EFO_0008585,INDICATION,
CHEMBL393220,EFO_0008586,INDICATION,
CHEMBL393220,EFO_0009426,INDICATION,
CHEMBL393220,EFO_0009783,INDICATION,
CHEMBL393220,EFO_1000984,INDICATION,
CHEMBL393220,EFO_1001249,INDICATION,
CHEMBL393220,EFO_1001466,INDICATION,
CHEMBL393220,EFO_1001771,INDICATION,
CHEMBL393220,EFO_1001801,INDICATION,
CHEMBL393220,EFO_1001993,INDICATION,
CHEMBL393220,MONDO_0001134,INDICATION,
CHEMBL393220,MONDO_0001444,INDICATION,
CHEMBL393220,MONDO_0002050,INDICATION,
CHEMBL393220,MONDO_0002492,INDICATION,
CHEMBL393220,MONDO_0002679,INDICATION,
CHEMBL393220,MONDO_0004782,INDICATION,
CHEMBL393220,MONDO_0004975,INDICATION,
CHEMBL393220,MONDO_0004979,INDICATION,
CHEMBL393220,MONDO_0004992,INDICATION,
CHEMBL393220,MONDO_0005147,INDICATION,
CHEMBL393220,MONDO_0005148,INDICATION,
CHEMBL393220,MONDO_0005301,INDICATION,
CHEMBL393220,MONDO_0005835,INDICATION,
CHEMBL393220,MONDO_0007254,INDICATION,
CHEMBL393220,MONDO_0007915,INDICATION,
CHEMBL393220,MONDO_0008315,INDICATION,
CHEMBL393220,MONDO_0011382,INDICATION,
CHEMBL393220,MONDO_0011962,INDICATION,
CHEMBL393220,MONDO_0013730,INDICATION,
CHEMBL393220,MONDO_0018076,INDICATION,
CHEMBL393220,MONDO_0018373,INDICATION,
CHEMBL393220,MONDO_0018473,INDICATION,
CHEMBL393220,MONDO_0019338,INDICATION,
CHEMBL393220,MONDO_0021187,INDICATION,
CHEMBL393220,MONDO_0021661,INDICATION,
CHEMBL393220,MONDO_0043510,INDICATION,
CHEMBL393220,MONDO_0100096,INDICATION,
CHEMBL393220,Orphanet_309005,INDICATION,
CHEMBL393220,Orphanet_413,INDICATION,
CHEMBL393220,Orphanet_79211,INDICATION,
CHEMBL3935857,EFO_0000616,INDICATION,
CHEMBL3935857,EFO_0000681,INDICATION,
CHEMBL3935857,EFO_0003060,INDICATION,
CHEMBL3935857,EFO_0004230,INDICATION,
CHEMBL3935857,MONDO_0004992,INDICATION,
CHEMBL3936761,EFO_0000095,INDICATION,
CHEMBL3936761,EFO_0000096,INDICATION,
CHEMBL3936761,EFO_0000403,INDICATION,
CHEMBL3936761,EFO_0000565,INDICATION,
CHEMBL3936761,EFO_0000574,INDICATION,
CHEMBL3936761,EFO_0000616,INDICATION,
CHEMBL3936761,EFO_0003086,INDICATION,
CHEMBL3936761,EFO_0004256,INDICATION,
CHEMBL3936761,EFO_0005761,INDICATION,
CHEMBL3936761,EFO_0007160,INDICATION,
CHEMBL3936761,EFO_0009441,INDICATION,
CHEMBL3936761,EFO_1000630,INDICATION,
CHEMBL3936761,EFO_1001264,INDICATION,
CHEMBL3936761,EFO_1001469,INDICATION,
CHEMBL3936761,MONDO_0004992,INDICATION,
CHEMBL3936761,MONDO_0015540,INDICATION,
CHEMBL3936761,MONDO_0015564,INDICATION,
CHEMBL3936761,MONDO_0017287,INDICATION,
CHEMBL3936761,MONDO_0018906,INDICATION,
CHEMBL3936761,MONDO_0100096,INDICATION,
CHEMBL393820,EFO_0004220,INDICATION,
CHEMBL3939295,EFO_0000182,INDICATION,
CHEMBL3940890,EFO_0004129,INDICATION,
CHEMBL3940890,EFO_1001875,INDICATION,
CHEMBL3942498,MONDO_0004992,INDICATION,
CHEMBL3942498,MONDO_0007739,INDICATION,
CHEMBL3945728,EFO_0003843,INDICATION,
CHEMBL3945728,EFO_0004895,INDICATION,
CHEMBL3945728,EFO_0008533,INDICATION,
CHEMBL3946483,EFO_0003086,INDICATION,
CHEMBL3946483,EFO_0003106,INDICATION,
CHEMBL3948730,EFO_0000095,INDICATION,
CHEMBL3948730,EFO_0000096,INDICATION,
CHEMBL3948730,EFO_0000183,INDICATION,
CHEMBL3948730,EFO_0000211,INDICATION,
CHEMBL3948730,EFO_0000403,INDICATION,
CHEMBL3948730,EFO_0000616,INDICATION,
CHEMBL3948730,EFO_0002429,INDICATION,
CHEMBL3948730,EFO_0002618,INDICATION,
CHEMBL3948730,EFO_0009441,INDICATION,
CHEMBL3948730,EFO_1000630,INDICATION,
CHEMBL3948730,EFO_1000657,INDICATION,
CHEMBL3948730,EFO_1001469,INDICATION,
CHEMBL3948730,EFO_1001951,INDICATION,
CHEMBL3948730,MONDO_0001056,INDICATION,
CHEMBL3948730,MONDO_0007576,INDICATION,
CHEMBL3948730,MONDO_0011719,INDICATION,
CHEMBL3948730,MONDO_0018906,INDICATION,
CHEMBL3948730,MONDO_0044903,INDICATION,
CHEMBL3950590,EFO_0000616,INDICATION,
CHEMBL3950712,EFO_0000555,INDICATION,
CHEMBL395091,EFO_0001421,INDICATION,
CHEMBL395091,EFO_0003086,INDICATION,
CHEMBL395091,EFO_0003843,INDICATION,
CHEMBL395091,EFO_0003890,INDICATION,
CHEMBL395091,EFO_0005854,INDICATION,
CHEMBL395091,EFO_0006834,INDICATION,
CHEMBL395091,EFO_0009267,INDICATION,
CHEMBL395091,EFO_0801084,INDICATION,
CHEMBL395091,MONDO_0002009,INDICATION,
CHEMBL395091,MONDO_0002050,INDICATION,
CHEMBL3951811,EFO_0000616,INDICATION,
CHEMBL39541,EFO_0000198,INDICATION,
CHEMBL39541,EFO_0000565,INDICATION,
CHEMBL39541,EFO_0000574,INDICATION,
CHEMBL39541,EFO_0000691,INDICATION,
CHEMBL39541,EFO_0002618,INDICATION,
CHEMBL39541,MONDO_0002367,INDICATION,
CHEMBL39541,MONDO_0005411,INDICATION,
CHEMBL39541,MONDO_0008170,INDICATION,
CHEMBL39541,MONDO_0008315,INDICATION,
CHEMBL395429,EFO_0000432,INDICATION,
CHEMBL395429,EFO_0000612,INDICATION,
CHEMBL395429,EFO_0000668,INDICATION,
CHEMBL395429,EFO_0001072,INDICATION,
CHEMBL395429,EFO_0001073,INDICATION,
CHEMBL395429,EFO_0001358,INDICATION,
CHEMBL395429,EFO_0002610,INDICATION,
CHEMBL395429,EFO_0003756,INDICATION,
CHEMBL395429,EFO_0003758,INDICATION,
CHEMBL395429,EFO_0003843,INDICATION,
CHEMBL395429,EFO_0003877,INDICATION,
CHEMBL395429,EFO_0003888,INDICATION,
CHEMBL395429,EFO_0003890,INDICATION,
CHEMBL395429,EFO_0003918,INDICATION,
CHEMBL395429,EFO_0004242,INDICATION,
CHEMBL395429,EFO_0004247,INDICATION,
CHEMBL395429,EFO_0004269,INDICATION,
CHEMBL395429,EFO_0004566,INDICATION,
CHEMBL395429,EFO_0004616,INDICATION,
CHEMBL395429,EFO_0004714,INDICATION,
CHEMBL395429,EFO_0004777,INDICATION,
CHEMBL395429,EFO_0005203,INDICATION,
CHEMBL395429,EFO_0005411,INDICATION,
CHEMBL395429,EFO_0005611,INDICATION,
CHEMBL395429,EFO_0005762,INDICATION,
CHEMBL395429,EFO_0009579,INDICATION,
CHEMBL395429,EFO_0010642,INDICATION,
CHEMBL395429,EFO_0010702,INDICATION,
CHEMBL395429,EFO_1000096,INDICATION,
CHEMBL395429,EFO_1000911,INDICATION,
CHEMBL395429,EFO_1000948,INDICATION,
CHEMBL395429,EFO_1001271,INDICATION,
CHEMBL395429,EFO_1001863,INDICATION,
CHEMBL395429,EFO_1001917,INDICATION,
CHEMBL395429,MONDO_0002009,INDICATION,
CHEMBL395429,MONDO_0002025,INDICATION,
CHEMBL395429,MONDO_0002050,INDICATION,
CHEMBL395429,MONDO_0002491,INDICATION,
CHEMBL395429,MONDO_0004782,INDICATION,
CHEMBL395429,MONDO_0005090,INDICATION,
CHEMBL395429,MONDO_0005351,INDICATION,
CHEMBL395429,MONDO_0007079,INDICATION,
CHEMBL395429,MONDO_0008300,INDICATION,
CHEMBL395429,MONDO_0010383,INDICATION,
CHEMBL395429,MONDO_0017276,INDICATION,
CHEMBL395429,MONDO_0100096,INDICATION,
CHEMBL395429,MP_0001845,INDICATION,
CHEMBL395429,MP_0001914,INDICATION,
CHEMBL39560,EFO_0005407,INDICATION,
CHEMBL3960488,EFO_0000616,INDICATION,
CHEMBL396290,EFO_0000666,INDICATION,
CHEMBL3963485,EFO_0000616,INDICATION,
CHEMBL3963485,EFO_0003060,INDICATION,
CHEMBL3963485,EFO_0008528,INDICATION,
CHEMBL3963485,MONDO_0001187,INDICATION,
CHEMBL3963485,MONDO_0004992,INDICATION,
CHEMBL3963485,MONDO_0007254,INDICATION,
CHEMBL39677,EFO_1000158,INDICATION,
CHEMBL39677,MONDO_0008903,INDICATION,
CHEMBL396778,EFO_0001421,INDICATION,
CHEMBL396778,EFO_0003086,INDICATION,
CHEMBL396778,EFO_1001050,INDICATION,
CHEMBL396778,MONDO_0005180,INDICATION,
CHEMBL3967849,EFO_0001365,INDICATION,
CHEMBL3967849,EFO_0004683,INDICATION,
CHEMBL3967849,MONDO_0019353,INDICATION,
CHEMBL39736,EFO_0000400,INDICATION,
CHEMBL39736,MONDO_0005148,INDICATION,
CHEMBL397420,EFO_0000275,INDICATION,
CHEMBL397420,EFO_0000756,INDICATION,
CHEMBL397420,EFO_0003827,INDICATION,
CHEMBL3975308,EFO_0000616,INDICATION,
CHEMBL3975308,MONDO_0044903,INDICATION,
CHEMBL3975522,EFO_0003917,INDICATION,
CHEMBL397647,EFO_0005854,INDICATION,
CHEMBL3976807,EFO_0009451,INDICATION,
CHEMBL3977543,EFO_0000616,INDICATION,
CHEMBL3977543,EFO_0000756,INDICATION,
CHEMBL3977543,MONDO_0004992,INDICATION,
CHEMBL397783,EFO_0003817,INDICATION,
CHEMBL397783,EFO_0005577,INDICATION,
CHEMBL397976,EFO_1001797,INDICATION,
CHEMBL397976,MONDO_0011382,INDICATION,
CHEMBL3979920,EFO_0000222,INDICATION,
CHEMBL3979920,EFO_0000403,INDICATION,
CHEMBL3979920,EFO_0000574,INDICATION,
CHEMBL3979920,EFO_0000616,INDICATION,
CHEMBL3979920,EFO_0001075,INDICATION,
CHEMBL3979920,EFO_0005952,INDICATION,
CHEMBL3979920,MONDO_0002334,INDICATION,
CHEMBL3979920,MONDO_0018906,INDICATION,
CHEMBL3982690,EFO_0000574,INDICATION,
CHEMBL3982690,MONDO_0007254,INDICATION,
CHEMBL3982690,MONDO_0008315,INDICATION,
CHEMBL3982723,EFO_0000756,INDICATION,
CHEMBL398435,EFO_0000266,INDICATION,
CHEMBL398435,EFO_0000275,INDICATION,
CHEMBL398435,EFO_0000319,INDICATION,
CHEMBL398435,EFO_0000341,INDICATION,
CHEMBL398435,EFO_0000556,INDICATION,
CHEMBL398435,EFO_0000612,INDICATION,
CHEMBL398435,EFO_0000712,INDICATION,
CHEMBL398435,EFO_0001645,INDICATION,
CHEMBL398435,EFO_0002615,INDICATION,
CHEMBL398435,EFO_0003086,INDICATION,
CHEMBL398435,EFO_0003106,INDICATION,
CHEMBL398435,EFO_0003870,INDICATION,
CHEMBL398435,EFO_0003875,INDICATION,
CHEMBL398435,EFO_0003884,INDICATION,
CHEMBL398435,EFO_0003913,INDICATION,
CHEMBL398435,EFO_0004214,INDICATION,
CHEMBL398435,EFO_0004265,INDICATION,
CHEMBL398435,EFO_0005672,INDICATION,
CHEMBL398435,EFO_0007328,INDICATION,
CHEMBL398435,EFO_0008583,INDICATION,
CHEMBL398435,EFO_0008585,INDICATION,
CHEMBL398435,EFO_0008586,INDICATION,
CHEMBL398435,MONDO_0000831,INDICATION,
CHEMBL398435,MONDO_0005148,INDICATION,
CHEMBL398435,MONDO_0011382,INDICATION,
CHEMBL398435,MONDO_0100096,INDICATION,
CHEMBL398435,MONDO_0100192,CONTRAINDICATION,
CHEMBL398440,MP_0001845,INDICATION,
CHEMBL3984425,EFO_0000616,INDICATION,
CHEMBL3984441,EFO_0003060,INDICATION,
CHEMBL3986824,EFO_0000222,INDICATION,
CHEMBL3986824,EFO_0000699,INDICATION,
CHEMBL3986824,EFO_0003834,INDICATION,
CHEMBL3986824,MONDO_0007915,INDICATION,
CHEMBL3986824,MP_0001845,INDICATION,
CHEMBL3987016,EFO_0002430,INDICATION,
CHEMBL398707,EFO_0000464,CONTRAINDICATION,
CHEMBL398707,EFO_0000474,CONTRAINDICATION,
CHEMBL398707,EFO_0000546,INDICATION,
CHEMBL398707,EFO_0000729,CONTRAINDICATION,
CHEMBL398707,EFO_0001074,CONTRAINDICATION,
CHEMBL398707,EFO_0001421,INDICATION,
CHEMBL398707,EFO_0003086,CONTRAINDICATION,
CHEMBL398707,EFO_0003767,CONTRAINDICATION,
CHEMBL398707,EFO_0003832,CONTRAINDICATION,
CHEMBL398707,EFO_0003833,CONTRAINDICATION,
CHEMBL398707,EFO_0003843,INDICATION,
CHEMBL398707,EFO_0003890,CONTRAINDICATION,
CHEMBL398707,EFO_0004240,INDICATION,
CHEMBL398707,EFO_0004616,INDICATION,
CHEMBL398707,EFO_0004705,CONTRAINDICATION,
CHEMBL398707,EFO_0005251,CONTRAINDICATION,
CHEMBL398707,EFO_0005611,INDICATION,
CHEMBL398707,EFO_0007214,INDICATION,
CHEMBL398707,EFO_0010702,INDICATION,
CHEMBL398707,EFO_0801084,INDICATION,
CHEMBL398707,EFO_1000786,INDICATION,
CHEMBL398707,EFO_1000800,CONTRAINDICATION,
CHEMBL398707,EFO_1000902,CONTRAINDICATION,
CHEMBL398707,EFO_1001132,CONTRAINDICATION,
CHEMBL398707,EFO_1001898,INDICATION,
CHEMBL398707,MONDO_0000468,CONTRAINDICATION,
CHEMBL398707,MONDO_0002203,CONTRAINDICATION,
CHEMBL398707,MONDO_0002367,INDICATION,
CHEMBL398707,MONDO_0002491,CONTRAINDICATION,
CHEMBL398707,MONDO_0004567,INDICATION,
CHEMBL398707,MONDO_0004596,CONTRAINDICATION,
CHEMBL398707,MONDO_0011382,INDICATION,
CHEMBL398707,MONDO_0015129,CONTRAINDICATION,
CHEMBL398707,MONDO_0100192,CONTRAINDICATION,
CHEMBL3988900,EFO_0000546,INDICATION,
CHEMBL3988900,EFO_0000676,INDICATION,
CHEMBL3988900,EFO_0003958,INDICATION,
CHEMBL3988900,EFO_0004272,INDICATION,
CHEMBL3988900,EFO_0009516,INDICATION,
CHEMBL3988900,EFO_0009552,INDICATION,
CHEMBL3988900,EFO_0009582,INDICATION,
CHEMBL3988900,EFO_1000697,INDICATION,
CHEMBL3988900,EFO_1001139,INDICATION,
CHEMBL3988900,EFO_1001923,INDICATION,
CHEMBL3988900,MONDO_0002406,INDICATION,
CHEMBL3988900,MONDO_0002898,INDICATION,
CHEMBL3988900,MONDO_0004992,INDICATION,
CHEMBL3988900,MONDO_0019297,INDICATION,
CHEMBL3988900,MP_0001914,INDICATION,
CHEMBL398891,EFO_0000616,INDICATION,
CHEMBL398891,EFO_0000673,INDICATION,
CHEMBL398891,EFO_0001378,INDICATION,
CHEMBL398891,EFO_0003060,INDICATION,
CHEMBL398891,EFO_0003863,INDICATION,
CHEMBL398891,EFO_1000581,INDICATION,
CHEMBL398891,MONDO_0003060,INDICATION,
CHEMBL3989401,EFO_0001378,INDICATION,
CHEMBL3989401,EFO_1001164,INDICATION,
CHEMBL3989401,MONDO_0007254,INDICATION,
CHEMBL3989401,MONDO_0019019,INDICATION,
CHEMBL3989402,EFO_0007328,INDICATION,
CHEMBL3989406,EFO_0000407,INDICATION,
CHEMBL3989406,EFO_0000537,INDICATION,
CHEMBL3989406,EFO_0006346,INDICATION,
CHEMBL3989407,EFO_0000095,INDICATION,
CHEMBL3989407,EFO_0000574,INDICATION,
CHEMBL3989407,EFO_0004243,INDICATION,
CHEMBL3989408,EFO_0003843,INDICATION,
CHEMBL3989409,MONDO_0007915,INDICATION,
CHEMBL3989410,MP_0001845,INDICATION,
CHEMBL3989444,EFO_0000319,INDICATION,
CHEMBL3989476,EFO_0000691,INDICATION,
CHEMBL3989480,EFO_0000401,INDICATION,
CHEMBL3989480,EFO_0000537,INDICATION,
CHEMBL3989480,EFO_0003086,CONTRAINDICATION,
CHEMBL3989480,EFO_0003854,INDICATION,
CHEMBL3989480,EFO_0003882,INDICATION,
CHEMBL3989480,EFO_0007149,CONTRAINDICATION,
CHEMBL3989480,EFO_0008506,CONTRAINDICATION,
CHEMBL3989480,EFO_1000820,CONTRAINDICATION,
CHEMBL3989480,EFO_1000897,CONTRAINDICATION,
CHEMBL3989480,EFO_1000948,CONTRAINDICATION,
CHEMBL3989480,MONDO_0000328,CONTRAINDICATION,
CHEMBL3989480,MONDO_0000440,CONTRAINDICATION,
CHEMBL3989480,MONDO_0001134,INDICATION,
CHEMBL3989480,MONDO_0001343,CONTRAINDICATION,
CHEMBL3989480,MONDO_0001566,CONTRAINDICATION,
CHEMBL3989480,MONDO_0002203,INDICATION,
CHEMBL3989480,MONDO_0004247,CONTRAINDICATION,
CHEMBL3989480,MONDO_0015129,CONTRAINDICATION,
CHEMBL3989480,MONDO_0019338,CONTRAINDICATION,
CHEMBL3989480,MONDO_0100096,INDICATION,
CHEMBL3989504,EFO_0000771,INDICATION,
CHEMBL3989506,EFO_0000763,INDICATION,
CHEMBL3989507,EFO_0003966,INDICATION,
CHEMBL3989510,EFO_0003843,INDICATION,
CHEMBL3989512,EFO_0000616,INDICATION,
CHEMBL3989512,EFO_0000691,INDICATION,
CHEMBL3989512,MONDO_0008903,INDICATION,
CHEMBL3989514,EFO_0000095,INDICATION,
CHEMBL3989514,EFO_0000174,INDICATION,
CHEMBL3989514,EFO_0000178,INDICATION,
CHEMBL3989514,EFO_0000183,INDICATION,
CHEMBL3989514,EFO_0000191,INDICATION,
CHEMBL3989514,EFO_0000228,INDICATION,
CHEMBL3989514,EFO_0000248,INDICATION,
CHEMBL3989514,EFO_0000255,INDICATION,
CHEMBL3989514,EFO_0000309,INDICATION,
CHEMBL3989514,EFO_0000313,INDICATION,
CHEMBL3989514,EFO_0000365,INDICATION,
CHEMBL3989514,EFO_0000389,INDICATION,
CHEMBL3989514,EFO_0000403,INDICATION,
CHEMBL3989514,EFO_0000437,INDICATION,
CHEMBL3989514,EFO_0000502,INDICATION,
CHEMBL3989514,EFO_0000503,INDICATION,
CHEMBL3989514,EFO_0000519,INDICATION,
CHEMBL3989514,EFO_0000565,INDICATION,
CHEMBL3989514,EFO_0000574,INDICATION,
CHEMBL3989514,EFO_0000616,INDICATION,
CHEMBL3989514,EFO_0000621,INDICATION,
CHEMBL3989514,EFO_0000632,INDICATION,
CHEMBL3989514,EFO_0000637,INDICATION,
CHEMBL3989514,EFO_0000681,INDICATION,
CHEMBL3989514,EFO_0000691,INDICATION,
CHEMBL3989514,EFO_0000702,INDICATION,
CHEMBL3989514,EFO_0000707,INDICATION,
CHEMBL3989514,EFO_0001071,INDICATION,
CHEMBL3989514,EFO_0001075,INDICATION,
CHEMBL3989514,EFO_0002499,INDICATION,
CHEMBL3989514,EFO_0002501,INDICATION,
CHEMBL3989514,EFO_0002617,INDICATION,
CHEMBL3989514,EFO_0002618,INDICATION,
CHEMBL3989514,EFO_0002918,INDICATION,
CHEMBL3989514,EFO_0002938,INDICATION,
CHEMBL3989514,EFO_0002939,INDICATION,
CHEMBL3989514,EFO_0003032,INDICATION,
CHEMBL3989514,EFO_0003060,INDICATION,
CHEMBL3989514,EFO_0003860,INDICATION,
CHEMBL3989514,EFO_0004142,INDICATION,
CHEMBL3989514,EFO_0004193,INDICATION,
CHEMBL3989514,EFO_0004243,INDICATION,
CHEMBL3989514,EFO_0005537,INDICATION,
CHEMBL3989514,EFO_0006352,INDICATION,
CHEMBL3989514,EFO_0006859,INDICATION,
CHEMBL3989514,EFO_0007535,INDICATION,
CHEMBL3989514,EFO_1000158,INDICATION,
CHEMBL3989514,EFO_1000251,INDICATION,
CHEMBL3989514,EFO_1000292,INDICATION,
CHEMBL3989514,EFO_1000359,INDICATION,
CHEMBL3989514,EFO_1000407,INDICATION,
CHEMBL3989514,EFO_1000475,INDICATION,
CHEMBL3989514,EFO_1000657,INDICATION,
CHEMBL3989514,EFO_1000785,INDICATION,
CHEMBL3989514,EFO_1001013,INDICATION,
CHEMBL3989514,EFO_1001051,INDICATION,
CHEMBL3989514,EFO_1001365,INDICATION,
CHEMBL3989514,EFO_1001465,INDICATION,
CHEMBL3989514,EFO_1001469,INDICATION,
CHEMBL3989514,EFO_1001471,INDICATION,
CHEMBL3989514,EFO_1001512,INDICATION,
CHEMBL3989514,EFO_1001951,INDICATION,
CHEMBL3989514,MONDO_0000873,INDICATION,
CHEMBL3989514,MONDO_0001056,INDICATION,
CHEMBL3989514,MONDO_0001187,INDICATION,
CHEMBL3989514,MONDO_0001325,INDICATION,
CHEMBL3989514,MONDO_0001475,INDICATION,
CHEMBL3989514,MONDO_0001879,INDICATION,
CHEMBL3989514,MONDO_0002087,INDICATION,
CHEMBL3989514,MONDO_0002120,INDICATION,
CHEMBL3989514,MONDO_0002158,INDICATION,
CHEMBL3989514,MONDO_0002367,INDICATION,
CHEMBL3989514,MONDO_0002537,INDICATION,
CHEMBL3989514,MONDO_0002691,INDICATION,
CHEMBL3989514,MONDO_0002974,INDICATION,
CHEMBL3989514,MONDO_0003060,INDICATION,
CHEMBL3989514,MONDO_0003196,INDICATION,
CHEMBL3989514,MONDO_0004192,INDICATION,
CHEMBL3989514,MONDO_0004669,INDICATION,
CHEMBL3989514,MONDO_0004992,INDICATION,
CHEMBL3989514,MONDO_0005184,INDICATION,
CHEMBL3989514,MONDO_0005411,INDICATION,
CHEMBL3989514,MONDO_0007254,INDICATION,
CHEMBL3989514,MONDO_0007576,INDICATION,
CHEMBL3989514,MONDO_0008170,INDICATION,
CHEMBL3989514,MONDO_0008315,INDICATION,
CHEMBL3989514,MONDO_0008903,INDICATION,
CHEMBL3989514,MONDO_0011719,INDICATION,
CHEMBL3989514,MONDO_0016717,INDICATION,
CHEMBL3989514,MONDO_0018271,INDICATION,
CHEMBL3989514,MONDO_0018364,INDICATION,
CHEMBL3989514,MONDO_0018906,INDICATION,
CHEMBL3989514,MONDO_0019471,INDICATION,
CHEMBL3989514,MONDO_0020634,INDICATION,
CHEMBL3989514,MONDO_0021063,INDICATION,
CHEMBL3989514,MONDO_0021633,INDICATION,
CHEMBL3989514,MONDO_0044926,INDICATION,
CHEMBL3989514,MONDO_0044937,INDICATION,
CHEMBL3989514,MONDO_0100342,INDICATION,
CHEMBL3989515,EFO_0000544,INDICATION,
CHEMBL3989515,EFO_0000676,INDICATION,
CHEMBL3989515,EFO_0000764,INDICATION,
CHEMBL3989515,EFO_0000771,INDICATION,
CHEMBL3989515,EFO_0003102,INDICATION,
CHEMBL3989515,EFO_0007504,INDICATION,
CHEMBL3989515,EFO_1001161,INDICATION,
CHEMBL3989516,EFO_0000574,INDICATION,
CHEMBL3989516,EFO_0000685,INDICATION,
CHEMBL3989516,EFO_0004194,INDICATION,
CHEMBL3989516,EFO_0007160,INDICATION,
CHEMBL3989516,EFO_1001264,INDICATION,
CHEMBL3989516,MONDO_0007915,INDICATION,
CHEMBL3989517,EFO_0004280,INDICATION,
CHEMBL3989517,EFO_0006887,INDICATION,
CHEMBL3989517,EFO_1001050,INDICATION,
CHEMBL3989517,MONDO_0005180,INDICATION,
CHEMBL3989519,EFO_0003818,INDICATION,
CHEMBL3989519,EFO_0004262,INDICATION,
CHEMBL3989522,EFO_1001518,INDICATION,
CHEMBL3989525,EFO_1001888,INDICATION,
CHEMBL3989529,EFO_0009545,INDICATION,
CHEMBL3989541,EFO_0000537,INDICATION,
CHEMBL3989543,EFO_0000096,INDICATION,
CHEMBL3989551,EFO_0000544,INDICATION,
CHEMBL3989551,EFO_0003102,INDICATION,
CHEMBL3989551,EFO_1001314,INDICATION,
CHEMBL3989553,MONDO_0100096,INDICATION,
CHEMBL3989555,EFO_0006928,INDICATION,
CHEMBL3989559,EFO_0000616,INDICATION,
CHEMBL3989559,EFO_0003948,INDICATION,
CHEMBL3989559,EFO_0007549,INDICATION,
CHEMBL3989559,Orphanet_79292,INDICATION,
CHEMBL3989562,EFO_0000284,INDICATION,
CHEMBL3989563,EFO_0003768,INDICATION,
CHEMBL3989564,EFO_0000544,INDICATION,
CHEMBL3989564,EFO_0003102,INDICATION,
CHEMBL3989567,EFO_0000544,INDICATION,
CHEMBL3989567,EFO_0003102,INDICATION,
CHEMBL3989568,EFO_0003102,INDICATION,
CHEMBL3989569,EFO_0003843,INDICATION,
CHEMBL3989569,EFO_0003854,INDICATION,
CHEMBL3989569,EFO_0003882,INDICATION,
CHEMBL3989569,MONDO_0007254,INDICATION,
CHEMBL3989570,EFO_0003103,INDICATION,
CHEMBL3989573,EFO_0003768,INDICATION,
CHEMBL3989595,EFO_0000537,INDICATION,
CHEMBL3989658,EFO_0004239,INDICATION,
CHEMBL3989676,EFO_0005752,INDICATION,
CHEMBL3989676,EFO_0005755,INDICATION,
CHEMBL3989677,EFO_0000546,INDICATION,
CHEMBL3989677,EFO_0001421,INDICATION,
CHEMBL3989677,EFO_0003086,INDICATION,
CHEMBL3989677,EFO_0003843,INDICATION,
CHEMBL3989677,EFO_0003890,INDICATION,
CHEMBL3989677,EFO_0005762,INDICATION,
CHEMBL3989677,EFO_1001250,INDICATION,
CHEMBL3989677,MONDO_0005178,INDICATION,
CHEMBL3989680,EFO_0003843,INDICATION,
CHEMBL3989686,EFO_0009552,INDICATION,
CHEMBL3989689,EFO_0001365,INDICATION,
CHEMBL3989689,EFO_0003770,INDICATION,
CHEMBL3989689,EFO_0009606,INDICATION,
CHEMBL3989689,MONDO_0008170,INDICATION,
CHEMBL3989689,MONDO_0008315,INDICATION,
CHEMBL3989690,EFO_0001073,INDICATION,
CHEMBL3989690,MONDO_0004975,INDICATION,
CHEMBL3989690,MONDO_0005148,INDICATION,
CHEMBL3989690,MONDO_0005180,INDICATION,
CHEMBL3989690,MONDO_0008300,INDICATION,
CHEMBL3989691,EFO_0000198,INDICATION,
CHEMBL3989691,EFO_0004220,INDICATION,
CHEMBL3989691,EFO_0006927,INDICATION,
CHEMBL3989691,EFO_0007160,INDICATION,
CHEMBL3989693,MONDO_0004979,INDICATION,
CHEMBL3989694,MONDO_0005090,INDICATION,
CHEMBL3989695,EFO_0000319,INDICATION,
CHEMBL3989697,MONDO_0015486,INDICATION,
CHEMBL3989698,EFO_1002014,INDICATION,
CHEMBL3989698,MONDO_0002009,INDICATION,
CHEMBL3989705,EFO_1001888,INDICATION,
CHEMBL3989715,EFO_0000544,INDICATION,
CHEMBL3989715,EFO_0000546,INDICATION,
CHEMBL3989715,EFO_0003102,INDICATION,
CHEMBL3989715,EFO_0005681,INDICATION,
CHEMBL3989716,EFO_0003843,INDICATION,
CHEMBL3989724,EFO_0004698,INDICATION,
CHEMBL3989727,EFO_0000319,INDICATION,
CHEMBL3989727,EFO_0000341,INDICATION,
CHEMBL3989727,EFO_0000544,INDICATION,
CHEMBL3989727,EFO_0000545,INDICATION,
CHEMBL3989727,EFO_0000546,INDICATION,
CHEMBL3989727,EFO_0000612,INDICATION,
CHEMBL3989727,EFO_0000660,INDICATION,
CHEMBL3989727,EFO_0000685,INDICATION,
CHEMBL3989727,EFO_0001065,INDICATION,
CHEMBL3989727,EFO_0001421,INDICATION,
CHEMBL3989727,EFO_0001422,INDICATION,
CHEMBL3989727,EFO_0002618,INDICATION,
CHEMBL3989727,EFO_0002687,INDICATION,
CHEMBL3989727,EFO_0003086,INDICATION,
CHEMBL3989727,EFO_0003095,INDICATION,
CHEMBL3989727,EFO_0003100,INDICATION,
CHEMBL3989727,EFO_0003144,INDICATION,
CHEMBL3989727,EFO_0003763,INDICATION,
CHEMBL3989727,EFO_0003768,INDICATION,
CHEMBL3989727,EFO_0003777,INDICATION,
CHEMBL3989727,EFO_0003781,INDICATION,
CHEMBL3989727,EFO_0003843,INDICATION,
CHEMBL3989727,EFO_0003860,INDICATION,
CHEMBL3989727,EFO_0003869,INDICATION,
CHEMBL3989727,EFO_0003884,INDICATION,
CHEMBL3989727,EFO_0003914,INDICATION,
CHEMBL3989727,EFO_0004248,INDICATION,
CHEMBL3989727,EFO_0004259,INDICATION,
CHEMBL3989727,EFO_0004272,INDICATION,
CHEMBL3989727,EFO_0004284,INDICATION,
CHEMBL3989727,EFO_0005774,INDICATION,
CHEMBL3989727,EFO_0006859,INDICATION,
CHEMBL3989727,EFO_0006890,INDICATION,
CHEMBL3989727,EFO_0009267,INDICATION,
CHEMBL3989727,EFO_0009516,INDICATION,
CHEMBL3989727,EFO_0009606,INDICATION,
CHEMBL3989727,EFO_1000657,INDICATION,
CHEMBL3989727,EFO_1000860,INDICATION,
CHEMBL3989727,EFO_1001249,INDICATION,
CHEMBL3989727,EFO_1001366,INDICATION,
CHEMBL3989727,EFO_1001375,INDICATION,
CHEMBL3989727,EFO_1001494,INDICATION,
CHEMBL3989727,EFO_1001518,INDICATION,
CHEMBL3989727,EFO_1001902,INDICATION,
CHEMBL3989727,EFO_1001904,INDICATION,
CHEMBL3989727,EFO_1001951,INDICATION,
CHEMBL3989727,MONDO_0001187,INDICATION,
CHEMBL3989727,MONDO_0002050,INDICATION,
CHEMBL3989727,MONDO_0004975,INDICATION,
CHEMBL3989727,MONDO_0004976,INDICATION,
CHEMBL3989727,MONDO_0004979,INDICATION,
CHEMBL3989727,MONDO_0004992,INDICATION,
CHEMBL3989727,MONDO_0005041,INDICATION,
CHEMBL3989727,MONDO_0005090,INDICATION,
CHEMBL3989727,MONDO_0005129,INDICATION,
CHEMBL3989727,MONDO_0005148,INDICATION,
CHEMBL3989727,MONDO_0005180,INDICATION,
CHEMBL3989727,MONDO_0005277,INDICATION,
CHEMBL3989727,MONDO_0007254,INDICATION,
CHEMBL3989727,MONDO_0008170,INDICATION,
CHEMBL3989727,MONDO_0008315,INDICATION,
CHEMBL3989727,MONDO_0008903,INDICATION,
CHEMBL3989727,MONDO_0015339,INDICATION,
CHEMBL3989727,MONDO_0017774,INDICATION,
CHEMBL3989727,MONDO_0018373,INDICATION,
CHEMBL3989727,MONDO_0019200,INDICATION,
CHEMBL3989727,MONDO_0100339,INDICATION,
CHEMBL3989731,EFO_0000319,INDICATION,
CHEMBL3989740,EFO_0000649,INDICATION,
CHEMBL3989740,EFO_0001365,INDICATION,
CHEMBL3989740,EFO_0003894,INDICATION,
CHEMBL3989740,EFO_0007205,INDICATION,
CHEMBL3989740,EFO_1000760,INDICATION,
CHEMBL3989740,EFO_1001466,INDICATION,
CHEMBL3989740,EFO_1001896,INDICATION,
CHEMBL3989740,EFO_1001898,INDICATION,
CHEMBL3989740,MONDO_0019180,INDICATION,
CHEMBL3989750,EFO_0000649,INDICATION,
CHEMBL3989750,EFO_0004616,INDICATION,
CHEMBL3989750,MONDO_0005178,INDICATION,
CHEMBL3989751,EFO_0000384,INDICATION,
CHEMBL3989751,EFO_0000544,INDICATION,
CHEMBL3989751,EFO_0000616,INDICATION,
CHEMBL3989751,EFO_0000771,INDICATION,
CHEMBL3989751,EFO_0003033,INDICATION,
CHEMBL3989751,EFO_0003102,INDICATION,
CHEMBL3989751,EFO_0003106,INDICATION,
CHEMBL3989751,EFO_0007315,INDICATION,
CHEMBL3989751,EFO_0009516,INDICATION,
CHEMBL3989751,EFO_1001121,INDICATION,
CHEMBL3989751,EFO_1001888,INDICATION,
CHEMBL3989751,MONDO_0100096,INDICATION,
CHEMBL3989751,MP_0001845,INDICATION,
CHEMBL3989752,MONDO_0005277,INDICATION,
CHEMBL3989756,EFO_0003060,INDICATION,
CHEMBL3989756,EFO_0003957,INDICATION,
CHEMBL3989756,EFO_0004616,INDICATION,
CHEMBL3989756,EFO_0009637,INDICATION,
CHEMBL3989756,EFO_1000786,INDICATION,
CHEMBL3989759,EFO_0000198,INDICATION,
CHEMBL3989759,EFO_0000565,INDICATION,
CHEMBL3989759,EFO_0000574,INDICATION,
CHEMBL3989759,EFO_0000616,INDICATION,
CHEMBL3989759,EFO_0000691,INDICATION,
CHEMBL3989759,EFO_0002618,INDICATION,
CHEMBL3989759,EFO_1000158,INDICATION,
CHEMBL3989759,MONDO_0002087,INDICATION,
CHEMBL3989759,MONDO_0002158,INDICATION,
CHEMBL3989759,MONDO_0002691,INDICATION,
CHEMBL3989759,MONDO_0002974,INDICATION,
CHEMBL3989759,MONDO_0007254,INDICATION,
CHEMBL3989759,MONDO_0008170,INDICATION,
CHEMBL3989759,MONDO_0008315,INDICATION,
CHEMBL3989759,MONDO_0008903,INDICATION,
CHEMBL3989762,EFO_0004269,INDICATION,
CHEMBL3989763,EFO_0007406,INDICATION,
CHEMBL3989766,EFO_0000544,INDICATION,
CHEMBL3989766,EFO_0000701,INDICATION,
CHEMBL3989766,EFO_0003030,INDICATION,
CHEMBL3989766,EFO_0003035,INDICATION,
CHEMBL3989766,MONDO_0024295,INDICATION,
CHEMBL3989766,MP_0001845,INDICATION,
CHEMBL3989767,EFO_0003854,INDICATION,
CHEMBL3989767,EFO_0003882,INDICATION,
CHEMBL3989767,EFO_0004261,INDICATION,
CHEMBL3989767,EFO_0005754,INDICATION,
CHEMBL3989769,EFO_0000544,INDICATION,
CHEMBL3989769,EFO_0007315,INDICATION,
CHEMBL3989769,EFO_0009516,INDICATION,
CHEMBL3989769,MONDO_0100096,INDICATION,
CHEMBL3989769,MP_0001845,INDICATION,
CHEMBL3989777,EFO_0000685,INDICATION,
CHEMBL3989777,EFO_0004267,INDICATION,
CHEMBL3989777,EFO_0004280,INDICATION,
CHEMBL3989777,MONDO_0003005,INDICATION,
CHEMBL3989777,MONDO_0010200,INDICATION,
CHEMBL3989780,EFO_0003948,INDICATION,
CHEMBL3989780,EFO_0004607,INDICATION,
CHEMBL3989794,EFO_0000537,INDICATION,
CHEMBL3989798,EFO_0000341,INDICATION,
CHEMBL3989798,EFO_0000464,INDICATION,
CHEMBL3989798,EFO_0003768,INDICATION,
CHEMBL3989798,EFO_0006505,INDICATION,
CHEMBL3989798,EFO_0007183,INDICATION,
CHEMBL3989798,EFO_0009661,INDICATION,
CHEMBL3989798,EFO_1000637,INDICATION,
CHEMBL3989798,MONDO_0004979,INDICATION,
CHEMBL3989798,MONDO_0005271,INDICATION,
CHEMBL3989798,MONDO_0008903,INDICATION,
CHEMBL3989798,MONDO_0100096,INDICATION,
CHEMBL3989801,MONDO_0007915,INDICATION,
CHEMBL3989803,EFO_0003843,INDICATION,
CHEMBL3989803,EFO_1001463,INDICATION,
CHEMBL3989803,MONDO_0005277,INDICATION,
CHEMBL3989820,EFO_0001073,INDICATION,
CHEMBL3989820,EFO_0004698,INDICATION,
CHEMBL3989820,EFO_0008568,INDICATION,
CHEMBL3989822,MONDO_0001909,INDICATION,
CHEMBL3989825,EFO_0001068,INDICATION,
CHEMBL3989826,EFO_0003843,INDICATION,
CHEMBL3989829,EFO_0003102,INDICATION,
CHEMBL3989830,EFO_0001073,INDICATION,
CHEMBL3989833,MONDO_0004985,INDICATION,
CHEMBL3989833,MONDO_0005090,INDICATION,
CHEMBL3989834,EFO_0000401,INDICATION,
CHEMBL3989843,EFO_0000198,INDICATION,
CHEMBL3989843,EFO_0000222,INDICATION,
CHEMBL3989843,EFO_0005230,INDICATION,
CHEMBL3989843,EFO_0005252,INDICATION,
CHEMBL3989843,EFO_1002014,INDICATION,
CHEMBL3989843,MONDO_0002009,INDICATION,
CHEMBL3989843,MONDO_0002050,INDICATION,
CHEMBL3989843,MONDO_0005090,INDICATION,
CHEMBL3989844,EFO_0003888,INDICATION,
CHEMBL3989844,MONDO_0016158,INDICATION,
CHEMBL3989849,EFO_0010282,INDICATION,
CHEMBL3989855,EFO_0003956,INDICATION,
CHEMBL3989855,EFO_0005854,INDICATION,
CHEMBL3989857,EFO_0000275,INDICATION,
CHEMBL3989857,EFO_0000278,INDICATION,
CHEMBL3989857,EFO_0000341,INDICATION,
CHEMBL3989857,EFO_0000537,INDICATION,
CHEMBL3989857,EFO_0000588,INDICATION,
CHEMBL3989857,EFO_0000612,INDICATION,
CHEMBL3989857,EFO_0000668,INDICATION,
CHEMBL3989857,EFO_0000676,INDICATION,
CHEMBL3989857,EFO_0000712,INDICATION,
CHEMBL3989857,EFO_0000713,INDICATION,
CHEMBL3989857,EFO_0001070,INDICATION,
CHEMBL3989857,EFO_0001645,INDICATION,
CHEMBL3989857,EFO_0002618,INDICATION,
CHEMBL3989857,EFO_0002970,INDICATION,
CHEMBL3989857,EFO_0003833,INDICATION,
CHEMBL3989857,EFO_0003843,INDICATION,
CHEMBL3989857,EFO_0003854,INDICATION,
CHEMBL3989857,EFO_0003882,INDICATION,
CHEMBL3989857,EFO_0003884,INDICATION,
CHEMBL3989857,EFO_0003917,INDICATION,
CHEMBL3989857,EFO_0004142,INDICATION,
CHEMBL3989857,EFO_0004149,INDICATION,
CHEMBL3989857,EFO_0004272,INDICATION,
CHEMBL3989857,EFO_0004273,INDICATION,
CHEMBL3989857,EFO_0004777,INDICATION,
CHEMBL3989857,EFO_0005251,INDICATION,
CHEMBL3989857,EFO_0005279,INDICATION,
CHEMBL3989857,EFO_0005762,INDICATION,
CHEMBL3989857,EFO_0006859,INDICATION,
CHEMBL3989857,EFO_0007294,INDICATION,
CHEMBL3989857,EFO_0007442,INDICATION,
CHEMBL3989857,EFO_0008546,INDICATION,
CHEMBL3989857,EFO_0008590,INDICATION,
CHEMBL3989857,EFO_0009505,INDICATION,
CHEMBL3989857,EFO_0009846,INDICATION,
CHEMBL3989857,EFO_1000632,INDICATION,
CHEMBL3989857,EFO_1000657,INDICATION,
CHEMBL3989857,EFO_1000824,INDICATION,
CHEMBL3989857,EFO_1001029,INDICATION,
CHEMBL3989857,EFO_1001101,INDICATION,
CHEMBL3989857,EFO_1001103,INDICATION,
CHEMBL3989857,EFO_1001134,INDICATION,
CHEMBL3989857,EFO_1001254,INDICATION,
CHEMBL3989857,EFO_1001375,INDICATION,
CHEMBL3989857,EFO_1001412,INDICATION,
CHEMBL3989857,EFO_1001754,INDICATION,
CHEMBL3989857,MONDO_0002258,INDICATION,
CHEMBL3989857,MONDO_0004979,INDICATION,
CHEMBL3989857,MONDO_0004992,INDICATION,
CHEMBL3989857,MONDO_0005299,INDICATION,
CHEMBL3989857,MONDO_0011382,INDICATION,
CHEMBL3989857,MONDO_0016642,INDICATION,
CHEMBL3989857,MONDO_0043510,INDICATION,
CHEMBL3989857,MONDO_0100342,INDICATION,
CHEMBL3989857,MP_0001914,INDICATION,
CHEMBL3989859,EFO_1000844,INDICATION,
CHEMBL3989861,MONDO_0002009,INDICATION,
CHEMBL3989862,EFO_0000676,INDICATION,
CHEMBL3989865,EFO_0000182,INDICATION,
CHEMBL3989865,EFO_0000349,INDICATION,
CHEMBL3989865,EFO_0000519,INDICATION,
CHEMBL3989865,EFO_0000616,INDICATION,
CHEMBL3989865,EFO_0000673,INDICATION,
CHEMBL3989865,MONDO_0008315,INDICATION,
CHEMBL3989866,EFO_0000180,INDICATION,
CHEMBL3989866,EFO_0000764,INDICATION,
CHEMBL3989866,EFO_0000765,INDICATION,
CHEMBL3989867,EFO_0000180,INDICATION,
CHEMBL3989868,EFO_0000182,INDICATION,
CHEMBL3989868,EFO_0000305,INDICATION,
CHEMBL3989868,EFO_0000339,INDICATION,
CHEMBL3989868,EFO_0000616,INDICATION,
CHEMBL3989868,EFO_0001421,INDICATION,
CHEMBL3989868,EFO_0003060,INDICATION,
CHEMBL3989868,EFO_0003869,INDICATION,
CHEMBL3989868,EFO_0003968,INDICATION,
CHEMBL3989868,EFO_0004142,INDICATION,
CHEMBL3989868,EFO_0005537,INDICATION,
CHEMBL3989868,EFO_0009708,INDICATION,
CHEMBL3989868,EFO_1000294,INDICATION,
CHEMBL3989868,EFO_1001951,INDICATION,
CHEMBL3989868,MONDO_0001056,INDICATION,
CHEMBL3989868,MONDO_0004992,INDICATION,
CHEMBL3989868,MONDO_0007254,INDICATION,
CHEMBL3989869,EFO_0000095,INDICATION,
CHEMBL3989869,EFO_0000183,INDICATION,
CHEMBL3989869,EFO_0000211,INDICATION,
CHEMBL3989869,EFO_0000403,INDICATION,
CHEMBL3989869,EFO_0002429,INDICATION,
CHEMBL3989869,EFO_0002618,INDICATION,
CHEMBL3989869,EFO_1000630,INDICATION,
CHEMBL3989869,EFO_1000657,INDICATION,
CHEMBL3989869,EFO_1001469,INDICATION,
CHEMBL3989869,EFO_1001951,INDICATION,
CHEMBL3989869,MONDO_0001056,INDICATION,
CHEMBL3989869,MONDO_0007576,INDICATION,
CHEMBL3989869,MONDO_0011719,INDICATION,
CHEMBL3989869,MONDO_0018906,INDICATION,
CHEMBL3989869,MONDO_0044903,INDICATION,
CHEMBL3989870,EFO_0000196,INDICATION,
CHEMBL3989870,EFO_0000199,INDICATION,
CHEMBL3989870,EFO_0000365,INDICATION,
CHEMBL3989870,EFO_0000564,INDICATION,
CHEMBL3989870,EFO_0000616,INDICATION,
CHEMBL3989870,EFO_0000702,INDICATION,
CHEMBL3989870,EFO_0001075,INDICATION,
CHEMBL3989870,EFO_0001416,INDICATION,
CHEMBL3989870,EFO_0002618,INDICATION,
CHEMBL3989870,EFO_0003060,INDICATION,
CHEMBL3989870,EFO_0003893,INDICATION,
CHEMBL3989870,EFO_0005537,INDICATION,
CHEMBL3989870,EFO_0006352,INDICATION,
CHEMBL3989870,EFO_1000251,INDICATION,
CHEMBL3989870,EFO_1001960,INDICATION,
CHEMBL3989870,MONDO_0008170,INDICATION,
CHEMBL3989870,MONDO_0044704,INDICATION,
CHEMBL3989871,EFO_0000540,INDICATION,
CHEMBL3989871,EFO_0004194,INDICATION,
CHEMBL3989871,EFO_0004826,INDICATION,
CHEMBL3989871,EFO_0005297,INDICATION,
CHEMBL3989871,EFO_0006803,INDICATION,
CHEMBL3989871,EFO_1000710,INDICATION,
CHEMBL3989871,EFO_1000784,INDICATION,
CHEMBL3989871,MONDO_0015492,INDICATION,
CHEMBL3989871,MONDO_0016244,INDICATION,
CHEMBL3989872,MONDO_0002009,INDICATION,
CHEMBL3989872,MONDO_0005090,INDICATION,
CHEMBL3989873,EFO_0000676,INDICATION,
CHEMBL3989873,EFO_0000685,INDICATION,
CHEMBL3989873,EFO_0004616,INDICATION,
CHEMBL3989873,EFO_1000906,INDICATION,
CHEMBL3989873,EFO_1000986,INDICATION,
CHEMBL3989873,EFO_1001069,INDICATION,
CHEMBL3989873,EFO_1001119,INDICATION,
CHEMBL3989873,MONDO_0005041,INDICATION,
CHEMBL3989873,MONDO_0100096,INDICATION,
CHEMBL3989887,EFO_0000274,INDICATION,
CHEMBL3989887,EFO_0000540,INDICATION,
CHEMBL3989893,EFO_0000284,INDICATION,
CHEMBL3989893,EFO_0000544,INDICATION,
CHEMBL3989901,EFO_0005672,INDICATION,
CHEMBL3989904,EFO_0003106,INDICATION,
CHEMBL3989908,EFO_0000198,INDICATION,
CHEMBL3989908,EFO_0000222,INDICATION,
CHEMBL3989908,EFO_0000565,INDICATION,
CHEMBL3989908,EFO_0000616,INDICATION,
CHEMBL3989908,EFO_0001378,INDICATION,
CHEMBL3989908,EFO_0001421,INDICATION,
CHEMBL3989908,EFO_1001779,INDICATION,
CHEMBL3989908,MONDO_0004992,INDICATION,
CHEMBL3989908,MONDO_0044881,INDICATION,
CHEMBL3989909,EFO_0000699,INDICATION,
CHEMBL3989909,MONDO_0003778,INDICATION,
CHEMBL3989909,MONDO_0015517,INDICATION,
CHEMBL3989910,EFO_0000341,INDICATION,
CHEMBL3989910,MONDO_0004979,INDICATION,
CHEMBL3989910,MONDO_0009061,INDICATION,
CHEMBL3989911,EFO_1001485,INDICATION,
CHEMBL3989912,EFO_0000403,INDICATION,
CHEMBL3989912,EFO_0000574,INDICATION,
CHEMBL3989912,EFO_0001378,INDICATION,
CHEMBL3989912,EFO_0001421,INDICATION,
CHEMBL3989912,EFO_0003073,INDICATION,
CHEMBL3989912,EFO_0005952,INDICATION,
CHEMBL3989912,MONDO_0007915,INDICATION,
CHEMBL3989912,MONDO_0018906,INDICATION,
CHEMBL3989912,MONDO_0019338,INDICATION,
CHEMBL3989914,EFO_0003060,INDICATION,
CHEMBL3989914,MONDO_0004992,INDICATION,
CHEMBL3989915,EFO_0003843,INDICATION,
CHEMBL3989915,EFO_0003884,INDICATION,
CHEMBL3989915,MONDO_0005178,INDICATION,
CHEMBL3989916,EFO_0000756,INDICATION,
CHEMBL3989916,EFO_0006859,INDICATION,
CHEMBL3989916,EFO_1001968,INDICATION,
CHEMBL3989917,EFO_0006911,INDICATION,
CHEMBL3989918,EFO_0002496,INDICATION,
CHEMBL3989918,EFO_0003894,INDICATION,
CHEMBL3989919,EFO_0006911,INDICATION,
CHEMBL3989920,MONDO_0021187,INDICATION,
CHEMBL3989921,EFO_0000305,INDICATION,
CHEMBL3989921,EFO_0000616,INDICATION,
CHEMBL3989921,MONDO_0007254,INDICATION,
CHEMBL3989922,EFO_0000564,INDICATION,
CHEMBL3989922,EFO_0001075,INDICATION,
CHEMBL3989922,EFO_0003893,INDICATION,
CHEMBL3989922,EFO_1000251,INDICATION,
CHEMBL3989922,EFO_1001100,INDICATION,
CHEMBL3989923,MONDO_0021187,INDICATION,
CHEMBL3989926,EFO_0000182,INDICATION,
CHEMBL3989926,EFO_0000199,INDICATION,
CHEMBL3989926,EFO_0000228,INDICATION,
CHEMBL3989926,EFO_0000349,INDICATION,
CHEMBL3989926,EFO_0000569,INDICATION,
CHEMBL3989926,EFO_0000616,INDICATION,
CHEMBL3989926,EFO_0000681,INDICATION,
CHEMBL3989926,EFO_0000702,INDICATION,
CHEMBL3989926,EFO_0000707,INDICATION,
CHEMBL3989926,EFO_0000756,INDICATION,
CHEMBL3989926,EFO_0001421,INDICATION,
CHEMBL3989926,EFO_0003060,INDICATION,
CHEMBL3989926,EFO_0005922,INDICATION,
CHEMBL3989926,MONDO_0002974,INDICATION,
CHEMBL3989926,MONDO_0003060,INDICATION,
CHEMBL3989926,MONDO_0004992,INDICATION,
CHEMBL3989926,MONDO_0007254,INDICATION,
CHEMBL3989926,MONDO_0011962,INDICATION,
CHEMBL3989927,EFO_0000403,INDICATION,
CHEMBL3989927,EFO_0000574,INDICATION,
CHEMBL3989927,EFO_0001378,INDICATION,
CHEMBL3989927,EFO_0001421,INDICATION,
CHEMBL3989927,EFO_0003073,INDICATION,
CHEMBL3989927,EFO_0005952,INDICATION,
CHEMBL3989927,MONDO_0007915,INDICATION,
CHEMBL3989927,MONDO_0018906,INDICATION,
CHEMBL3989927,MONDO_0019338,INDICATION,
CHEMBL3989928,EFO_0007448,INDICATION,
CHEMBL3989928,EFO_1001282,INDICATION,
CHEMBL3989928,EFO_1001283,INDICATION,
CHEMBL3989928,MONDO_0002041,INDICATION,
CHEMBL3989929,EFO_0000401,INDICATION,
CHEMBL3989929,EFO_0000519,INDICATION,
CHEMBL3989929,EFO_0002618,INDICATION,
CHEMBL3989929,MONDO_0002158,INDICATION,
CHEMBL3989929,MONDO_0004975,INDICATION,
CHEMBL3989929,MONDO_0008170,INDICATION,
CHEMBL3989929,MONDO_0100096,INDICATION,
CHEMBL3989931,EFO_0000222,INDICATION,
CHEMBL3989932,EFO_0005251,INDICATION,
CHEMBL3989932,EFO_0006834,INDICATION,
CHEMBL3989933,EFO_0000729,INDICATION,
CHEMBL3989934,EFO_0000095,INDICATION,
CHEMBL3989934,EFO_0000096,INDICATION,
CHEMBL3989934,EFO_0000182,INDICATION,
CHEMBL3989934,EFO_0000403,INDICATION,
CHEMBL3989934,EFO_0000756,INDICATION,
CHEMBL3989934,EFO_0005952,INDICATION,
CHEMBL3989934,MONDO_0018906,INDICATION,
CHEMBL3989936,EFO_0000731,INDICATION,
CHEMBL3989936,EFO_0001065,INDICATION,
CHEMBL3989936,MONDO_0001572,INDICATION,
CHEMBL3989937,EFO_0003060,INDICATION,
CHEMBL3989938,MONDO_0009319,INDICATION,
CHEMBL3989939,EFO_0000616,INDICATION,
CHEMBL3989939,EFO_0009708,INDICATION,
CHEMBL3989939,MONDO_0004992,INDICATION,
CHEMBL3989941,EFO_0000519,INDICATION,
CHEMBL3989941,EFO_0000756,INDICATION,
CHEMBL3989941,EFO_0001378,INDICATION,
CHEMBL3989941,EFO_1001465,INDICATION,
CHEMBL3989943,EFO_0000612,INDICATION,
CHEMBL3989943,EFO_0000756,INDICATION,
CHEMBL3989943,EFO_1001165,INDICATION,
CHEMBL3989943,EFO_1001207,INDICATION,
CHEMBL3989943,MONDO_0100096,INDICATION,
CHEMBL3989944,EFO_0000540,INDICATION,
CHEMBL3989944,EFO_0003929,INDICATION,
CHEMBL3989944,EFO_0007455,CONTRAINDICATION,
CHEMBL3989944,MONDO_0005301,INDICATION,
CHEMBL3989945,EFO_0007448,INDICATION,
CHEMBL3989945,EFO_1001282,INDICATION,
CHEMBL3989945,EFO_1001283,INDICATION,
CHEMBL3989945,MONDO_0002041,INDICATION,
CHEMBL3989947,EFO_0003894,INDICATION,
CHEMBL3989948,EFO_0001421,INDICATION,
CHEMBL3989948,MONDO_0004975,INDICATION,
CHEMBL3989949,EFO_0000474,INDICATION,
CHEMBL3989949,EFO_0001421,INDICATION,
CHEMBL3989949,EFO_0004263,INDICATION,
CHEMBL3989950,EFO_0000544,INDICATION,
CHEMBL3989951,EFO_0000616,INDICATION,
CHEMBL3989954,EFO_0000274,INDICATION,
CHEMBL3989954,EFO_0000341,INDICATION,
CHEMBL3989954,EFO_0008507,INDICATION,
CHEMBL3989954,EFO_1000869,INDICATION,
CHEMBL3989958,EFO_0000198,INDICATION,
CHEMBL3989958,EFO_0000222,INDICATION,
CHEMBL3989958,EFO_0000333,INDICATION,
CHEMBL3989958,EFO_0000616,INDICATION,
CHEMBL3989958,EFO_0001421,INDICATION,
CHEMBL3989958,EFO_0003891,INDICATION,
CHEMBL3989958,EFO_0005221,INDICATION,
CHEMBL3989958,EFO_0005543,INDICATION,
CHEMBL3989958,MONDO_0004992,INDICATION,
CHEMBL3989958,MONDO_0005184,INDICATION,
CHEMBL3989959,EFO_0003086,INDICATION,
CHEMBL3989959,EFO_0003103,INDICATION,
CHEMBL3989959,EFO_1001141,INDICATION,
CHEMBL3989959,MONDO_0021678,INDICATION,
CHEMBL3989961,EFO_0000676,INDICATION,
CHEMBL3989962,EFO_0000228,INDICATION,
CHEMBL3989962,EFO_0003050,INDICATION,
CHEMBL3989966,EFO_0000544,INDICATION,
CHEMBL3989967,EFO_0000274,INDICATION,
CHEMBL3989968,EFO_0000274,INDICATION,
CHEMBL3989969,EFO_0000685,INDICATION,
CHEMBL3989969,EFO_0001065,INDICATION,
CHEMBL3989970,EFO_0003060,INDICATION,
CHEMBL3989971,EFO_0000222,INDICATION,
CHEMBL3989971,EFO_0001378,INDICATION,
CHEMBL3989971,EFO_0003907,INDICATION,
CHEMBL3989971,MONDO_0100096,INDICATION,
CHEMBL3989972,MONDO_0005090,INDICATION,
CHEMBL3989973,EFO_1000562,INDICATION,
CHEMBL3989974,EFO_0000544,INDICATION,
CHEMBL3989974,EFO_0000771,INDICATION,
CHEMBL3989974,EFO_0003103,INDICATION,
CHEMBL3989974,EFO_0003106,INDICATION,
CHEMBL3989974,EFO_1001141,INDICATION,
CHEMBL3989974,EFO_1001272,INDICATION,
CHEMBL3989974,MONDO_0005247,INDICATION,
CHEMBL3989974,MONDO_0021678,INDICATION,
CHEMBL3989976,EFO_0000228,INDICATION,
CHEMBL3989976,EFO_0000503,INDICATION,
CHEMBL3989976,EFO_0000616,INDICATION,
CHEMBL3989976,EFO_0002618,INDICATION,
CHEMBL3989976,EFO_0002916,INDICATION,
CHEMBL3989976,EFO_0005221,INDICATION,
CHEMBL3989976,MONDO_0005184,INDICATION,
CHEMBL3989977,EFO_0000540,INDICATION,
CHEMBL3989977,EFO_0004599,INDICATION,
CHEMBL3989977,EFO_0007135,INDICATION,
CHEMBL3989977,EFO_1001806,INDICATION,
CHEMBL3989977,MONDO_0007915,INDICATION,
CHEMBL3989977,MONDO_0015540,INDICATION,
CHEMBL3989977,MONDO_0018305,INDICATION,
CHEMBL3989977,MONDO_0100096,INDICATION,
CHEMBL3989977,Orphanet_158038,INDICATION,
CHEMBL3989978,EFO_0000222,INDICATION,
CHEMBL3989979,EFO_0000198,INDICATION,
CHEMBL3989979,EFO_0000220,INDICATION,
CHEMBL3989979,EFO_0000222,INDICATION,
CHEMBL3989979,MONDO_0004992,INDICATION,
CHEMBL3989979,MONDO_0044881,INDICATION,
CHEMBL3989980,EFO_0007243,INDICATION,
CHEMBL3989983,EFO_0003060,INDICATION,
CHEMBL3989984,EFO_0000616,INDICATION,
CHEMBL3989984,EFO_0001075,INDICATION,
CHEMBL3989984,EFO_1000251,INDICATION,
CHEMBL3989984,EFO_1001100,INDICATION,
CHEMBL3989985,EFO_0004599,INDICATION,
CHEMBL3989985,EFO_1000874,INDICATION,
CHEMBL3989986,EFO_0000398,INDICATION,
CHEMBL3989986,EFO_0000540,INDICATION,
CHEMBL3989986,EFO_0004256,INDICATION,
CHEMBL3989986,EFO_0004610,INDICATION,
CHEMBL3989986,EFO_0004991,INDICATION,
CHEMBL3989986,EFO_0007541,INDICATION,
CHEMBL3989986,EFO_1000637,INDICATION,
CHEMBL3989986,MONDO_0001549,INDICATION,
CHEMBL3989986,MONDO_0004976,INDICATION,
CHEMBL3989986,MONDO_0016244,INDICATION,
CHEMBL3989986,MONDO_0019737,INDICATION,
CHEMBL3989986,MONDO_0100244,INDICATION,
CHEMBL3989987,EFO_0004129,INDICATION,
CHEMBL3989987,EFO_1000783,INDICATION,
CHEMBL3989987,EFO_1001875,INDICATION,
CHEMBL3989988,EFO_0000616,INDICATION,
CHEMBL3989989,EFO_0000096,INDICATION,
CHEMBL3989989,EFO_0000403,INDICATION,
CHEMBL3989989,EFO_0000574,INDICATION,
CHEMBL3989989,EFO_0001642,INDICATION,
CHEMBL3989989,EFO_1001469,INDICATION,
CHEMBL3989989,MONDO_0018906,INDICATION,
CHEMBL3989990,EFO_0000182,INDICATION,
CHEMBL3989990,EFO_0002618,INDICATION,
CHEMBL3989992,EFO_0002618,INDICATION,
CHEMBL3989992,EFO_0003060,INDICATION,
CHEMBL3989993,EFO_1001051,INDICATION,
CHEMBL3989996,EFO_0007243,INDICATION,
CHEMBL3989997,EFO_0005681,INDICATION,
CHEMBL3989997,EFO_0007496,INDICATION,
CHEMBL3989999,EFO_0004599,INDICATION,
CHEMBL3989999,MONDO_0013730,INDICATION,
CHEMBL3990000,EFO_0000685,INDICATION,
CHEMBL3990000,EFO_0000699,INDICATION,
CHEMBL3990001,EFO_0007243,INDICATION,
CHEMBL3990003,EFO_0000574,INDICATION,
CHEMBL3990004,EFO_0000199,INDICATION,
CHEMBL3990006,EFO_0000222,INDICATION,
CHEMBL3990006,EFO_0002618,INDICATION,
CHEMBL3990008,EFO_0000574,INDICATION,
CHEMBL3990008,Orphanet_2442,INDICATION,
CHEMBL3990011,EFO_0000616,INDICATION,
CHEMBL3990011,EFO_0000702,INDICATION,
CHEMBL3990011,MONDO_0004992,INDICATION,
CHEMBL3990012,MONDO_0005148,INDICATION,
CHEMBL3990014,EFO_0000384,INDICATION,
CHEMBL3990014,EFO_0000676,INDICATION,
CHEMBL3990014,EFO_0000729,INDICATION,
CHEMBL3990016,EFO_0000616,INDICATION,
CHEMBL3990016,EFO_0003060,INDICATION,
CHEMBL3990016,EFO_0003869,INDICATION,
CHEMBL3990016,MONDO_0001187,INDICATION,
CHEMBL3990016,MONDO_0004992,INDICATION,
CHEMBL3990016,MONDO_0007254,INDICATION,
CHEMBL3990016,MONDO_0008315,INDICATION,
CHEMBL3990017,MONDO_0009656,INDICATION,
CHEMBL3990018,EFO_0000616,INDICATION,
CHEMBL3990020,EFO_0000220,INDICATION,
CHEMBL3990021,EFO_0000198,INDICATION,
CHEMBL3990021,EFO_0000222,INDICATION,
CHEMBL3990021,EFO_0000224,INDICATION,
CHEMBL3990022,EFO_0000616,INDICATION,
CHEMBL3990022,EFO_0008528,INDICATION,
CHEMBL3990023,EFO_0000691,INDICATION,
CHEMBL3990023,EFO_0003869,INDICATION,
CHEMBL3990023,EFO_0004198,INDICATION,
CHEMBL3990023,EFO_0005543,INDICATION,
CHEMBL3990023,EFO_1000158,INDICATION,
CHEMBL3990025,EFO_0002689,INDICATION,
CHEMBL3990025,EFO_0004599,INDICATION,
CHEMBL3990026,EFO_0000616,INDICATION,
CHEMBL3990026,MONDO_0015974,INDICATION,
CHEMBL3990026,Orphanet_277,INDICATION,
CHEMBL3990028,EFO_0000676,INDICATION,
CHEMBL3990028,EFO_0004236,INDICATION,
CHEMBL3990029,EFO_0000384,INDICATION,
CHEMBL3990029,EFO_0000540,INDICATION,
CHEMBL3990029,EFO_0000676,INDICATION,
CHEMBL3990029,EFO_0000729,INDICATION,
CHEMBL3990029,EFO_0003778,INDICATION,
CHEMBL3990029,EFO_0003898,INDICATION,
CHEMBL3990029,EFO_1000710,INDICATION,
CHEMBL3990029,MONDO_0002406,INDICATION,
CHEMBL3990029,MONDO_0004979,INDICATION,
CHEMBL3990029,MONDO_0015597,INDICATION,
CHEMBL3990029,MONDO_0100096,INDICATION,
CHEMBL3990030,EFO_0000616,INDICATION,
CHEMBL3990031,EFO_0000616,INDICATION,
CHEMBL3990032,EFO_0000708,INDICATION,
CHEMBL3990032,EFO_0003060,INDICATION,
CHEMBL3990032,MONDO_0004992,INDICATION,
CHEMBL3990033,EFO_0000319,INDICATION,
CHEMBL3990033,EFO_0001645,INDICATION,
CHEMBL3990033,EFO_0003086,INDICATION,
CHEMBL3990033,EFO_0003914,INDICATION,
CHEMBL3990033,EFO_0004911,INDICATION,
CHEMBL3990033,EFO_0005672,INDICATION,
CHEMBL3990033,MONDO_0018328,INDICATION,
CHEMBL3990033,MONDO_0021187,INDICATION,
CHEMBL3990034,MONDO_0010604,INDICATION,
CHEMBL3990038,EFO_0000222,INDICATION,
CHEMBL3990039,MONDO_0010602,INDICATION,
CHEMBL3990039,MONDO_0010604,INDICATION,
CHEMBL3990039,MONDO_0018660,INDICATION,
CHEMBL3990040,EFO_0000565,INDICATION,
CHEMBL3990040,EFO_0001642,INDICATION,
CHEMBL3990040,MONDO_0008315,INDICATION,
CHEMBL3990041,EFO_0000770,INDICATION,
CHEMBL3990041,MONDO_0001187,INDICATION,
CHEMBL3990042,MONDO_0004975,INDICATION,
CHEMBL3990042,MONDO_0019037,INDICATION,
CHEMBL3990042,Orphanet_240071,INDICATION,
CHEMBL3990043,EFO_0000556,INDICATION,
CHEMBL3990043,EFO_0004265,INDICATION,
CHEMBL3990043,EFO_1000783,INDICATION,
CHEMBL3990043,EFO_1001375,INDICATION,
CHEMBL3990043,EFO_1001459,INDICATION,
CHEMBL3990043,MONDO_0004976,INDICATION,
CHEMBL3990043,MONDO_0015626,INDICATION,
CHEMBL3990044,EFO_0000181,INDICATION,
CHEMBL3990044,EFO_0000182,INDICATION,
CHEMBL3990044,EFO_0000222,INDICATION,
CHEMBL3990044,EFO_0000365,INDICATION,
CHEMBL3990044,EFO_0000389,INDICATION,
CHEMBL3990044,EFO_0000403,INDICATION,
CHEMBL3990044,EFO_0000519,INDICATION,
CHEMBL3990044,EFO_0000574,INDICATION,
CHEMBL3990044,EFO_0000616,INDICATION,
CHEMBL3990044,EFO_0000681,INDICATION,
CHEMBL3990044,EFO_0000707,INDICATION,
CHEMBL3990044,EFO_0000756,INDICATION,
CHEMBL3990044,EFO_0001378,INDICATION,
CHEMBL3990044,EFO_0002617,INDICATION,
CHEMBL3990044,EFO_0003016,INDICATION,
CHEMBL3990044,EFO_0003060,INDICATION,
CHEMBL3990044,EFO_0004142,INDICATION,
CHEMBL3990044,EFO_0004193,INDICATION,
CHEMBL3990044,EFO_1001465,INDICATION,
CHEMBL3990044,EFO_1001950,INDICATION,
CHEMBL3990044,EFO_1001951,INDICATION,
CHEMBL3990044,EFO_1001968,INDICATION,
CHEMBL3990044,MONDO_0001056,INDICATION,
CHEMBL3990044,MONDO_0004992,INDICATION,
CHEMBL3990044,MONDO_0007576,INDICATION,
CHEMBL3990044,MONDO_0008978,INDICATION,
CHEMBL3990044,MONDO_0018906,INDICATION,
CHEMBL3990044,MONDO_0044881,INDICATION,
CHEMBL3990045,EFO_0005543,INDICATION,
CHEMBL3990045,MONDO_0001657,INDICATION,
CHEMBL3990047,EFO_0000546,INDICATION,
CHEMBL3990047,EFO_1000714,INDICATION,
CHEMBL3990248,EFO_0005755,INDICATION,
CHEMBL3990276,EFO_0003060,INDICATION,
CHEMBL3990276,EFO_0003957,INDICATION,
CHEMBL3990276,EFO_0004616,INDICATION,
CHEMBL3990276,EFO_0009637,INDICATION,
CHEMBL3990276,EFO_1000786,INDICATION,
CHEMBL3990804,EFO_0000400,INDICATION,
CHEMBL3991035,DOID_10113,INDICATION,
CHEMBL3991035,EFO_0000198,INDICATION,
CHEMBL3991035,EFO_0000546,INDICATION,
CHEMBL3991035,EFO_0000756,INDICATION,
CHEMBL3991035,EFO_0005044,INDICATION,
CHEMBL3991035,EFO_0005045,INDICATION,
CHEMBL3991035,EFO_0005046,INDICATION,
CHEMBL3991035,MONDO_0004992,INDICATION,
CHEMBL3991065,MONDO_0005277,INDICATION,
CHEMBL3991241,EFO_0003884,INDICATION,
CHEMBL3991241,EFO_0010690,INDICATION,
CHEMBL3991241,MONDO_0002280,INDICATION,
CHEMBL3991443,EFO_0004272,INDICATION,
CHEMBL3991932,EFO_0000198,INDICATION,
CHEMBL399510,EFO_0008533,INDICATION,
CHEMBL399510,EFO_0010282,INDICATION,
CHEMBL4,DOID_7551,INDICATION,
CHEMBL4,EFO_0000400,CONTRAINDICATION,
CHEMBL4,EFO_0000474,CONTRAINDICATION,
CHEMBL4,EFO_0000544,INDICATION,
CHEMBL4,EFO_0000771,INDICATION,
CHEMBL4,EFO_0000778,INDICATION,
CHEMBL4,EFO_0003086,CONTRAINDICATION,
CHEMBL4,EFO_0003100,CONTRAINDICATION,
CHEMBL4,EFO_0003102,INDICATION,
CHEMBL4,EFO_0003103,INDICATION,
CHEMBL4,EFO_0003106,INDICATION,
CHEMBL4,EFO_0003830,INDICATION,
CHEMBL4,EFO_0003894,INDICATION,
CHEMBL4,EFO_0004190,INDICATION,
CHEMBL4,EFO_0004238,INDICATION,
CHEMBL4,EFO_0004991,CONTRAINDICATION,
CHEMBL4,EFO_0004992,INDICATION,
CHEMBL4,EFO_0005307,CONTRAINDICATION,
CHEMBL4,EFO_0005585,INDICATION,
CHEMBL4,EFO_0005681,INDICATION,
CHEMBL4,EFO_0006505,INDICATION,
CHEMBL4,EFO_0006789,INDICATION,
CHEMBL4,EFO_0007381,INDICATION,
CHEMBL4,EFO_0007387,INDICATION,
CHEMBL4,EFO_0007470,INDICATION,
CHEMBL4,EFO_0007496,INDICATION,
CHEMBL4,EFO_0007499,INDICATION,
CHEMBL4,EFO_0009449,INDICATION,
CHEMBL4,EFO_0009560,INDICATION,
CHEMBL4,EFO_0009661,INDICATION,
CHEMBL4,EFO_1000025,INDICATION,
CHEMBL4,EFO_1000049,OFF_LABEL_USE,
CHEMBL4,EFO_1000829,INDICATION,
CHEMBL4,EFO_1000905,CONTRAINDICATION,
CHEMBL4,EFO_1001069,INDICATION,
CHEMBL4,EFO_1001141,INDICATION,
CHEMBL4,EFO_1001272,INDICATION,
CHEMBL4,EFO_1001318,INDICATION,
CHEMBL4,EFO_1001375,CONTRAINDICATION,
CHEMBL4,EFO_1001388,INDICATION,
CHEMBL4,EFO_1001459,INDICATION,
CHEMBL4,EFO_1001869,INDICATION,
CHEMBL4,EFO_1001888,INDICATION,
CHEMBL4,MONDO_0001080,INDICATION,
CHEMBL4,MONDO_0001343,CONTRAINDICATION,
CHEMBL4,MONDO_0001701,OFF_LABEL_USE,
CHEMBL4,MONDO_0002186,INDICATION,
CHEMBL4,MONDO_0002280,CONTRAINDICATION,
CHEMBL4,MONDO_0004215,OFF_LABEL_USE,
CHEMBL4,MONDO_0004857,CONTRAINDICATION,
CHEMBL4,MONDO_0005041,INDICATION,
CHEMBL4,MONDO_0005247,INDICATION,
CHEMBL4,MONDO_0019171,CONTRAINDICATION,
CHEMBL4,MONDO_0025598,INDICATION,
CHEMBL4,MONDO_0040732,INDICATION,
CHEMBL4,MONDO_0100192,CONTRAINDICATION,
CHEMBL40,EFO_0000217,CONTRAINDICATION,
CHEMBL40,EFO_0000319,CONTRAINDICATION,
CHEMBL40,EFO_0000341,CONTRAINDICATION,
CHEMBL40,EFO_0000400,CONTRAINDICATION,
CHEMBL40,EFO_0000474,OFF_LABEL_USE,
CHEMBL40,EFO_0000537,CONTRAINDICATION,
CHEMBL40,EFO_0000574,INDICATION,
CHEMBL40,EFO_0000612,CONTRAINDICATION,
CHEMBL40,EFO_0000729,CONTRAINDICATION,
CHEMBL40,EFO_0001064,CONTRAINDICATION,
CHEMBL40,EFO_0001645,CONTRAINDICATION,
CHEMBL40,EFO_0003086,CONTRAINDICATION,
CHEMBL40,EFO_0003777,CONTRAINDICATION,
CHEMBL40,EFO_0003779,CONTRAINDICATION,
CHEMBL40,EFO_0003854,OFF_LABEL_USE,
CHEMBL40,EFO_0003875,CONTRAINDICATION,
CHEMBL40,EFO_0003877,CONTRAINDICATION,
CHEMBL40,EFO_0003928,CONTRAINDICATION,
CHEMBL40,EFO_0003948,CONTRAINDICATION,
CHEMBL40,EFO_0004242,CONTRAINDICATION,
CHEMBL40,EFO_0004262,CONTRAINDICATION,
CHEMBL40,EFO_0004274,CONTRAINDICATION,
CHEMBL40,EFO_0004283,CONTRAINDICATION,
CHEMBL40,EFO_0004698,CONTRAINDICATION,
CHEMBL40,EFO_0004705,CONTRAINDICATION,
CHEMBL40,EFO_0004777,OFF_LABEL_USE,
CHEMBL40,EFO_0004991,CONTRAINDICATION,
CHEMBL40,EFO_0005230,INDICATION,
CHEMBL40,EFO_0005251,CONTRAINDICATION,
CHEMBL40,EFO_0005407,CONTRAINDICATION,
CHEMBL40,EFO_0005799,INDICATION,
CHEMBL40,EFO_0007149,CONTRAINDICATION,
CHEMBL40,EFO_0007262,INDICATION,
CHEMBL40,EFO_0007467,CONTRAINDICATION,
CHEMBL40,EFO_0008506,CONTRAINDICATION,
CHEMBL40,EFO_0008526,OFF_LABEL_USE,
CHEMBL40,EFO_0009189,CONTRAINDICATION,
CHEMBL40,EFO_0009430,OFF_LABEL_USE,
CHEMBL40,EFO_0009448,CONTRAINDICATION,
CHEMBL40,EFO_0009454,CONTRAINDICATION,
CHEMBL40,EFO_0009532,CONTRAINDICATION,
CHEMBL40,EFO_0009571,CONTRAINDICATION,
CHEMBL40,EFO_0009661,CONTRAINDICATION,
CHEMBL40,EFO_0009910,CONTRAINDICATION,
CHEMBL40,EFO_1000391,CONTRAINDICATION,
CHEMBL40,EFO_1000684,CONTRAINDICATION,
CHEMBL40,EFO_1001095,CONTRAINDICATION,
CHEMBL40,EFO_1001134,CONTRAINDICATION,
CHEMBL40,EFO_1001375,CONTRAINDICATION,
CHEMBL40,EFO_1001872,CONTRAINDICATION,
CHEMBL40,MONDO_0001343,CONTRAINDICATION,
CHEMBL40,MONDO_0001475,INDICATION,
CHEMBL40,MONDO_0001566,CONTRAINDICATION,
CHEMBL40,MONDO_0001700,CONTRAINDICATION,
CHEMBL40,MONDO_0001744,CONTRAINDICATION,
CHEMBL40,MONDO_0002050,CONTRAINDICATION,
CHEMBL40,MONDO_0002280,CONTRAINDICATION,
CHEMBL40,MONDO_0002491,CONTRAINDICATION,
CHEMBL40,MONDO_0004247,CONTRAINDICATION,
CHEMBL40,MONDO_0004596,CONTRAINDICATION,
CHEMBL40,MONDO_0005041,CONTRAINDICATION,
CHEMBL40,MONDO_0005090,INDICATION,
CHEMBL40,MONDO_0005277,INDICATION,
CHEMBL40,MONDO_0005299,CONTRAINDICATION,
CHEMBL40,MONDO_0007079,CONTRAINDICATION,
CHEMBL40,MONDO_0007915,CONTRAINDICATION,
CHEMBL40,MONDO_0009061,CONTRAINDICATION,
CHEMBL40,MONDO_0015909,CONTRAINDICATION,
CHEMBL40,MONDO_0016532,INDICATION,
CHEMBL40,MONDO_0018660,CONTRAINDICATION,
CHEMBL40,MONDO_0018848,CONTRAINDICATION,
CHEMBL40,MONDO_0018896,CONTRAINDICATION,
CHEMBL40,MONDO_0019338,CONTRAINDICATION,
CHEMBL40,MONDO_0024574,CONTRAINDICATION,
CHEMBL40,MONDO_0037821,CONTRAINDICATION,
CHEMBL40,MONDO_0100192,CONTRAINDICATION,
CHEMBL40,Orphanet_903,CONTRAINDICATION,
CHEMBL400599,EFO_0000400,INDICATION,
CHEMBL400599,MONDO_0005148,INDICATION,
CHEMBL402001,EFO_0000546,INDICATION,
CHEMBL402548,EFO_0000565,INDICATION,
CHEMBL402548,EFO_0001378,INDICATION,
CHEMBL402548,MONDO_0008315,INDICATION,
CHEMBL403,EFO_0000544,INDICATION,
CHEMBL403,EFO_0000771,INDICATION,
CHEMBL403,EFO_0002623,INDICATION,
CHEMBL403,EFO_0003086,CONTRAINDICATION,
CHEMBL403,EFO_0003102,INDICATION,
CHEMBL403,EFO_0005681,INDICATION,
CHEMBL403,EFO_0007326,CONTRAINDICATION,
CHEMBL403,EFO_0007470,INDICATION,
CHEMBL403,EFO_0009948,INDICATION,
CHEMBL403,EFO_1001040,OFF_LABEL_USE,
CHEMBL403,EFO_1001141,INDICATION,
CHEMBL403,EFO_1001272,OFF_LABEL_USE,
CHEMBL403,EFO_1001318,INDICATION,
CHEMBL403,MONDO_0001316,OFF_LABEL_USE,
CHEMBL403,MONDO_0004789,INDICATION,
CHEMBL403664,EFO_0000180,INDICATION,
CHEMBL403664,EFO_0000181,INDICATION,
CHEMBL403664,EFO_0000183,INDICATION,
CHEMBL403664,EFO_0000211,INDICATION,
CHEMBL403664,EFO_0000389,INDICATION,
CHEMBL403664,EFO_0000403,INDICATION,
CHEMBL403664,EFO_0000514,INDICATION,
CHEMBL403664,EFO_0000558,INDICATION,
CHEMBL403664,EFO_0000574,INDICATION,
CHEMBL403664,EFO_0000616,INDICATION,
CHEMBL403664,EFO_0000707,INDICATION,
CHEMBL403664,EFO_0001378,INDICATION,
CHEMBL403664,EFO_0002618,INDICATION,
CHEMBL403664,EFO_0004281,INDICATION,
CHEMBL403664,EFO_0005952,INDICATION,
CHEMBL403664,EFO_0006859,INDICATION,
CHEMBL403664,EFO_0007362,INDICATION,
CHEMBL403664,EFO_0009637,INDICATION,
CHEMBL403664,EFO_1000158,INDICATION,
CHEMBL403664,EFO_1000415,INDICATION,
CHEMBL403664,EFO_1000437,INDICATION,
CHEMBL403664,EFO_1000564,INDICATION,
CHEMBL403664,EFO_1000574,INDICATION,
CHEMBL403664,EFO_1000657,INDICATION,
CHEMBL403664,EFO_1001365,INDICATION,
CHEMBL403664,MONDO_0001056,INDICATION,
CHEMBL403664,MONDO_0001370,INDICATION,
CHEMBL403664,MONDO_0001528,INDICATION,
CHEMBL403664,MONDO_0002601,INDICATION,
CHEMBL403664,MONDO_0002691,INDICATION,
CHEMBL403664,MONDO_0002974,INDICATION,
CHEMBL403664,MONDO_0003001,INDICATION,
CHEMBL403664,MONDO_0003751,INDICATION,
CHEMBL403664,MONDO_0004992,INDICATION,
CHEMBL403664,MONDO_0008170,INDICATION,
CHEMBL403664,MONDO_0009348,INDICATION,
CHEMBL403664,MONDO_0021657,INDICATION,
CHEMBL403989,EFO_0003770,INDICATION,
CHEMBL403989,EFO_0004683,INDICATION,
CHEMBL403989,EFO_0009606,INDICATION,
CHEMBL404,EFO_0000544,INDICATION,
CHEMBL404,EFO_0000771,INDICATION,
CHEMBL404,EFO_0001076,INDICATION,
CHEMBL404,EFO_0002618,INDICATION,
CHEMBL404,EFO_0003030,INDICATION,
CHEMBL404,EFO_0003035,INDICATION,
CHEMBL404,EFO_0003086,CONTRAINDICATION,
CHEMBL404,EFO_0003102,INDICATION,
CHEMBL404,EFO_0003103,INDICATION,
CHEMBL404,EFO_0003106,INDICATION,
CHEMBL404,EFO_0004992,INDICATION,
CHEMBL404,EFO_0005681,INDICATION,
CHEMBL404,EFO_0005741,INDICATION,
CHEMBL404,EFO_0006834,INDICATION,
CHEMBL404,EFO_0007149,INDICATION,
CHEMBL404,EFO_0007326,CONTRAINDICATION,
CHEMBL404,EFO_0007328,INDICATION,
CHEMBL404,EFO_0008588,INDICATION,
CHEMBL404,EFO_0009314,CONTRAINDICATION,
CHEMBL404,EFO_1001141,INDICATION,
CHEMBL404,EFO_1001272,INDICATION,
CHEMBL404,EFO_1001289,INDICATION,
CHEMBL404,EFO_1001312,INDICATION,
CHEMBL404,EFO_1001313,INDICATION,
CHEMBL404,EFO_1001388,INDICATION,
CHEMBL404,EFO_1001459,INDICATION,
CHEMBL404,EFO_1001865,INDICATION,
CHEMBL404,MONDO_0003529,INDICATION,
CHEMBL404,MONDO_0013730,INDICATION,
CHEMBL404,MONDO_0044881,INDICATION,
CHEMBL404,MONDO_0100096,INDICATION,
CHEMBL404108,EFO_0000685,INDICATION,
CHEMBL404108,EFO_0004616,INDICATION,
CHEMBL404108,EFO_0005755,INDICATION,
CHEMBL404108,EFO_1000786,INDICATION,
CHEMBL404108,MONDO_0005178,INDICATION,
CHEMBL404216,EFO_0005230,INDICATION,
CHEMBL404422,EFO_0000341,CONTRAINDICATION,
CHEMBL404422,EFO_0003086,CONTRAINDICATION,
CHEMBL404422,EFO_0003877,CONTRAINDICATION,
CHEMBL404422,EFO_0004698,INDICATION,
CHEMBL404422,MONDO_0002050,CONTRAINDICATION,
CHEMBL404422,MONDO_0002280,CONTRAINDICATION,
CHEMBL404422,MONDO_0002491,CONTRAINDICATION,
CHEMBL404422,MONDO_0007079,CONTRAINDICATION,
CHEMBL404422,MONDO_0037821,CONTRAINDICATION,
CHEMBL404422,MONDO_0100192,CONTRAINDICATION,
CHEMBL404431,EFO_0007444,INDICATION,
CHEMBL404519,EFO_0000180,INDICATION,
CHEMBL404519,EFO_0000764,INDICATION,
CHEMBL404520,EFO_0000544,INDICATION,
CHEMBL404520,EFO_0000771,INDICATION,
CHEMBL404520,EFO_0003102,INDICATION,
CHEMBL404520,EFO_1000829,OFF_LABEL_USE,
CHEMBL404520,EFO_1001888,INDICATION,
CHEMBL404520,MONDO_0002307,OFF_LABEL_USE,
CHEMBL404849,EFO_0000319,INDICATION,
CHEMBL405,EFO_0000318,CONTRAINDICATION,
CHEMBL405,EFO_0000319,CONTRAINDICATION,
CHEMBL405,EFO_0000341,CONTRAINDICATION,
CHEMBL405,EFO_0000400,CONTRAINDICATION,
CHEMBL405,EFO_0000474,CONTRAINDICATION,
CHEMBL405,EFO_0000537,CONTRAINDICATION,
CHEMBL405,EFO_0000612,CONTRAINDICATION,
CHEMBL405,EFO_0000712,CONTRAINDICATION,
CHEMBL405,EFO_0001073,INDICATION,
CHEMBL405,EFO_0001645,CONTRAINDICATION,
CHEMBL405,EFO_0002610,INDICATION,
CHEMBL405,EFO_0003086,CONTRAINDICATION,
CHEMBL405,EFO_0003877,CONTRAINDICATION,
CHEMBL405,EFO_0003888,INDICATION,
CHEMBL405,EFO_0003890,CONTRAINDICATION,
CHEMBL405,EFO_0003925,INDICATION,
CHEMBL405,EFO_0004190,CONTRAINDICATION,
CHEMBL405,EFO_0004895,CONTRAINDICATION,
CHEMBL405,EFO_0005407,CONTRAINDICATION,
CHEMBL405,EFO_0009086,CONTRAINDICATION,
CHEMBL405,EFO_0009189,CONTRAINDICATION,
CHEMBL405,EFO_1001069,CONTRAINDICATION,
CHEMBL405,EFO_1001375,CONTRAINDICATION,
CHEMBL405,MONDO_0001744,CONTRAINDICATION,
CHEMBL405,MONDO_0002050,CONTRAINDICATION,
CHEMBL405,MONDO_0002277,CONTRAINDICATION,
CHEMBL405,MONDO_0002280,CONTRAINDICATION,
CHEMBL405,MONDO_0002491,CONTRAINDICATION,
CHEMBL405,MONDO_0004985,CONTRAINDICATION,
CHEMBL405,MONDO_0005041,CONTRAINDICATION,
CHEMBL405,MONDO_0005351,CONTRAINDICATION,
CHEMBL405,MONDO_0007079,CONTRAINDICATION,
CHEMBL405,MONDO_0016158,INDICATION,
CHEMBL405,MONDO_0021107,INDICATION,
CHEMBL405,MONDO_0037821,CONTRAINDICATION,
CHEMBL405,MONDO_0100192,CONTRAINDICATION,
CHEMBL405110,EFO_0000217,CONTRAINDICATION,
CHEMBL405110,EFO_0000319,CONTRAINDICATION,
CHEMBL405110,EFO_0000400,CONTRAINDICATION,
CHEMBL405110,EFO_0000537,CONTRAINDICATION,
CHEMBL405110,EFO_0001422,CONTRAINDICATION,
CHEMBL405110,EFO_0001645,CONTRAINDICATION,
CHEMBL405110,EFO_0003086,CONTRAINDICATION,
CHEMBL405110,EFO_0003948,CONTRAINDICATION,
CHEMBL405110,EFO_0004991,CONTRAINDICATION,
CHEMBL405110,EFO_0007287,CONTRAINDICATION,
CHEMBL405110,EFO_0009189,CONTRAINDICATION,
CHEMBL405110,EFO_0009190,CONTRAINDICATION,
CHEMBL405110,EFO_0009314,CONTRAINDICATION,
CHEMBL405110,EFO_0009532,CONTRAINDICATION,
CHEMBL405110,EFO_1000391,CONTRAINDICATION,
CHEMBL405110,MONDO_0000328,CONTRAINDICATION,
CHEMBL405110,MONDO_0001117,INDICATION,
CHEMBL405110,MONDO_0002280,CONTRAINDICATION,
CHEMBL405110,MONDO_0005041,CONTRAINDICATION,
CHEMBL405110,MONDO_0018660,CONTRAINDICATION,
CHEMBL405110,MONDO_0018896,CONTRAINDICATION,
CHEMBL405110,MONDO_0100192,CONTRAINDICATION,
CHEMBL405821,EFO_0000694,INDICATION,
CHEMBL405821,MONDO_0004979,INDICATION,
CHEMBL405821,MONDO_0011382,INDICATION,
CHEMBL405821,MONDO_0100096,INDICATION,
CHEMBL4059888,EFO_0003869,INDICATION,
CHEMBL4059888,EFO_0006318,INDICATION,
CHEMBL406,EFO_0000319,INDICATION,
CHEMBL406,EFO_0000373,INDICATION,
CHEMBL406,EFO_0000400,CONTRAINDICATION,
CHEMBL406,EFO_0000537,INDICATION,
CHEMBL406,EFO_0000668,INDICATION,
CHEMBL406,EFO_0003840,INDICATION,
CHEMBL406,EFO_0004274,CONTRAINDICATION,
CHEMBL406,EFO_0008506,CONTRAINDICATION,
CHEMBL406,EFO_0009530,CONTRAINDICATION,
CHEMBL406,MONDO_0001134,INDICATION,
CHEMBL406,MONDO_0005148,INDICATION,
CHEMBL406050,EFO_0003860,INDICATION,
CHEMBL406117,EFO_0000540,INDICATION,
CHEMBL406117,EFO_0005297,INDICATION,
CHEMBL406117,EFO_0005761,INDICATION,
CHEMBL406393,EFO_0000622,INDICATION,
CHEMBL406393,EFO_0000759,INDICATION,
CHEMBL406393,EFO_0001073,INDICATION,
CHEMBL406393,EFO_0003843,INDICATION,
CHEMBL4065122,EFO_0000685,INDICATION,
CHEMBL4065122,EFO_0003840,INDICATION,
CHEMBL4065122,EFO_0005531,INDICATION,
CHEMBL4065122,EFO_0005809,INDICATION,
CHEMBL4065122,MONDO_0005301,INDICATION,
CHEMBL4065122,MONDO_0007915,INDICATION,
CHEMBL4065616,EFO_0000694,INDICATION,
CHEMBL4065616,EFO_0000763,INDICATION,
CHEMBL4065616,EFO_0007224,INDICATION,
CHEMBL4065616,EFO_0007243,INDICATION,
CHEMBL4065616,EFO_0007541,INDICATION,
CHEMBL4065616,EFO_1000637,INDICATION,
CHEMBL4065616,MONDO_0100096,INDICATION,
CHEMBL4066936,EFO_0000195,INDICATION,
CHEMBL4066936,EFO_0000319,INDICATION,
CHEMBL4066936,EFO_0001645,INDICATION,
CHEMBL4066936,EFO_0003144,INDICATION,
CHEMBL4067549,EFO_0000616,INDICATION,
CHEMBL4068108,EFO_0000095,INDICATION,
CHEMBL4068108,EFO_0000384,INDICATION,
CHEMBL4068108,EFO_0000681,INDICATION,
CHEMBL4068108,EFO_0000756,INDICATION,
CHEMBL4068108,MONDO_0008315,INDICATION,
CHEMBL4068509,EFO_0008528,INDICATION,
CHEMBL4068611,EFO_0000616,INDICATION,
CHEMBL4068611,EFO_0000673,INDICATION,
CHEMBL4068611,EFO_0003099,INDICATION,
CHEMBL4068611,EFO_1000251,INDICATION,
CHEMBL4068611,EFO_1000796,INDICATION,
CHEMBL4068611,EFO_1000797,INDICATION,
CHEMBL4068611,MONDO_0005184,INDICATION,
CHEMBL4068611,MONDO_0008170,INDICATION,
CHEMBL4068611,MONDO_0008315,INDICATION,
CHEMBL4069220,EFO_0005045,INDICATION,
CHEMBL4069597,EFO_0000544,INDICATION,
CHEMBL4069597,EFO_0007282,INDICATION,
CHEMBL4069597,EFO_1001347,INDICATION,
CHEMBL4069704,EFO_0001361,INDICATION,
CHEMBL407,EFO_0000474,CONTRAINDICATION,
CHEMBL407,EFO_0003777,CONTRAINDICATION,
CHEMBL407,EFO_0003890,INDICATION,
CHEMBL407,EFO_0004242,INDICATION,
CHEMBL407,EFO_0004262,CONTRAINDICATION,
CHEMBL407,EFO_0004698,INDICATION,
CHEMBL407,EFO_0005230,INDICATION,
CHEMBL407,EFO_1001884,INDICATION,
CHEMBL407,MONDO_0005180,INDICATION,
CHEMBL407,MONDO_0007079,INDICATION,
CHEMBL407,MONDO_0010383,INDICATION,
CHEMBL407,MONDO_0018044,INDICATION,
CHEMBL407,MONDO_0021107,INDICATION,
CHEMBL4071161,EFO_0000095,INDICATION,
CHEMBL4071161,EFO_0000574,INDICATION,
CHEMBL4071161,EFO_0000616,INDICATION,
CHEMBL4071161,EFO_0000685,INDICATION,
CHEMBL4071161,EFO_0000699,INDICATION,
CHEMBL4071161,EFO_0005531,INDICATION,
CHEMBL4071161,EFO_0009441,INDICATION,
CHEMBL4071161,MONDO_0004992,INDICATION,
CHEMBL4071864,EFO_0000540,INDICATION,
CHEMBL4071864,EFO_0000676,INDICATION,
CHEMBL4071864,EFO_0000685,INDICATION,
CHEMBL4071864,EFO_0000729,INDICATION,
CHEMBL4071864,EFO_0003767,INDICATION,
CHEMBL4072756,EFO_0000341,INDICATION,
CHEMBL4072756,MONDO_0004979,INDICATION,
CHEMBL4072833,EFO_0000685,INDICATION,
CHEMBL4072833,EFO_0003086,INDICATION,
CHEMBL4072833,EFO_0003929,INDICATION,
CHEMBL4072833,MONDO_0005301,INDICATION,
CHEMBL4072833,MONDO_0007915,INDICATION,
CHEMBL4073292,MONDO_0000831,INDICATION,
CHEMBL4073443,EFO_0000222,INDICATION,
CHEMBL4073443,EFO_0000574,INDICATION,
CHEMBL4073443,EFO_0000616,INDICATION,
CHEMBL4073443,EFO_0003060,INDICATION,
CHEMBL4073443,EFO_1001951,INDICATION,
CHEMBL4073443,MONDO_0004992,INDICATION,
CHEMBL4073443,MONDO_0007254,INDICATION,
CHEMBL4073443,MONDO_0008315,INDICATION,
CHEMBL4073796,EFO_0008507,INDICATION,
CHEMBL4073796,EFO_0009314,CONTRAINDICATION,
CHEMBL4073796,MONDO_0018660,CONTRAINDICATION,
CHEMBL4074884,EFO_0000407,INDICATION,
CHEMBL4074884,EFO_0000729,INDICATION,
CHEMBL4074884,EFO_0003095,INDICATION,
CHEMBL4074884,EFO_0004220,INDICATION,
CHEMBL4074884,MONDO_0005180,INDICATION,
CHEMBL4076467,EFO_0003047,INDICATION,
CHEMBL4076467,EFO_0004220,INDICATION,
CHEMBL4076837,MONDO_0007254,INDICATION,
CHEMBL4078100,EFO_0000222,INDICATION,
CHEMBL4078100,EFO_0000403,INDICATION,
CHEMBL4078588,MONDO_0004975,INDICATION,
CHEMBL407874,EFO_0000389,INDICATION,
CHEMBL407874,EFO_0000519,INDICATION,
CHEMBL407874,EFO_0000574,INDICATION,
CHEMBL407874,EFO_0000616,INDICATION,
CHEMBL407874,EFO_0000691,INDICATION,
CHEMBL407874,EFO_0001378,INDICATION,
CHEMBL407874,EFO_0002913,INDICATION,
CHEMBL407874,EFO_1000158,INDICATION,
CHEMBL407874,EFO_1000785,INDICATION,
CHEMBL407874,EFO_1001051,INDICATION,
CHEMBL407874,EFO_1001465,INDICATION,
CHEMBL407874,EFO_1001951,INDICATION,
CHEMBL4079239,MONDO_0002009,INDICATION,
CHEMBL408,EFO_0000400,INDICATION,
CHEMBL408,EFO_0000691,INDICATION,
CHEMBL408,MONDO_0005148,INDICATION,
CHEMBL4080062,EFO_1000760,INDICATION,
CHEMBL4081711,EFO_0000685,INDICATION,
CHEMBL4081711,EFO_1000637,INDICATION,
CHEMBL4081711,EFO_1000710,INDICATION,
CHEMBL4081711,MONDO_0007915,INDICATION,
CHEMBL4081711,MONDO_0100096,INDICATION,
CHEMBL408194,EFO_0000095,INDICATION,
CHEMBL408194,EFO_0000183,INDICATION,
CHEMBL408194,EFO_0000198,INDICATION,
CHEMBL408194,EFO_0000222,INDICATION,
CHEMBL408194,EFO_0000403,INDICATION,
CHEMBL408194,EFO_0000702,INDICATION,
CHEMBL408194,EFO_0001378,INDICATION,
CHEMBL408194,EFO_0001642,INDICATION,
CHEMBL408194,EFO_0002617,INDICATION,
CHEMBL408194,EFO_1001469,INDICATION,
CHEMBL408194,MONDO_0001023,INDICATION,
CHEMBL408194,MONDO_0008903,INDICATION,
CHEMBL408194,MONDO_0018906,INDICATION,
CHEMBL408194,MONDO_0044903,INDICATION,
CHEMBL408350,EFO_0004243,INDICATION,
CHEMBL408350,EFO_0005543,INDICATION,
CHEMBL408350,EFO_1001901,INDICATION,
CHEMBL408350,MONDO_0016642,INDICATION,
CHEMBL408403,EFO_0000319,INDICATION,
CHEMBL408403,EFO_0000537,INDICATION,
CHEMBL408403,EFO_0005251,INDICATION,
CHEMBL408403,EFO_0006834,INDICATION,
CHEMBL408403,EFO_1000645,INDICATION,
CHEMBL408403,MONDO_0001382,INDICATION,
CHEMBL4084119,EFO_0000195,INDICATION,
CHEMBL4084119,EFO_0000400,INDICATION,
CHEMBL4084119,EFO_0000401,INDICATION,
CHEMBL4084119,EFO_0001073,INDICATION,
CHEMBL4084119,EFO_0002546,INDICATION,
CHEMBL4084119,EFO_0003144,INDICATION,
CHEMBL4084119,EFO_0003877,INDICATION,
CHEMBL4084119,EFO_0003921,INDICATION,
CHEMBL4084119,EFO_0004319,INDICATION,
CHEMBL4084119,EFO_0005203,INDICATION,
CHEMBL4084119,EFO_0005611,INDICATION,
CHEMBL4084119,EFO_0005935,INDICATION,
CHEMBL4084119,EFO_1001121,INDICATION,
CHEMBL4084119,EFO_1001249,INDICATION,
CHEMBL4084119,MONDO_0002009,INDICATION,
CHEMBL4084119,MONDO_0004975,INDICATION,
CHEMBL4084119,MONDO_0004985,INDICATION,
CHEMBL4084119,MONDO_0005147,INDICATION,
CHEMBL4084119,MONDO_0005148,INDICATION,
CHEMBL4084119,MONDO_0005180,INDICATION,
CHEMBL4084119,MONDO_0015183,INDICATION,
CHEMBL4084119,Orphanet_552,INDICATION,
CHEMBL4084907,EFO_0000519,INDICATION,
CHEMBL4084907,EFO_0000574,INDICATION,
CHEMBL4084907,EFO_0000616,INDICATION,
CHEMBL4084907,EFO_0005952,INDICATION,
CHEMBL4084907,MONDO_0007254,INDICATION,
CHEMBL408513,EFO_0000182,INDICATION,
CHEMBL408513,EFO_0000183,INDICATION,
CHEMBL408513,EFO_0000198,INDICATION,
CHEMBL408513,EFO_0000211,INDICATION,
CHEMBL408513,EFO_0000222,INDICATION,
CHEMBL408513,EFO_0000228,INDICATION,
CHEMBL408513,EFO_0000309,INDICATION,
CHEMBL408513,EFO_0000313,INDICATION,
CHEMBL408513,EFO_0000403,INDICATION,
CHEMBL408513,EFO_0000466,INDICATION,
CHEMBL408513,EFO_0000519,INDICATION,
CHEMBL408513,EFO_0000574,INDICATION,
CHEMBL408513,EFO_0000588,INDICATION,
CHEMBL408513,EFO_0000616,INDICATION,
CHEMBL408513,EFO_0000702,INDICATION,
CHEMBL408513,EFO_0001378,INDICATION,
CHEMBL408513,EFO_0001642,INDICATION,
CHEMBL408513,EFO_0002913,INDICATION,
CHEMBL408513,EFO_0003032,INDICATION,
CHEMBL408513,EFO_0003060,INDICATION,
CHEMBL408513,EFO_0005952,INDICATION,
CHEMBL408513,EFO_0008528,INDICATION,
CHEMBL408513,EFO_1000043,INDICATION,
CHEMBL408513,EFO_1000131,INDICATION,
CHEMBL408513,EFO_1000576,INDICATION,
CHEMBL408513,EFO_1000581,INDICATION,
CHEMBL408513,EFO_1001051,INDICATION,
CHEMBL408513,EFO_1001469,INDICATION,
CHEMBL408513,EFO_1001968,INDICATION,
CHEMBL408513,MONDO_0000430,INDICATION,
CHEMBL408513,MONDO_0002087,INDICATION,
CHEMBL408513,MONDO_0002158,INDICATION,
CHEMBL408513,MONDO_0004992,INDICATION,
CHEMBL408513,MONDO_0015760,INDICATION,
CHEMBL408513,MONDO_0018906,INDICATION,
CHEMBL408513,MONDO_0019471,INDICATION,
CHEMBL4085457,EFO_0000384,INDICATION,
CHEMBL4085457,EFO_0000685,INDICATION,
CHEMBL4085457,EFO_0000729,INDICATION,
CHEMBL4085457,EFO_0001060,INDICATION,
CHEMBL4085457,EFO_0001421,INDICATION,
CHEMBL4085457,EFO_0003086,INDICATION,
CHEMBL4085457,EFO_0004192,INDICATION,
CHEMBL4085457,EFO_0004208,INDICATION,
CHEMBL4085457,EFO_1000785,INDICATION,
CHEMBL4085457,EFO_1001051,INDICATION,
CHEMBL4085457,EFO_1002028,INDICATION,
CHEMBL4085457,MONDO_0005147,INDICATION,
CHEMBL4086143,EFO_0000272,INDICATION,
CHEMBL4086143,EFO_0000632,INDICATION,
CHEMBL408701,EFO_0001422,INDICATION,
CHEMBL408701,EFO_1001486,INDICATION,
CHEMBL408701,MONDO_0004976,INDICATION,
CHEMBL408701,MONDO_0004979,INDICATION,
CHEMBL408701,MONDO_0005147,INDICATION,
CHEMBL408701,MONDO_0005301,INDICATION,
CHEMBL4088896,EFO_0003884,INDICATION,
CHEMBL4088896,MONDO_0001134,INDICATION,
CHEMBL4089083,MONDO_0005180,INDICATION,
CHEMBL4089731,EFO_0000616,INDICATION,
CHEMBL4089731,MONDO_0008315,INDICATION,
CHEMBL409,EFO_0000196,INDICATION,
CHEMBL409,EFO_0000305,INDICATION,
CHEMBL409,EFO_0000313,INDICATION,
CHEMBL409,EFO_0000400,CONTRAINDICATION,
CHEMBL409,EFO_0000616,INDICATION,
CHEMBL409,EFO_0000673,INDICATION,
CHEMBL409,EFO_0000694,INDICATION,
CHEMBL409,EFO_0001663,INDICATION,
CHEMBL409,EFO_0003869,INDICATION,
CHEMBL409,EFO_1000905,CONTRAINDICATION,
CHEMBL409,MONDO_0000088,INDICATION,
CHEMBL409,MONDO_0001187,INDICATION,
CHEMBL409,MONDO_0002087,INDICATION,
CHEMBL409,MONDO_0002158,INDICATION,
CHEMBL409,MONDO_0002280,CONTRAINDICATION,
CHEMBL409,MONDO_0004669,INDICATION,
CHEMBL409,MONDO_0007254,INDICATION,
CHEMBL409,MONDO_0008170,INDICATION,
CHEMBL409,MONDO_0008315,INDICATION,
CHEMBL409,MONDO_0100096,INDICATION,
CHEMBL4091374,EFO_0000404,INDICATION,
CHEMBL4091374,EFO_0003095,INDICATION,
CHEMBL4091374,EFO_1001249,INDICATION,
CHEMBL409153,EFO_0000222,INDICATION,
CHEMBL409153,EFO_0003086,INDICATION,
CHEMBL409153,EFO_0004251,INDICATION,
CHEMBL409153,EFO_0007157,INDICATION,
CHEMBL409153,EFO_1001282,INDICATION,
CHEMBL409153,MONDO_0002041,INDICATION,
CHEMBL4091762,EFO_0001068,INDICATION,
CHEMBL4091801,EFO_0000198,INDICATION,
CHEMBL4091801,EFO_0000222,INDICATION,
CHEMBL4091801,EFO_0000569,INDICATION,
CHEMBL4091801,EFO_0000574,INDICATION,
CHEMBL4091801,EFO_0000621,INDICATION,
CHEMBL4091801,EFO_0004289,INDICATION,
CHEMBL4091801,EFO_1001779,INDICATION,
CHEMBL4091801,MONDO_0004669,INDICATION,
CHEMBL4093031,EFO_0004220,INDICATION,
CHEMBL4094396,EFO_0004701,INDICATION,
CHEMBL4094440,EFO_0000275,INDICATION,
CHEMBL4094440,EFO_0005672,INDICATION,
CHEMBL4094894,EFO_0003086,INDICATION,
CHEMBL4094894,MONDO_0002050,INDICATION,
CHEMBL4097139,EFO_0005809,INDICATION,
CHEMBL409803,EFO_0000319,INDICATION,
CHEMBL4098253,MONDO_0004992,INDICATION,
CHEMBL41,EFO_0000400,CONTRAINDICATION,
CHEMBL41,EFO_0000474,CONTRAINDICATION,
CHEMBL41,EFO_0000546,INDICATION,
CHEMBL41,EFO_0000612,CONTRAINDICATION,
CHEMBL41,EFO_0000694,INDICATION,
CHEMBL41,EFO_0000712,CONTRAINDICATION,
CHEMBL41,EFO_0001073,CONTRAINDICATION,
CHEMBL41,EFO_0001358,OFF_LABEL_USE,
CHEMBL41,EFO_0001361,INDICATION,
CHEMBL41,EFO_0001422,CONTRAINDICATION,
CHEMBL41,EFO_0002610,INDICATION,
CHEMBL41,EFO_0003144,CONTRAINDICATION,
CHEMBL41,EFO_0003758,INDICATION,
CHEMBL41,EFO_0003763,CONTRAINDICATION,
CHEMBL41,EFO_0003764,CONTRAINDICATION,
CHEMBL41,EFO_0003768,INDICATION,
CHEMBL41,EFO_0003948,INDICATION,
CHEMBL41,EFO_0004242,INDICATION,
CHEMBL41,EFO_0004262,INDICATION,
CHEMBL41,EFO_0005204,INDICATION,
CHEMBL41,EFO_0005230,INDICATION,
CHEMBL41,EFO_0005251,CONTRAINDICATION,
CHEMBL41,EFO_0005252,CONTRAINDICATION,
CHEMBL41,EFO_0005669,INDICATION,
CHEMBL41,EFO_0005687,OFF_LABEL_USE,
CHEMBL41,EFO_0007191,INDICATION,
CHEMBL41,EFO_0007319,CONTRAINDICATION,
CHEMBL41,EFO_0007328,INDICATION,
CHEMBL41,EFO_0007453,OFF_LABEL_USE,
CHEMBL41,EFO_0008522,INDICATION,
CHEMBL41,EFO_0008623,INDICATION,
CHEMBL41,EFO_0009314,CONTRAINDICATION,
CHEMBL41,EFO_0009854,INDICATION,
CHEMBL41,EFO_0009963,INDICATION,
CHEMBL41,EFO_1000982,CONTRAINDICATION,
CHEMBL41,EFO_1001050,INDICATION,
CHEMBL41,EFO_1001375,CONTRAINDICATION,
CHEMBL41,EFO_1001379,CONTRAINDICATION,
CHEMBL41,EFO_1001842,CONTRAINDICATION,
CHEMBL41,EFO_1001917,INDICATION,
CHEMBL41,MONDO_0001744,CONTRAINDICATION,
CHEMBL41,MONDO_0002009,INDICATION,
CHEMBL41,MONDO_0002050,INDICATION,
CHEMBL41,MONDO_0004985,CONTRAINDICATION,
CHEMBL41,MONDO_0005090,INDICATION,
CHEMBL41,MONDO_0005147,INDICATION,
CHEMBL41,MONDO_0005351,CONTRAINDICATION,
CHEMBL41,MONDO_0016158,OFF_LABEL_USE,
CHEMBL41,MONDO_0021187,CONTRAINDICATION,
CHEMBL41,MONDO_0021632,INDICATION,
CHEMBL41,MONDO_0024290,INDICATION,
CHEMBL41,MONDO_0100096,INDICATION,
CHEMBL41,MONDO_0100192,CONTRAINDICATION,
CHEMBL4101487,MONDO_0009061,INDICATION,
CHEMBL4101807,EFO_0000768,INDICATION,
CHEMBL4101807,EFO_0001421,INDICATION,
CHEMBL4101807,EFO_0003086,INDICATION,
CHEMBL4101807,EFO_0004272,INDICATION,
CHEMBL4101807,EFO_0004610,INDICATION,
CHEMBL4101807,MONDO_0002280,INDICATION,
CHEMBL4101807,MONDO_0011382,INDICATION,
CHEMBL410414,EFO_0001073,INDICATION,
CHEMBL4104957,MONDO_0005149,INDICATION,
CHEMBL4105630,EFO_0003108,INDICATION,
CHEMBL4105630,EFO_0004247,INDICATION,
CHEMBL4105630,EFO_0007453,INDICATION,
CHEMBL4105630,MONDO_0002009,INDICATION,
CHEMBL4105630,MONDO_0002050,INDICATION,
CHEMBL4105630,MONDO_0005180,INDICATION,
CHEMBL411,EFO_0000319,CONTRAINDICATION,
CHEMBL411,EFO_0000400,CONTRAINDICATION,
CHEMBL411,EFO_0000474,CONTRAINDICATION,
CHEMBL411,EFO_0000537,CONTRAINDICATION,
CHEMBL411,EFO_0000612,CONTRAINDICATION,
CHEMBL411,EFO_0000616,INDICATION,
CHEMBL411,EFO_0000712,CONTRAINDICATION,
CHEMBL411,EFO_0001065,CONTRAINDICATION,
CHEMBL411,EFO_0001073,CONTRAINDICATION,
CHEMBL411,EFO_0001645,CONTRAINDICATION,
CHEMBL411,EFO_0003086,CONTRAINDICATION,
CHEMBL411,EFO_0003144,CONTRAINDICATION,
CHEMBL411,EFO_0003832,CONTRAINDICATION,
CHEMBL411,EFO_0004152,CONTRAINDICATION,
CHEMBL411,EFO_0004705,CONTRAINDICATION,
CHEMBL411,EFO_0009315,CONTRAINDICATION,
CHEMBL411,EFO_1001512,CONTRAINDICATION,
CHEMBL411,MONDO_0001566,CONTRAINDICATION,
CHEMBL411,MONDO_0001627,CONTRAINDICATION,
CHEMBL411,MONDO_0002520,CONTRAINDICATION,
CHEMBL411,MONDO_0004979,CONTRAINDICATION,
CHEMBL411,MONDO_0005277,CONTRAINDICATION,
CHEMBL411,MONDO_0007915,CONTRAINDICATION,
CHEMBL411,MONDO_0008170,CONTRAINDICATION,
CHEMBL411,MONDO_0008315,INDICATION,
CHEMBL411,MONDO_0021148,CONTRAINDICATION,
CHEMBL411,MONDO_0021259,CONTRAINDICATION,
CHEMBL411,MONDO_0037748,CONTRAINDICATION,
CHEMBL4110551,EFO_0000401,INDICATION,
CHEMBL4110551,EFO_0000537,INDICATION,
CHEMBL4110551,EFO_0000729,INDICATION,
CHEMBL4110551,MONDO_0001134,INDICATION,
CHEMBL4112929,EFO_0000275,INDICATION,
CHEMBL4112929,EFO_0005672,INDICATION,
CHEMBL4112929,MONDO_0000831,INDICATION,
CHEMBL4112930,EFO_0000181,INDICATION,
CHEMBL4112930,EFO_0000519,INDICATION,
CHEMBL4112930,EFO_0000616,INDICATION,
CHEMBL4112930,EFO_0000702,INDICATION,
CHEMBL4112930,EFO_0003060,INDICATION,
CHEMBL4112930,EFO_1000158,INDICATION,
CHEMBL4112930,MONDO_0001056,INDICATION,
CHEMBL4112930,MONDO_0003060,INDICATION,
CHEMBL4112930,MONDO_0004992,INDICATION,
CHEMBL4112930,MONDO_0007254,INDICATION,
CHEMBL4112930,MONDO_0008170,INDICATION,
CHEMBL4112930,MONDO_0008315,INDICATION,
CHEMBL4113131,EFO_0000756,INDICATION,
CHEMBL4113131,EFO_0003060,INDICATION,
CHEMBL4113131,MONDO_0008903,INDICATION,
CHEMBL4114766,EFO_0000274,INDICATION,
CHEMBL4114766,EFO_0005809,INDICATION,
CHEMBL4116008,EFO_0000095,INDICATION,
CHEMBL4116008,EFO_0004208,INDICATION,
CHEMBL4116008,MONDO_0018906,INDICATION,
CHEMBL4116008,MONDO_0019473,INDICATION,
CHEMBL4116269,EFO_0006951,INDICATION,
CHEMBL4116378,EFO_0000771,INDICATION,
CHEMBL4116649,EFO_0006890,INDICATION,
CHEMBL4117187,MONDO_0004975,INDICATION,
CHEMBL411907,EFO_0000519,INDICATION,
CHEMBL411907,EFO_0000616,INDICATION,
CHEMBL411907,MONDO_0004992,INDICATION,
CHEMBL411907,MONDO_0008315,INDICATION,
CHEMBL412142,EFO_1001413,INDICATION,
CHEMBL412262,EFO_0001073,INDICATION,
CHEMBL412262,MONDO_0005148,INDICATION,
CHEMBL412272,EFO_0000274,INDICATION,
CHEMBL412272,EFO_0000729,INDICATION,
CHEMBL412309,EFO_0000198,INDICATION,
CHEMBL412309,EFO_0000616,INDICATION,
CHEMBL412309,EFO_1001465,INDICATION,
CHEMBL412309,MONDO_0004992,INDICATION,
CHEMBL412531,EFO_0002626,INDICATION,
CHEMBL412531,EFO_0007067,INDICATION,
CHEMBL412531,EFO_0008583,INDICATION,
CHEMBL412531,EFO_0008585,INDICATION,
CHEMBL412531,EFO_1000690,INDICATION,
CHEMBL412531,EFO_1000906,INDICATION,
CHEMBL412531,EFO_1001923,INDICATION,
CHEMBL412531,MONDO_0100096,INDICATION,
CHEMBL41286,EFO_0000685,INDICATION,
CHEMBL41286,EFO_0004274,INDICATION,
CHEMBL41286,EFO_0004616,INDICATION,
CHEMBL41286,EFO_0005755,INDICATION,
CHEMBL41286,EFO_0007187,INDICATION,
CHEMBL41286,EFO_1000786,INDICATION,
CHEMBL41286,MONDO_0005148,INDICATION,
CHEMBL41286,MONDO_0005178,INDICATION,
CHEMBL41286,MONDO_0017610,INDICATION,
CHEMBL41286,MONDO_0017612,INDICATION,
CHEMBL41286,MONDO_0100096,INDICATION,
CHEMBL41286,Orphanet_303,INDICATION,
CHEMBL4129018,MONDO_0004975,INDICATION,
CHEMBL4129286,EFO_0001421,INDICATION,
CHEMBL4129286,EFO_0003047,INDICATION,
CHEMBL4129286,EFO_0004220,INDICATION,
CHEMBL413,EFO_0000095,INDICATION,
CHEMBL413,EFO_0000174,INDICATION,
CHEMBL413,EFO_0000180,INDICATION,
CHEMBL413,EFO_0000182,INDICATION,
CHEMBL413,EFO_0000183,INDICATION,
CHEMBL413,EFO_0000196,INDICATION,
CHEMBL413,EFO_0000198,INDICATION,
CHEMBL413,EFO_0000220,INDICATION,
CHEMBL413,EFO_0000222,INDICATION,
CHEMBL413,EFO_0000339,INDICATION,
CHEMBL413,EFO_0000400,CONTRAINDICATION,
CHEMBL413,EFO_0000401,INDICATION,
CHEMBL413,EFO_0000403,INDICATION,
CHEMBL413,EFO_0000514,INDICATION,
CHEMBL413,EFO_0000519,INDICATION,
CHEMBL413,EFO_0000537,CONTRAINDICATION,
CHEMBL413,EFO_0000540,INDICATION,
CHEMBL413,EFO_0000565,INDICATION,
CHEMBL413,EFO_0000571,INDICATION,
CHEMBL413,EFO_0000574,CONTRAINDICATION,
CHEMBL413,EFO_0000616,INDICATION,
CHEMBL413,EFO_0000621,INDICATION,
CHEMBL413,EFO_0000637,INDICATION,
CHEMBL413,EFO_0000681,INDICATION,
CHEMBL413,EFO_0000691,INDICATION,
CHEMBL413,EFO_0000699,INDICATION,
CHEMBL413,EFO_0000702,INDICATION,
CHEMBL413,EFO_0000708,INDICATION,
CHEMBL413,EFO_0000712,CONTRAINDICATION,
CHEMBL413,EFO_0000717,INDICATION,
CHEMBL413,EFO_0000760,INDICATION,
CHEMBL413,EFO_0001062,CONTRAINDICATION,
CHEMBL413,EFO_0001075,INDICATION,
CHEMBL413,EFO_0001365,INDICATION,
CHEMBL413,EFO_0001378,INDICATION,
CHEMBL413,EFO_0001421,INDICATION,
CHEMBL413,EFO_0002424,INDICATION,
CHEMBL413,EFO_0002618,INDICATION,
CHEMBL413,EFO_0002913,INDICATION,
CHEMBL413,EFO_0003060,INDICATION,
CHEMBL413,EFO_0003086,CONTRAINDICATION,
CHEMBL413,EFO_0003144,INDICATION,
CHEMBL413,EFO_0003770,INDICATION,
CHEMBL413,EFO_0003870,INDICATION,
CHEMBL413,EFO_0003884,INDICATION,
CHEMBL413,EFO_0003929,INDICATION,
CHEMBL413,EFO_0003966,INDICATION,
CHEMBL413,EFO_0004194,INDICATION,
CHEMBL413,EFO_0004208,INDICATION,
CHEMBL413,EFO_0004236,INDICATION,
CHEMBL413,EFO_0004599,INDICATION,
CHEMBL413,EFO_0004610,INDICATION,
CHEMBL413,EFO_0004683,INDICATION,
CHEMBL413,EFO_0005741,CONTRAINDICATION,
CHEMBL413,EFO_0005761,INDICATION,
CHEMBL413,EFO_0005952,INDICATION,
CHEMBL413,EFO_0006475,INDICATION,
CHEMBL413,EFO_0006888,INDICATION,
CHEMBL413,EFO_0006927,INDICATION,
CHEMBL413,EFO_0007323,INDICATION,
CHEMBL413,EFO_0007328,INDICATION,
CHEMBL413,EFO_0007455,CONTRAINDICATION,
CHEMBL413,EFO_0008514,INDICATION,
CHEMBL413,EFO_0008517,INDICATION,
CHEMBL413,EFO_0008620,INDICATION,
CHEMBL413,EFO_0009259,INDICATION,
CHEMBL413,EFO_0009661,INDICATION,
CHEMBL413,EFO_0009708,INDICATION,
CHEMBL413,EFO_0009907,INDICATION,
CHEMBL413,EFO_0010134,INDICATION,
CHEMBL413,EFO_1000158,INDICATION,
CHEMBL413,EFO_1000251,INDICATION,
CHEMBL413,EFO_1000312,INDICATION,
CHEMBL413,EFO_1000334,INDICATION,
CHEMBL413,EFO_1000464,INDICATION,
CHEMBL413,EFO_1000475,INDICATION,
CHEMBL413,EFO_1000637,INDICATION,
CHEMBL413,EFO_1000653,INDICATION,
CHEMBL413,EFO_1000657,INDICATION,
CHEMBL413,EFO_1000749,INDICATION,
CHEMBL413,EFO_1000811,INDICATION,
CHEMBL413,EFO_1000906,INDICATION,
CHEMBL413,EFO_1000986,INDICATION,
CHEMBL413,EFO_1001025,INDICATION,
CHEMBL413,EFO_1001050,INDICATION,
CHEMBL413,EFO_1001119,INDICATION,
CHEMBL413,EFO_1001264,INDICATION,
CHEMBL413,EFO_1001465,INDICATION,
CHEMBL413,EFO_1001466,INDICATION,
CHEMBL413,EFO_1001469,INDICATION,
CHEMBL413,EFO_1001492,INDICATION,
CHEMBL413,EFO_1001496,INDICATION,
CHEMBL413,EFO_1001761,INDICATION,
CHEMBL413,EFO_1001968,INDICATION,
CHEMBL413,EFO_1001996,INDICATION,
CHEMBL413,EFO_1002048,INDICATION,
CHEMBL413,MONDO_0000873,INDICATION,
CHEMBL413,MONDO_0001187,INDICATION,
CHEMBL413,MONDO_0001370,CONTRAINDICATION,
CHEMBL413,MONDO_0001657,CONTRAINDICATION,
CHEMBL413,MONDO_0001718,INDICATION,
CHEMBL413,MONDO_0001734,INDICATION,
CHEMBL413,MONDO_0002013,INDICATION,
CHEMBL413,MONDO_0002050,INDICATION,
CHEMBL413,MONDO_0002108,INDICATION,
CHEMBL413,MONDO_0002177,INDICATION,
CHEMBL413,MONDO_0002280,INDICATION,
CHEMBL413,MONDO_0002691,INDICATION,
CHEMBL413,MONDO_0002898,CONTRAINDICATION,
CHEMBL413,MONDO_0004976,INDICATION,
CHEMBL413,MONDO_0004986,INDICATION,
CHEMBL413,MONDO_0004992,INDICATION,
CHEMBL413,MONDO_0005147,INDICATION,
CHEMBL413,MONDO_0005149,INDICATION,
CHEMBL413,MONDO_0005180,INDICATION,
CHEMBL413,MONDO_0007079,INDICATION,
CHEMBL413,MONDO_0007254,INDICATION,
CHEMBL413,MONDO_0007414,INDICATION,
CHEMBL413,MONDO_0007915,INDICATION,
CHEMBL413,MONDO_0008094,INDICATION,
CHEMBL413,MONDO_0008315,INDICATION,
CHEMBL413,MONDO_0008501,INDICATION,
CHEMBL413,MONDO_0008903,INDICATION,
CHEMBL413,MONDO_0011382,INDICATION,
CHEMBL413,MONDO_0011705,INDICATION,
CHEMBL413,MONDO_0013730,INDICATION,
CHEMBL413,MONDO_0015564,INDICATION,
CHEMBL413,MONDO_0015974,INDICATION,
CHEMBL413,MONDO_0016471,INDICATION,
CHEMBL413,MONDO_0017276,INDICATION,
CHEMBL413,MONDO_0017719,INDICATION,
CHEMBL413,MONDO_0018150,INDICATION,
CHEMBL413,MONDO_0018305,INDICATION,
CHEMBL413,MONDO_0018531,INDICATION,
CHEMBL413,MONDO_0018848,INDICATION,
CHEMBL413,MONDO_0018975,INDICATION,
CHEMBL413,MONDO_0019297,CONTRAINDICATION,
CHEMBL413,MONDO_0019313,INDICATION,
CHEMBL413,MONDO_0019338,INDICATION,
CHEMBL413,MONDO_0019391,INDICATION,
CHEMBL413,MONDO_0020547,INDICATION,
CHEMBL413,MONDO_0021121,INDICATION,
CHEMBL413,MONDO_0021187,CONTRAINDICATION,
CHEMBL413,MONDO_0044881,INDICATION,
CHEMBL413,MONDO_0100096,INDICATION,
CHEMBL413,Orphanet_122,INDICATION,
CHEMBL413,Orphanet_365,INDICATION,
CHEMBL413,Orphanet_46724,INDICATION,
CHEMBL413,Orphanet_733,INDICATION,
CHEMBL413,Orphanet_77260,INDICATION,
CHEMBL413,Orphanet_848,INDICATION,
CHEMBL4130229,EFO_0000339,INDICATION,
CHEMBL4130229,EFO_0005772,INDICATION,
CHEMBL4130229,MONDO_0004643,INDICATION,
CHEMBL4130229,MONDO_0005180,INDICATION,
CHEMBL413376,DOID_10113,INDICATION,
CHEMBL413376,EFO_0000673,INDICATION,
CHEMBL413376,EFO_0000681,INDICATION,
CHEMBL413376,EFO_0001378,INDICATION,
CHEMBL413376,EFO_0003060,INDICATION,
CHEMBL413376,EFO_0003756,INDICATION,
CHEMBL413376,EFO_0005044,INDICATION,
CHEMBL413376,EFO_0007294,INDICATION,
CHEMBL413376,EFO_1000158,INDICATION,
CHEMBL413376,EFO_1000796,INDICATION,
CHEMBL413376,EFO_1001951,INDICATION,
CHEMBL413376,MONDO_0001187,INDICATION,
CHEMBL413376,MONDO_0007254,INDICATION,
CHEMBL413376,MONDO_0008315,INDICATION,
CHEMBL41355,EFO_0000474,INDICATION,
CHEMBL41355,MONDO_0002009,INDICATION,
CHEMBL41355,MONDO_0002050,INDICATION,
CHEMBL41355,MONDO_0004976,INDICATION,
CHEMBL41355,MONDO_0041052,INDICATION,
CHEMBL413654,MONDO_0005147,INDICATION,
CHEMBL413965,EFO_0003843,INDICATION,
CHEMBL413965,MONDO_0004992,INDICATION,
CHEMBL413965,MONDO_0005178,INDICATION,
CHEMBL414157,EFO_0000373,INDICATION,
CHEMBL414157,EFO_0001421,INDICATION,
CHEMBL414157,EFO_0003144,INDICATION,
CHEMBL414357,EFO_0000400,INDICATION,
CHEMBL414357,EFO_0000612,INDICATION,
CHEMBL414357,EFO_0000660,INDICATION,
CHEMBL414357,EFO_0000712,INDICATION,
CHEMBL414357,EFO_0001073,INDICATION,
CHEMBL414357,EFO_0001074,INDICATION,
CHEMBL414357,EFO_0001645,INDICATION,
CHEMBL414357,EFO_0002610,INDICATION,
CHEMBL414357,EFO_0003095,INDICATION,
CHEMBL414357,EFO_0004319,INDICATION,
CHEMBL414357,EFO_0007318,INDICATION,
CHEMBL414357,EFO_0008493,INDICATION,
CHEMBL414357,EFO_0008583,INDICATION,
CHEMBL414357,EFO_1001050,INDICATION,
CHEMBL414357,EFO_1001121,INDICATION,
CHEMBL414357,MONDO_0005147,INDICATION,
CHEMBL414357,MONDO_0005148,INDICATION,
CHEMBL414357,MONDO_0005180,INDICATION,
CHEMBL414357,MONDO_0007079,INDICATION,
CHEMBL414804,EFO_0000096,INDICATION,
CHEMBL414804,EFO_0000178,INDICATION,
CHEMBL414804,EFO_0000182,INDICATION,
CHEMBL414804,EFO_0000183,INDICATION,
CHEMBL414804,EFO_0000197,INDICATION,
CHEMBL414804,EFO_0000198,INDICATION,
CHEMBL414804,EFO_0000222,INDICATION,
CHEMBL414804,EFO_0000228,INDICATION,
CHEMBL414804,EFO_0000313,INDICATION,
CHEMBL414804,EFO_0000365,INDICATION,
CHEMBL414804,EFO_0000389,INDICATION,
CHEMBL414804,EFO_0000403,INDICATION,
CHEMBL414804,EFO_0000503,INDICATION,
CHEMBL414804,EFO_0000514,INDICATION,
CHEMBL414804,EFO_0000565,INDICATION,
CHEMBL414804,EFO_0000574,INDICATION,
CHEMBL414804,EFO_0000588,INDICATION,
CHEMBL414804,EFO_0000616,INDICATION,
CHEMBL414804,EFO_0000621,INDICATION,
CHEMBL414804,EFO_0000681,INDICATION,
CHEMBL414804,EFO_0000698,INDICATION,
CHEMBL414804,EFO_0000702,INDICATION,
CHEMBL414804,EFO_0000707,INDICATION,
CHEMBL414804,EFO_0001075,INDICATION,
CHEMBL414804,EFO_0001421,INDICATION,
CHEMBL414804,EFO_0002617,INDICATION,
CHEMBL414804,EFO_0002618,INDICATION,
CHEMBL414804,EFO_0002913,INDICATION,
CHEMBL414804,EFO_0002916,INDICATION,
CHEMBL414804,EFO_0003060,INDICATION,
CHEMBL414804,EFO_0003100,INDICATION,
CHEMBL414804,EFO_0003859,INDICATION,
CHEMBL414804,EFO_0003860,INDICATION,
CHEMBL414804,EFO_0003869,INDICATION,
CHEMBL414804,EFO_0003891,INDICATION,
CHEMBL414804,EFO_0003897,INDICATION,
CHEMBL414804,EFO_0004142,INDICATION,
CHEMBL414804,EFO_0004243,INDICATION,
CHEMBL414804,EFO_0004252,INDICATION,
CHEMBL414804,EFO_0004281,INDICATION,
CHEMBL414804,EFO_0004284,INDICATION,
CHEMBL414804,EFO_0004288,INDICATION,
CHEMBL414804,EFO_0004606,INDICATION,
CHEMBL414804,EFO_0005221,INDICATION,
CHEMBL414804,EFO_0005537,INDICATION,
CHEMBL414804,EFO_0005540,INDICATION,
CHEMBL414804,EFO_0005922,INDICATION,
CHEMBL414804,EFO_0005952,INDICATION,
CHEMBL414804,EFO_0006859,INDICATION,
CHEMBL414804,EFO_0007416,INDICATION,
CHEMBL414804,EFO_0008528,INDICATION,
CHEMBL414804,EFO_0009708,INDICATION,
CHEMBL414804,EFO_0010282,INDICATION,
CHEMBL414804,EFO_1000158,INDICATION,
CHEMBL414804,EFO_1000251,INDICATION,
CHEMBL414804,EFO_1000292,INDICATION,
CHEMBL414804,EFO_1000359,INDICATION,
CHEMBL414804,EFO_1000601,INDICATION,
CHEMBL414804,EFO_1000657,INDICATION,
CHEMBL414804,EFO_1001100,INDICATION,
CHEMBL414804,EFO_1001465,INDICATION,
CHEMBL414804,EFO_1001512,INDICATION,
CHEMBL414804,EFO_1001901,INDICATION,
CHEMBL414804,EFO_1001949,INDICATION,
CHEMBL414804,EFO_1001951,INDICATION,
CHEMBL414804,EFO_1001956,INDICATION,
CHEMBL414804,EFO_1001959,INDICATION,
CHEMBL414804,EFO_1001961,INDICATION,
CHEMBL414804,MONDO_0001056,INDICATION,
CHEMBL414804,MONDO_0001187,INDICATION,
CHEMBL414804,MONDO_0001879,INDICATION,
CHEMBL414804,MONDO_0002038,INDICATION,
CHEMBL414804,MONDO_0002087,INDICATION,
CHEMBL414804,MONDO_0002120,INDICATION,
CHEMBL414804,MONDO_0002158,INDICATION,
CHEMBL414804,MONDO_0002516,INDICATION,
CHEMBL414804,MONDO_0002601,INDICATION,
CHEMBL414804,MONDO_0002691,INDICATION,
CHEMBL414804,MONDO_0002974,INDICATION,
CHEMBL414804,MONDO_0003059,INDICATION,
CHEMBL414804,MONDO_0003060,INDICATION,
CHEMBL414804,MONDO_0004992,INDICATION,
CHEMBL414804,MONDO_0005184,INDICATION,
CHEMBL414804,MONDO_0005411,INDICATION,
CHEMBL414804,MONDO_0005575,INDICATION,
CHEMBL414804,MONDO_0005835,INDICATION,
CHEMBL414804,MONDO_0007254,INDICATION,
CHEMBL414804,MONDO_0007576,INDICATION,
CHEMBL414804,MONDO_0008170,INDICATION,
CHEMBL414804,MONDO_0008315,INDICATION,
CHEMBL414804,MONDO_0008903,INDICATION,
CHEMBL414804,MONDO_0011719,INDICATION,
CHEMBL414804,MONDO_0011962,INDICATION,
CHEMBL414804,MONDO_0018364,INDICATION,
CHEMBL414804,MONDO_0018906,INDICATION,
CHEMBL414804,MONDO_0019471,INDICATION,
CHEMBL414804,MONDO_0019472,INDICATION,
CHEMBL414804,MONDO_0021063,INDICATION,
CHEMBL414804,MONDO_0044881,INDICATION,
CHEMBL414804,MONDO_0044937,INDICATION,
CHEMBL415,EFO_0000474,CONTRAINDICATION,
CHEMBL415,EFO_0000621,CONTRAINDICATION,
CHEMBL415,EFO_0004242,INDICATION,
CHEMBL415,EFO_0004262,OFF_LABEL_USE,
CHEMBL415,EFO_0005230,INDICATION,
CHEMBL415,EFO_0009189,CONTRAINDICATION,
CHEMBL415,EFO_0803321,INDICATION,
CHEMBL415,MONDO_0002009,INDICATION,
CHEMBL415,MONDO_0002050,OFF_LABEL_USE,
CHEMBL415,MONDO_0005041,CONTRAINDICATION,
CHEMBL415,MONDO_0005090,INDICATION,
CHEMBL415,MONDO_0007079,CONTRAINDICATION,
CHEMBL415,MONDO_0008233,CONTRAINDICATION,
CHEMBL415,MONDO_0018493,CONTRAINDICATION,
CHEMBL415049,EFO_0000222,INDICATION,
CHEMBL415049,EFO_0000574,INDICATION,
CHEMBL415049,EFO_0000616,INDICATION,
CHEMBL415049,MONDO_0004643,INDICATION,
CHEMBL415247,EFO_0002610,INDICATION,
CHEMBL415324,EFO_0000274,INDICATION,
CHEMBL415324,EFO_0000678,INDICATION,
CHEMBL415324,EFO_0000685,INDICATION,
CHEMBL415324,EFO_0004212,INDICATION,
CHEMBL415324,EFO_0005854,INDICATION,
CHEMBL415324,EFO_1000762,INDICATION,
CHEMBL415324,MONDO_0004979,INDICATION,
CHEMBL415324,MONDO_0019338,INDICATION,
CHEMBL415606,EFO_0000196,INDICATION,
CHEMBL415606,EFO_0000228,INDICATION,
CHEMBL415606,EFO_0000284,INDICATION,
CHEMBL415606,EFO_0000545,INDICATION,
CHEMBL415606,EFO_0000616,INDICATION,
CHEMBL415606,EFO_0000673,INDICATION,
CHEMBL415606,EFO_0001065,INDICATION,
CHEMBL415606,EFO_0001663,INDICATION,
CHEMBL415606,EFO_0005307,CONTRAINDICATION,
CHEMBL415606,EFO_0006861,INDICATION,
CHEMBL415606,EFO_0008528,INDICATION,
CHEMBL415606,MONDO_0007254,INDICATION,
CHEMBL415606,MONDO_0008315,INDICATION,
CHEMBL415606,MONDO_0018100,CONTRAINDICATION,
CHEMBL415606,MONDO_0019171,CONTRAINDICATION,
CHEMBL415606,MONDO_0021259,INDICATION,
CHEMBL415606,MONDO_0100096,INDICATION,
CHEMBL415768,EFO_0004142,INDICATION,
CHEMBL415768,EFO_0008520,INDICATION,
CHEMBL416,EFO_0000174,INDICATION,
CHEMBL416,EFO_0000384,INDICATION,
CHEMBL416,EFO_0000404,INDICATION,
CHEMBL416,EFO_0000574,INDICATION,
CHEMBL416,EFO_0000676,INDICATION,
CHEMBL416,EFO_0000685,INDICATION,
CHEMBL416,EFO_0000707,CONTRAINDICATION,
CHEMBL416,EFO_0001642,INDICATION,
CHEMBL416,EFO_0002618,INDICATION,
CHEMBL416,EFO_0004192,OFF_LABEL_USE,
CHEMBL416,EFO_0004193,CONTRAINDICATION,
CHEMBL416,EFO_0004208,INDICATION,
CHEMBL416,EFO_0004599,INDICATION,
CHEMBL416,EFO_0004795,CONTRAINDICATION,
CHEMBL416,EFO_1000691,INDICATION,
CHEMBL416,EFO_1000726,OFF_LABEL_USE,
CHEMBL416,EFO_1000785,INDICATION,
CHEMBL416,EFO_1001051,OFF_LABEL_USE,
CHEMBL416,MONDO_0001676,CONTRAINDICATION,
CHEMBL416,MONDO_0007915,CONTRAINDICATION,
CHEMBL416,MONDO_0008297,CONTRAINDICATION,
CHEMBL416,MONDO_0013730,INDICATION,
CHEMBL416,MONDO_0015104,CONTRAINDICATION,
CHEMBL416,MONDO_0015758,INDICATION,
CHEMBL416,MONDO_0015760,INDICATION,
CHEMBL416,MONDO_0019600,CONTRAINDICATION,
CHEMBL416,MONDO_0020547,INDICATION,
CHEMBL416,MONDO_0037821,CONTRAINDICATION,
CHEMBL416,MONDO_0043209,CONTRAINDICATION,
CHEMBL416146,EFO_0000546,INDICATION,
CHEMBL416146,EFO_0000685,INDICATION,
CHEMBL416146,EFO_0000756,INDICATION,
CHEMBL416146,EFO_0000764,INDICATION,
CHEMBL416146,EFO_0003820,INDICATION,
CHEMBL416146,EFO_0003843,INDICATION,
CHEMBL416146,EFO_0003898,INDICATION,
CHEMBL416146,EFO_0004616,INDICATION,
CHEMBL416146,EFO_0005755,INDICATION,
CHEMBL416146,EFO_0010072,INDICATION,
CHEMBL416146,MONDO_0005178,INDICATION,
CHEMBL416146,MONDO_0008315,INDICATION,
CHEMBL416146,MONDO_0018076,INDICATION,
CHEMBL4162752,EFO_0003884,INDICATION,
CHEMBL4163691,EFO_0000685,INDICATION,
CHEMBL4164059,EFO_0005246,INDICATION,
CHEMBL4164059,MONDO_0016158,INDICATION,
CHEMBL4167360,EFO_0000222,INDICATION,
CHEMBL4167360,EFO_0005543,INDICATION,
CHEMBL4167360,MONDO_0004992,INDICATION,
CHEMBL416755,EFO_0000771,INDICATION,
CHEMBL416898,EFO_0001067,INDICATION,
CHEMBL416956,EFO_0000474,CONTRAINDICATION,
CHEMBL416956,EFO_0001068,INDICATION,
CHEMBL416956,EFO_0005407,CONTRAINDICATION,
CHEMBL416956,EFO_0007444,INDICATION,
CHEMBL416956,EFO_0007445,INDICATION,
CHEMBL416956,EFO_0007455,INDICATION,
CHEMBL416956,EFO_0007530,INDICATION,
CHEMBL416956,EFO_0007541,INDICATION,
CHEMBL416956,EFO_0009686,INDICATION,
CHEMBL416956,EFO_1001465,INDICATION,
CHEMBL416956,EFO_1001892,CONTRAINDICATION,
CHEMBL416956,MONDO_0000465,CONTRAINDICATION,
CHEMBL416956,MONDO_0000469,CONTRAINDICATION,
CHEMBL416956,MONDO_0002050,CONTRAINDICATION,
CHEMBL416956,MONDO_0005090,CONTRAINDICATION,
CHEMBL416956,MONDO_0100096,INDICATION,
CHEMBL417,EFO_0000096,INDICATION,
CHEMBL417,EFO_0000182,INDICATION,
CHEMBL417,EFO_0000211,INDICATION,
CHEMBL417,EFO_0000220,INDICATION,
CHEMBL417,EFO_0000228,INDICATION,
CHEMBL417,EFO_0000305,INDICATION,
CHEMBL417,EFO_0000313,INDICATION,
CHEMBL417,EFO_0000318,CONTRAINDICATION,
CHEMBL417,EFO_0000389,INDICATION,
CHEMBL417,EFO_0000403,OFF_LABEL_USE,
CHEMBL417,EFO_0000503,INDICATION,
CHEMBL417,EFO_0000514,INDICATION,
CHEMBL417,EFO_0000565,INDICATION,
CHEMBL417,EFO_0000574,INDICATION,
CHEMBL417,EFO_0000588,INDICATION,
CHEMBL417,EFO_0000612,CONTRAINDICATION,
CHEMBL417,EFO_0000616,INDICATION,
CHEMBL417,EFO_0000691,INDICATION,
CHEMBL417,EFO_0000702,INDICATION,
CHEMBL417,EFO_0002618,INDICATION,
CHEMBL417,EFO_0002916,INDICATION,
CHEMBL417,EFO_0003060,INDICATION,
CHEMBL417,EFO_0003086,CONTRAINDICATION,
CHEMBL417,EFO_0003869,INDICATION,
CHEMBL417,EFO_0003897,INDICATION,
CHEMBL417,EFO_0004252,INDICATION,
CHEMBL417,EFO_0004281,INDICATION,
CHEMBL417,EFO_0005537,INDICATION,
CHEMBL417,EFO_0005952,INDICATION,
CHEMBL417,EFO_0006861,INDICATION,
CHEMBL417,EFO_0009688,CONTRAINDICATION,
CHEMBL417,EFO_1000581,INDICATION,
CHEMBL417,EFO_1000984,INDICATION,
CHEMBL417,EFO_1001968,INDICATION,
CHEMBL417,MONDO_0000831,INDICATION,
CHEMBL417,MONDO_0001056,OFF_LABEL_USE,
CHEMBL417,MONDO_0001187,INDICATION,
CHEMBL417,MONDO_0002087,INDICATION,
CHEMBL417,MONDO_0002158,INDICATION,
CHEMBL417,MONDO_0002629,OFF_LABEL_USE,
CHEMBL417,MONDO_0002691,INDICATION,
CHEMBL417,MONDO_0007254,INDICATION,
CHEMBL417,MONDO_0007576,INDICATION,
CHEMBL417,MONDO_0008170,INDICATION,
CHEMBL417,MONDO_0008315,INDICATION,
CHEMBL417,MONDO_0008903,INDICATION,
CHEMBL417,MONDO_0009348,OFF_LABEL_USE,
CHEMBL417,MONDO_0011962,INDICATION,
CHEMBL417,MONDO_0100192,CONTRAINDICATION,
CHEMBL4173974,EFO_0000211,INDICATION,
CHEMBL4173974,EFO_0000222,INDICATION,
CHEMBL4173974,EFO_0000574,INDICATION,
CHEMBL4173974,EFO_1000657,INDICATION,
CHEMBL4175981,EFO_0000384,INDICATION,
CHEMBL4175981,EFO_0000555,INDICATION,
CHEMBL417675,EFO_0000274,INDICATION,
CHEMBL417675,EFO_0004895,INDICATION,
CHEMBL417675,EFO_0009001,INDICATION,
CHEMBL417675,EFO_0010702,INDICATION,
CHEMBL417675,MONDO_0005277,INDICATION,
CHEMBL417675,MONDO_0100096,INDICATION,
CHEMBL418995,MONDO_0002009,INDICATION,
CHEMBL418995,MONDO_0002050,INDICATION,
CHEMBL419,EFO_0000771,INDICATION,
CHEMBL419,EFO_0003086,CONTRAINDICATION,
CHEMBL419,EFO_0003102,INDICATION,
CHEMBL419,EFO_0003818,CONTRAINDICATION,
CHEMBL419,EFO_0007287,CONTRAINDICATION,
CHEMBL419,EFO_0009516,INDICATION,
CHEMBL419,MONDO_0000440,CONTRAINDICATION,
CHEMBL419213,EFO_0000319,INDICATION,
CHEMBL419213,EFO_0000373,INDICATION,
CHEMBL419213,EFO_0000400,INDICATION,
CHEMBL419213,EFO_0000537,INDICATION,
CHEMBL419213,EFO_0000612,INDICATION,
CHEMBL419213,EFO_0000712,INDICATION,
CHEMBL419213,EFO_0003144,INDICATION,
CHEMBL419380,EFO_0000319,INDICATION,
CHEMBL419792,MONDO_0005180,INDICATION,
CHEMBL42,EFO_0000400,CONTRAINDICATION,
CHEMBL42,EFO_0000407,CONTRAINDICATION,
CHEMBL42,EFO_0000474,CONTRAINDICATION,
CHEMBL42,EFO_0000712,CONTRAINDICATION,
CHEMBL42,EFO_0001073,CONTRAINDICATION,
CHEMBL42,EFO_0001645,CONTRAINDICATION,
CHEMBL42,EFO_0003763,CONTRAINDICATION,
CHEMBL42,EFO_0003852,INDICATION,
CHEMBL42,EFO_0005230,INDICATION,
CHEMBL42,EFO_0005251,CONTRAINDICATION,
CHEMBL42,EFO_0005252,CONTRAINDICATION,
CHEMBL42,EFO_0005407,INDICATION,
CHEMBL42,EFO_0005411,INDICATION,
CHEMBL42,EFO_0009609,CONTRAINDICATION,
CHEMBL42,EFO_1001260,CONTRAINDICATION,
CHEMBL42,EFO_1001379,CONTRAINDICATION,
CHEMBL42,MONDO_0001744,CONTRAINDICATION,
CHEMBL42,MONDO_0002050,INDICATION,
CHEMBL42,MONDO_0002203,CONTRAINDICATION,
CHEMBL42,MONDO_0004985,INDICATION,
CHEMBL42,MONDO_0005090,INDICATION,
CHEMBL42,MONDO_0021187,CONTRAINDICATION,
CHEMBL420,EFO_0003929,INDICATION,
CHEMBL4204794,EFO_0000326,INDICATION,
CHEMBL4204794,EFO_0000616,INDICATION,
CHEMBL4204794,EFO_0007359,INDICATION,
CHEMBL4204794,MONDO_0004992,INDICATION,
CHEMBL4204794,MONDO_0011719,INDICATION,
CHEMBL4204794,MONDO_0016586,INDICATION,
CHEMBL4204869,MONDO_0004975,INDICATION,
CHEMBL4205422,EFO_0000616,INDICATION,
CHEMBL4205422,EFO_1000158,INDICATION,
CHEMBL4205422,MONDO_0004992,INDICATION,
CHEMBL42055,EFO_0002610,INDICATION,
CHEMBL42055,EFO_0003890,INDICATION,
CHEMBL4205783,MONDO_0002009,INDICATION,
CHEMBL4205783,MONDO_0004985,INDICATION,
CHEMBL4206033,EFO_0000222,INDICATION,
CHEMBL4206033,EFO_0000616,INDICATION,
CHEMBL4206119,MONDO_0007254,INDICATION,
CHEMBL4206119,MONDO_0100096,INDICATION,
CHEMBL4206129,MONDO_0021678,INDICATION,
CHEMBL4206492,EFO_0000677,INDICATION,
CHEMBL4206492,MONDO_0004975,INDICATION,
CHEMBL4206492,MONDO_0005090,INDICATION,
CHEMBL4207489,EFO_0001068,INDICATION,
CHEMBL4207852,EFO_0000685,INDICATION,
CHEMBL4207852,MONDO_0005148,INDICATION,
CHEMBL4207852,MP_0001845,INDICATION,
CHEMBL4208229,EFO_0000220,INDICATION,
CHEMBL4208229,EFO_0000339,INDICATION,
CHEMBL4208229,EFO_0000616,INDICATION,
CHEMBL4208229,EFO_0003086,INDICATION,
CHEMBL4208229,EFO_1000131,INDICATION,
CHEMBL4208229,MONDO_0003060,INDICATION,
CHEMBL4208954,EFO_0000341,INDICATION,
CHEMBL4208954,EFO_0000544,INDICATION,
CHEMBL4208954,EFO_0000584,INDICATION,
CHEMBL4208954,EFO_0003102,INDICATION,
CHEMBL4208954,EFO_0003103,INDICATION,
CHEMBL4208954,EFO_0003818,INDICATION,
CHEMBL4208954,EFO_0005681,INDICATION,
CHEMBL4208954,EFO_0008588,INDICATION,
CHEMBL4208954,EFO_1001272,INDICATION,
CHEMBL4208954,MONDO_0024355,INDICATION,
CHEMBL4209157,EFO_0000616,INDICATION,
CHEMBL4209441,EFO_0000616,INDICATION,
CHEMBL421,EFO_0000222,INDICATION,
CHEMBL421,EFO_0000384,OFF_LABEL_USE,
CHEMBL421,EFO_0000519,INDICATION,
CHEMBL421,EFO_0000685,INDICATION,
CHEMBL421,EFO_0000729,INDICATION,
CHEMBL421,EFO_0001361,INDICATION,
CHEMBL421,EFO_0002609,INDICATION,
CHEMBL421,EFO_0003086,CONTRAINDICATION,
CHEMBL421,EFO_0003102,INDICATION,
CHEMBL421,EFO_0003778,OFF_LABEL_USE,
CHEMBL421,EFO_0003898,INDICATION,
CHEMBL421,EFO_0003917,INDICATION,
CHEMBL421,EFO_0004149,INDICATION,
CHEMBL421,EFO_0004268,INDICATION,
CHEMBL421,EFO_0006911,INDICATION,
CHEMBL421,EFO_0007287,CONTRAINDICATION,
CHEMBL421,EFO_0009571,CONTRAINDICATION,
CHEMBL421,EFO_1001293,OFF_LABEL_USE,
CHEMBL421,EFO_1001993,OFF_LABEL_USE,
CHEMBL421,MONDO_0004565,INDICATION,
CHEMBL421,MONDO_0004979,CONTRAINDICATION,
CHEMBL421,MONDO_0015909,CONTRAINDICATION,
CHEMBL421,MONDO_0037821,CONTRAINDICATION,
CHEMBL4210847,EFO_0000401,INDICATION,
CHEMBL4210847,EFO_0000537,INDICATION,
CHEMBL4210847,EFO_0001361,INDICATION,
CHEMBL4210847,EFO_1001145,INDICATION,
CHEMBL4211107,EFO_0009454,INDICATION,
CHEMBL4211107,MONDO_0005178,INDICATION,
CHEMBL4211649,EFO_0000616,INDICATION,
CHEMBL4213970,EFO_0000616,INDICATION,
CHEMBL4213970,EFO_1001951,INDICATION,
CHEMBL4216467,EFO_0000616,INDICATION,
CHEMBL4216467,MONDO_0011719,INDICATION,
CHEMBL4217292,MONDO_0015643,INDICATION,
CHEMBL4218271,EFO_0000616,INDICATION,
CHEMBL4218271,EFO_0001378,INDICATION,
CHEMBL4218271,MONDO_0002334,INDICATION,
CHEMBL422,EFO_0000474,CONTRAINDICATION,
CHEMBL422,EFO_0000677,INDICATION,
CHEMBL422,EFO_0001422,CONTRAINDICATION,
CHEMBL422,EFO_0003839,CONTRAINDICATION,
CHEMBL422,EFO_0005251,CONTRAINDICATION,
CHEMBL422,EFO_0005252,CONTRAINDICATION,
CHEMBL422,EFO_0005407,INDICATION,
CHEMBL422,EFO_0006788,INDICATION,
CHEMBL422,EFO_0008496,CONTRAINDICATION,
CHEMBL422,EFO_1001379,CONTRAINDICATION,
CHEMBL422,MONDO_0002280,CONTRAINDICATION,
CHEMBL422,MONDO_0005041,CONTRAINDICATION,
CHEMBL422,MONDO_0005090,INDICATION,
CHEMBL4225088,EFO_0000676,INDICATION,
CHEMBL422648,EFO_0000771,INDICATION,
CHEMBL422648,EFO_0003103,INDICATION,
CHEMBL422648,EFO_0003830,INDICATION,
CHEMBL422648,EFO_0006505,INDICATION,
CHEMBL422648,EFO_1001463,INDICATION,
CHEMBL4227505,EFO_0000616,INDICATION,
CHEMBL4227505,MONDO_0004976,INDICATION,
CHEMBL4227736,MONDO_0002009,INDICATION,
CHEMBL4227736,MONDO_0002050,INDICATION,
CHEMBL4228124,EFO_0004262,INDICATION,
CHEMBL4228124,MONDO_0005090,INDICATION,
CHEMBL4228124,MONDO_0007079,INDICATION,
CHEMBL4228250,MONDO_0004992,INDICATION,
CHEMBL423,EFO_0000319,INDICATION,
CHEMBL423,EFO_0000400,CONTRAINDICATION,
CHEMBL423,EFO_0000464,CONTRAINDICATION,
CHEMBL423,EFO_0000537,INDICATION,
CHEMBL423,EFO_0000676,CONTRAINDICATION,
CHEMBL423,EFO_0003086,CONTRAINDICATION,
CHEMBL423,EFO_0004190,INDICATION,
CHEMBL423,EFO_0004991,CONTRAINDICATION,
CHEMBL423,EFO_1001069,INDICATION,
CHEMBL423,MONDO_0000468,CONTRAINDICATION,
CHEMBL423,MONDO_0002050,CONTRAINDICATION,
CHEMBL423,MONDO_0004979,CONTRAINDICATION,
CHEMBL423,MONDO_0005041,INDICATION,
CHEMBL423,MONDO_0008233,CONTRAINDICATION,
CHEMBL42336,EFO_0000182,INDICATION,
CHEMBL42336,EFO_0000400,CONTRAINDICATION,
CHEMBL42336,EFO_0000537,CONTRAINDICATION,
CHEMBL42336,EFO_0001421,INDICATION,
CHEMBL42336,EFO_0002918,INDICATION,
CHEMBL42336,EFO_0003086,CONTRAINDICATION,
CHEMBL42336,EFO_0003777,CONTRAINDICATION,
CHEMBL42336,EFO_0004220,INDICATION,
CHEMBL42336,EFO_0004287,CONTRAINDICATION,
CHEMBL42336,EFO_1000028,INDICATION,
CHEMBL42336,EFO_1000209,INDICATION,
CHEMBL42336,EFO_1001068,INDICATION,
CHEMBL42336,EFO_1001254,INDICATION,
CHEMBL42336,MONDO_0001437,INDICATION,
CHEMBL42336,MONDO_0001566,CONTRAINDICATION,
CHEMBL42336,MONDO_0019259,CONTRAINDICATION,
CHEMBL42336,MONDO_0019338,CONTRAINDICATION,
CHEMBL42336,MONDO_0021187,CONTRAINDICATION,
CHEMBL42336,MONDO_0024327,CONTRAINDICATION,
CHEMBL42336,Orphanet_79254,CONTRAINDICATION,
CHEMBL424,EFO_0000319,INDICATION,
CHEMBL424,EFO_0000384,OFF_LABEL_USE,
CHEMBL424,EFO_0000545,INDICATION,
CHEMBL424,EFO_0000676,INDICATION,
CHEMBL424,EFO_0000685,INDICATION,
CHEMBL424,EFO_0000701,INDICATION,
CHEMBL424,EFO_0000712,INDICATION,
CHEMBL424,EFO_0000729,OFF_LABEL_USE,
CHEMBL424,EFO_0002496,INDICATION,
CHEMBL424,EFO_0003843,INDICATION,
CHEMBL424,EFO_0003894,INDICATION,
CHEMBL424,EFO_0003958,INDICATION,
CHEMBL424,EFO_0003963,INDICATION,
CHEMBL424,EFO_0005672,INDICATION,
CHEMBL424,EFO_0005752,INDICATION,
CHEMBL424,EFO_0005854,INDICATION,
CHEMBL424,EFO_0007214,INDICATION,
CHEMBL424,EFO_0007512,INDICATION,
CHEMBL424,EFO_0008997,INDICATION,
CHEMBL424,EFO_0009315,INDICATION,
CHEMBL424,EFO_0009662,INDICATION,
CHEMBL424,EFO_1000720,INDICATION,
CHEMBL424,EFO_1000764,INDICATION,
CHEMBL424,EFO_1001160,OFF_LABEL_USE,
CHEMBL424,EFO_1001435,OFF_LABEL_USE,
CHEMBL424,EFO_1001518,INDICATION,
CHEMBL424,EFO_1002023,INDICATION,
CHEMBL424,MONDO_0000831,INDICATION,
CHEMBL424,MONDO_0002258,INDICATION,
CHEMBL424,MONDO_0002406,INDICATION,
CHEMBL424,MONDO_0002898,INDICATION,
CHEMBL424,MONDO_0004857,OFF_LABEL_USE,
CHEMBL424,MONDO_0005178,INDICATION,
CHEMBL424,MONDO_0045011,INDICATION,
CHEMBL424,MP_0001845,INDICATION,
CHEMBL42403,EFO_0000649,INDICATION,
CHEMBL42403,EFO_0003932,INDICATION,
CHEMBL42403,EFO_0007543,INDICATION,
CHEMBL424133,EFO_0000195,INDICATION,
CHEMBL424133,EFO_0000537,INDICATION,
CHEMBL424278,EFO_0003860,INDICATION,
CHEMBL4243974,EFO_0000095,INDICATION,
CHEMBL4243974,EFO_0000384,INDICATION,
CHEMBL4243974,EFO_0000681,INDICATION,
CHEMBL4243974,EFO_0000756,INDICATION,
CHEMBL4243974,MONDO_0008315,INDICATION,
CHEMBL42442,EFO_0000544,INDICATION,
CHEMBL42442,EFO_0007231,INDICATION,
CHEMBL42442,EFO_0007524,INDICATION,
CHEMBL42442,EFO_1001342,INDICATION,
CHEMBL42442,EFO_1001433,INDICATION,
CHEMBL42442,MONDO_0016075,INDICATION,
CHEMBL4249337,EFO_0000198,INDICATION,
CHEMBL4249337,EFO_0005952,INDICATION,
CHEMBL425,EFO_0000729,INDICATION,
CHEMBL425,EFO_0003898,INDICATION,
CHEMBL4250860,EFO_0001421,INDICATION,
CHEMBL4250860,EFO_0003086,INDICATION,
CHEMBL4250860,EFO_1001492,INDICATION,
CHEMBL4250860,MONDO_0019736,INDICATION,
CHEMBL4250860,MONDO_0100096,INDICATION,
CHEMBL4250860,MONDO_0100244,INDICATION,
CHEMBL426084,EFO_0002610,INDICATION,
CHEMBL426084,EFO_0005203,INDICATION,
CHEMBL426084,EFO_0009963,INDICATION,
CHEMBL426084,MONDO_0005090,INDICATION,
CHEMBL426084,MONDO_0007079,INDICATION,
CHEMBL426559,EFO_0004911,INDICATION,
CHEMBL426559,EFO_1000760,INDICATION,
CHEMBL426559,MONDO_0005148,INDICATION,
CHEMBL426559,MONDO_0021187,INDICATION,
CHEMBL426559,Orphanet_309005,INDICATION,
CHEMBL426559,Orphanet_79211,INDICATION,
CHEMBL426926,EFO_0000771,INDICATION,
CHEMBL426926,EFO_1001272,INDICATION,
CHEMBL427,EFO_0000183,INDICATION,
CHEMBL427,EFO_0000339,INDICATION,
CHEMBL427,EFO_0000574,INDICATION,
CHEMBL427,EFO_0000616,INDICATION,
CHEMBL427,EFO_0000701,INDICATION,
CHEMBL427,EFO_0002429,INDICATION,
CHEMBL427,EFO_0002913,INDICATION,
CHEMBL427,EFO_0005952,INDICATION,
CHEMBL427,EFO_0009314,CONTRAINDICATION,
CHEMBL427,EFO_0009856,INDICATION,
CHEMBL427,EFO_1000158,INDICATION,
CHEMBL427,EFO_1001051,INDICATION,
CHEMBL427,EFO_1001875,CONTRAINDICATION,
CHEMBL427,MONDO_0002280,CONTRAINDICATION,
CHEMBL427,MONDO_0008903,INDICATION,
CHEMBL427,MONDO_0009348,INDICATION,
CHEMBL427,MONDO_0015758,INDICATION,
CHEMBL427216,EFO_0000400,INDICATION,
CHEMBL427216,EFO_0000474,INDICATION,
CHEMBL427216,MONDO_0005148,INDICATION,
CHEMBL427683,EFO_0003890,INDICATION,
CHEMBL4277900,EFO_0000616,INDICATION,
CHEMBL4279047,EFO_0000272,INDICATION,
CHEMBL4279047,EFO_0000326,INDICATION,
CHEMBL4279047,EFO_0000616,INDICATION,
CHEMBL4279047,EFO_0001421,INDICATION,
CHEMBL4279455,EFO_0000294,INDICATION,
CHEMBL4279455,EFO_0003860,INDICATION,
CHEMBL4279455,EFO_0003869,INDICATION,
CHEMBL4279455,MONDO_0007254,INDICATION,
CHEMBL428,EFO_0000771,INDICATION,
CHEMBL428,EFO_0003102,INDICATION,
CHEMBL428,EFO_0003103,INDICATION,
CHEMBL428,EFO_0007387,INDICATION,
CHEMBL428,EFO_0007496,INDICATION,
CHEMBL428,EFO_0007499,INDICATION,
CHEMBL428,MONDO_0001080,INDICATION,
CHEMBL428,MONDO_0025598,INDICATION,
CHEMBL428,MONDO_0040732,INDICATION,
CHEMBL428,MONDO_0042451,INDICATION,
CHEMBL4283683,EFO_0000756,INDICATION,
CHEMBL4283683,EFO_1001471,INDICATION,
CHEMBL4283683,MONDO_0004992,INDICATION,
CHEMBL4284447,EFO_0000616,INDICATION,
CHEMBL4284604,EFO_0000771,INDICATION,
CHEMBL4285417,EFO_0000095,INDICATION,
CHEMBL4285417,EFO_0000181,INDICATION,
CHEMBL4285417,EFO_0000228,INDICATION,
CHEMBL4285417,EFO_0000305,INDICATION,
CHEMBL4285417,EFO_0000313,INDICATION,
CHEMBL4285417,EFO_0000403,INDICATION,
CHEMBL4285417,EFO_0000616,INDICATION,
CHEMBL4285417,EFO_0000637,INDICATION,
CHEMBL4285417,EFO_0000702,INDICATION,
CHEMBL4285417,EFO_0000707,INDICATION,
CHEMBL4285417,EFO_0000756,INDICATION,
CHEMBL4285417,EFO_0003060,INDICATION,
CHEMBL4285417,EFO_0003869,INDICATION,
CHEMBL4285417,EFO_0005537,INDICATION,
CHEMBL4285417,MONDO_0001023,INDICATION,
CHEMBL4285417,MONDO_0003059,INDICATION,
CHEMBL4285417,MONDO_0004992,INDICATION,
CHEMBL4285417,MONDO_0007254,INDICATION,
CHEMBL4285417,MONDO_0008170,INDICATION,
CHEMBL4285417,MONDO_0008315,INDICATION,
CHEMBL4285883,MONDO_0008903,INDICATION,
CHEMBL428647,EFO_0000095,INDICATION,
CHEMBL428647,EFO_0000178,INDICATION,
CHEMBL428647,EFO_0000180,INDICATION,
CHEMBL428647,EFO_0000181,INDICATION,
CHEMBL428647,EFO_0000182,INDICATION,
CHEMBL428647,EFO_0000183,INDICATION,
CHEMBL428647,EFO_0000199,INDICATION,
CHEMBL428647,EFO_0000228,INDICATION,
CHEMBL428647,EFO_0000284,INDICATION,
CHEMBL428647,EFO_0000294,INDICATION,
CHEMBL428647,EFO_0000305,INDICATION,
CHEMBL428647,EFO_0000308,INDICATION,
CHEMBL428647,EFO_0000313,INDICATION,
CHEMBL428647,EFO_0000365,INDICATION,
CHEMBL428647,EFO_0000389,INDICATION,
CHEMBL428647,EFO_0000400,CONTRAINDICATION,
CHEMBL428647,EFO_0000432,INDICATION,
CHEMBL428647,EFO_0000464,CONTRAINDICATION,
CHEMBL428647,EFO_0000466,INDICATION,
CHEMBL428647,EFO_0000503,INDICATION,
CHEMBL428647,EFO_0000514,INDICATION,
CHEMBL428647,EFO_0000519,INDICATION,
CHEMBL428647,EFO_0000537,INDICATION,
CHEMBL428647,EFO_0000556,INDICATION,
CHEMBL428647,EFO_0000558,INDICATION,
CHEMBL428647,EFO_0000565,INDICATION,
CHEMBL428647,EFO_0000571,INDICATION,
CHEMBL428647,EFO_0000574,INDICATION,
CHEMBL428647,EFO_0000588,INDICATION,
CHEMBL428647,EFO_0000612,CONTRAINDICATION,
CHEMBL428647,EFO_0000616,INDICATION,
CHEMBL428647,EFO_0000673,INDICATION,
CHEMBL428647,EFO_0000676,CONTRAINDICATION,
CHEMBL428647,EFO_0000681,INDICATION,
CHEMBL428647,EFO_0000685,INDICATION,
CHEMBL428647,EFO_0000691,INDICATION,
CHEMBL428647,EFO_0000702,OFF_LABEL_USE,
CHEMBL428647,EFO_0000707,INDICATION,
CHEMBL428647,EFO_0000708,INDICATION,
CHEMBL428647,EFO_0000756,INDICATION,
CHEMBL428647,EFO_0000764,INDICATION,
CHEMBL428647,EFO_0001061,INDICATION,
CHEMBL428647,EFO_0001075,INDICATION,
CHEMBL428647,EFO_0001378,INDICATION,
CHEMBL428647,EFO_0001416,INDICATION,
CHEMBL428647,EFO_0001642,INDICATION,
CHEMBL428647,EFO_0002496,INDICATION,
CHEMBL428647,EFO_0002617,INDICATION,
CHEMBL428647,EFO_0002618,INDICATION,
CHEMBL428647,EFO_0002892,INDICATION,
CHEMBL428647,EFO_0002916,INDICATION,
CHEMBL428647,EFO_0002938,INDICATION,
CHEMBL428647,EFO_0003050,INDICATION,
CHEMBL428647,EFO_0003060,INDICATION,
CHEMBL428647,EFO_0003086,CONTRAINDICATION,
CHEMBL428647,EFO_0003100,CONTRAINDICATION,
CHEMBL428647,EFO_0003826,INDICATION,
CHEMBL428647,EFO_0003833,INDICATION,
CHEMBL428647,EFO_0003843,INDICATION,
CHEMBL428647,EFO_0003859,INDICATION,
CHEMBL428647,EFO_0003860,INDICATION,
CHEMBL428647,EFO_0003863,INDICATION,
CHEMBL428647,EFO_0003868,INDICATION,
CHEMBL428647,EFO_0003869,INDICATION,
CHEMBL428647,EFO_0003875,INDICATION,
CHEMBL428647,EFO_0003893,INDICATION,
CHEMBL428647,EFO_0003897,INDICATION,
CHEMBL428647,EFO_0003968,INDICATION,
CHEMBL428647,EFO_0004142,INDICATION,
CHEMBL428647,EFO_0004149,INDICATION,
CHEMBL428647,EFO_0004190,INDICATION,
CHEMBL428647,EFO_0004224,INDICATION,
CHEMBL428647,EFO_0004230,INDICATION,
CHEMBL428647,EFO_0004243,INDICATION,
CHEMBL428647,EFO_0004252,INDICATION,
CHEMBL428647,EFO_0004265,INDICATION,
CHEMBL428647,EFO_0004272,INDICATION,
CHEMBL428647,EFO_0004281,INDICATION,
CHEMBL428647,EFO_0004284,INDICATION,
CHEMBL428647,EFO_0004991,CONTRAINDICATION,
CHEMBL428647,EFO_0005088,OFF_LABEL_USE,
CHEMBL428647,EFO_0005221,INDICATION,
CHEMBL428647,EFO_0005251,CONTRAINDICATION,
CHEMBL428647,EFO_0005537,INDICATION,
CHEMBL428647,EFO_0005567,INDICATION,
CHEMBL428647,EFO_0005922,INDICATION,
CHEMBL428647,EFO_0005952,INDICATION,
CHEMBL428647,EFO_0006318,INDICATION,
CHEMBL428647,EFO_0006352,INDICATION,
CHEMBL428647,EFO_0006772,INDICATION,
CHEMBL428647,EFO_0006818,INDICATION,
CHEMBL428647,EFO_0006859,OFF_LABEL_USE,
CHEMBL428647,EFO_0006861,INDICATION,
CHEMBL428647,EFO_0007532,INDICATION,
CHEMBL428647,EFO_0007535,INDICATION,
CHEMBL428647,EFO_0008524,INDICATION,
CHEMBL428647,EFO_0008528,INDICATION,
CHEMBL428647,EFO_0009708,INDICATION,
CHEMBL428647,EFO_0010282,INDICATION,
CHEMBL428647,EFO_1000043,INDICATION,
CHEMBL428647,EFO_1000052,INDICATION,
CHEMBL428647,EFO_1000158,INDICATION,
CHEMBL428647,EFO_1000251,INDICATION,
CHEMBL428647,EFO_1000294,INDICATION,
CHEMBL428647,EFO_1000350,INDICATION,
CHEMBL428647,EFO_1000359,INDICATION,
CHEMBL428647,EFO_1000576,INDICATION,
CHEMBL428647,EFO_1000581,INDICATION,
CHEMBL428647,EFO_1000613,INDICATION,
CHEMBL428647,EFO_1000657,INDICATION,
CHEMBL428647,EFO_1000796,INDICATION,
CHEMBL428647,EFO_1000984,INDICATION,
CHEMBL428647,EFO_1001069,INDICATION,
CHEMBL428647,EFO_1001100,INDICATION,
CHEMBL428647,EFO_1001331,INDICATION,
CHEMBL428647,EFO_1001465,INDICATION,
CHEMBL428647,EFO_1001471,INDICATION,
CHEMBL428647,EFO_1001512,OFF_LABEL_USE,
CHEMBL428647,EFO_1001931,INDICATION,
CHEMBL428647,EFO_1001951,INDICATION,
CHEMBL428647,EFO_1001961,INDICATION,
CHEMBL428647,EFO_1001968,INDICATION,
CHEMBL428647,MONDO_0000468,CONTRAINDICATION,
CHEMBL428647,MONDO_0001056,INDICATION,
CHEMBL428647,MONDO_0001187,OFF_LABEL_USE,
CHEMBL428647,MONDO_0001325,INDICATION,
CHEMBL428647,MONDO_0001402,INDICATION,
CHEMBL428647,MONDO_0001528,INDICATION,
CHEMBL428647,MONDO_0001879,INDICATION,
CHEMBL428647,MONDO_0002050,CONTRAINDICATION,
CHEMBL428647,MONDO_0002087,INDICATION,
CHEMBL428647,MONDO_0002108,INDICATION,
CHEMBL428647,MONDO_0002120,INDICATION,
CHEMBL428647,MONDO_0002158,INDICATION,
CHEMBL428647,MONDO_0002280,CONTRAINDICATION,
CHEMBL428647,MONDO_0002367,INDICATION,
CHEMBL428647,MONDO_0002601,INDICATION,
CHEMBL428647,MONDO_0002691,INDICATION,
CHEMBL428647,MONDO_0002715,INDICATION,
CHEMBL428647,MONDO_0002974,INDICATION,
CHEMBL428647,MONDO_0003060,INDICATION,
CHEMBL428647,MONDO_0003751,INDICATION,
CHEMBL428647,MONDO_0004192,INDICATION,
CHEMBL428647,MONDO_0004658,INDICATION,
CHEMBL428647,MONDO_0004669,INDICATION,
CHEMBL428647,MONDO_0004979,CONTRAINDICATION,
CHEMBL428647,MONDO_0004986,INDICATION,
CHEMBL428647,MONDO_0004992,INDICATION,
CHEMBL428647,MONDO_0005184,INDICATION,
CHEMBL428647,MONDO_0005271,INDICATION,
CHEMBL428647,MONDO_0005411,INDICATION,
CHEMBL428647,MONDO_0007254,INDICATION,
CHEMBL428647,MONDO_0007576,INDICATION,
CHEMBL428647,MONDO_0008170,INDICATION,
CHEMBL428647,MONDO_0008233,CONTRAINDICATION,
CHEMBL428647,MONDO_0008315,INDICATION,
CHEMBL428647,MONDO_0008903,INDICATION,
CHEMBL428647,MONDO_0011719,INDICATION,
CHEMBL428647,MONDO_0011962,INDICATION,
CHEMBL428647,MONDO_0018364,INDICATION,
CHEMBL428647,MONDO_0018944,INDICATION,
CHEMBL428647,MONDO_0021043,INDICATION,
CHEMBL428647,MONDO_0021117,INDICATION,
CHEMBL428647,MONDO_0021148,INDICATION,
CHEMBL428647,MONDO_0021251,INDICATION,
CHEMBL428647,MONDO_0021355,OFF_LABEL_USE,
CHEMBL428647,MONDO_0021657,INDICATION,
CHEMBL428647,MONDO_0022394,INDICATION,
CHEMBL428647,MONDO_0044704,INDICATION,
CHEMBL428647,MONDO_0044926,INDICATION,
CHEMBL428647,MONDO_0100342,INDICATION,
CHEMBL428647,Orphanet_145,INDICATION,
CHEMBL428676,EFO_0000222,INDICATION,
CHEMBL428676,MONDO_0007254,INDICATION,
CHEMBL428676,MONDO_0008315,INDICATION,
CHEMBL428690,EFO_0000095,INDICATION,
CHEMBL428690,EFO_0000191,INDICATION,
CHEMBL428690,EFO_0000222,INDICATION,
CHEMBL428690,EFO_0000389,INDICATION,
CHEMBL428690,EFO_0000403,INDICATION,
CHEMBL428690,EFO_0000565,INDICATION,
CHEMBL428690,EFO_0000574,INDICATION,
CHEMBL428690,EFO_0000616,INDICATION,
CHEMBL428690,EFO_0000691,INDICATION,
CHEMBL428690,EFO_0001378,INDICATION,
CHEMBL428690,EFO_0001642,INDICATION,
CHEMBL428690,EFO_0006861,INDICATION,
CHEMBL428690,EFO_0009441,INDICATION,
CHEMBL428690,EFO_1001469,INDICATION,
CHEMBL428690,MONDO_0001023,INDICATION,
CHEMBL428690,MONDO_0002367,INDICATION,
CHEMBL428690,MONDO_0002691,INDICATION,
CHEMBL428690,MONDO_0007254,INDICATION,
CHEMBL428690,MONDO_0007576,INDICATION,
CHEMBL428690,MONDO_0008315,INDICATION,
CHEMBL428690,MONDO_0011962,INDICATION,
CHEMBL428690,MONDO_0018906,INDICATION,
CHEMBL428880,EFO_0000676,INDICATION,
CHEMBL428880,EFO_0000712,INDICATION,
CHEMBL428880,EFO_0003086,CONTRAINDICATION,
CHEMBL428880,EFO_0003767,OFF_LABEL_USE,
CHEMBL428880,EFO_0003830,INDICATION,
CHEMBL428880,EFO_0005531,INDICATION,
CHEMBL428880,EFO_0005537,INDICATION,
CHEMBL428880,EFO_0005751,INDICATION,
CHEMBL428880,EFO_0005854,INDICATION,
CHEMBL428880,EFO_0007141,INDICATION,
CHEMBL428880,EFO_0009001,INDICATION,
CHEMBL428880,EFO_1000391,CONTRAINDICATION,
CHEMBL428880,EFO_1000760,INDICATION,
CHEMBL428880,MONDO_0004975,INDICATION,
CHEMBL428880,MONDO_0004976,INDICATION,
CHEMBL428880,MONDO_0004979,INDICATION,
CHEMBL428880,MONDO_0005090,INDICATION,
CHEMBL428880,MONDO_0016586,INDICATION,
CHEMBL428880,MONDO_0100192,CONTRAINDICATION,
CHEMBL4288984,MONDO_0004976,INDICATION,
CHEMBL4289017,EFO_0000616,INDICATION,
CHEMBL429,EFO_0000319,INDICATION,
CHEMBL429,EFO_0000400,CONTRAINDICATION,
CHEMBL429,EFO_0000464,CONTRAINDICATION,
CHEMBL429,EFO_0000537,INDICATION,
CHEMBL429,EFO_0000668,INDICATION,
CHEMBL429,EFO_0000712,INDICATION,
CHEMBL429,EFO_0002610,INDICATION,
CHEMBL429,EFO_0003086,CONTRAINDICATION,
CHEMBL429,EFO_0003768,INDICATION,
CHEMBL429,EFO_0003843,INDICATION,
CHEMBL429,EFO_0004274,CONTRAINDICATION,
CHEMBL429,EFO_0005251,CONTRAINDICATION,
CHEMBL429,EFO_0005669,INDICATION,
CHEMBL429,EFO_0007486,INDICATION,
CHEMBL429,EFO_0008506,CONTRAINDICATION,
CHEMBL429,EFO_0009530,CONTRAINDICATION,
CHEMBL429,EFO_1000652,CONTRAINDICATION,
CHEMBL429,MONDO_0000468,CONTRAINDICATION,
CHEMBL429,MONDO_0001566,CONTRAINDICATION,
CHEMBL429,MONDO_0002050,CONTRAINDICATION,
CHEMBL429,MONDO_0007915,CONTRAINDICATION,
CHEMBL429,MONDO_0018100,CONTRAINDICATION,
CHEMBL429,MONDO_0100192,CONTRAINDICATION,
CHEMBL4290141,EFO_0008525,INDICATION,
CHEMBL4290141,MONDO_0007739,INDICATION,
CHEMBL4291143,EFO_1001413,INDICATION,
CHEMBL4292264,EFO_0000222,INDICATION,
CHEMBL4292264,EFO_0000574,INDICATION,
CHEMBL4292264,EFO_0000616,INDICATION,
CHEMBL4292264,EFO_0001378,INDICATION,
CHEMBL429317,EFO_0005411,INDICATION,
CHEMBL429317,MONDO_0005090,INDICATION,
CHEMBL4296717,EFO_0000182,INDICATION,
CHEMBL4296717,EFO_0000183,INDICATION,
CHEMBL4296717,EFO_0000365,INDICATION,
CHEMBL4296717,EFO_1000785,INDICATION,
CHEMBL4296717,EFO_1001051,INDICATION,
CHEMBL4296719,EFO_0008585,INDICATION,
CHEMBL4296719,MONDO_0005148,INDICATION,
CHEMBL4297063,EFO_0003060,INDICATION,
CHEMBL4297063,MONDO_0005184,INDICATION,
CHEMBL4297064,EFO_0005687,INDICATION,
CHEMBL4297065,MONDO_0003472,INDICATION,
CHEMBL4297066,MONDO_0018150,INDICATION,
CHEMBL4297067,EFO_0000701,INDICATION,
CHEMBL4297067,EFO_0003822,INDICATION,
CHEMBL4297067,MONDO_0002070,INDICATION,
CHEMBL4297067,MONDO_0004992,INDICATION,
CHEMBL4297067,MONDO_0007172,INDICATION,
CHEMBL4297067,MONDO_0007254,INDICATION,
CHEMBL4297087,MONDO_0005180,INDICATION,
CHEMBL4297088,EFO_0000544,INDICATION,
CHEMBL4297088,EFO_0000649,INDICATION,
CHEMBL4297088,EFO_0000764,INDICATION,
CHEMBL4297088,EFO_0003030,INDICATION,
CHEMBL4297088,EFO_0003106,INDICATION,
CHEMBL4297088,EFO_0003819,INDICATION,
CHEMBL4297088,EFO_0006859,INDICATION,
CHEMBL4297088,EFO_0007126,INDICATION,
CHEMBL4297088,EFO_0007543,INDICATION,
CHEMBL4297088,EFO_1000874,INDICATION,
CHEMBL4297088,EFO_1001390,INDICATION,
CHEMBL4297088,EFO_1001898,INDICATION,
CHEMBL4297088,EFO_1001904,INDICATION,
CHEMBL4297088,MONDO_0002258,INDICATION,
CHEMBL4297088,MONDO_0002508,INDICATION,
CHEMBL4297088,MONDO_0009061,INDICATION,
CHEMBL4297088,MONDO_0043544,INDICATION,
CHEMBL4297088,MONDO_0043771,INDICATION,
CHEMBL4297088,MONDO_0100096,INDICATION,
CHEMBL4297091,EFO_0003843,INDICATION,
CHEMBL4297091,EFO_0003890,INDICATION,
CHEMBL4297101,EFO_0000771,INDICATION,
CHEMBL4297107,MONDO_0005277,INDICATION,
CHEMBL4297147,EFO_0005411,INDICATION,
CHEMBL4297147,MONDO_0005090,INDICATION,
CHEMBL4297163,EFO_0000182,INDICATION,
CHEMBL4297163,EFO_0000389,INDICATION,
CHEMBL4297163,EFO_0000756,INDICATION,
CHEMBL4297163,EFO_0003060,INDICATION,
CHEMBL4297163,MONDO_0008315,INDICATION,
CHEMBL4297163,MONDO_0008903,INDICATION,
CHEMBL4297165,EFO_0000685,INDICATION,
CHEMBL4297165,MONDO_0007915,INDICATION,
CHEMBL4297166,EFO_0000544,INDICATION,
CHEMBL4297166,EFO_0000701,INDICATION,
CHEMBL4297166,EFO_0000771,INDICATION,
CHEMBL4297166,EFO_0003102,INDICATION,
CHEMBL4297166,MONDO_0009061,INDICATION,
CHEMBL4297181,EFO_0000588,INDICATION,
CHEMBL4297181,EFO_0000616,INDICATION,
CHEMBL4297181,EFO_0003060,INDICATION,
CHEMBL4297181,EFO_0003869,INDICATION,
CHEMBL4297181,EFO_0004142,INDICATION,
CHEMBL4297181,EFO_0005952,INDICATION,
CHEMBL4297181,EFO_0009708,INDICATION,
CHEMBL4297181,MONDO_0005184,INDICATION,
CHEMBL4297181,MONDO_0007254,INDICATION,
CHEMBL4297181,MONDO_0008315,INDICATION,
CHEMBL4297181,MONDO_0011962,INDICATION,
CHEMBL4297182,EFO_0000274,INDICATION,
CHEMBL4297182,EFO_0000676,INDICATION,
CHEMBL4297182,EFO_0005762,INDICATION,
CHEMBL4297182,EFO_1001494,INDICATION,
CHEMBL4297183,EFO_0001358,INDICATION,
CHEMBL4297183,EFO_0003756,INDICATION,
CHEMBL4297184,EFO_0000616,INDICATION,
CHEMBL4297184,EFO_0000681,INDICATION,
CHEMBL4297184,EFO_0001378,INDICATION,
CHEMBL4297184,EFO_0003060,INDICATION,
CHEMBL4297184,EFO_0003888,INDICATION,
CHEMBL4297184,MONDO_0005180,INDICATION,
CHEMBL4297185,EFO_0000196,INDICATION,
CHEMBL4297185,EFO_0000616,INDICATION,
CHEMBL4297185,EFO_0000673,INDICATION,
CHEMBL4297185,EFO_0001663,INDICATION,
CHEMBL4297185,MONDO_0000521,INDICATION,
CHEMBL4297185,MONDO_0004669,INDICATION,
CHEMBL4297185,MONDO_0004992,INDICATION,
CHEMBL4297185,MONDO_0007254,INDICATION,
CHEMBL4297185,MONDO_0008315,INDICATION,
CHEMBL4297185,MONDO_0021259,INDICATION,
CHEMBL4297186,EFO_0003948,INDICATION,
CHEMBL4297187,EFO_0000503,INDICATION,
CHEMBL4297187,EFO_0000616,INDICATION,
CHEMBL4297187,EFO_0008528,INDICATION,
CHEMBL4297187,EFO_1001961,INDICATION,
CHEMBL4297188,EFO_0000574,INDICATION,
CHEMBL4297188,EFO_0000616,INDICATION,
CHEMBL4297188,MONDO_0008170,INDICATION,
CHEMBL4297188,MONDO_0008318,INDICATION,
CHEMBL4297188,MONDO_0011962,INDICATION,
CHEMBL4297190,EFO_0000182,INDICATION,
CHEMBL4297190,EFO_0000503,INDICATION,
CHEMBL4297190,EFO_0000616,INDICATION,
CHEMBL4297190,EFO_0000637,INDICATION,
CHEMBL4297190,EFO_0000691,INDICATION,
CHEMBL4297190,EFO_0000702,INDICATION,
CHEMBL4297190,EFO_0001421,INDICATION,
CHEMBL4297190,EFO_0002618,INDICATION,
CHEMBL4297190,EFO_0002892,INDICATION,
CHEMBL4297190,EFO_0003060,INDICATION,
CHEMBL4297190,EFO_0003086,INDICATION,
CHEMBL4297190,EFO_0003860,INDICATION,
CHEMBL4297190,EFO_0004142,INDICATION,
CHEMBL4297190,EFO_0004252,INDICATION,
CHEMBL4297190,EFO_0005537,INDICATION,
CHEMBL4297190,EFO_0006859,INDICATION,
CHEMBL4297190,EFO_1001901,INDICATION,
CHEMBL4297190,EFO_1001951,INDICATION,
CHEMBL4297190,EFO_1001968,INDICATION,
CHEMBL4297190,MONDO_0002108,INDICATION,
CHEMBL4297190,MONDO_0002120,INDICATION,
CHEMBL4297190,MONDO_0003060,INDICATION,
CHEMBL4297190,MONDO_0005184,INDICATION,
CHEMBL4297190,MONDO_0005575,INDICATION,
CHEMBL4297190,MONDO_0007254,INDICATION,
CHEMBL4297190,MONDO_0008170,INDICATION,
CHEMBL4297192,EFO_0000545,INDICATION,
CHEMBL4297192,EFO_0004992,INDICATION,
CHEMBL4297192,EFO_0008533,INDICATION,
CHEMBL4297192,EFO_1001951,INDICATION,
CHEMBL4297203,MONDO_0005148,INDICATION,
CHEMBL4297204,EFO_0001422,INDICATION,
CHEMBL4297205,EFO_0001663,INDICATION,
CHEMBL4297205,MONDO_0008315,INDICATION,
CHEMBL4297206,EFO_0003819,INDICATION,
CHEMBL4297206,MONDO_0002508,INDICATION,
CHEMBL4297207,EFO_0000589,INDICATION,
CHEMBL4297207,MONDO_0037939,INDICATION,
CHEMBL4297208,EFO_0002618,INDICATION,
CHEMBL4297208,MONDO_0008903,INDICATION,
CHEMBL4297210,EFO_0007141,INDICATION,
CHEMBL4297210,EFO_1000906,INDICATION,
CHEMBL4297210,Orphanet_816,INDICATION,
CHEMBL4297211,EFO_0003103,INDICATION,
CHEMBL4297211,EFO_1001272,INDICATION,
CHEMBL4297211,MONDO_0021678,INDICATION,
CHEMBL4297212,EFO_0003877,INDICATION,
CHEMBL4297212,EFO_0003918,INDICATION,
CHEMBL4297212,EFO_0005246,INDICATION,
CHEMBL4297212,MONDO_0016158,INDICATION,
CHEMBL4297214,EFO_0003144,INDICATION,
CHEMBL4297215,EFO_0007328,INDICATION,
CHEMBL4297216,EFO_0002430,INDICATION,
CHEMBL4297216,EFO_0004251,INDICATION,
CHEMBL4297218,EFO_0000274,INDICATION,
CHEMBL4297219,EFO_0003060,INDICATION,
CHEMBL4297220,EFO_0000339,INDICATION,
CHEMBL4297220,EFO_1000131,INDICATION,
CHEMBL4297221,MONDO_0004975,INDICATION,
CHEMBL4297221,MONDO_0017276,INDICATION,
CHEMBL4297223,EFO_0000508,INDICATION,
CHEMBL4297223,MONDO_0002280,INDICATION,
CHEMBL4297223,MONDO_0003689,INDICATION,
CHEMBL4297224,MONDO_0004975,INDICATION,
CHEMBL4297224,MONDO_0005180,INDICATION,
CHEMBL4297224,MONDO_0010726,INDICATION,
CHEMBL4297226,EFO_0000616,INDICATION,
CHEMBL4297226,EFO_0000756,INDICATION,
CHEMBL4297226,EFO_0002618,INDICATION,
CHEMBL4297228,EFO_0003843,INDICATION,
CHEMBL4297229,EFO_0005422,INDICATION,
CHEMBL4297229,MONDO_0005277,INDICATION,
CHEMBL4297233,EFO_0002939,INDICATION,
CHEMBL4297233,EFO_1001012,INDICATION,
CHEMBL4297235,EFO_0000198,INDICATION,
CHEMBL4297235,EFO_0000222,INDICATION,
CHEMBL4297235,EFO_0000519,INDICATION,
CHEMBL4297235,EFO_1000026,INDICATION,
CHEMBL4297236,EFO_0000095,INDICATION,
CHEMBL4297236,EFO_0000220,INDICATION,
CHEMBL4297236,EFO_0000403,INDICATION,
CHEMBL4297236,EFO_0005952,INDICATION,
CHEMBL4297236,EFO_1001469,INDICATION,
CHEMBL4297236,MONDO_0018906,INDICATION,
CHEMBL4297239,EFO_0000222,INDICATION,
CHEMBL4297240,EFO_0008525,INDICATION,
CHEMBL4297240,MONDO_0009669,INDICATION,
CHEMBL4297240,MONDO_0009673,INDICATION,
CHEMBL4297240,Orphanet_83419,INDICATION,
CHEMBL4297241,EFO_0000571,INDICATION,
CHEMBL4297241,EFO_0003060,INDICATION,
CHEMBL4297242,EFO_0000673,INDICATION,
CHEMBL4297243,EFO_0000546,INDICATION,
CHEMBL4297243,EFO_0000556,INDICATION,
CHEMBL4297243,EFO_0000694,INDICATION,
CHEMBL4297243,EFO_0001361,INDICATION,
CHEMBL4297243,EFO_0003876,INDICATION,
CHEMBL4297243,EFO_0003964,INDICATION,
CHEMBL4297243,EFO_0004265,INDICATION,
CHEMBL4297243,MONDO_0100096,INDICATION,
CHEMBL4297245,MONDO_0004975,INDICATION,
CHEMBL4297247,EFO_0001668,INDICATION,
CHEMBL4297247,EFO_0003835,INDICATION,
CHEMBL4297252,EFO_0000384,INDICATION,
CHEMBL4297252,EFO_0000729,INDICATION,
CHEMBL4297253,MONDO_0004992,INDICATION,
CHEMBL4297254,MONDO_0009061,INDICATION,
CHEMBL4297256,MONDO_0004975,INDICATION,
CHEMBL4297257,EFO_0000180,INDICATION,
CHEMBL4297257,EFO_0000765,INDICATION,
CHEMBL4297258,EFO_0000571,INDICATION,
CHEMBL4297258,EFO_0000616,INDICATION,
CHEMBL4297258,EFO_0003060,INDICATION,
CHEMBL4297258,MONDO_0008903,INDICATION,
CHEMBL4297260,MONDO_0002508,INDICATION,
CHEMBL4297261,EFO_0000616,INDICATION,
CHEMBL4297262,EFO_0001421,INDICATION,
CHEMBL4297262,EFO_0001422,INDICATION,
CHEMBL4297262,EFO_0003095,INDICATION,
CHEMBL4297262,EFO_0004210,INDICATION,
CHEMBL4297262,EFO_1001249,INDICATION,
CHEMBL4297263,EFO_0003860,INDICATION,
CHEMBL4297263,EFO_0004142,INDICATION,
CHEMBL4297264,EFO_0005230,INDICATION,
CHEMBL4297264,EFO_0009954,INDICATION,
CHEMBL4297266,MP_0001845,INDICATION,
CHEMBL4297267,EFO_0000616,INDICATION,
CHEMBL4297268,EFO_0000616,INDICATION,
CHEMBL4297268,EFO_0003060,INDICATION,
CHEMBL4297269,EFO_0000231,INDICATION,
CHEMBL4297269,EFO_0000616,INDICATION,
CHEMBL4297269,EFO_1001830,INDICATION,
CHEMBL4297269,MONDO_0004992,INDICATION,
CHEMBL4297269,MONDO_0007254,INDICATION,
CHEMBL4297270,EFO_0000768,INDICATION,
CHEMBL4297270,EFO_1001993,INDICATION,
CHEMBL4297271,EFO_0000519,INDICATION,
CHEMBL4297271,EFO_0006859,INDICATION,
CHEMBL4297271,EFO_1000657,INDICATION,
CHEMBL4297272,EFO_0003060,INDICATION,
CHEMBL4297273,EFO_0002610,INDICATION,
CHEMBL4297274,MONDO_0008315,INDICATION,
CHEMBL4297275,EFO_0006859,INDICATION,
CHEMBL4297275,EFO_1000158,INDICATION,
CHEMBL4297276,EFO_0001073,INDICATION,
CHEMBL4297276,EFO_0004211,INDICATION,
CHEMBL4297276,MONDO_0008300,INDICATION,
CHEMBL4297277,EFO_1000783,INDICATION,
CHEMBL4297278,MONDO_0004992,INDICATION,
CHEMBL4297279,EFO_0000681,INDICATION,
CHEMBL4297279,MONDO_0004992,INDICATION,
CHEMBL4297280,EFO_0000571,INDICATION,
CHEMBL4297280,EFO_0003869,INDICATION,
CHEMBL4297280,MONDO_0008170,INDICATION,
CHEMBL4297281,MONDO_0021063,INDICATION,
CHEMBL4297282,EFO_0000574,INDICATION,
CHEMBL4297282,MONDO_0004992,INDICATION,
CHEMBL4297283,EFO_0000764,INDICATION,
CHEMBL4297284,EFO_0000685,INDICATION,
CHEMBL4297284,EFO_0000729,INDICATION,
CHEMBL4297284,EFO_0002614,INDICATION,
CHEMBL4297284,MONDO_0005148,INDICATION,
CHEMBL4297284,MP_0001845,INDICATION,
CHEMBL4297285,EFO_0002687,INDICATION,
CHEMBL4297285,EFO_0008583,INDICATION,
CHEMBL4297285,EFO_1001375,INDICATION,
CHEMBL4297285,MONDO_0037939,INDICATION,
CHEMBL4297287,EFO_0001072,INDICATION,
CHEMBL4297287,EFO_0005854,INDICATION,
CHEMBL4297288,EFO_0001422,INDICATION,
CHEMBL4297288,EFO_0004239,INDICATION,
CHEMBL4297289,EFO_0000198,INDICATION,
CHEMBL4297289,EFO_0000222,INDICATION,
CHEMBL4297289,EFO_0000479,INDICATION,
CHEMBL4297289,EFO_0000616,INDICATION,
CHEMBL4297289,EFO_0000702,INDICATION,
CHEMBL4297289,EFO_0002429,INDICATION,
CHEMBL4297289,MONDO_0044903,INDICATION,
CHEMBL4297290,EFO_0003144,INDICATION,
CHEMBL4297290,MONDO_0011382,INDICATION,
CHEMBL4297290,Orphanet_848,INDICATION,
CHEMBL4297292,EFO_0005854,INDICATION,
CHEMBL4297293,MONDO_0002009,INDICATION,
CHEMBL4297293,MONDO_0004985,INDICATION,
CHEMBL4297294,EFO_0003756,INDICATION,
CHEMBL4297294,EFO_1001908,INDICATION,
CHEMBL4297295,EFO_0000544,INDICATION,
CHEMBL4297296,EFO_0003060,INDICATION,
CHEMBL4297297,EFO_0000764,INDICATION,
CHEMBL4297298,EFO_0000095,INDICATION,
CHEMBL4297298,EFO_0001378,INDICATION,
CHEMBL4297299,MONDO_0004992,INDICATION,
CHEMBL4297300,EFO_0000198,INDICATION,
CHEMBL4297300,EFO_0000519,INDICATION,
CHEMBL4297300,EFO_0000632,INDICATION,
CHEMBL4297300,EFO_0000702,INDICATION,
CHEMBL4297300,EFO_1001968,INDICATION,
CHEMBL4297300,MONDO_0004992,INDICATION,
CHEMBL4297301,EFO_0001073,INDICATION,
CHEMBL4297302,MONDO_0005148,INDICATION,
CHEMBL4297303,EFO_0003047,INDICATION,
CHEMBL4297304,EFO_0003047,INDICATION,
CHEMBL4297305,EFO_1001347,INDICATION,
CHEMBL4297305,MONDO_0018923,INDICATION,
CHEMBL4297306,MONDO_0005147,INDICATION,
CHEMBL4297307,EFO_0003843,INDICATION,
CHEMBL4297308,EFO_0000198,INDICATION,
CHEMBL4297308,EFO_0000222,INDICATION,
CHEMBL4297308,EFO_0000616,INDICATION,
CHEMBL4297308,MONDO_0004992,INDICATION,
CHEMBL4297309,MONDO_0002050,INDICATION,
CHEMBL4297310,EFO_0000198,INDICATION,
CHEMBL4297310,EFO_0000220,INDICATION,
CHEMBL4297310,EFO_0000222,INDICATION,
CHEMBL4297310,EFO_0000519,INDICATION,
CHEMBL4297310,EFO_0000616,INDICATION,
CHEMBL4297310,EFO_0001378,INDICATION,
CHEMBL4297310,EFO_0005543,INDICATION,
CHEMBL4297310,EFO_1000026,INDICATION,
CHEMBL4297310,EFO_1001465,INDICATION,
CHEMBL4297310,EFO_1001901,INDICATION,
CHEMBL4297310,MONDO_0007254,INDICATION,
CHEMBL4297310,MONDO_0011962,INDICATION,
CHEMBL4297311,EFO_0000555,INDICATION,
CHEMBL4297312,MONDO_0004975,INDICATION,
CHEMBL4297313,EFO_0001365,INDICATION,
CHEMBL4297313,EFO_1001492,INDICATION,
CHEMBL4297314,EFO_0000616,INDICATION,
CHEMBL4297315,EFO_0002618,INDICATION,
CHEMBL4297316,EFO_0008507,INDICATION,
CHEMBL4297318,EFO_0004616,INDICATION,
CHEMBL4297319,EFO_0006928,INDICATION,
CHEMBL4297320,EFO_0003144,INDICATION,
CHEMBL4297320,MONDO_0004979,INDICATION,
CHEMBL4297321,EFO_0000616,INDICATION,
CHEMBL4297323,EFO_0001645,INDICATION,
CHEMBL4297325,EFO_0000616,INDICATION,
CHEMBL4297326,EFO_0004211,INDICATION,
CHEMBL4297326,MONDO_0005148,INDICATION,
CHEMBL4297326,MONDO_0021187,INDICATION,
CHEMBL4297326,Orphanet_411,INDICATION,
CHEMBL4297328,MONDO_0021107,INDICATION,
CHEMBL4297329,EFO_0000616,INDICATION,
CHEMBL4297330,EFO_1001951,INDICATION,
CHEMBL4297330,MONDO_0007254,INDICATION,
CHEMBL4297330,MONDO_0008170,INDICATION,
CHEMBL4297331,EFO_0000384,INDICATION,
CHEMBL4297331,EFO_0000555,INDICATION,
CHEMBL4297331,MONDO_0004567,INDICATION,
CHEMBL4297332,EFO_0003047,INDICATION,
CHEMBL4297333,EFO_0000676,INDICATION,
CHEMBL4297333,EFO_0000729,INDICATION,
CHEMBL4297333,MONDO_0100096,INDICATION,
CHEMBL4297334,EFO_0000196,INDICATION,
CHEMBL4297334,EFO_0000616,INDICATION,
CHEMBL4297334,EFO_0000673,INDICATION,
CHEMBL4297334,MONDO_0008315,INDICATION,
CHEMBL4297336,EFO_0000182,INDICATION,
CHEMBL4297339,EFO_1001901,INDICATION,
CHEMBL4297340,EFO_0000501,INDICATION,
CHEMBL4297340,EFO_0000641,INDICATION,
CHEMBL4297340,EFO_1001901,INDICATION,
CHEMBL4297340,MONDO_0020634,INDICATION,
CHEMBL4297340,MONDO_0024503,INDICATION,
CHEMBL4297341,MONDO_0008315,INDICATION,
CHEMBL4297343,EFO_0002618,INDICATION,
CHEMBL4297343,MONDO_0004992,INDICATION,
CHEMBL4297344,EFO_0000384,INDICATION,
CHEMBL4297344,EFO_0000685,INDICATION,
CHEMBL4297344,EFO_0000729,INDICATION,
CHEMBL4297344,EFO_0000764,INDICATION,
CHEMBL4297344,MONDO_0100096,INDICATION,
CHEMBL4297345,EFO_0004616,INDICATION,
CHEMBL4297345,MONDO_0041052,INDICATION,
CHEMBL4297347,EFO_1001901,INDICATION,
CHEMBL4297348,EFO_0004238,INDICATION,
CHEMBL4297349,EFO_0004616,INDICATION,
CHEMBL4297349,MONDO_0100096,INDICATION,
CHEMBL4297352,EFO_0000341,INDICATION,
CHEMBL4297352,MONDO_0009061,INDICATION,
CHEMBL4297353,EFO_0003047,INDICATION,
CHEMBL4297354,EFO_0001073,INDICATION,
CHEMBL4297356,EFO_0005854,INDICATION,
CHEMBL4297359,EFO_0000616,INDICATION,
CHEMBL429736,EFO_0003917,INDICATION,
CHEMBL4297360,EFO_0000544,INDICATION,
CHEMBL4297362,EFO_0000616,INDICATION,
CHEMBL4297362,EFO_0000770,INDICATION,
CHEMBL4297362,EFO_0002618,INDICATION,
CHEMBL4297363,MONDO_0005301,INDICATION,
CHEMBL4297364,EFO_0000341,INDICATION,
CHEMBL4297365,EFO_0000181,INDICATION,
CHEMBL4297365,MONDO_0002038,INDICATION,
CHEMBL4297366,EFO_0000198,INDICATION,
CHEMBL4297366,EFO_0000616,INDICATION,
CHEMBL4297366,EFO_0003860,INDICATION,
CHEMBL4297367,EFO_0000616,INDICATION,
CHEMBL4297367,MONDO_0004975,INDICATION,
CHEMBL4297369,EFO_0000764,INDICATION,
CHEMBL4297370,EFO_0000544,INDICATION,
CHEMBL4297370,EFO_0003872,INDICATION,
CHEMBL4297370,EFO_0009130,INDICATION,
CHEMBL4297371,EFO_0000401,INDICATION,
CHEMBL4297371,EFO_0003884,INDICATION,
CHEMBL4297371,EFO_1000738,INDICATION,
CHEMBL4297372,MONDO_0004976,INDICATION,
CHEMBL4297372,MONDO_0005180,INDICATION,
CHEMBL4297374,EFO_0000222,INDICATION,
CHEMBL4297374,EFO_0000616,INDICATION,
CHEMBL4297374,EFO_0001378,INDICATION,
CHEMBL4297375,EFO_0003948,INDICATION,
CHEMBL4297376,EFO_0000574,INDICATION,
CHEMBL4297376,EFO_0000616,INDICATION,
CHEMBL4297376,EFO_1000657,INDICATION,
CHEMBL4297376,MONDO_0021063,INDICATION,
CHEMBL4297377,EFO_0000764,INDICATION,
CHEMBL4297378,EFO_0000544,INDICATION,
CHEMBL4297378,EFO_0000771,INDICATION,
CHEMBL4297378,EFO_1001141,INDICATION,
CHEMBL4297380,EFO_0006510,INDICATION,
CHEMBL4297382,MONDO_0005180,INDICATION,
CHEMBL4297383,EFO_0001073,INDICATION,
CHEMBL4297383,MONDO_0007079,INDICATION,
CHEMBL4297384,MONDO_0002050,INDICATION,
CHEMBL4297384,MONDO_0007739,INDICATION,
CHEMBL4297385,EFO_0002610,INDICATION,
CHEMBL4297385,EFO_0003888,INDICATION,
CHEMBL4297385,MONDO_0002050,INDICATION,
CHEMBL4297386,MONDO_0005148,INDICATION,
CHEMBL4297387,MONDO_0002050,INDICATION,
CHEMBL4297388,EFO_0000274,INDICATION,
CHEMBL4297388,MONDO_0004979,INDICATION,
CHEMBL4297391,EFO_0000174,INDICATION,
CHEMBL4297392,EFO_0010282,INDICATION,
CHEMBL4297393,EFO_0000616,INDICATION,
CHEMBL4297394,EFO_0000545,INDICATION,
CHEMBL4297394,EFO_0004209,INDICATION,
CHEMBL4297396,EFO_0000574,INDICATION,
CHEMBL4297396,EFO_0006859,INDICATION,
CHEMBL4297397,EFO_0002546,INDICATION,
CHEMBL4297398,MONDO_0005277,INDICATION,
CHEMBL4297399,MONDO_0005148,INDICATION,
CHEMBL4297400,MONDO_0005148,INDICATION,
CHEMBL4297401,EFO_0000373,INDICATION,
CHEMBL4297401,EFO_0000612,INDICATION,
CHEMBL4297402,EFO_1001413,INDICATION,
CHEMBL4297403,EFO_0001378,INDICATION,
CHEMBL4297403,MONDO_0019438,INDICATION,
CHEMBL4297404,EFO_0000195,INDICATION,
CHEMBL4297404,EFO_0000400,INDICATION,
CHEMBL4297404,MONDO_0005148,INDICATION,
CHEMBL4297405,EFO_0000616,INDICATION,
CHEMBL4297406,MONDO_0016486,INDICATION,
CHEMBL4297409,EFO_0001421,INDICATION,
CHEMBL4297410,EFO_0000616,INDICATION,
CHEMBL4297411,MONDO_0004975,INDICATION,
CHEMBL4297412,EFO_0004198,INDICATION,
CHEMBL4297412,MONDO_0005301,INDICATION,
CHEMBL4297412,MONDO_0008170,INDICATION,
CHEMBL4297413,MONDO_0043510,INDICATION,
CHEMBL4297414,EFO_0000555,INDICATION,
CHEMBL4297414,EFO_0003843,INDICATION,
CHEMBL4297415,EFO_0005046,INDICATION,
CHEMBL4297415,EFO_0007379,INDICATION,
CHEMBL4297416,EFO_0004616,INDICATION,
CHEMBL4297416,MONDO_0004979,INDICATION,
CHEMBL4297417,EFO_0005772,INDICATION,
CHEMBL4297417,MONDO_0004975,INDICATION,
CHEMBL4297417,MONDO_0005180,INDICATION,
CHEMBL4297418,EFO_0000676,INDICATION,
CHEMBL4297419,EFO_0000756,INDICATION,
CHEMBL4297420,EFO_0000196,INDICATION,
CHEMBL4297420,EFO_0000673,INDICATION,
CHEMBL4297420,EFO_0000681,INDICATION,
CHEMBL4297420,EFO_0008528,INDICATION,
CHEMBL4297420,MONDO_0008315,INDICATION,
CHEMBL4297421,EFO_0000616,INDICATION,
CHEMBL4297422,EFO_0000349,INDICATION,
CHEMBL4297422,EFO_0000365,INDICATION,
CHEMBL4297422,EFO_0000389,INDICATION,
CHEMBL4297422,EFO_0000616,INDICATION,
CHEMBL4297422,EFO_0000673,INDICATION,
CHEMBL4297422,EFO_0000756,INDICATION,
CHEMBL4297422,EFO_0001075,INDICATION,
CHEMBL4297422,EFO_0001378,INDICATION,
CHEMBL4297422,EFO_0002499,INDICATION,
CHEMBL4297422,EFO_0002501,INDICATION,
CHEMBL4297422,EFO_0003060,INDICATION,
CHEMBL4297422,EFO_0005537,INDICATION,
CHEMBL4297422,EFO_0006861,INDICATION,
CHEMBL4297422,EFO_1000251,INDICATION,
CHEMBL4297422,EFO_1000657,INDICATION,
CHEMBL4297422,EFO_1001465,INDICATION,
CHEMBL4297422,MONDO_0007254,INDICATION,
CHEMBL4297422,MONDO_0021063,INDICATION,
CHEMBL4297423,EFO_0000198,INDICATION,
CHEMBL4297423,EFO_0000222,INDICATION,
CHEMBL4297423,EFO_0000616,INDICATION,
CHEMBL4297423,EFO_0001378,INDICATION,
CHEMBL4297425,EFO_0000616,INDICATION,
CHEMBL4297426,EFO_0003843,INDICATION,
CHEMBL4297426,MONDO_0008315,INDICATION,
CHEMBL4297428,EFO_0000537,INDICATION,
CHEMBL4297430,MONDO_0005148,INDICATION,
CHEMBL4297431,EFO_0000275,INDICATION,
CHEMBL4297431,EFO_0001421,INDICATION,
CHEMBL4297431,MONDO_0005148,INDICATION,
CHEMBL4297432,MONDO_0043510,INDICATION,
CHEMBL4297434,EFO_0008571,INDICATION,
CHEMBL4297435,MONDO_0005148,INDICATION,
CHEMBL4297436,EFO_0000341,INDICATION,
CHEMBL4297436,EFO_0000676,INDICATION,
CHEMBL4297436,EFO_0000729,INDICATION,
CHEMBL4297436,EFO_0009851,INDICATION,
CHEMBL4297436,EFO_1000096,INDICATION,
CHEMBL4297436,MONDO_0005148,INDICATION,
CHEMBL4297437,EFO_0000196,INDICATION,
CHEMBL4297437,EFO_0000519,INDICATION,
CHEMBL4297437,EFO_0002617,INDICATION,
CHEMBL4297437,EFO_0003108,INDICATION,
CHEMBL4297437,MONDO_0001657,INDICATION,
CHEMBL4297437,MONDO_0004975,INDICATION,
CHEMBL4297437,MONDO_0007254,INDICATION,
CHEMBL4297438,EFO_0001421,INDICATION,
CHEMBL4297438,MONDO_0004975,INDICATION,
CHEMBL4297439,EFO_0003108,INDICATION,
CHEMBL4297440,EFO_0000182,INDICATION,
CHEMBL4297440,EFO_0003893,INDICATION,
CHEMBL4297440,EFO_0005952,INDICATION,
CHEMBL4297440,MONDO_0001056,INDICATION,
CHEMBL4297440,MONDO_0002691,INDICATION,
CHEMBL4297441,EFO_0000182,INDICATION,
CHEMBL4297441,EFO_0002617,INDICATION,
CHEMBL4297441,EFO_0003060,INDICATION,
CHEMBL4297442,EFO_0000768,INDICATION,
CHEMBL4297442,EFO_0006890,INDICATION,
CHEMBL4297442,MONDO_0100096,INDICATION,
CHEMBL4297443,EFO_0004232,INDICATION,
CHEMBL4297444,EFO_0000182,INDICATION,
CHEMBL4297444,EFO_0000676,INDICATION,
CHEMBL4297444,EFO_0000768,INDICATION,
CHEMBL4297444,EFO_0002916,INDICATION,
CHEMBL4297444,EFO_0003060,INDICATION,
CHEMBL4297444,EFO_1001486,INDICATION,
CHEMBL4297444,EFO_1001951,INDICATION,
CHEMBL4297444,MONDO_0007254,INDICATION,
CHEMBL4297444,MONDO_0008315,INDICATION,
CHEMBL4297444,MONDO_0010200,INDICATION,
CHEMBL4297445,EFO_0000195,INDICATION,
CHEMBL4297447,EFO_0003144,INDICATION,
CHEMBL4297447,MONDO_0100096,INDICATION,
CHEMBL4297448,MONDO_0043510,INDICATION,
CHEMBL4297449,EFO_0000519,INDICATION,
CHEMBL4297450,EFO_0003768,INDICATION,
CHEMBL4297451,EFO_0000756,INDICATION,
CHEMBL4297451,MONDO_0002898,INDICATION,
CHEMBL4297451,MONDO_0004992,INDICATION,
CHEMBL4297452,MONDO_0005148,INDICATION,
CHEMBL4297453,EFO_0000574,INDICATION,
CHEMBL4297453,MONDO_0002974,INDICATION,
CHEMBL4297453,MONDO_0011962,INDICATION,
CHEMBL4297454,EFO_0000222,INDICATION,
CHEMBL4297454,EFO_0002430,INDICATION,
CHEMBL4297455,EFO_1001458,INDICATION,
CHEMBL4297455,MONDO_0100096,INDICATION,
CHEMBL4297456,EFO_0000681,INDICATION,
CHEMBL4297456,EFO_1000158,INDICATION,
CHEMBL4297457,EFO_0000319,INDICATION,
CHEMBL4297457,EFO_0000537,INDICATION,
CHEMBL4297457,MONDO_0005148,INDICATION,
CHEMBL4297457,Orphanet_309005,INDICATION,
CHEMBL4297458,EFO_0000574,INDICATION,
CHEMBL4297458,EFO_0000616,INDICATION,
CHEMBL4297458,EFO_0001378,INDICATION,
CHEMBL4297458,MONDO_0044903,INDICATION,
CHEMBL4297459,EFO_0000198,INDICATION,
CHEMBL4297460,EFO_0003834,INDICATION,
CHEMBL4297460,MONDO_0018076,INDICATION,
CHEMBL4297461,EFO_0000616,INDICATION,
CHEMBL4297461,EFO_1001469,INDICATION,
CHEMBL4297462,MONDO_0004992,INDICATION,
CHEMBL4297462,MONDO_0007254,INDICATION,
CHEMBL4297462,MONDO_0008315,INDICATION,
CHEMBL4297463,EFO_0000096,INDICATION,
CHEMBL4297463,EFO_0000616,INDICATION,
CHEMBL4297463,MONDO_0008315,INDICATION,
CHEMBL4297464,EFO_0003144,INDICATION,
CHEMBL4297466,EFO_0000222,INDICATION,
CHEMBL4297466,EFO_0000616,INDICATION,
CHEMBL4297466,EFO_0001378,INDICATION,
CHEMBL4297467,EFO_0000222,INDICATION,
CHEMBL4297467,EFO_0000616,INDICATION,
CHEMBL4297467,EFO_0005952,INDICATION,
CHEMBL4297468,EFO_0000398,INDICATION,
CHEMBL4297468,EFO_0005676,INDICATION,
CHEMBL4297468,EFO_0005761,INDICATION,
CHEMBL4297468,EFO_0005809,INDICATION,
CHEMBL4297468,EFO_0007160,INDICATION,
CHEMBL4297468,EFO_1001264,INDICATION,
CHEMBL4297468,MP_0001845,INDICATION,
CHEMBL4297469,MONDO_0005148,INDICATION,
CHEMBL4297470,EFO_0000222,INDICATION,
CHEMBL4297470,EFO_0000616,INDICATION,
CHEMBL4297471,MONDO_0005148,INDICATION,
CHEMBL4297472,EFO_0005251,INDICATION,
CHEMBL4297473,EFO_0000616,INDICATION,
CHEMBL4297474,EFO_0000209,INDICATION,
CHEMBL4297477,EFO_0000274,INDICATION,
CHEMBL4297477,EFO_0000384,INDICATION,
CHEMBL4297477,EFO_0000398,INDICATION,
CHEMBL4297477,EFO_0000540,INDICATION,
CHEMBL4297477,EFO_0000676,INDICATION,
CHEMBL4297477,EFO_0000729,INDICATION,
CHEMBL4297477,EFO_0003086,INDICATION,
CHEMBL4297477,EFO_0003778,INDICATION,
CHEMBL4297477,EFO_0004192,INDICATION,
CHEMBL4297477,EFO_1000710,INDICATION,
CHEMBL4297477,EFO_1002028,INDICATION,
CHEMBL4297477,MONDO_0007915,INDICATION,
CHEMBL4297478,EFO_0000339,INDICATION,
CHEMBL4297478,EFO_0000616,INDICATION,
CHEMBL4297479,MONDO_0009061,INDICATION,
CHEMBL4297480,EFO_0000198,INDICATION,
CHEMBL4297480,EFO_0000756,INDICATION,
CHEMBL4297480,EFO_0002618,INDICATION,
CHEMBL4297480,EFO_0003060,INDICATION,
CHEMBL4297480,EFO_1000657,INDICATION,
CHEMBL4297480,EFO_1001949,INDICATION,
CHEMBL4297480,MONDO_0005184,INDICATION,
CHEMBL4297481,EFO_0000685,INDICATION,
CHEMBL4297482,EFO_0000222,INDICATION,
CHEMBL4297483,EFO_0000341,INDICATION,
CHEMBL4297483,MONDO_0004979,INDICATION,
CHEMBL4297484,EFO_0003890,INDICATION,
CHEMBL4297484,EFO_0005203,INDICATION,
CHEMBL4297485,EFO_0000673,INDICATION,
CHEMBL4297485,MONDO_0008315,INDICATION,
CHEMBL4297487,EFO_0000182,INDICATION,
CHEMBL4297487,EFO_0003095,INDICATION,
CHEMBL4297487,EFO_0004197,INDICATION,
CHEMBL4297488,MONDO_0004992,INDICATION,
CHEMBL4297488,MONDO_0007254,INDICATION,
CHEMBL4297489,EFO_0000182,INDICATION,
CHEMBL4297489,EFO_0000616,INDICATION,
CHEMBL4297489,EFO_0004142,INDICATION,
CHEMBL4297489,MONDO_0004992,INDICATION,
CHEMBL4297490,EFO_0000182,INDICATION,
CHEMBL4297490,EFO_0000222,INDICATION,
CHEMBL4297490,EFO_0000616,INDICATION,
CHEMBL4297490,EFO_0002618,INDICATION,
CHEMBL4297490,EFO_0003060,INDICATION,
CHEMBL4297490,EFO_0003891,INDICATION,
CHEMBL4297490,EFO_0004252,INDICATION,
CHEMBL4297490,EFO_0005221,INDICATION,
CHEMBL4297490,MONDO_0001056,INDICATION,
CHEMBL4297490,MONDO_0002108,INDICATION,
CHEMBL4297490,MONDO_0007576,INDICATION,
CHEMBL4297491,EFO_0000182,INDICATION,
CHEMBL4297491,EFO_0000616,INDICATION,
CHEMBL4297491,EFO_0004142,INDICATION,
CHEMBL4297492,MONDO_0004979,INDICATION,
CHEMBL4297494,EFO_0000685,INDICATION,
CHEMBL4297495,EFO_0000616,INDICATION,
CHEMBL4297495,EFO_0001378,INDICATION,
CHEMBL4297495,EFO_0005543,INDICATION,
CHEMBL4297495,EFO_0006859,INDICATION,
CHEMBL4297495,MONDO_0004992,INDICATION,
CHEMBL4297495,MONDO_0100342,INDICATION,
CHEMBL4297497,EFO_1001413,INDICATION,
CHEMBL4297498,EFO_0000685,INDICATION,
CHEMBL4297499,EFO_0003047,INDICATION,
CHEMBL4297500,EFO_0000612,INDICATION,
CHEMBL4297501,EFO_0000544,INDICATION,
CHEMBL4297502,MONDO_0019623,INDICATION,
CHEMBL4297503,EFO_0000763,INDICATION,
CHEMBL4297503,EFO_0003106,INDICATION,
CHEMBL4297503,EFO_0007328,INDICATION,
CHEMBL4297503,MONDO_0100096,INDICATION,
CHEMBL4297504,EFO_0001073,INDICATION,
CHEMBL4297504,MONDO_0008300,INDICATION,
CHEMBL4297505,EFO_0001421,INDICATION,
CHEMBL4297505,EFO_0003086,INDICATION,
CHEMBL4297505,MONDO_0007915,INDICATION,
CHEMBL4297506,EFO_0007512,INDICATION,
CHEMBL4297507,EFO_0000274,INDICATION,
CHEMBL4297507,EFO_0000676,INDICATION,
CHEMBL4297507,EFO_0004192,INDICATION,
CHEMBL4297507,MONDO_0019558,INDICATION,
CHEMBL4297508,EFO_0000400,INDICATION,
CHEMBL4297508,MONDO_0005148,INDICATION,
CHEMBL4297509,EFO_0000305,INDICATION,
CHEMBL4297509,EFO_0003869,INDICATION,
CHEMBL4297509,EFO_0006861,INDICATION,
CHEMBL4297509,MONDO_0007254,INDICATION,
CHEMBL4297510,EFO_0000341,INDICATION,
CHEMBL4297510,EFO_1001810,INDICATION,
CHEMBL4297510,MONDO_0016486,INDICATION,
CHEMBL4297511,EFO_0000537,INDICATION,
CHEMBL4297511,EFO_0000612,INDICATION,
CHEMBL4297511,EFO_0003144,INDICATION,
CHEMBL4297511,EFO_1002048,INDICATION,
CHEMBL4297511,MONDO_0001134,INDICATION,
CHEMBL4297513,EFO_0007140,INDICATION,
CHEMBL4297513,EFO_0007157,INDICATION,
CHEMBL4297513,EFO_0007174,INDICATION,
CHEMBL4297513,EFO_0007211,INDICATION,
CHEMBL4297513,EFO_0007310,INDICATION,
CHEMBL4297513,EFO_0007543,INDICATION,
CHEMBL4297513,EFO_1001240,INDICATION,
CHEMBL4297513,EFO_1001282,INDICATION,
CHEMBL4297513,EFO_1001283,INDICATION,
CHEMBL4297513,MONDO_0002041,INDICATION,
CHEMBL4297514,EFO_0000400,INDICATION,
CHEMBL4297514,EFO_0001421,INDICATION,
CHEMBL4297514,MONDO_0005148,INDICATION,
CHEMBL4297516,EFO_0000174,INDICATION,
CHEMBL4297516,EFO_0000178,INDICATION,
CHEMBL4297516,EFO_0000519,INDICATION,
CHEMBL4297516,EFO_0000564,INDICATION,
CHEMBL4297516,EFO_0000565,INDICATION,
CHEMBL4297516,EFO_0000588,INDICATION,
CHEMBL4297516,EFO_0000616,INDICATION,
CHEMBL4297516,EFO_0000691,INDICATION,
CHEMBL4297516,EFO_0000702,INDICATION,
CHEMBL4297516,EFO_0000770,INDICATION,
CHEMBL4297516,EFO_0001075,INDICATION,
CHEMBL4297516,EFO_0002618,INDICATION,
CHEMBL4297516,EFO_0003060,INDICATION,
CHEMBL4297516,EFO_1001512,INDICATION,
CHEMBL4297516,EFO_1001951,INDICATION,
CHEMBL4297516,EFO_1001968,INDICATION,
CHEMBL4297516,MONDO_0007254,INDICATION,
CHEMBL4297516,MONDO_0008170,INDICATION,
CHEMBL4297516,MONDO_0024503,INDICATION,
CHEMBL4297517,EFO_0000319,INDICATION,
CHEMBL4297517,EFO_0000538,INDICATION,
CHEMBL4297517,EFO_0003144,INDICATION,
CHEMBL4297518,EFO_0004234,INDICATION,
CHEMBL4297519,EFO_1001272,INDICATION,
CHEMBL4297520,EFO_0000341,INDICATION,
CHEMBL4297520,MONDO_0004979,INDICATION,
CHEMBL4297521,EFO_0000474,INDICATION,
CHEMBL4297521,EFO_0001421,INDICATION,
CHEMBL4297521,EFO_0004263,INDICATION,
CHEMBL4297522,EFO_0000222,INDICATION,
CHEMBL4297522,EFO_0000519,INDICATION,
CHEMBL4297522,EFO_0000616,INDICATION,
CHEMBL4297522,EFO_0002618,INDICATION,
CHEMBL4297522,EFO_0003060,INDICATION,
CHEMBL4297522,EFO_0003863,INDICATION,
CHEMBL4297522,EFO_0004251,INDICATION,
CHEMBL4297522,EFO_0005221,INDICATION,
CHEMBL4297522,EFO_0008528,INDICATION,
CHEMBL4297522,EFO_1001951,INDICATION,
CHEMBL4297522,EFO_1001961,INDICATION,
CHEMBL4297522,MONDO_0001187,INDICATION,
CHEMBL4297522,MONDO_0003060,INDICATION,
CHEMBL4297522,MONDO_0004992,INDICATION,
CHEMBL4297522,MONDO_0007254,INDICATION,
CHEMBL4297522,MONDO_0011962,INDICATION,
CHEMBL4297522,MONDO_0013296,INDICATION,
CHEMBL4297523,EFO_0004698,INDICATION,
CHEMBL4297523,MONDO_0004975,INDICATION,
CHEMBL4297524,EFO_0000339,INDICATION,
CHEMBL4297524,MONDO_0005180,INDICATION,
CHEMBL4297526,EFO_0001421,INDICATION,
CHEMBL4297526,EFO_0003843,INDICATION,
CHEMBL4297526,EFO_0003890,INDICATION,
CHEMBL4297526,EFO_0009868,INDICATION,
CHEMBL4297526,MONDO_0000870,INDICATION,
CHEMBL4297527,EFO_0000685,INDICATION,
CHEMBL4297527,MONDO_0004979,INDICATION,
CHEMBL4297528,EFO_0008525,INDICATION,
CHEMBL4297528,EFO_1000096,INDICATION,
CHEMBL4297529,EFO_0001365,INDICATION,
CHEMBL4297530,EFO_0001421,INDICATION,
CHEMBL4297530,EFO_0001422,INDICATION,
CHEMBL4297530,EFO_0003086,INDICATION,
CHEMBL4297530,EFO_0003095,INDICATION,
CHEMBL4297530,EFO_1001249,INDICATION,
CHEMBL4297530,EFO_1001486,INDICATION,
CHEMBL4297530,Orphanet_309005,INDICATION,
CHEMBL4297531,EFO_1001901,INDICATION,
CHEMBL4297533,EFO_0000677,INDICATION,
CHEMBL4297533,EFO_0004714,INDICATION,
CHEMBL4297534,EFO_0000222,INDICATION,
CHEMBL4297535,EFO_0000222,INDICATION,
CHEMBL4297535,EFO_0000313,INDICATION,
CHEMBL4297535,EFO_0000685,INDICATION,
CHEMBL4297535,EFO_0001421,INDICATION,
CHEMBL4297535,EFO_0004278,INDICATION,
CHEMBL4297535,EFO_0005306,INDICATION,
CHEMBL4297535,EFO_1001158,INDICATION,
CHEMBL4297535,MONDO_0001751,INDICATION,
CHEMBL4297536,EFO_0004129,INDICATION,
CHEMBL4297536,EFO_0009562,INDICATION,
CHEMBL4297536,EFO_1001875,INDICATION,
CHEMBL4297536,MONDO_0018634,INDICATION,
CHEMBL4297537,EFO_0004129,INDICATION,
CHEMBL4297537,EFO_0009562,INDICATION,
CHEMBL4297537,EFO_1001875,INDICATION,
CHEMBL4297538,EFO_0000685,INDICATION,
CHEMBL4297538,EFO_0003929,INDICATION,
CHEMBL4297540,EFO_0000616,INDICATION,
CHEMBL4297540,MONDO_0008170,INDICATION,
CHEMBL4297542,EFO_0003929,INDICATION,
CHEMBL4297542,MONDO_0005301,INDICATION,
CHEMBL4297543,MONDO_0007079,INDICATION,
CHEMBL4297544,EFO_0000546,INDICATION,
CHEMBL4297545,EFO_0000305,INDICATION,
CHEMBL4297545,EFO_0000621,INDICATION,
CHEMBL4297545,EFO_0007416,INDICATION,
CHEMBL4297545,EFO_1000045,INDICATION,
CHEMBL4297545,EFO_1001471,INDICATION,
CHEMBL4297545,EFO_1001901,INDICATION,
CHEMBL4297545,MONDO_0002120,INDICATION,
CHEMBL4297545,MONDO_0016642,INDICATION,
CHEMBL4297545,MONDO_0020634,INDICATION,
CHEMBL4297545,MONDO_0024503,INDICATION,
CHEMBL4297547,MONDO_0003472,INDICATION,
CHEMBL4297548,MONDO_0001134,INDICATION,
CHEMBL4297549,EFO_0003884,INDICATION,
CHEMBL4297549,EFO_0004256,INDICATION,
CHEMBL4297549,EFO_0005532,INDICATION,
CHEMBL4297549,EFO_1002048,INDICATION,
CHEMBL4297549,MONDO_0019623,INDICATION,
CHEMBL4297549,MONDO_0100096,INDICATION,
CHEMBL4297550,Orphanet_269,INDICATION,
CHEMBL4297551,EFO_0000540,INDICATION,
CHEMBL4297551,EFO_0000699,INDICATION,
CHEMBL4297551,EFO_0003086,INDICATION,
CHEMBL4297551,EFO_0004991,INDICATION,
CHEMBL4297551,EFO_0005761,INDICATION,
CHEMBL4297551,EFO_0005809,INDICATION,
CHEMBL4297551,EFO_0007160,INDICATION,
CHEMBL4297551,EFO_0007187,INDICATION,
CHEMBL4297551,EFO_0007292,INDICATION,
CHEMBL4297551,EFO_0009538,INDICATION,
CHEMBL4297551,EFO_1000645,INDICATION,
CHEMBL4297551,MONDO_0017287,INDICATION,
CHEMBL4297552,EFO_0000198,INDICATION,
CHEMBL4297552,EFO_0000222,INDICATION,
CHEMBL4297552,EFO_0000616,INDICATION,
CHEMBL4297553,MONDO_0019249,INDICATION,
CHEMBL4297555,EFO_0000756,INDICATION,
CHEMBL4297555,EFO_0005592,INDICATION,
CHEMBL4297555,EFO_1000785,INDICATION,
CHEMBL4297555,EFO_1001051,INDICATION,
CHEMBL4297556,MONDO_0007254,INDICATION,
CHEMBL4297557,EFO_0000519,INDICATION,
CHEMBL4297557,EFO_0000537,INDICATION,
CHEMBL4297557,EFO_0000544,INDICATION,
CHEMBL4297557,EFO_0003918,INDICATION,
CHEMBL4297557,EFO_0003925,INDICATION,
CHEMBL4297557,EFO_0004616,INDICATION,
CHEMBL4297557,EFO_0006792,INDICATION,
CHEMBL4297557,EFO_1001463,INDICATION,
CHEMBL4297557,MONDO_0002050,INDICATION,
CHEMBL4297557,MONDO_0005148,INDICATION,
CHEMBL4297557,MONDO_0011382,INDICATION,
CHEMBL4297558,EFO_0000220,INDICATION,
CHEMBL4297559,EFO_0000180,INDICATION,
CHEMBL4297559,EFO_0000182,INDICATION,
CHEMBL4297559,EFO_0000199,INDICATION,
CHEMBL4297559,EFO_0000222,INDICATION,
CHEMBL4297559,EFO_0000272,INDICATION,
CHEMBL4297559,EFO_0000305,INDICATION,
CHEMBL4297559,EFO_0000365,INDICATION,
CHEMBL4297559,EFO_0000389,INDICATION,
CHEMBL4297559,EFO_0000479,INDICATION,
CHEMBL4297559,EFO_0000519,INDICATION,
CHEMBL4297559,EFO_0000544,INDICATION,
CHEMBL4297559,EFO_0000574,INDICATION,
CHEMBL4297559,EFO_0000588,INDICATION,
CHEMBL4297559,EFO_0000616,INDICATION,
CHEMBL4297559,EFO_0000630,INDICATION,
CHEMBL4297559,EFO_0000632,INDICATION,
CHEMBL4297559,EFO_0000756,INDICATION,
CHEMBL4297559,EFO_0001071,INDICATION,
CHEMBL4297559,EFO_0001075,INDICATION,
CHEMBL4297559,EFO_0001378,INDICATION,
CHEMBL4297559,EFO_0002617,INDICATION,
CHEMBL4297559,EFO_0002618,INDICATION,
CHEMBL4297559,EFO_0002913,INDICATION,
CHEMBL4297559,EFO_0003060,INDICATION,
CHEMBL4297559,EFO_0003833,INDICATION,
CHEMBL4297559,EFO_0005537,INDICATION,
CHEMBL4297559,EFO_0005543,INDICATION,
CHEMBL4297559,EFO_1000158,INDICATION,
CHEMBL4297559,EFO_1000984,INDICATION,
CHEMBL4297559,MONDO_0001187,INDICATION,
CHEMBL4297559,MONDO_0002158,INDICATION,
CHEMBL4297559,MONDO_0004992,INDICATION,
CHEMBL4297559,MONDO_0007254,INDICATION,
CHEMBL4297559,MONDO_0008170,INDICATION,
CHEMBL4297559,MONDO_0008315,INDICATION,
CHEMBL4297559,MONDO_0018906,INDICATION,
CHEMBL4297559,MONDO_0044903,INDICATION,
CHEMBL4297559,MONDO_0100342,INDICATION,
CHEMBL4297560,EFO_0000616,INDICATION,
CHEMBL4297561,MONDO_0004976,INDICATION,
CHEMBL4297562,EFO_0000182,INDICATION,
CHEMBL4297562,EFO_0001378,INDICATION,
CHEMBL4297562,MONDO_0003060,INDICATION,
CHEMBL4297562,MONDO_0008315,INDICATION,
CHEMBL4297562,MONDO_0011962,INDICATION,
CHEMBL4297563,EFO_0000574,INDICATION,
CHEMBL4297563,EFO_0000616,INDICATION,
CHEMBL4297563,EFO_0002617,INDICATION,
CHEMBL4297563,MONDO_0007254,INDICATION,
CHEMBL4297564,EFO_0000729,INDICATION,
CHEMBL4297565,EFO_0000571,INDICATION,
CHEMBL4297565,EFO_0000685,INDICATION,
CHEMBL4297565,MONDO_0008903,INDICATION,
CHEMBL4297566,MONDO_0010679,INDICATION,
CHEMBL4297566,MONDO_0020121,INDICATION,
CHEMBL4297568,EFO_0000616,INDICATION,
CHEMBL4297569,EFO_0000275,INDICATION,
CHEMBL4297569,EFO_0003907,INDICATION,
CHEMBL4297569,MONDO_0000831,INDICATION,
CHEMBL4297570,EFO_1001951,INDICATION,
CHEMBL4297570,MONDO_0004992,INDICATION,
CHEMBL4297571,EFO_0000178,INDICATION,
CHEMBL4297571,EFO_0000181,INDICATION,
CHEMBL4297571,EFO_0000182,INDICATION,
CHEMBL4297571,EFO_0000183,INDICATION,
CHEMBL4297571,EFO_0000403,INDICATION,
CHEMBL4297571,EFO_0000519,INDICATION,
CHEMBL4297571,EFO_0000574,INDICATION,
CHEMBL4297571,EFO_0000616,INDICATION,
CHEMBL4297571,EFO_0000702,INDICATION,
CHEMBL4297571,EFO_0000708,INDICATION,
CHEMBL4297571,EFO_0003060,INDICATION,
CHEMBL4297571,EFO_0003108,INDICATION,
CHEMBL4297571,EFO_0003860,INDICATION,
CHEMBL4297571,EFO_0003869,INDICATION,
CHEMBL4297571,EFO_0004252,INDICATION,
CHEMBL4297571,EFO_0005922,INDICATION,
CHEMBL4297571,EFO_1000359,INDICATION,
CHEMBL4297571,EFO_1000657,INDICATION,
CHEMBL4297571,EFO_1001951,INDICATION,
CHEMBL4297571,MONDO_0001056,INDICATION,
CHEMBL4297571,MONDO_0002108,INDICATION,
CHEMBL4297571,MONDO_0002974,INDICATION,
CHEMBL4297571,MONDO_0004992,INDICATION,
CHEMBL4297571,MONDO_0007254,INDICATION,
CHEMBL4297571,MONDO_0008903,INDICATION,
CHEMBL4297572,EFO_0000685,INDICATION,
CHEMBL4297573,EFO_0000198,INDICATION,
CHEMBL4297573,EFO_0000222,INDICATION,
CHEMBL4297573,EFO_0000574,INDICATION,
CHEMBL4297573,EFO_0000616,INDICATION,
CHEMBL4297573,EFO_1001779,INDICATION,
CHEMBL4297575,EFO_0000544,INDICATION,
CHEMBL4297575,EFO_1001413,INDICATION,
CHEMBL4297576,EFO_0001073,INDICATION,
CHEMBL4297576,EFO_0003884,INDICATION,
CHEMBL4297576,EFO_1001249,INDICATION,
CHEMBL4297576,MONDO_0005148,INDICATION,
CHEMBL4297577,EFO_0000666,INDICATION,
CHEMBL4297577,EFO_0000676,INDICATION,
CHEMBL4297577,EFO_0000756,INDICATION,
CHEMBL4297577,EFO_0001421,INDICATION,
CHEMBL4297577,EFO_0002617,INDICATION,
CHEMBL4297577,EFO_0003095,INDICATION,
CHEMBL4297577,EFO_1001249,INDICATION,
CHEMBL4297578,EFO_0003095,INDICATION,
CHEMBL4297578,EFO_1001249,INDICATION,
CHEMBL4297578,MONDO_0005148,INDICATION,
CHEMBL4297579,MONDO_0010602,INDICATION,
CHEMBL4297580,EFO_0000274,INDICATION,
CHEMBL4297580,EFO_0007425,INDICATION,
CHEMBL4297580,EFO_0007486,INDICATION,
CHEMBL4297580,MONDO_0004979,INDICATION,
CHEMBL4297581,EFO_0006835,INDICATION,
CHEMBL4297581,EFO_1000710,INDICATION,
CHEMBL4297581,MONDO_0007739,INDICATION,
CHEMBL4297581,MONDO_0015492,INDICATION,
CHEMBL4297581,MP_0001845,INDICATION,
CHEMBL4297582,EFO_0000182,INDICATION,
CHEMBL4297582,EFO_0001642,INDICATION,
CHEMBL4297583,EFO_0001421,INDICATION,
CHEMBL4297583,EFO_0003948,INDICATION,
CHEMBL4297583,EFO_0004607,INDICATION,
CHEMBL4297583,EFO_1000961,INDICATION,
CHEMBL4297583,EFO_1001355,INDICATION,
CHEMBL4297584,EFO_0000095,INDICATION,
CHEMBL4297584,EFO_0000211,INDICATION,
CHEMBL4297584,EFO_0000574,INDICATION,
CHEMBL4297584,EFO_0001642,INDICATION,
CHEMBL4297584,EFO_0005952,INDICATION,
CHEMBL4297584,MONDO_0007254,INDICATION,
CHEMBL4297584,MONDO_0009348,INDICATION,
CHEMBL4297585,MONDO_0004976,INDICATION,
CHEMBL4297585,MONDO_0005277,INDICATION,
CHEMBL4297585,MONDO_0007739,INDICATION,
CHEMBL4297585,MONDO_0009293,INDICATION,
CHEMBL4297585,MONDO_0009295,INDICATION,
CHEMBL4297585,MONDO_0010726,INDICATION,
CHEMBL4297585,MONDO_0016241,INDICATION,
CHEMBL4297585,MONDO_0037858,INDICATION,
CHEMBL4297585,Orphanet_100,INDICATION,
CHEMBL4297585,Orphanet_364,INDICATION,
CHEMBL4297586,EFO_0000519,INDICATION,
CHEMBL4297586,EFO_0002617,INDICATION,
CHEMBL4297586,EFO_0004242,INDICATION,
CHEMBL4297586,EFO_1001892,INDICATION,
CHEMBL4297586,MONDO_0004975,INDICATION,
CHEMBL4297587,EFO_0000702,INDICATION,
CHEMBL4297587,EFO_0001365,INDICATION,
CHEMBL4297588,EFO_0004267,INDICATION,
CHEMBL4297588,EFO_1001249,INDICATION,
CHEMBL4297588,MONDO_0001751,INDICATION,
CHEMBL4297588,MONDO_0007318,INDICATION,
CHEMBL4297588,MONDO_0008867,INDICATION,
CHEMBL4297588,MONDO_0017290,INDICATION,
CHEMBL4297588,MONDO_0019072,INDICATION,
CHEMBL4297589,EFO_0001421,INDICATION,
CHEMBL4297589,EFO_0001645,INDICATION,
CHEMBL4297589,EFO_0008583,INDICATION,
CHEMBL4297590,EFO_0000341,INDICATION,
CHEMBL4297590,EFO_0001358,INDICATION,
CHEMBL4297590,EFO_0001421,INDICATION,
CHEMBL4297590,EFO_0003918,INDICATION,
CHEMBL4297590,EFO_0004698,INDICATION,
CHEMBL4297590,MONDO_0021107,CONTRAINDICATION,
CHEMBL4297591,EFO_0000222,INDICATION,
CHEMBL4297591,EFO_0001421,INDICATION,
CHEMBL4297591,EFO_1001282,INDICATION,
CHEMBL4297591,MONDO_0002041,INDICATION,
CHEMBL4297592,EFO_0000763,INDICATION,
CHEMBL4297592,EFO_0006510,INDICATION,
CHEMBL4297592,EFO_0007282,INDICATION,
CHEMBL4297592,EFO_1002022,INDICATION,
CHEMBL4297593,EFO_0000275,INDICATION,
CHEMBL4297594,EFO_1001050,INDICATION,
CHEMBL4297594,MONDO_0004976,INDICATION,
CHEMBL4297594,MONDO_0005180,INDICATION,
CHEMBL4297594,MONDO_0010857,INDICATION,
CHEMBL4297595,EFO_0000519,INDICATION,
CHEMBL4297595,EFO_0000616,INDICATION,
CHEMBL4297596,EFO_0000401,INDICATION,
CHEMBL4297596,EFO_0000612,INDICATION,
CHEMBL4297596,EFO_0003144,INDICATION,
CHEMBL4297598,EFO_0000182,INDICATION,
CHEMBL4297598,EFO_0000199,INDICATION,
CHEMBL4297598,EFO_0000294,INDICATION,
CHEMBL4297598,EFO_0000519,INDICATION,
CHEMBL4297598,EFO_0000616,INDICATION,
CHEMBL4297598,EFO_0000756,INDICATION,
CHEMBL4297598,EFO_0003060,INDICATION,
CHEMBL4297598,EFO_0006859,INDICATION,
CHEMBL4297598,MONDO_0001056,INDICATION,
CHEMBL4297598,MONDO_0002334,INDICATION,
CHEMBL4297598,MONDO_0002898,INDICATION,
CHEMBL4297598,MONDO_0004992,INDICATION,
CHEMBL4297599,EFO_0000198,INDICATION,
CHEMBL4297599,EFO_0000220,INDICATION,
CHEMBL4297599,EFO_0000222,INDICATION,
CHEMBL4297600,EFO_0000341,INDICATION,
CHEMBL4297600,EFO_0008525,INDICATION,
CHEMBL4297600,MONDO_0004976,INDICATION,
CHEMBL4297601,Orphanet_309005,INDICATION,
CHEMBL4297602,EFO_0000677,INDICATION,
CHEMBL4297602,EFO_0003095,INDICATION,
CHEMBL4297602,EFO_0004566,INDICATION,
CHEMBL4297602,EFO_1001249,INDICATION,
CHEMBL4297602,MONDO_0007079,INDICATION,
CHEMBL4297602,MONDO_0019052,INDICATION,
CHEMBL4297603,MONDO_0009061,INDICATION,
CHEMBL4297604,EFO_0003894,INDICATION,
CHEMBL4297604,MONDO_0009061,INDICATION,
CHEMBL4297604,MONDO_0019297,INDICATION,
CHEMBL4297604,MONDO_0100096,INDICATION,
CHEMBL4297605,MONDO_0005090,INDICATION,
CHEMBL4297606,EFO_0000337,INDICATION,
CHEMBL4297606,EFO_1000906,INDICATION,
CHEMBL4297608,EFO_0003882,INDICATION,
CHEMBL4297609,EFO_0000222,INDICATION,
CHEMBL4297609,EFO_0001421,INDICATION,
CHEMBL4297609,EFO_0003086,INDICATION,
CHEMBL4297609,EFO_0007157,INDICATION,
CHEMBL4297609,MONDO_0002041,INDICATION,
CHEMBL4297610,EFO_0000198,INDICATION,
CHEMBL4297610,EFO_0000222,INDICATION,
CHEMBL4297611,EFO_0008615,INDICATION,
CHEMBL4297611,EFO_1001496,INDICATION,
CHEMBL4297611,MONDO_0005180,INDICATION,
CHEMBL4297611,MONDO_0010526,INDICATION,
CHEMBL4297611,MONDO_0018150,INDICATION,
CHEMBL4297611,Orphanet_77259,INDICATION,
CHEMBL4297611,Orphanet_77261,INDICATION,
CHEMBL4297613,EFO_0004268,INDICATION,
CHEMBL4297613,EFO_1001249,INDICATION,
CHEMBL4297613,EFO_1001486,INDICATION,
CHEMBL4297615,EFO_0000095,INDICATION,
CHEMBL4297615,EFO_0000096,INDICATION,
CHEMBL4297615,EFO_0000211,INDICATION,
CHEMBL4297615,EFO_0000403,INDICATION,
CHEMBL4297615,EFO_0000574,INDICATION,
CHEMBL4297615,EFO_0000616,INDICATION,
CHEMBL4297615,EFO_0000699,INDICATION,
CHEMBL4297615,EFO_0000756,INDICATION,
CHEMBL4297615,EFO_0004251,INDICATION,
CHEMBL4297615,EFO_0004719,INDICATION,
CHEMBL4297615,EFO_1001264,INDICATION,
CHEMBL4297615,EFO_1001469,INDICATION,
CHEMBL4297615,MONDO_0000430,INDICATION,
CHEMBL4297615,MONDO_0004992,INDICATION,
CHEMBL4297615,MONDO_0007254,INDICATION,
CHEMBL4297615,MONDO_0011962,INDICATION,
CHEMBL4297615,MONDO_0018906,INDICATION,
CHEMBL4297616,MONDO_0011382,INDICATION,
CHEMBL4297617,EFO_0003144,INDICATION,
CHEMBL4297618,MONDO_0005148,INDICATION,
CHEMBL4297619,EFO_0003884,INDICATION,
CHEMBL4297620,EFO_0003877,INDICATION,
CHEMBL4297620,EFO_0003888,INDICATION,
CHEMBL4297620,EFO_0003918,INDICATION,
CHEMBL4297620,EFO_0005246,INDICATION,
CHEMBL4297620,MONDO_0016158,INDICATION,
CHEMBL4297620,MONDO_0021107,INDICATION,
CHEMBL4297621,EFO_0008506,INDICATION,
CHEMBL4297621,EFO_1001173,INDICATION,
CHEMBL4297622,MONDO_0000437,INDICATION,
CHEMBL4297623,EFO_0000198,INDICATION,
CHEMBL4297623,EFO_0000616,INDICATION,
CHEMBL4297624,MONDO_0005148,INDICATION,
CHEMBL4297625,EFO_0000660,INDICATION,
CHEMBL4297625,EFO_0001073,INDICATION,
CHEMBL4297625,EFO_0003086,INDICATION,
CHEMBL4297625,EFO_0003095,INDICATION,
CHEMBL4297625,MONDO_0005148,INDICATION,
CHEMBL4297626,EFO_0000401,INDICATION,
CHEMBL4297626,EFO_0003095,INDICATION,
CHEMBL4297627,EFO_0000616,INDICATION,
CHEMBL4297628,EFO_0000313,INDICATION,
CHEMBL4297628,EFO_0004193,INDICATION,
CHEMBL4297629,EFO_0000095,INDICATION,
CHEMBL4297629,EFO_0000196,INDICATION,
CHEMBL4297629,EFO_0000222,INDICATION,
CHEMBL4297629,EFO_0000564,INDICATION,
CHEMBL4297629,EFO_0000616,INDICATION,
CHEMBL4297629,EFO_0000702,INDICATION,
CHEMBL4297629,EFO_1000657,INDICATION,
CHEMBL4297629,EFO_1001465,INDICATION,
CHEMBL4297629,EFO_1001901,INDICATION,
CHEMBL4297630,EFO_0000400,INDICATION,
CHEMBL4297630,EFO_0001073,INDICATION,
CHEMBL4297630,EFO_0001421,INDICATION,
CHEMBL4297630,EFO_0003095,INDICATION,
CHEMBL4297630,MONDO_0005148,INDICATION,
CHEMBL4297631,EFO_0000180,INDICATION,
CHEMBL4297631,EFO_0000764,INDICATION,
CHEMBL4297631,EFO_0002913,INDICATION,
CHEMBL4297632,EFO_0004616,INDICATION,
CHEMBL4297636,EFO_0000616,INDICATION,
CHEMBL4297636,MONDO_0005575,INDICATION,
CHEMBL4297637,MONDO_0019200,INDICATION,
CHEMBL4297638,EFO_0000699,INDICATION,
CHEMBL4297638,EFO_0001060,INDICATION,
CHEMBL4297638,EFO_0005809,INDICATION,
CHEMBL4297639,EFO_0004616,INDICATION,
CHEMBL4297639,MONDO_0005178,INDICATION,
CHEMBL4297640,EFO_0000616,INDICATION,
CHEMBL4297641,EFO_0000174,INDICATION,
CHEMBL4297641,EFO_0000613,INDICATION,
CHEMBL4297641,EFO_0000616,INDICATION,
CHEMBL4297641,EFO_0002087,INDICATION,
CHEMBL4297641,EFO_0005561,INDICATION,
CHEMBL4297641,EFO_0008498,INDICATION,
CHEMBL4297641,EFO_1000895,INDICATION,
CHEMBL4297641,MONDO_0002380,INDICATION,
CHEMBL4297641,MONDO_0037745,INDICATION,
CHEMBL4297643,EFO_0000384,INDICATION,
CHEMBL4297643,MONDO_0015517,INDICATION,
CHEMBL4297643,MONDO_0100096,INDICATION,
CHEMBL4297644,EFO_0000616,INDICATION,
CHEMBL4297645,EFO_1001849,INDICATION,
CHEMBL4297646,EFO_0003888,INDICATION,
CHEMBL4297646,EFO_0005252,INDICATION,
CHEMBL4297646,EFO_0005687,INDICATION,
CHEMBL4297646,EFO_1001050,INDICATION,
CHEMBL4297646,MONDO_0005180,INDICATION,
CHEMBL4297647,EFO_0003047,INDICATION,
CHEMBL4297647,EFO_0004220,INDICATION,
CHEMBL4297648,EFO_0000676,INDICATION,
CHEMBL4297648,EFO_0000699,INDICATION,
CHEMBL4297649,MONDO_0009061,INDICATION,
CHEMBL4297650,MP_0001845,INDICATION,
CHEMBL4297652,EFO_0003100,INDICATION,
CHEMBL4297652,EFO_0005046,INDICATION,
CHEMBL4297654,EFO_0000400,INDICATION,
CHEMBL4297654,MONDO_0005148,INDICATION,
CHEMBL4297655,MONDO_0018544,INDICATION,
CHEMBL4297656,MONDO_0018544,INDICATION,
CHEMBL4297657,MONDO_0004979,INDICATION,
CHEMBL4297658,MONDO_0005148,INDICATION,
CHEMBL4297661,EFO_0000181,INDICATION,
CHEMBL4297661,EFO_0003060,INDICATION,
CHEMBL4297662,EFO_0003060,INDICATION,
CHEMBL4297663,EFO_1002018,INDICATION,
CHEMBL4297664,EFO_0000681,INDICATION,
CHEMBL4297666,EFO_0004190,INDICATION,
CHEMBL4297666,EFO_1001069,INDICATION,
CHEMBL4297666,MONDO_0005041,INDICATION,
CHEMBL4297667,EFO_0001645,INDICATION,
CHEMBL4297668,EFO_0000616,INDICATION,
CHEMBL4297669,EFO_0003888,INDICATION,
CHEMBL4297672,EFO_0003758,INDICATION,
CHEMBL4297672,MONDO_0005301,INDICATION,
CHEMBL4297673,EFO_0004242,INDICATION,
CHEMBL4297674,EFO_0000274,INDICATION,
CHEMBL4297674,EFO_0000685,INDICATION,
CHEMBL4297674,EFO_0005809,INDICATION,
CHEMBL4297674,MONDO_0002334,INDICATION,
CHEMBL4297675,EFO_0000673,INDICATION,
CHEMBL4297676,EFO_0000616,INDICATION,
CHEMBL4297676,MONDO_0004992,INDICATION,
CHEMBL4297677,EFO_0000544,INDICATION,
CHEMBL4297677,EFO_1001141,INDICATION,
CHEMBL4297678,MONDO_0018982,INDICATION,
CHEMBL4297679,EFO_0000180,INDICATION,
CHEMBL4297679,EFO_0000764,INDICATION,
CHEMBL4297679,EFO_0000765,INDICATION,
CHEMBL4297680,EFO_0000764,INDICATION,
CHEMBL4297680,EFO_0004142,INDICATION,
CHEMBL4297680,EFO_0004197,INDICATION,
CHEMBL4297680,EFO_0005952,INDICATION,
CHEMBL4297680,MONDO_0100096,INDICATION,
CHEMBL4297681,EFO_0005952,INDICATION,
CHEMBL4297682,EFO_0000685,INDICATION,
CHEMBL4297684,EFO_0001365,INDICATION,
CHEMBL4297684,EFO_0004683,INDICATION,
CHEMBL4297684,EFO_0005753,INDICATION,
CHEMBL4297684,EFO_0009606,INDICATION,
CHEMBL4297684,MONDO_0003005,INDICATION,
CHEMBL4297686,EFO_0000676,INDICATION,
CHEMBL4297686,EFO_0003778,INDICATION,
CHEMBL4297686,EFO_0003898,INDICATION,
CHEMBL4297686,EFO_1000710,INDICATION,
CHEMBL4297686,EFO_1001231,INDICATION,
CHEMBL4297688,EFO_0000574,INDICATION,
CHEMBL4297688,EFO_0006859,INDICATION,
CHEMBL4297689,EFO_0000222,INDICATION,
CHEMBL4297689,EFO_0001073,INDICATION,
CHEMBL4297689,EFO_0001378,INDICATION,
CHEMBL4297689,EFO_0002617,INDICATION,
CHEMBL4297689,EFO_0003095,INDICATION,
CHEMBL4297689,EFO_1001249,INDICATION,
CHEMBL4297689,MONDO_0001187,INDICATION,
CHEMBL4297689,MONDO_0004192,INDICATION,
CHEMBL4297689,MONDO_0004986,INDICATION,
CHEMBL4297689,MONDO_0004992,INDICATION,
CHEMBL4297689,MONDO_0005148,INDICATION,
CHEMBL4297689,MONDO_0008627,INDICATION,
CHEMBL4297690,EFO_0000180,INDICATION,
CHEMBL4297690,EFO_0000181,INDICATION,
CHEMBL4297690,EFO_0000182,INDICATION,
CHEMBL4297690,EFO_0000196,INDICATION,
CHEMBL4297690,EFO_0000198,INDICATION,
CHEMBL4297690,EFO_0000222,INDICATION,
CHEMBL4297690,EFO_0000365,INDICATION,
CHEMBL4297690,EFO_0000616,INDICATION,
CHEMBL4297690,EFO_0000707,INDICATION,
CHEMBL4297690,EFO_0000756,INDICATION,
CHEMBL4297690,EFO_0000764,INDICATION,
CHEMBL4297690,EFO_0000765,INDICATION,
CHEMBL4297690,EFO_0001378,INDICATION,
CHEMBL4297690,EFO_0002618,INDICATION,
CHEMBL4297690,EFO_0003060,INDICATION,
CHEMBL4297690,EFO_0005952,INDICATION,
CHEMBL4297690,EFO_0008528,INDICATION,
CHEMBL4297690,EFO_1000359,INDICATION,
CHEMBL4297690,EFO_1001471,INDICATION,
CHEMBL4297690,EFO_1001951,INDICATION,
CHEMBL4297690,MONDO_0001187,INDICATION,
CHEMBL4297690,MONDO_0002158,INDICATION,
CHEMBL4297690,MONDO_0005835,INDICATION,
CHEMBL4297690,MONDO_0007254,INDICATION,
CHEMBL4297690,MONDO_0008170,INDICATION,
CHEMBL4297690,MONDO_0008315,INDICATION,
CHEMBL4297690,MONDO_0008978,INDICATION,
CHEMBL4297690,MONDO_0100096,INDICATION,
CHEMBL4297691,MONDO_0009061,INDICATION,
CHEMBL4297692,EFO_1001413,INDICATION,
CHEMBL4297693,EFO_0000685,INDICATION,
CHEMBL4297694,EFO_0000612,INDICATION,
CHEMBL4297694,MONDO_0019740,INDICATION,
CHEMBL4297695,EFO_0001068,INDICATION,
CHEMBL4297696,EFO_0003106,INDICATION,
CHEMBL4297697,EFO_0007358,INDICATION,
CHEMBL4297698,EFO_0007243,INDICATION,
CHEMBL4297700,EFO_0000540,INDICATION,
CHEMBL4297700,EFO_0000676,INDICATION,
CHEMBL4297700,EFO_0000685,INDICATION,
CHEMBL4297700,EFO_0003778,INDICATION,
CHEMBL4297700,EFO_0003898,INDICATION,
CHEMBL4297700,EFO_1000710,INDICATION,
CHEMBL4297700,EFO_1000747,INDICATION,
CHEMBL4297701,EFO_0000341,INDICATION,
CHEMBL4297701,EFO_0003060,INDICATION,
CHEMBL4297701,MONDO_0100130,INDICATION,
CHEMBL4297702,EFO_0000764,INDICATION,
CHEMBL4297703,EFO_0003914,INDICATION,
CHEMBL4297704,EFO_0000702,INDICATION,
CHEMBL4297705,EFO_0000616,INDICATION,
CHEMBL4297705,MONDO_0004992,INDICATION,
CHEMBL4297706,EFO_0000616,INDICATION,
CHEMBL4297707,EFO_0000616,INDICATION,
CHEMBL4297707,EFO_0003060,INDICATION,
CHEMBL4297708,MONDO_0004992,INDICATION,
CHEMBL4297709,EFO_0000274,INDICATION,
CHEMBL4297709,EFO_0000676,INDICATION,
CHEMBL4297709,EFO_0003894,INDICATION,
CHEMBL4297709,EFO_1000760,INDICATION,
CHEMBL4297709,MONDO_0005147,INDICATION,
CHEMBL4297711,EFO_0000763,INDICATION,
CHEMBL4297711,EFO_0004197,INDICATION,
CHEMBL4297711,EFO_0007304,INDICATION,
CHEMBL4297711,EFO_0008496,INDICATION,
CHEMBL4297712,EFO_0003819,INDICATION,
CHEMBL4297713,EFO_0000181,INDICATION,
CHEMBL4297713,EFO_0000182,INDICATION,
CHEMBL4297713,EFO_0000211,INDICATION,
CHEMBL4297713,EFO_0000685,INDICATION,
CHEMBL4297713,EFO_0002618,INDICATION,
CHEMBL4297713,EFO_1000359,INDICATION,
CHEMBL4297713,MONDO_0004992,INDICATION,
CHEMBL4297713,MONDO_0007254,INDICATION,
CHEMBL4297714,EFO_0003100,INDICATION,
CHEMBL4297715,EFO_0000178,INDICATION,
CHEMBL4297715,EFO_0000181,INDICATION,
CHEMBL4297715,EFO_0000182,INDICATION,
CHEMBL4297715,EFO_0000183,INDICATION,
CHEMBL4297715,EFO_0000199,INDICATION,
CHEMBL4297715,EFO_0000211,INDICATION,
CHEMBL4297715,EFO_0000222,INDICATION,
CHEMBL4297715,EFO_0000294,INDICATION,
CHEMBL4297715,EFO_0000349,INDICATION,
CHEMBL4297715,EFO_0000365,INDICATION,
CHEMBL4297715,EFO_0000403,INDICATION,
CHEMBL4297715,EFO_0000503,INDICATION,
CHEMBL4297715,EFO_0000519,INDICATION,
CHEMBL4297715,EFO_0000571,INDICATION,
CHEMBL4297715,EFO_0000574,INDICATION,
CHEMBL4297715,EFO_0000616,INDICATION,
CHEMBL4297715,EFO_0000637,INDICATION,
CHEMBL4297715,EFO_0000691,INDICATION,
CHEMBL4297715,EFO_0000702,INDICATION,
CHEMBL4297715,EFO_0000707,INDICATION,
CHEMBL4297715,EFO_0000708,INDICATION,
CHEMBL4297715,EFO_0000756,INDICATION,
CHEMBL4297715,EFO_0001061,INDICATION,
CHEMBL4297715,EFO_0001071,INDICATION,
CHEMBL4297715,EFO_0002618,INDICATION,
CHEMBL4297715,EFO_0002916,INDICATION,
CHEMBL4297715,EFO_0002938,INDICATION,
CHEMBL4297715,EFO_0003060,INDICATION,
CHEMBL4297715,EFO_0003868,INDICATION,
CHEMBL4297715,EFO_0003897,INDICATION,
CHEMBL4297715,EFO_0004142,INDICATION,
CHEMBL4297715,EFO_0004252,INDICATION,
CHEMBL4297715,EFO_0005221,INDICATION,
CHEMBL4297715,EFO_0005537,INDICATION,
CHEMBL4297715,EFO_0005922,INDICATION,
CHEMBL4297715,EFO_0005952,INDICATION,
CHEMBL4297715,EFO_0009637,INDICATION,
CHEMBL4297715,EFO_1000657,INDICATION,
CHEMBL4297715,EFO_1000796,INDICATION,
CHEMBL4297715,EFO_1001012,INDICATION,
CHEMBL4297715,EFO_1001951,INDICATION,
CHEMBL4297715,EFO_1001961,INDICATION,
CHEMBL4297715,EFO_1001968,INDICATION,
CHEMBL4297715,MONDO_0001056,INDICATION,
CHEMBL4297715,MONDO_0001187,INDICATION,
CHEMBL4297715,MONDO_0002108,INDICATION,
CHEMBL4297715,MONDO_0002120,INDICATION,
CHEMBL4297715,MONDO_0002974,INDICATION,
CHEMBL4297715,MONDO_0003060,INDICATION,
CHEMBL4297715,MONDO_0004992,INDICATION,
CHEMBL4297715,MONDO_0005184,INDICATION,
CHEMBL4297715,MONDO_0005575,INDICATION,
CHEMBL4297715,MONDO_0007254,INDICATION,
CHEMBL4297715,MONDO_0007576,INDICATION,
CHEMBL4297715,MONDO_0008170,INDICATION,
CHEMBL4297715,MONDO_0008903,INDICATION,
CHEMBL4297715,MONDO_0009348,INDICATION,
CHEMBL4297715,MONDO_0011962,INDICATION,
CHEMBL4297715,MONDO_0018944,INDICATION,
CHEMBL4297715,MONDO_0019472,INDICATION,
CHEMBL4297715,MONDO_0020669,INDICATION,
CHEMBL4297715,MONDO_0021063,INDICATION,
CHEMBL4297715,MONDO_0021117,INDICATION,
CHEMBL4297715,MONDO_0021355,INDICATION,
CHEMBL4297716,MONDO_0001187,INDICATION,
CHEMBL4297717,EFO_0000616,INDICATION,
CHEMBL4297717,EFO_0002617,INDICATION,
CHEMBL4297717,MONDO_0100096,INDICATION,
CHEMBL4297718,EFO_0000389,INDICATION,
CHEMBL4297718,EFO_0000616,INDICATION,
CHEMBL4297719,EFO_0000640,INDICATION,
CHEMBL4297721,EFO_0000182,INDICATION,
CHEMBL4297721,EFO_0000305,INDICATION,
CHEMBL4297721,EFO_0000403,INDICATION,
CHEMBL4297721,EFO_0000616,INDICATION,
CHEMBL4297721,EFO_0000681,INDICATION,
CHEMBL4297721,EFO_0000756,INDICATION,
CHEMBL4297721,EFO_0002617,INDICATION,
CHEMBL4297721,EFO_0002618,INDICATION,
CHEMBL4297721,EFO_0003060,INDICATION,
CHEMBL4297721,EFO_0005221,INDICATION,
CHEMBL4297721,EFO_0005540,INDICATION,
CHEMBL4297721,EFO_0006859,INDICATION,
CHEMBL4297721,EFO_1001469,INDICATION,
CHEMBL4297721,EFO_1001951,INDICATION,
CHEMBL4297721,MONDO_0001056,INDICATION,
CHEMBL4297721,MONDO_0002158,INDICATION,
CHEMBL4297721,MONDO_0007254,INDICATION,
CHEMBL4297721,MONDO_0007576,INDICATION,
CHEMBL4297721,MONDO_0008170,INDICATION,
CHEMBL4297722,EFO_0004194,INDICATION,
CHEMBL4297722,EFO_0004991,INDICATION,
CHEMBL4297722,MONDO_0016244,INDICATION,
CHEMBL4297722,MONDO_0100244,INDICATION,
CHEMBL4297723,EFO_0000096,INDICATION,
CHEMBL4297723,EFO_0000181,INDICATION,
CHEMBL4297723,EFO_0000183,INDICATION,
CHEMBL4297723,EFO_0000519,INDICATION,
CHEMBL4297723,EFO_0000574,INDICATION,
CHEMBL4297723,EFO_0000616,INDICATION,
CHEMBL4297723,EFO_0000681,INDICATION,
CHEMBL4297723,EFO_0000707,INDICATION,
CHEMBL4297723,EFO_0000756,INDICATION,
CHEMBL4297723,EFO_0000764,INDICATION,
CHEMBL4297723,EFO_0001378,INDICATION,
CHEMBL4297723,EFO_0002618,INDICATION,
CHEMBL4297723,EFO_0003060,INDICATION,
CHEMBL4297723,EFO_0003085,INDICATION,
CHEMBL4297723,EFO_0003863,INDICATION,
CHEMBL4297723,EFO_0003968,INDICATION,
CHEMBL4297723,EFO_0004193,INDICATION,
CHEMBL4297723,EFO_0004197,INDICATION,
CHEMBL4297723,EFO_0005537,INDICATION,
CHEMBL4297723,EFO_0006859,INDICATION,
CHEMBL4297723,EFO_0009709,INDICATION,
CHEMBL4297723,EFO_1000026,INDICATION,
CHEMBL4297723,EFO_1001051,INDICATION,
CHEMBL4297723,EFO_1001471,INDICATION,
CHEMBL4297723,EFO_1001951,INDICATION,
CHEMBL4297723,MONDO_0001056,INDICATION,
CHEMBL4297723,MONDO_0001187,INDICATION,
CHEMBL4297723,MONDO_0002158,INDICATION,
CHEMBL4297723,MONDO_0002898,INDICATION,
CHEMBL4297723,MONDO_0002974,INDICATION,
CHEMBL4297723,MONDO_0004992,INDICATION,
CHEMBL4297723,MONDO_0007254,INDICATION,
CHEMBL4297723,MONDO_0008170,INDICATION,
CHEMBL4297723,MONDO_0008315,INDICATION,
CHEMBL4297723,MONDO_0008903,INDICATION,
CHEMBL4297723,MONDO_0021063,INDICATION,
CHEMBL4297723,MONDO_0044926,INDICATION,
CHEMBL4297724,EFO_0000275,INDICATION,
CHEMBL4297725,EFO_0000546,INDICATION,
CHEMBL4297725,MONDO_0002038,INDICATION,
CHEMBL4297725,MONDO_0100096,INDICATION,
CHEMBL4297726,MONDO_0018906,INDICATION,
CHEMBL4297727,EFO_0000565,INDICATION,
CHEMBL4297728,EFO_0000095,INDICATION,
CHEMBL4297728,EFO_0000096,INDICATION,
CHEMBL4297728,EFO_0000403,INDICATION,
CHEMBL4297728,EFO_0002618,INDICATION,
CHEMBL4297728,EFO_0003060,INDICATION,
CHEMBL4297728,EFO_0005537,INDICATION,
CHEMBL4297728,EFO_0008528,INDICATION,
CHEMBL4297728,MONDO_0001056,INDICATION,
CHEMBL4297728,MONDO_0008170,INDICATION,
CHEMBL4297728,MONDO_0008315,INDICATION,
CHEMBL4297729,EFO_0000095,INDICATION,
CHEMBL4297729,EFO_0000616,INDICATION,
CHEMBL4297729,EFO_0003060,INDICATION,
CHEMBL4297730,MONDO_0010602,INDICATION,
CHEMBL4297730,MONDO_0010604,INDICATION,
CHEMBL4297731,MONDO_0010651,INDICATION,
CHEMBL4297732,EFO_0003144,INDICATION,
CHEMBL4297732,EFO_0003884,INDICATION,
CHEMBL4297732,EFO_0004272,INDICATION,
CHEMBL4297734,MONDO_0011382,INDICATION,
CHEMBL4297734,MONDO_0044903,INDICATION,
CHEMBL4297734,MONDO_0100096,INDICATION,
CHEMBL4297735,EFO_0000764,INDICATION,
CHEMBL4297736,EFO_0000616,INDICATION,
CHEMBL4297736,MONDO_0007254,INDICATION,
CHEMBL4297738,EFO_0000676,INDICATION,
CHEMBL4297739,EFO_0000181,INDICATION,
CHEMBL4297739,EFO_0000182,INDICATION,
CHEMBL4297739,EFO_0000403,INDICATION,
CHEMBL4297739,EFO_0000616,INDICATION,
CHEMBL4297739,EFO_0003060,INDICATION,
CHEMBL4297739,MONDO_0001187,INDICATION,
CHEMBL4297739,MONDO_0004992,INDICATION,
CHEMBL4297740,EFO_0000403,INDICATION,
CHEMBL4297740,EFO_0000616,INDICATION,
CHEMBL4297741,EFO_0007318,INDICATION,
CHEMBL4297741,MONDO_0005147,INDICATION,
CHEMBL4297741,MONDO_0017182,INDICATION,
CHEMBL4297742,EFO_0004239,INDICATION,
CHEMBL4297742,EFO_0007160,INDICATION,
CHEMBL4297743,EFO_1001919,INDICATION,
CHEMBL4297743,MONDO_0005301,INDICATION,
CHEMBL4297744,EFO_0000508,INDICATION,
CHEMBL4297744,EFO_0003086,INDICATION,
CHEMBL4297744,MONDO_0009061,INDICATION,
CHEMBL4297744,MONDO_0016239,INDICATION,
CHEMBL4297744,MONDO_0018965,INDICATION,
CHEMBL4297746,EFO_1000657,INDICATION,
CHEMBL4297746,MONDO_0008170,INDICATION,
CHEMBL4297747,EFO_0000182,INDICATION,
CHEMBL4297747,EFO_0000616,INDICATION,
CHEMBL4297747,EFO_0000756,INDICATION,
CHEMBL4297747,EFO_0003060,INDICATION,
CHEMBL4297747,EFO_0004142,INDICATION,
CHEMBL4297747,EFO_0004252,INDICATION,
CHEMBL4297747,EFO_0004284,INDICATION,
CHEMBL4297747,EFO_0009254,INDICATION,
CHEMBL4297747,MONDO_0008903,INDICATION,
CHEMBL4297748,EFO_0000616,INDICATION,
CHEMBL4297748,MONDO_0008170,INDICATION,
CHEMBL4297749,EFO_0000616,INDICATION,
CHEMBL4297750,EFO_0001365,INDICATION,
CHEMBL4297750,EFO_0004683,INDICATION,
CHEMBL4297750,EFO_0005753,INDICATION,
CHEMBL4297750,EFO_0009606,INDICATION,
CHEMBL4297750,EFO_0010977,INDICATION,
CHEMBL4297750,MONDO_0003005,INDICATION,
CHEMBL4297750,MONDO_0007935,INDICATION,
CHEMBL4297751,EFO_0003884,INDICATION,
CHEMBL4297752,EFO_1000961,INDICATION,
CHEMBL4297753,EFO_0004272,INDICATION,
CHEMBL4297754,MONDO_0010602,INDICATION,
CHEMBL4297754,MONDO_0010604,INDICATION,
CHEMBL4297754,MONDO_0018660,INDICATION,
CHEMBL4297755,EFO_0000616,INDICATION,
CHEMBL4297755,MONDO_0004992,INDICATION,
CHEMBL4297755,MONDO_0011962,INDICATION,
CHEMBL4297756,EFO_0003843,INDICATION,
CHEMBL4297756,EFO_0005687,INDICATION,
CHEMBL4297756,EFO_0008507,INDICATION,
CHEMBL4297756,MONDO_0005277,INDICATION,
CHEMBL4297758,MONDO_0007254,INDICATION,
CHEMBL4297760,MONDO_0007369,INDICATION,
CHEMBL4297760,MONDO_0008294,INDICATION,
CHEMBL4297760,Orphanet_95157,INDICATION,
CHEMBL4297761,EFO_0000384,INDICATION,
CHEMBL4297761,EFO_0003086,INDICATION,
CHEMBL4297761,MONDO_0015183,INDICATION,
CHEMBL4297762,MONDO_0010679,INDICATION,
CHEMBL4297762,MONDO_0020121,INDICATION,
CHEMBL4297763,EFO_0000222,INDICATION,
CHEMBL4297763,EFO_0000616,INDICATION,
CHEMBL4297763,EFO_0006861,INDICATION,
CHEMBL4297763,MONDO_0008315,INDICATION,
CHEMBL4297764,EFO_0006927,INDICATION,
CHEMBL4297764,EFO_0007160,INDICATION,
CHEMBL4297765,MONDO_0002009,INDICATION,
CHEMBL4297766,EFO_0000540,INDICATION,
CHEMBL4297766,EFO_0000712,INDICATION,
CHEMBL4297766,MONDO_0005180,INDICATION,
CHEMBL4297766,MONDO_0020547,INDICATION,
CHEMBL4297766,MONDO_0100342,INDICATION,
CHEMBL4297767,EFO_0004616,INDICATION,
CHEMBL4297767,EFO_1000786,INDICATION,
CHEMBL4297767,EFO_1001092,INDICATION,
CHEMBL4297768,EFO_0000275,INDICATION,
CHEMBL4297768,EFO_0003907,INDICATION,
CHEMBL4297768,MONDO_0000831,INDICATION,
CHEMBL4297769,EFO_0000616,INDICATION,
CHEMBL4297770,EFO_0004129,INDICATION,
CHEMBL4297770,EFO_1001875,INDICATION,
CHEMBL4297771,EFO_0000676,INDICATION,
CHEMBL4297771,EFO_0004616,INDICATION,
CHEMBL4297771,EFO_0005297,INDICATION,
CHEMBL4297771,EFO_0005762,INDICATION,
CHEMBL4297771,EFO_1000787,INDICATION,
CHEMBL4297772,EFO_0000196,INDICATION,
CHEMBL4297772,EFO_0000198,INDICATION,
CHEMBL4297772,EFO_0000222,INDICATION,
CHEMBL4297772,EFO_0000339,INDICATION,
CHEMBL4297772,EFO_0000389,INDICATION,
CHEMBL4297772,EFO_0000574,INDICATION,
CHEMBL4297772,EFO_0000616,INDICATION,
CHEMBL4297772,EFO_0000764,INDICATION,
CHEMBL4297772,EFO_0003047,INDICATION,
CHEMBL4297772,EFO_0007322,INDICATION,
CHEMBL4297772,EFO_0009429,INDICATION,
CHEMBL4297772,MONDO_0007254,INDICATION,
CHEMBL4297774,EFO_0000182,INDICATION,
CHEMBL4297774,EFO_0000616,INDICATION,
CHEMBL4297774,EFO_0003060,INDICATION,
CHEMBL4297774,MONDO_0001056,INDICATION,
CHEMBL4297774,MONDO_0004669,INDICATION,
CHEMBL4297775,EFO_0003843,INDICATION,
CHEMBL4297775,EFO_1001919,INDICATION,
CHEMBL4297775,MONDO_0041052,INDICATION,
CHEMBL4297776,EFO_0000180,INDICATION,
CHEMBL4297777,EFO_0000571,INDICATION,
CHEMBL4297777,EFO_0000588,INDICATION,
CHEMBL4297777,EFO_0003860,INDICATION,
CHEMBL4297777,MONDO_0004992,INDICATION,
CHEMBL4297778,EFO_0000096,INDICATION,
CHEMBL4297778,EFO_0000220,INDICATION,
CHEMBL4297778,EFO_0000309,INDICATION,
CHEMBL4297778,EFO_0000403,INDICATION,
CHEMBL4297778,EFO_0000616,INDICATION,
CHEMBL4297778,EFO_0005952,INDICATION,
CHEMBL4297778,EFO_0009441,INDICATION,
CHEMBL4297778,EFO_1001469,INDICATION,
CHEMBL4297778,EFO_1001938,INDICATION,
CHEMBL4297778,MONDO_0018906,INDICATION,
CHEMBL4297779,EFO_0004253,INDICATION,
CHEMBL4297779,MONDO_0002474,INDICATION,
CHEMBL4297779,MONDO_0009823,INDICATION,
CHEMBL4297781,EFO_0000616,INDICATION,
CHEMBL4297783,EFO_1001413,INDICATION,
CHEMBL4297784,EFO_0000183,INDICATION,
CHEMBL4297784,EFO_0000616,INDICATION,
CHEMBL4297784,EFO_0000681,INDICATION,
CHEMBL4297784,EFO_0000702,INDICATION,
CHEMBL4297784,EFO_0000756,INDICATION,
CHEMBL4297784,EFO_0003060,INDICATION,
CHEMBL4297784,EFO_0005922,INDICATION,
CHEMBL4297784,EFO_0005952,INDICATION,
CHEMBL4297784,EFO_0008528,INDICATION,
CHEMBL4297784,EFO_1001951,INDICATION,
CHEMBL4297784,MONDO_0001187,INDICATION,
CHEMBL4297785,EFO_0000616,INDICATION,
CHEMBL4297785,EFO_0000681,INDICATION,
CHEMBL4297785,EFO_0000702,INDICATION,
CHEMBL4297785,EFO_0000756,INDICATION,
CHEMBL4297785,EFO_0001642,INDICATION,
CHEMBL4297785,EFO_0003060,INDICATION,
CHEMBL4297785,EFO_0008528,INDICATION,
CHEMBL4297785,EFO_1001951,INDICATION,
CHEMBL4297785,MONDO_0001187,INDICATION,
CHEMBL4297785,MONDO_0008315,INDICATION,
CHEMBL4297786,EFO_0004220,INDICATION,
CHEMBL4297787,EFO_0000095,INDICATION,
CHEMBL4297787,EFO_0000181,INDICATION,
CHEMBL4297787,EFO_0000199,INDICATION,
CHEMBL4297787,EFO_0000616,INDICATION,
CHEMBL4297787,EFO_0000702,INDICATION,
CHEMBL4297787,EFO_0000707,INDICATION,
CHEMBL4297787,EFO_0003060,INDICATION,
CHEMBL4297787,EFO_0004284,INDICATION,
CHEMBL4297787,MONDO_0004992,INDICATION,
CHEMBL4297787,MONDO_0007254,INDICATION,
CHEMBL4297787,MONDO_0021148,INDICATION,
CHEMBL4297787,MONDO_0100096,INDICATION,
CHEMBL4297788,EFO_0000095,INDICATION,
CHEMBL4297788,EFO_0000096,INDICATION,
CHEMBL4297788,EFO_0000183,INDICATION,
CHEMBL4297788,EFO_0000403,INDICATION,
CHEMBL4297788,EFO_0005952,INDICATION,
CHEMBL4297788,MONDO_0002334,INDICATION,
CHEMBL4297788,MONDO_0007915,INDICATION,
CHEMBL4297788,MONDO_0018906,INDICATION,
CHEMBL4297789,EFO_0000095,INDICATION,
CHEMBL4297789,EFO_0000403,INDICATION,
CHEMBL4297789,EFO_0004289,INDICATION,
CHEMBL4297789,EFO_0005952,INDICATION,
CHEMBL4297790,EFO_0002618,INDICATION,
CHEMBL4297791,EFO_0002618,INDICATION,
CHEMBL4297792,EFO_0004197,INDICATION,
CHEMBL4297792,EFO_0004239,INDICATION,
CHEMBL4297792,EFO_0007304,INDICATION,
CHEMBL4297793,EFO_0006834,INDICATION,
CHEMBL4297793,MONDO_0100096,INDICATION,
CHEMBL4297794,EFO_0000274,INDICATION,
CHEMBL4297794,EFO_0000717,INDICATION,
CHEMBL4297794,EFO_0003884,INDICATION,
CHEMBL4297794,MONDO_0021739,INDICATION,
CHEMBL4297795,EFO_0003144,INDICATION,
CHEMBL4297796,MONDO_0004975,INDICATION,
CHEMBL4297796,MONDO_0043510,INDICATION,
CHEMBL4297797,MONDO_0005147,INDICATION,
CHEMBL4297799,MONDO_0004737,INDICATION,
CHEMBL4297800,EFO_0000616,INDICATION,
CHEMBL4297801,MONDO_0010526,INDICATION,
CHEMBL4297802,MONDO_0009861,INDICATION,
CHEMBL4297803,EFO_0000198,INDICATION,
CHEMBL4297803,EFO_0000222,INDICATION,
CHEMBL4297803,EFO_0000702,INDICATION,
CHEMBL4297803,MONDO_0004992,INDICATION,
CHEMBL4297803,Orphanet_90,INDICATION,
CHEMBL4297805,EFO_0000616,INDICATION,
CHEMBL4297806,EFO_0000222,INDICATION,
CHEMBL4297808,EFO_0000398,INDICATION,
CHEMBL4297808,EFO_0000783,INDICATION,
CHEMBL4297808,EFO_0003834,INDICATION,
CHEMBL4297808,MONDO_0007915,INDICATION,
CHEMBL4297809,EFO_0000616,INDICATION,
CHEMBL4297809,EFO_0001378,INDICATION,
CHEMBL4297810,EFO_0004719,INDICATION,
CHEMBL4297811,EFO_0000198,INDICATION,
CHEMBL4297811,EFO_0000222,INDICATION,
CHEMBL4297811,EFO_0000339,INDICATION,
CHEMBL4297811,EFO_0000565,INDICATION,
CHEMBL4297811,EFO_0003811,INDICATION,
CHEMBL4297812,EFO_0000544,INDICATION,
CHEMBL4297812,MONDO_0004979,INDICATION,
CHEMBL4297813,EFO_0000222,INDICATION,
CHEMBL4297813,EFO_0000339,INDICATION,
CHEMBL4297813,EFO_0000365,INDICATION,
CHEMBL4297813,EFO_0000616,INDICATION,
CHEMBL4297814,EFO_0000768,INDICATION,
CHEMBL4297814,EFO_0002429,INDICATION,
CHEMBL4297814,EFO_0002430,INDICATION,
CHEMBL4297814,EFO_0009448,INDICATION,
CHEMBL4297814,MONDO_0005041,INDICATION,
CHEMBL4297814,MONDO_0044903,INDICATION,
CHEMBL4297815,EFO_0000616,INDICATION,
CHEMBL4297815,MONDO_0001056,INDICATION,
CHEMBL4297816,EFO_0000574,INDICATION,
CHEMBL4297817,EFO_0000389,INDICATION,
CHEMBL4297817,EFO_0000565,INDICATION,
CHEMBL4297817,EFO_0000764,INDICATION,
CHEMBL4297817,EFO_0001663,INDICATION,
CHEMBL4297817,EFO_0002618,INDICATION,
CHEMBL4297817,EFO_1002022,INDICATION,
CHEMBL4297817,MONDO_0002087,INDICATION,
CHEMBL4297817,MONDO_0002158,INDICATION,
CHEMBL4297817,MONDO_0004975,INDICATION,
CHEMBL4297817,MONDO_0007254,INDICATION,
CHEMBL4297817,MONDO_0008170,INDICATION,
CHEMBL4297817,MONDO_0008315,INDICATION,
CHEMBL4297817,MONDO_0008903,INDICATION,
CHEMBL4297817,MONDO_0018906,INDICATION,
CHEMBL4297818,MONDO_0002474,INDICATION,
CHEMBL4297819,EFO_0000182,INDICATION,
CHEMBL4297819,EFO_0000339,INDICATION,
CHEMBL4297819,EFO_0000479,INDICATION,
CHEMBL4297819,EFO_0000616,INDICATION,
CHEMBL4297819,EFO_0002429,INDICATION,
CHEMBL4297819,EFO_0004220,INDICATION,
CHEMBL4297819,EFO_0004239,INDICATION,
CHEMBL4297819,EFO_0007304,INDICATION,
CHEMBL4297819,MONDO_0044903,INDICATION,
CHEMBL4297819,MONDO_0100096,INDICATION,
CHEMBL4297820,EFO_0004991,INDICATION,
CHEMBL4297820,EFO_0005687,INDICATION,
CHEMBL4297820,EFO_0007160,INDICATION,
CHEMBL4297820,EFO_1000868,INDICATION,
CHEMBL4297821,EFO_0000699,INDICATION,
CHEMBL4297821,MONDO_0007915,INDICATION,
CHEMBL4297822,EFO_0000685,INDICATION,
CHEMBL4297823,MONDO_0004992,INDICATION,
CHEMBL4297825,MONDO_0011382,INDICATION,
CHEMBL4297826,EFO_0000222,INDICATION,
CHEMBL4297827,EFO_0001378,INDICATION,
CHEMBL4297828,EFO_0000182,INDICATION,
CHEMBL4297828,EFO_0000616,INDICATION,
CHEMBL4297828,EFO_0000702,INDICATION,
CHEMBL4297828,EFO_0000707,INDICATION,
CHEMBL4297828,EFO_0003060,INDICATION,
CHEMBL4297828,EFO_0003893,INDICATION,
CHEMBL4297828,MONDO_0004992,INDICATION,
CHEMBL4297828,MONDO_0007254,INDICATION,
CHEMBL4297829,EFO_0000178,INDICATION,
CHEMBL4297829,EFO_0000181,INDICATION,
CHEMBL4297829,EFO_0000182,INDICATION,
CHEMBL4297829,EFO_0000183,INDICATION,
CHEMBL4297829,EFO_0000199,INDICATION,
CHEMBL4297829,EFO_0000211,INDICATION,
CHEMBL4297829,EFO_0000255,INDICATION,
CHEMBL4297829,EFO_0000313,INDICATION,
CHEMBL4297829,EFO_0000348,INDICATION,
CHEMBL4297829,EFO_0000349,INDICATION,
CHEMBL4297829,EFO_0000365,INDICATION,
CHEMBL4297829,EFO_0000403,INDICATION,
CHEMBL4297829,EFO_0000503,INDICATION,
CHEMBL4297829,EFO_0000519,INDICATION,
CHEMBL4297829,EFO_0000574,INDICATION,
CHEMBL4297829,EFO_0000588,INDICATION,
CHEMBL4297829,EFO_0000616,INDICATION,
CHEMBL4297829,EFO_0000621,INDICATION,
CHEMBL4297829,EFO_0000681,INDICATION,
CHEMBL4297829,EFO_0000691,INDICATION,
CHEMBL4297829,EFO_0000702,INDICATION,
CHEMBL4297829,EFO_0000707,INDICATION,
CHEMBL4297829,EFO_0001416,INDICATION,
CHEMBL4297829,EFO_0002618,INDICATION,
CHEMBL4297829,EFO_0002913,INDICATION,
CHEMBL4297829,EFO_0002916,INDICATION,
CHEMBL4297829,EFO_0003060,INDICATION,
CHEMBL4297829,EFO_0003860,INDICATION,
CHEMBL4297829,EFO_0003897,INDICATION,
CHEMBL4297829,EFO_0003968,INDICATION,
CHEMBL4297829,EFO_0004142,INDICATION,
CHEMBL4297829,EFO_0004252,INDICATION,
CHEMBL4297829,EFO_0005221,INDICATION,
CHEMBL4297829,EFO_0005570,INDICATION,
CHEMBL4297829,EFO_0005922,INDICATION,
CHEMBL4297829,EFO_1000359,INDICATION,
CHEMBL4297829,EFO_1000657,INDICATION,
CHEMBL4297829,EFO_1001901,INDICATION,
CHEMBL4297829,EFO_1001951,INDICATION,
CHEMBL4297829,EFO_1001961,INDICATION,
CHEMBL4297829,EFO_1001968,INDICATION,
CHEMBL4297829,EFO_1001972,INDICATION,
CHEMBL4297829,MONDO_0001056,INDICATION,
CHEMBL4297829,MONDO_0002120,INDICATION,
CHEMBL4297829,MONDO_0002974,INDICATION,
CHEMBL4297829,MONDO_0003060,INDICATION,
CHEMBL4297829,MONDO_0004669,INDICATION,
CHEMBL4297829,MONDO_0004992,INDICATION,
CHEMBL4297829,MONDO_0005411,INDICATION,
CHEMBL4297829,MONDO_0007254,INDICATION,
CHEMBL4297829,MONDO_0008170,INDICATION,
CHEMBL4297829,MONDO_0008903,INDICATION,
CHEMBL4297829,MONDO_0009348,INDICATION,
CHEMBL4297829,MONDO_0011962,INDICATION,
CHEMBL4297829,MONDO_0019472,INDICATION,
CHEMBL4297829,MONDO_0021117,INDICATION,
CHEMBL4297829,MONDO_0044704,INDICATION,
CHEMBL4297830,EFO_1001109,INDICATION,
CHEMBL4297831,EFO_0000181,INDICATION,
CHEMBL4297831,EFO_0000182,INDICATION,
CHEMBL4297831,EFO_0000389,INDICATION,
CHEMBL4297831,EFO_0000574,INDICATION,
CHEMBL4297831,EFO_0000616,INDICATION,
CHEMBL4297831,EFO_0000681,INDICATION,
CHEMBL4297831,EFO_0000756,INDICATION,
CHEMBL4297831,EFO_0001378,INDICATION,
CHEMBL4297831,EFO_0003060,INDICATION,
CHEMBL4297831,EFO_0004252,INDICATION,
CHEMBL4297831,EFO_0005537,INDICATION,
CHEMBL4297831,EFO_0005922,INDICATION,
CHEMBL4297831,MONDO_0001056,INDICATION,
CHEMBL4297831,MONDO_0002120,INDICATION,
CHEMBL4297831,MONDO_0004992,INDICATION,
CHEMBL4297831,MONDO_0005184,INDICATION,
CHEMBL4297831,MONDO_0007254,INDICATION,
CHEMBL4297831,MONDO_0008903,INDICATION,
CHEMBL4297831,MONDO_0011719,INDICATION,
CHEMBL4297832,EFO_0000540,INDICATION,
CHEMBL4297832,EFO_0007160,INDICATION,
CHEMBL4297832,EFO_0009473,INDICATION,
CHEMBL4297832,EFO_1001264,INDICATION,
CHEMBL4297832,MONDO_0018922,INDICATION,
CHEMBL4297833,EFO_0000616,INDICATION,
CHEMBL4297833,EFO_0001378,INDICATION,
CHEMBL4297833,EFO_0004991,INDICATION,
CHEMBL4297833,EFO_0005140,INDICATION,
CHEMBL4297833,EFO_0005809,INDICATION,
CHEMBL4297833,EFO_0007160,INDICATION,
CHEMBL4297833,MONDO_0002462,INDICATION,
CHEMBL4297833,MONDO_0007915,INDICATION,
CHEMBL4297836,EFO_0000616,INDICATION,
CHEMBL4297836,EFO_0000756,INDICATION,
CHEMBL4297836,EFO_0001378,INDICATION,
CHEMBL4297837,EFO_0000198,INDICATION,
CHEMBL4297837,EFO_0000222,INDICATION,
CHEMBL4297837,MONDO_0007915,INDICATION,
CHEMBL4297838,EFO_0000616,INDICATION,
CHEMBL4297838,EFO_0000756,INDICATION,
CHEMBL4297838,EFO_0002617,INDICATION,
CHEMBL4297838,MONDO_0004992,INDICATION,
CHEMBL4297839,EFO_0000400,INDICATION,
CHEMBL4297839,EFO_0001073,INDICATION,
CHEMBL4297839,EFO_0003884,INDICATION,
CHEMBL4297839,EFO_1001249,INDICATION,
CHEMBL4297839,MONDO_0005148,INDICATION,
CHEMBL4297839,MONDO_0018105,INDICATION,
CHEMBL4297840,EFO_0000181,INDICATION,
CHEMBL4297840,EFO_0000182,INDICATION,
CHEMBL4297840,EFO_0000183,INDICATION,
CHEMBL4297840,EFO_0000199,INDICATION,
CHEMBL4297840,EFO_0000211,INDICATION,
CHEMBL4297840,EFO_0000272,INDICATION,
CHEMBL4297840,EFO_0000294,INDICATION,
CHEMBL4297840,EFO_0000313,INDICATION,
CHEMBL4297840,EFO_0000365,INDICATION,
CHEMBL4297840,EFO_0000403,INDICATION,
CHEMBL4297840,EFO_0000503,INDICATION,
CHEMBL4297840,EFO_0000519,INDICATION,
CHEMBL4297840,EFO_0000565,INDICATION,
CHEMBL4297840,EFO_0000574,INDICATION,
CHEMBL4297840,EFO_0000616,INDICATION,
CHEMBL4297840,EFO_0000632,INDICATION,
CHEMBL4297840,EFO_0000681,INDICATION,
CHEMBL4297840,EFO_0000702,INDICATION,
CHEMBL4297840,EFO_0000707,INDICATION,
CHEMBL4297840,EFO_0000708,INDICATION,
CHEMBL4297840,EFO_0000756,INDICATION,
CHEMBL4297840,EFO_0001416,INDICATION,
CHEMBL4297840,EFO_0002609,INDICATION,
CHEMBL4297840,EFO_0002618,INDICATION,
CHEMBL4297840,EFO_0003060,INDICATION,
CHEMBL4297840,EFO_0003860,INDICATION,
CHEMBL4297840,EFO_0003891,INDICATION,
CHEMBL4297840,EFO_0004142,INDICATION,
CHEMBL4297840,EFO_0004244,INDICATION,
CHEMBL4297840,EFO_0004252,INDICATION,
CHEMBL4297840,EFO_0005221,INDICATION,
CHEMBL4297840,EFO_0005537,INDICATION,
CHEMBL4297840,EFO_0005922,INDICATION,
CHEMBL4297840,EFO_0005952,INDICATION,
CHEMBL4297840,EFO_0006859,INDICATION,
CHEMBL4297840,EFO_0008528,INDICATION,
CHEMBL4297840,EFO_1000350,INDICATION,
CHEMBL4297840,EFO_1000657,INDICATION,
CHEMBL4297840,EFO_1001951,INDICATION,
CHEMBL4297840,EFO_1001961,INDICATION,
CHEMBL4297840,MONDO_0001056,INDICATION,
CHEMBL4297840,MONDO_0001187,INDICATION,
CHEMBL4297840,MONDO_0002108,INDICATION,
CHEMBL4297840,MONDO_0002367,INDICATION,
CHEMBL4297840,MONDO_0002691,INDICATION,
CHEMBL4297840,MONDO_0002974,INDICATION,
CHEMBL4297840,MONDO_0003060,INDICATION,
CHEMBL4297840,MONDO_0004986,INDICATION,
CHEMBL4297840,MONDO_0004992,INDICATION,
CHEMBL4297840,MONDO_0005184,INDICATION,
CHEMBL4297840,MONDO_0005575,INDICATION,
CHEMBL4297840,MONDO_0007254,INDICATION,
CHEMBL4297840,MONDO_0007576,INDICATION,
CHEMBL4297840,MONDO_0008170,INDICATION,
CHEMBL4297840,MONDO_0008315,INDICATION,
CHEMBL4297840,MONDO_0008903,INDICATION,
CHEMBL4297840,MONDO_0009348,INDICATION,
CHEMBL4297840,MONDO_0011962,INDICATION,
CHEMBL4297840,MONDO_0015760,INDICATION,
CHEMBL4297840,MONDO_0019472,INDICATION,
CHEMBL4297840,MONDO_0021063,INDICATION,
CHEMBL4297841,EFO_0000616,INDICATION,
CHEMBL4297841,MONDO_0002087,INDICATION,
CHEMBL4297841,MONDO_0002158,INDICATION,
CHEMBL4297841,MONDO_0002974,INDICATION,
CHEMBL4297841,MONDO_0004992,INDICATION,
CHEMBL4297841,MONDO_0008170,INDICATION,
CHEMBL4297842,EFO_0000616,INDICATION,
CHEMBL4297843,EFO_0000178,INDICATION,
CHEMBL4297843,EFO_0000181,INDICATION,
CHEMBL4297843,EFO_0000182,INDICATION,
CHEMBL4297843,EFO_0000199,INDICATION,
CHEMBL4297843,EFO_0000389,INDICATION,
CHEMBL4297843,EFO_0000503,INDICATION,
CHEMBL4297843,EFO_0000569,INDICATION,
CHEMBL4297843,EFO_0000574,INDICATION,
CHEMBL4297843,EFO_0000616,INDICATION,
CHEMBL4297843,EFO_0000681,INDICATION,
CHEMBL4297843,EFO_0000691,INDICATION,
CHEMBL4297843,EFO_0000702,INDICATION,
CHEMBL4297843,EFO_0000707,INDICATION,
CHEMBL4297843,EFO_0000756,INDICATION,
CHEMBL4297843,EFO_0000769,INDICATION,
CHEMBL4297843,EFO_0000770,INDICATION,
CHEMBL4297843,EFO_0001416,INDICATION,
CHEMBL4297843,EFO_0002617,INDICATION,
CHEMBL4297843,EFO_0002916,INDICATION,
CHEMBL4297843,EFO_0003060,INDICATION,
CHEMBL4297843,EFO_0003826,INDICATION,
CHEMBL4297843,EFO_0003868,INDICATION,
CHEMBL4297843,EFO_0003891,INDICATION,
CHEMBL4297843,EFO_0003897,INDICATION,
CHEMBL4297843,EFO_0004252,INDICATION,
CHEMBL4297843,EFO_0004288,INDICATION,
CHEMBL4297843,EFO_0005221,INDICATION,
CHEMBL4297843,EFO_0005537,INDICATION,
CHEMBL4297843,EFO_0005922,INDICATION,
CHEMBL4297843,EFO_0006859,INDICATION,
CHEMBL4297843,EFO_0008528,INDICATION,
CHEMBL4297843,EFO_1000359,INDICATION,
CHEMBL4297843,EFO_1000657,INDICATION,
CHEMBL4297843,EFO_1001513,INDICATION,
CHEMBL4297843,EFO_1001951,INDICATION,
CHEMBL4297843,EFO_1001961,INDICATION,
CHEMBL4297843,EFO_1001968,INDICATION,
CHEMBL4297843,EFO_1001972,INDICATION,
CHEMBL4297843,MONDO_0000831,INDICATION,
CHEMBL4297843,MONDO_0001056,INDICATION,
CHEMBL4297843,MONDO_0001187,INDICATION,
CHEMBL4297843,MONDO_0002108,INDICATION,
CHEMBL4297843,MONDO_0002120,INDICATION,
CHEMBL4297843,MONDO_0002691,INDICATION,
CHEMBL4297843,MONDO_0002974,INDICATION,
CHEMBL4297843,MONDO_0003060,INDICATION,
CHEMBL4297843,MONDO_0004986,INDICATION,
CHEMBL4297843,MONDO_0004992,INDICATION,
CHEMBL4297843,MONDO_0005575,INDICATION,
CHEMBL4297843,MONDO_0007254,INDICATION,
CHEMBL4297843,MONDO_0007576,INDICATION,
CHEMBL4297843,MONDO_0008903,INDICATION,
CHEMBL4297843,MONDO_0011871,INDICATION,
CHEMBL4297843,MONDO_0019472,INDICATION,
CHEMBL4297843,MONDO_0021358,INDICATION,
CHEMBL4297844,EFO_0000305,INDICATION,
CHEMBL4297844,EFO_0000503,INDICATION,
CHEMBL4297844,EFO_0000616,INDICATION,
CHEMBL4297844,EFO_0000637,INDICATION,
CHEMBL4297844,EFO_0003060,INDICATION,
CHEMBL4297844,EFO_0003869,INDICATION,
CHEMBL4297844,EFO_0004142,INDICATION,
CHEMBL4297844,EFO_0008549,INDICATION,
CHEMBL4297844,EFO_0009708,INDICATION,
CHEMBL4297844,EFO_1000984,INDICATION,
CHEMBL4297844,EFO_1001951,INDICATION,
CHEMBL4297844,MONDO_0001056,INDICATION,
CHEMBL4297844,MONDO_0004992,INDICATION,
CHEMBL4297844,MONDO_0005575,INDICATION,
CHEMBL4297844,MONDO_0007254,INDICATION,
CHEMBL4297845,EFO_0000574,INDICATION,
CHEMBL4297845,EFO_0000685,INDICATION,
CHEMBL4297845,MONDO_0007915,INDICATION,
CHEMBL4297846,EFO_0000180,INDICATION,
CHEMBL4297846,EFO_0000544,INDICATION,
CHEMBL4297846,EFO_0005809,INDICATION,
CHEMBL4297847,MONDO_0004992,INDICATION,
CHEMBL4297848,EFO_0000616,INDICATION,
CHEMBL4297848,EFO_0001378,INDICATION,
CHEMBL4297848,EFO_1000601,INDICATION,
CHEMBL4297848,MONDO_0001187,INDICATION,
CHEMBL4297849,MONDO_0009061,INDICATION,
CHEMBL4297850,EFO_0000616,INDICATION,
CHEMBL4297850,EFO_0000673,INDICATION,
CHEMBL4297850,EFO_0003060,INDICATION,
CHEMBL4297850,EFO_0003869,INDICATION,
CHEMBL4297850,MONDO_0008315,INDICATION,
CHEMBL4297851,MONDO_0008170,INDICATION,
CHEMBL4297852,EFO_0003966,INDICATION,
CHEMBL4297852,EFO_0009449,INDICATION,
CHEMBL4297852,EFO_1000906,INDICATION,
CHEMBL4297853,MONDO_0008315,INDICATION,
CHEMBL4297854,EFO_0000574,INDICATION,
CHEMBL4297856,EFO_0000181,INDICATION,
CHEMBL4297856,EFO_0000196,INDICATION,
CHEMBL4297856,EFO_0000228,INDICATION,
CHEMBL4297856,EFO_0000348,INDICATION,
CHEMBL4297856,EFO_0000519,INDICATION,
CHEMBL4297856,EFO_0000616,INDICATION,
CHEMBL4297856,EFO_0000673,INDICATION,
CHEMBL4297856,EFO_0000756,INDICATION,
CHEMBL4297856,EFO_0001061,INDICATION,
CHEMBL4297856,EFO_0003060,INDICATION,
CHEMBL4297856,EFO_0003085,INDICATION,
CHEMBL4297856,EFO_1000359,INDICATION,
CHEMBL4297856,EFO_1000657,INDICATION,
CHEMBL4297856,MONDO_0002691,INDICATION,
CHEMBL4297856,MONDO_0002974,INDICATION,
CHEMBL4297856,MONDO_0004992,INDICATION,
CHEMBL4297856,MONDO_0005184,INDICATION,
CHEMBL4297856,MONDO_0007254,INDICATION,
CHEMBL4297856,MONDO_0008315,INDICATION,
CHEMBL4297856,MONDO_0009348,INDICATION,
CHEMBL4297858,EFO_0000180,INDICATION,
CHEMBL4297858,EFO_0000182,INDICATION,
CHEMBL4297858,EFO_0000616,INDICATION,
CHEMBL4297858,EFO_0000702,INDICATION,
CHEMBL4297858,EFO_0000764,INDICATION,
CHEMBL4297858,EFO_0006859,INDICATION,
CHEMBL4297858,EFO_1001951,INDICATION,
CHEMBL4297858,MONDO_0004992,INDICATION,
CHEMBL4297858,MONDO_0007254,INDICATION,
CHEMBL4297858,MONDO_0008170,INDICATION,
CHEMBL4297859,EFO_0001378,INDICATION,
CHEMBL4297860,EFO_0005772,INDICATION,
CHEMBL4297860,MONDO_0004975,INDICATION,
CHEMBL4297860,MONDO_0019037,INDICATION,
CHEMBL4297861,EFO_0000676,INDICATION,
CHEMBL4297861,EFO_0000729,INDICATION,
CHEMBL4297861,EFO_0003778,INDICATION,
CHEMBL4297861,EFO_0004599,INDICATION,
CHEMBL4297861,MONDO_0013730,INDICATION,
CHEMBL4297862,EFO_0005422,INDICATION,
CHEMBL4297862,EFO_0006865,INDICATION,
CHEMBL4297862,EFO_0009846,INDICATION,
CHEMBL4297862,EFO_1000781,INDICATION,
CHEMBL4297862,EFO_1000999,INDICATION,
CHEMBL4297862,MONDO_0005277,INDICATION,
CHEMBL4297862,Orphanet_93955,INDICATION,
CHEMBL4297863,EFO_0000685,INDICATION,
CHEMBL4297863,EFO_0003778,INDICATION,
CHEMBL4297864,EFO_0004232,INDICATION,
CHEMBL4297864,EFO_1001463,INDICATION,
CHEMBL4297864,MONDO_0004979,INDICATION,
CHEMBL4297865,EFO_0000096,INDICATION,
CHEMBL4297865,EFO_0003060,INDICATION,
CHEMBL4297865,MONDO_0008315,INDICATION,
CHEMBL4297865,MONDO_0100096,INDICATION,
CHEMBL4297866,EFO_0000096,INDICATION,
CHEMBL4297866,EFO_0003060,INDICATION,
CHEMBL4297866,MONDO_0100096,INDICATION,
CHEMBL4297867,MONDO_0015626,INDICATION,
CHEMBL4297867,Orphanet_269,INDICATION,
CHEMBL4297868,EFO_0000319,INDICATION,
CHEMBL4297868,EFO_0001645,INDICATION,
CHEMBL4297868,EFO_0003914,INDICATION,
CHEMBL4297868,EFO_0008585,INDICATION,
CHEMBL4297870,EFO_0000616,INDICATION,
CHEMBL4297870,EFO_0002618,INDICATION,
CHEMBL4297870,MONDO_0005184,INDICATION,
CHEMBL4297871,EFO_0000183,INDICATION,
CHEMBL4297871,EFO_0000198,INDICATION,
CHEMBL4297871,EFO_0000220,INDICATION,
CHEMBL4297871,EFO_0000222,INDICATION,
CHEMBL4297871,EFO_0004251,INDICATION,
CHEMBL4297871,EFO_0005952,INDICATION,
CHEMBL4297872,EFO_0000220,INDICATION,
CHEMBL4297873,MONDO_0010602,INDICATION,
CHEMBL4297873,Orphanet_903,INDICATION,
CHEMBL4297874,EFO_0000096,INDICATION,
CHEMBL4297874,EFO_0000565,INDICATION,
CHEMBL4297876,EFO_0000294,INDICATION,
CHEMBL4297876,EFO_0000616,INDICATION,
CHEMBL4297876,EFO_0003060,INDICATION,
CHEMBL4297876,EFO_0003968,INDICATION,
CHEMBL4297876,EFO_1000026,INDICATION,
CHEMBL4297876,EFO_1001968,INDICATION,
CHEMBL4297876,MONDO_0002974,INDICATION,
CHEMBL4297876,MONDO_0004992,INDICATION,
CHEMBL4297876,MONDO_0005184,INDICATION,
CHEMBL4297877,EFO_0000294,INDICATION,
CHEMBL4297877,EFO_0000574,INDICATION,
CHEMBL4297877,EFO_0000616,INDICATION,
CHEMBL4297877,EFO_0000756,INDICATION,
CHEMBL4297877,EFO_0001668,INDICATION,
CHEMBL4297877,EFO_0002618,INDICATION,
CHEMBL4297877,EFO_0003060,INDICATION,
CHEMBL4297877,EFO_0003968,INDICATION,
CHEMBL4297877,EFO_0004142,INDICATION,
CHEMBL4297877,EFO_1000026,INDICATION,
CHEMBL4297877,EFO_1001931,INDICATION,
CHEMBL4297877,EFO_1001951,INDICATION,
CHEMBL4297877,EFO_1001968,INDICATION,
CHEMBL4297877,MONDO_0002974,INDICATION,
CHEMBL4297877,MONDO_0005184,INDICATION,
CHEMBL4297877,MONDO_0008170,INDICATION,
CHEMBL4297877,MONDO_0011962,INDICATION,
CHEMBL4297878,EFO_0000274,INDICATION,
CHEMBL4297878,EFO_0004232,INDICATION,
CHEMBL4297878,EFO_0005531,INDICATION,
CHEMBL4297878,EFO_0007141,INDICATION,
CHEMBL4297878,EFO_0009450,INDICATION,
CHEMBL4297878,EFO_1000886,INDICATION,
CHEMBL4297878,MONDO_0004627,INDICATION,
CHEMBL4297878,MONDO_0016586,INDICATION,
CHEMBL4297879,EFO_0000341,INDICATION,
CHEMBL4297879,EFO_0000342,INDICATION,
CHEMBL4297879,EFO_0000508,INDICATION,
CHEMBL4297879,EFO_0003818,INDICATION,
CHEMBL4297879,EFO_0008583,INDICATION,
CHEMBL4297879,MONDO_0005147,INDICATION,
CHEMBL4297879,MONDO_0009061,INDICATION,
CHEMBL4297879,MONDO_0013730,INDICATION,
CHEMBL4297879,MONDO_0020547,INDICATION,
CHEMBL4297879,MONDO_0100096,INDICATION,
CHEMBL4297879,MP_0001845,INDICATION,
CHEMBL4297879,MP_0001914,INDICATION,
CHEMBL4297879,Orphanet_60,INDICATION,
CHEMBL4297880,EFO_0000181,INDICATION,
CHEMBL4297880,EFO_0000198,INDICATION,
CHEMBL4297880,EFO_0000222,INDICATION,
CHEMBL4297880,EFO_0000616,INDICATION,
CHEMBL4297880,EFO_0005952,INDICATION,
CHEMBL4297880,EFO_1001931,INDICATION,
CHEMBL4297880,MONDO_0004992,INDICATION,
CHEMBL4297880,MONDO_0008170,INDICATION,
CHEMBL4297881,EFO_0000222,INDICATION,
CHEMBL4297881,EFO_0000616,INDICATION,
CHEMBL4297882,EFO_0005221,INDICATION,
CHEMBL4297882,MONDO_0004992,INDICATION,
CHEMBL4297883,EFO_0000196,INDICATION,
CHEMBL4297883,EFO_0000222,INDICATION,
CHEMBL4297883,EFO_0000349,INDICATION,
CHEMBL4297883,EFO_0000616,INDICATION,
CHEMBL4297883,EFO_0005537,INDICATION,
CHEMBL4297883,MONDO_0004992,INDICATION,
CHEMBL4297883,MONDO_0018906,INDICATION,
CHEMBL4297884,EFO_0000181,INDICATION,
CHEMBL4297884,EFO_0000389,INDICATION,
CHEMBL4297884,EFO_0000616,INDICATION,
CHEMBL4297884,EFO_0000637,INDICATION,
CHEMBL4297884,EFO_0003060,INDICATION,
CHEMBL4297884,MONDO_0004975,INDICATION,
CHEMBL4297884,MONDO_0005301,INDICATION,
CHEMBL4297884,MONDO_0007254,INDICATION,
CHEMBL4297884,MONDO_0007739,INDICATION,
CHEMBL4297885,EFO_0000694,INDICATION,
CHEMBL4297885,EFO_0004610,INDICATION,
CHEMBL4297886,EFO_0000198,INDICATION,
CHEMBL4297886,EFO_0000519,INDICATION,
CHEMBL4297886,MONDO_0100096,INDICATION,
CHEMBL4297887,EFO_0001361,INDICATION,
CHEMBL4297887,EFO_0004610,INDICATION,
CHEMBL4297887,MONDO_0100096,INDICATION,
CHEMBL4297888,EFO_0000616,INDICATION,
CHEMBL4297888,EFO_0000756,INDICATION,
CHEMBL4297888,EFO_0002617,INDICATION,
CHEMBL4297888,EFO_1000657,INDICATION,
CHEMBL4297888,EFO_1001968,INDICATION,
CHEMBL4297888,MONDO_0007576,INDICATION,
CHEMBL4297888,MONDO_0008170,INDICATION,
CHEMBL4297889,EFO_0001365,INDICATION,
CHEMBL4297889,EFO_0009606,INDICATION,
CHEMBL4297889,EFO_1001492,INDICATION,
CHEMBL4297889,MONDO_0019353,INDICATION,
CHEMBL4297890,MONDO_0018660,INDICATION,
CHEMBL4297891,EFO_0000198,INDICATION,
CHEMBL4297891,EFO_0000222,INDICATION,
CHEMBL4297891,EFO_0000616,INDICATION,
CHEMBL4297891,MONDO_0004992,INDICATION,
CHEMBL4297892,EFO_0000616,INDICATION,
CHEMBL4297892,EFO_0003869,INDICATION,
CHEMBL4297892,EFO_0003968,INDICATION,
CHEMBL4297892,EFO_0005537,INDICATION,
CHEMBL4297892,MONDO_0004992,INDICATION,
CHEMBL4297892,MONDO_0007254,INDICATION,
CHEMBL4297893,EFO_0000222,INDICATION,
CHEMBL4297894,EFO_0000519,INDICATION,
CHEMBL4297894,EFO_0000616,INDICATION,
CHEMBL4297896,EFO_0000616,INDICATION,
CHEMBL4297897,EFO_0007328,INDICATION,
CHEMBL4297898,EFO_0000574,INDICATION,
CHEMBL4297899,EFO_0000616,INDICATION,
CHEMBL4297900,EFO_0003060,INDICATION,
CHEMBL4297901,EFO_0000616,INDICATION,
CHEMBL4297902,EFO_0006346,INDICATION,
CHEMBL4297903,EFO_1001231,INDICATION,
CHEMBL4297904,MONDO_0010602,INDICATION,
CHEMBL4297904,MONDO_0010604,INDICATION,
CHEMBL4297904,MONDO_0018660,INDICATION,
CHEMBL4297907,EFO_0000403,INDICATION,
CHEMBL4297907,EFO_0005952,INDICATION,
CHEMBL4297907,MONDO_0018906,INDICATION,
CHEMBL4297908,EFO_0000616,INDICATION,
CHEMBL4297908,EFO_0001378,INDICATION,
CHEMBL4297909,EFO_0002614,INDICATION,
CHEMBL4297909,EFO_0003095,INDICATION,
CHEMBL4297909,MONDO_0005148,INDICATION,
CHEMBL4297910,MONDO_0002959,INDICATION,
CHEMBL4297911,EFO_0000274,INDICATION,
CHEMBL4297911,EFO_0000384,INDICATION,
CHEMBL4297911,EFO_0000540,INDICATION,
CHEMBL4297911,EFO_0000676,INDICATION,
CHEMBL4297911,EFO_0000729,INDICATION,
CHEMBL4297911,EFO_1000710,INDICATION,
CHEMBL4297911,MONDO_0009735,INDICATION,
CHEMBL4297911,MONDO_0015597,INDICATION,
CHEMBL4297911,MP_0001845,INDICATION,
CHEMBL4297912,EFO_0000182,INDICATION,
CHEMBL4297912,EFO_0000319,INDICATION,
CHEMBL4297912,EFO_0000384,INDICATION,
CHEMBL4297912,EFO_0000555,INDICATION,
CHEMBL4297912,EFO_0000729,INDICATION,
CHEMBL4297912,EFO_0001060,INDICATION,
CHEMBL4297912,EFO_0003956,INDICATION,
CHEMBL4297912,EFO_0008517,INDICATION,
CHEMBL4297912,EFO_0008572,INDICATION,
CHEMBL4297912,EFO_1001121,INDICATION,
CHEMBL4297912,EFO_1001904,INDICATION,
CHEMBL4297912,MONDO_0004985,INDICATION,
CHEMBL4297912,MONDO_0005148,INDICATION,
CHEMBL4297914,EFO_0008525,INDICATION,
CHEMBL4297914,MONDO_0010679,INDICATION,
CHEMBL4297915,EFO_0000373,INDICATION,
CHEMBL4297915,EFO_0003144,INDICATION,
CHEMBL4297916,EFO_0000095,INDICATION,
CHEMBL4297916,EFO_0000681,INDICATION,
CHEMBL4297916,MONDO_0008170,INDICATION,
CHEMBL4297918,EFO_0003086,INDICATION,
CHEMBL4297918,MONDO_0018570,INDICATION,
CHEMBL4297918,MONDO_0019019,INDICATION,
CHEMBL4297919,EFO_1001917,INDICATION,
CHEMBL4297920,EFO_0000685,INDICATION,
CHEMBL4297921,EFO_0000765,INDICATION,
CHEMBL4297922,EFO_0000389,INDICATION,
CHEMBL4297922,MONDO_0004992,INDICATION,
CHEMBL4297923,EFO_0000389,INDICATION,
CHEMBL4297923,EFO_0003060,INDICATION,
CHEMBL4297923,MONDO_0004992,INDICATION,
CHEMBL4297924,EFO_0004265,INDICATION,
CHEMBL4297924,EFO_0004593,INDICATION,
CHEMBL4297924,MONDO_0005090,INDICATION,
CHEMBL4297924,MONDO_0005178,INDICATION,
CHEMBL4297924,MONDO_0019338,INDICATION,
CHEMBL4297925,EFO_1000830,INDICATION,
CHEMBL4297925,EFO_1001849,INDICATION,
CHEMBL4297926,EFO_0000676,INDICATION,
CHEMBL4297926,EFO_0001378,INDICATION,
CHEMBL4297926,EFO_0003894,INDICATION,
CHEMBL4297926,EFO_1000710,INDICATION,
CHEMBL4297926,MONDO_0004979,INDICATION,
CHEMBL4297927,EFO_0001068,INDICATION,
CHEMBL4297927,EFO_0007444,INDICATION,
CHEMBL4297928,EFO_0007187,INDICATION,
CHEMBL4297928,MONDO_0100244,INDICATION,
CHEMBL4297930,EFO_0000095,INDICATION,
CHEMBL4297930,EFO_0000574,INDICATION,
CHEMBL4297930,MONDO_0004992,INDICATION,
CHEMBL4297932,EFO_0000544,INDICATION,
CHEMBL4297932,EFO_0007328,INDICATION,
CHEMBL4297932,EFO_0007419,INDICATION,
CHEMBL4297932,MONDO_0100096,INDICATION,
CHEMBL4297933,MONDO_0007254,INDICATION,
CHEMBL4297934,MONDO_0005147,INDICATION,
CHEMBL4297935,EFO_0000616,INDICATION,
CHEMBL4297936,EFO_0000400,INDICATION,
CHEMBL4297936,EFO_0003086,INDICATION,
CHEMBL4297938,EFO_0003060,INDICATION,
CHEMBL4297938,MONDO_0008170,INDICATION,
CHEMBL4297939,EFO_0000616,INDICATION,
CHEMBL4297939,EFO_0003060,INDICATION,
CHEMBL4297939,EFO_0003869,INDICATION,
CHEMBL4297939,EFO_0003968,INDICATION,
CHEMBL4297939,EFO_0005537,INDICATION,
CHEMBL4297939,MONDO_0007254,INDICATION,
CHEMBL4297939,MONDO_0008903,INDICATION,
CHEMBL4297940,EFO_1001459,INDICATION,
CHEMBL4297941,EFO_0003033,INDICATION,
CHEMBL4297942,EFO_0000384,INDICATION,
CHEMBL4297942,EFO_0000685,INDICATION,
CHEMBL4297942,EFO_1001486,INDICATION,
CHEMBL4297943,EFO_0007214,INDICATION,
CHEMBL4297943,MONDO_0002258,INDICATION,
CHEMBL4297944,MONDO_0010585,INDICATION,
CHEMBL4297945,MONDO_0010602,INDICATION,
CHEMBL4297945,MONDO_0018660,INDICATION,
CHEMBL4297946,EFO_0000182,INDICATION,
CHEMBL4297946,EFO_0000211,INDICATION,
CHEMBL4297946,EFO_0000389,INDICATION,
CHEMBL4297946,EFO_0000574,INDICATION,
CHEMBL4297946,EFO_0000621,INDICATION,
CHEMBL4297946,EFO_0000637,INDICATION,
CHEMBL4297946,EFO_0000702,INDICATION,
CHEMBL4297946,EFO_0001061,INDICATION,
CHEMBL4297946,EFO_0003060,INDICATION,
CHEMBL4297946,EFO_0004252,INDICATION,
CHEMBL4297946,EFO_0005922,INDICATION,
CHEMBL4297946,EFO_1000359,INDICATION,
CHEMBL4297946,EFO_1001411,INDICATION,
CHEMBL4297946,EFO_1001951,INDICATION,
CHEMBL4297946,EFO_1001968,INDICATION,
CHEMBL4297946,MONDO_0000831,INDICATION,
CHEMBL4297946,MONDO_0001056,INDICATION,
CHEMBL4297946,MONDO_0002974,INDICATION,
CHEMBL4297946,MONDO_0005575,INDICATION,
CHEMBL4297946,MONDO_0007254,INDICATION,
CHEMBL4297946,MONDO_0007576,INDICATION,
CHEMBL4297946,MONDO_0008903,INDICATION,
CHEMBL4297946,MONDO_0021117,INDICATION,
CHEMBL4297948,EFO_0000182,INDICATION,
CHEMBL4297948,EFO_0000616,INDICATION,
CHEMBL4297949,EFO_0001069,INDICATION,
CHEMBL4297949,EFO_0001073,INDICATION,
CHEMBL4297949,EFO_0007318,INDICATION,
CHEMBL4297949,MONDO_0005148,INDICATION,
CHEMBL4297949,MONDO_0017182,INDICATION,
CHEMBL4297950,EFO_0000616,INDICATION,
CHEMBL4297950,MONDO_0001475,INDICATION,
CHEMBL4297950,MONDO_0007254,INDICATION,
CHEMBL4297951,MONDO_0002247,INDICATION,
CHEMBL4297951,MP_0001914,INDICATION,
CHEMBL4297952,EFO_0000274,INDICATION,
CHEMBL4297953,EFO_0000319,INDICATION,
CHEMBL4297953,EFO_0003777,INDICATION,
CHEMBL4297953,MONDO_0010602,INDICATION,
CHEMBL4297953,MONDO_0010604,INDICATION,
CHEMBL4297954,EFO_1001459,INDICATION,
CHEMBL4297954,MONDO_0005180,INDICATION,
CHEMBL4297955,EFO_0000545,INDICATION,
CHEMBL4297955,EFO_0000660,INDICATION,
CHEMBL4297955,EFO_0004248,INDICATION,
CHEMBL4297955,EFO_0004266,INDICATION,
CHEMBL4297955,EFO_0008560,INDICATION,
CHEMBL4297955,MONDO_0002146,INDICATION,
CHEMBL4297955,MONDO_0002775,INDICATION,
CHEMBL4297955,MONDO_0018555,INDICATION,
CHEMBL4297956,EFO_0000616,INDICATION,
CHEMBL4297957,EFO_0000199,INDICATION,
CHEMBL4297957,EFO_0002618,INDICATION,
CHEMBL4297957,EFO_0003086,INDICATION,
CHEMBL4297957,EFO_1001904,INDICATION,
CHEMBL4297957,MONDO_0044926,INDICATION,
CHEMBL4297957,MONDO_0100096,INDICATION,
CHEMBL4297958,MONDO_0015183,INDICATION,
CHEMBL4297958,Orphanet_309005,INDICATION,
CHEMBL4297959,EFO_0001073,INDICATION,
CHEMBL4297960,EFO_0002617,INDICATION,
CHEMBL4297960,EFO_1001951,INDICATION,
CHEMBL4297961,EFO_0007160,INDICATION,
CHEMBL4297962,EFO_0000220,INDICATION,
CHEMBL4297962,EFO_0000222,INDICATION,
CHEMBL4297962,EFO_0000565,INDICATION,
CHEMBL4297963,EFO_0000389,INDICATION,
CHEMBL4297963,EFO_0000756,INDICATION,
CHEMBL4297964,EFO_1001459,INDICATION,
CHEMBL4297964,EFO_1001923,INDICATION,
CHEMBL4297965,MONDO_0005148,INDICATION,
CHEMBL4297966,EFO_1001875,INDICATION,
CHEMBL4297966,MONDO_0017816,INDICATION,
CHEMBL4297967,EFO_0000540,INDICATION,
CHEMBL4297967,EFO_0000729,INDICATION,
CHEMBL4297968,EFO_0000616,INDICATION,
CHEMBL4297968,EFO_0001378,INDICATION,
CHEMBL4297969,EFO_0000616,INDICATION,
CHEMBL4297969,EFO_0001378,INDICATION,
CHEMBL4297969,EFO_0005950,INDICATION,
CHEMBL4297970,MONDO_0004979,INDICATION,
CHEMBL4297971,EFO_0001073,INDICATION,
CHEMBL4297971,EFO_0005203,INDICATION,
CHEMBL4297972,EFO_0000574,INDICATION,
CHEMBL4297973,EFO_0000544,INDICATION,
CHEMBL4297973,EFO_0000764,INDICATION,
CHEMBL4297973,EFO_0001068,INDICATION,
CHEMBL4297973,EFO_0001422,INDICATION,
CHEMBL4297973,EFO_0002618,INDICATION,
CHEMBL4297973,EFO_0003767,INDICATION,
CHEMBL4297973,EFO_0004197,INDICATION,
CHEMBL4297973,EFO_0004239,INDICATION,
CHEMBL4297973,EFO_0004249,INDICATION,
CHEMBL4297973,EFO_0007147,INDICATION,
CHEMBL4297973,EFO_0007301,INDICATION,
CHEMBL4297973,EFO_0007303,INDICATION,
CHEMBL4297973,EFO_0007314,INDICATION,
CHEMBL4297973,EFO_0009662,INDICATION,
CHEMBL4297973,EFO_1001475,INDICATION,
CHEMBL4297973,EFO_1001476,INDICATION,
CHEMBL4297974,EFO_0009453,INDICATION,
CHEMBL4297975,EFO_0000684,INDICATION,
CHEMBL4297975,EFO_0006510,INDICATION,
CHEMBL4297976,MONDO_0018937,INDICATION,
CHEMBL4297977,EFO_0002622,INDICATION,
CHEMBL4297977,EFO_0004249,INDICATION,
CHEMBL4297977,EFO_1001476,INDICATION,
CHEMBL4297978,MONDO_0005148,INDICATION,
CHEMBL4297981,EFO_0000540,INDICATION,
CHEMBL4297981,EFO_0003884,INDICATION,
CHEMBL4297981,EFO_0004599,INDICATION,
CHEMBL4297981,EFO_0007160,INDICATION,
CHEMBL4297981,EFO_0007290,INDICATION,
CHEMBL4297981,EFO_0010134,INDICATION,
CHEMBL4297984,EFO_0000616,INDICATION,
CHEMBL4297984,EFO_0000621,INDICATION,
CHEMBL4297985,EFO_0000181,INDICATION,
CHEMBL4297985,EFO_0000198,INDICATION,
CHEMBL4297985,EFO_0000222,INDICATION,
CHEMBL4297985,EFO_0000403,INDICATION,
CHEMBL4297985,EFO_0000616,INDICATION,
CHEMBL4297985,EFO_0001378,INDICATION,
CHEMBL4297985,EFO_0001642,INDICATION,
CHEMBL4297985,EFO_0005537,INDICATION,
CHEMBL4297985,EFO_0005952,INDICATION,
CHEMBL4297985,EFO_0008528,INDICATION,
CHEMBL4297985,EFO_1000785,INDICATION,
CHEMBL4297985,EFO_1001051,INDICATION,
CHEMBL4297985,EFO_1001951,INDICATION,
CHEMBL4297985,MONDO_0001187,INDICATION,
CHEMBL4297985,MONDO_0001657,INDICATION,
CHEMBL4297985,MONDO_0004992,INDICATION,
CHEMBL4297985,MONDO_0008170,INDICATION,
CHEMBL4297985,MONDO_0009348,INDICATION,
CHEMBL4297986,MONDO_0010604,INDICATION,
CHEMBL4297988,MONDO_0010674,INDICATION,
CHEMBL4297989,EFO_0000198,INDICATION,
CHEMBL4297989,EFO_0000222,INDICATION,
CHEMBL4297989,EFO_0000702,INDICATION,
CHEMBL4297989,EFO_0000764,INDICATION,
CHEMBL4297989,EFO_0002617,INDICATION,
CHEMBL4297989,EFO_0003060,INDICATION,
CHEMBL4297989,MONDO_0002898,INDICATION,
CHEMBL4297990,EFO_0000616,INDICATION,
CHEMBL4297990,EFO_0000756,INDICATION,
CHEMBL4297990,EFO_1001230,INDICATION,
CHEMBL4297991,EFO_0000222,INDICATION,
CHEMBL4297991,EFO_0000616,INDICATION,
CHEMBL4297992,EFO_0000222,INDICATION,
CHEMBL4297993,EFO_0000681,INDICATION,
CHEMBL4297993,EFO_0003060,INDICATION,
CHEMBL4297993,EFO_1001951,INDICATION,
CHEMBL4297994,EFO_0000756,INDICATION,
CHEMBL4297994,EFO_0002617,INDICATION,
CHEMBL4297994,EFO_0003047,INDICATION,
CHEMBL4297995,EFO_0000398,INDICATION,
CHEMBL4297995,EFO_0000403,INDICATION,
CHEMBL4297995,EFO_0000676,INDICATION,
CHEMBL4297995,EFO_0009441,INDICATION,
CHEMBL4297997,EFO_0000222,INDICATION,
CHEMBL4297997,EFO_0000616,INDICATION,
CHEMBL4297998,EFO_0000211,INDICATION,
CHEMBL4297998,EFO_0002913,INDICATION,
CHEMBL4297999,EFO_0001356,INDICATION,
CHEMBL4298000,EFO_0000616,INDICATION,
CHEMBL4298000,MONDO_0004992,INDICATION,
CHEMBL4298001,EFO_0000294,INDICATION,
CHEMBL4298001,EFO_0000616,INDICATION,
CHEMBL4298001,EFO_0000673,INDICATION,
CHEMBL4298001,EFO_0001378,INDICATION,
CHEMBL4298001,EFO_0001663,INDICATION,
CHEMBL4298001,EFO_0003060,INDICATION,
CHEMBL4298001,EFO_0004239,INDICATION,
CHEMBL4298001,EFO_0008528,INDICATION,
CHEMBL4298001,MONDO_0001187,INDICATION,
CHEMBL4298004,EFO_0000616,INDICATION,
CHEMBL4298004,EFO_0003060,INDICATION,
CHEMBL4298004,MONDO_0004992,INDICATION,
CHEMBL4298005,MONDO_0005148,INDICATION,
CHEMBL4298006,EFO_0000180,INDICATION,
CHEMBL4298006,EFO_0000182,INDICATION,
CHEMBL4298006,EFO_0000503,INDICATION,
CHEMBL4298006,EFO_0000616,INDICATION,
CHEMBL4298006,EFO_0000764,INDICATION,
CHEMBL4298006,EFO_0003060,INDICATION,
CHEMBL4298006,EFO_0003891,INDICATION,
CHEMBL4298006,EFO_0004142,INDICATION,
CHEMBL4298006,EFO_0004239,INDICATION,
CHEMBL4298006,EFO_0004252,INDICATION,
CHEMBL4298006,EFO_0004288,INDICATION,
CHEMBL4298006,EFO_0005922,INDICATION,
CHEMBL4298006,EFO_1000359,INDICATION,
CHEMBL4298006,EFO_1000657,INDICATION,
CHEMBL4298006,EFO_1001012,INDICATION,
CHEMBL4298006,EFO_1001951,INDICATION,
CHEMBL4298006,EFO_1001968,INDICATION,
CHEMBL4298006,MONDO_0002974,INDICATION,
CHEMBL4298006,MONDO_0003060,INDICATION,
CHEMBL4298006,MONDO_0004992,INDICATION,
CHEMBL4298006,MONDO_0007254,INDICATION,
CHEMBL4298006,MONDO_0007576,INDICATION,
CHEMBL4298006,MONDO_0008170,INDICATION,
CHEMBL4298006,MONDO_0011962,INDICATION,
CHEMBL4298006,MONDO_0021063,INDICATION,
CHEMBL4298006,MONDO_0021117,INDICATION,
CHEMBL4298007,EFO_0000326,INDICATION,
CHEMBL4298007,EFO_0000519,INDICATION,
CHEMBL4298007,EFO_1001968,INDICATION,
CHEMBL4298008,EFO_0003860,INDICATION,
CHEMBL4298009,EFO_0000616,INDICATION,
CHEMBL4298009,EFO_0000756,INDICATION,
CHEMBL4298009,EFO_0005537,INDICATION,
CHEMBL4298009,MONDO_0007254,INDICATION,
CHEMBL4298010,MONDO_0009561,INDICATION,
CHEMBL4298012,EFO_0001365,INDICATION,
CHEMBL4298012,EFO_0004683,INDICATION,
CHEMBL4298012,EFO_1000986,INDICATION,
CHEMBL4298012,EFO_1001492,INDICATION,
CHEMBL4298013,EFO_0000181,INDICATION,
CHEMBL4298013,EFO_0005922,INDICATION,
CHEMBL4298013,MONDO_0007254,INDICATION,
CHEMBL4298014,MONDO_0007254,INDICATION,
CHEMBL4298016,MONDO_0021187,INDICATION,
CHEMBL4298018,EFO_0000616,INDICATION,
CHEMBL4298018,EFO_0009708,INDICATION,
CHEMBL4298020,EFO_0000389,INDICATION,
CHEMBL4298020,EFO_0000616,INDICATION,
CHEMBL4298020,EFO_0002618,INDICATION,
CHEMBL4298020,MONDO_0004992,INDICATION,
CHEMBL4298020,MONDO_0007254,INDICATION,
CHEMBL4298021,EFO_0005815,INDICATION,
CHEMBL4298021,MONDO_0004975,INDICATION,
CHEMBL4298022,EFO_0000389,INDICATION,
CHEMBL4298022,EFO_0000616,INDICATION,
CHEMBL4298022,EFO_0002618,INDICATION,
CHEMBL4298022,MONDO_0007254,INDICATION,
CHEMBL4298023,EFO_0000676,INDICATION,
CHEMBL4298023,EFO_0003778,INDICATION,
CHEMBL4298023,EFO_1000710,INDICATION,
CHEMBL4298024,EFO_0000181,INDICATION,
CHEMBL4298024,EFO_0000196,INDICATION,
CHEMBL4298024,EFO_0000305,INDICATION,
CHEMBL4298024,EFO_0000365,INDICATION,
CHEMBL4298024,EFO_0000558,INDICATION,
CHEMBL4298024,EFO_0000588,INDICATION,
CHEMBL4298024,EFO_0000616,INDICATION,
CHEMBL4298024,EFO_0000702,INDICATION,
CHEMBL4298024,EFO_0001416,INDICATION,
CHEMBL4298024,EFO_0001663,INDICATION,
CHEMBL4298024,EFO_0002618,INDICATION,
CHEMBL4298024,EFO_0002916,INDICATION,
CHEMBL4298024,EFO_0003060,INDICATION,
CHEMBL4298024,EFO_0003863,INDICATION,
CHEMBL4298024,EFO_0003869,INDICATION,
CHEMBL4298024,EFO_0005221,INDICATION,
CHEMBL4298024,EFO_0005537,INDICATION,
CHEMBL4298024,EFO_1000581,INDICATION,
CHEMBL4298024,EFO_1001931,INDICATION,
CHEMBL4298024,EFO_1001961,INDICATION,
CHEMBL4298024,EFO_1001968,INDICATION,
CHEMBL4298024,MONDO_0001056,INDICATION,
CHEMBL4298024,MONDO_0001325,INDICATION,
CHEMBL4298024,MONDO_0001402,INDICATION,
CHEMBL4298024,MONDO_0001528,INDICATION,
CHEMBL4298024,MONDO_0001879,INDICATION,
CHEMBL4298024,MONDO_0002974,INDICATION,
CHEMBL4298024,MONDO_0007254,INDICATION,
CHEMBL4298024,MONDO_0008170,INDICATION,
CHEMBL4298024,MONDO_0008315,INDICATION,
CHEMBL4298024,MONDO_0008903,INDICATION,
CHEMBL4298024,MONDO_0021063,INDICATION,
CHEMBL4298025,EFO_0000616,INDICATION,
CHEMBL4298025,MONDO_0007254,INDICATION,
CHEMBL4298026,EFO_0001062,INDICATION,
CHEMBL4298027,EFO_0000519,INDICATION,
CHEMBL4298027,EFO_0000616,INDICATION,
CHEMBL4298028,EFO_0000616,INDICATION,
CHEMBL4298029,EFO_0000616,INDICATION,
CHEMBL4298030,EFO_0000616,INDICATION,
CHEMBL4298031,EFO_0003106,INDICATION,
CHEMBL4298034,EFO_0007328,INDICATION,
CHEMBL4298036,EFO_0000685,INDICATION,
CHEMBL4298036,EFO_1001231,INDICATION,
CHEMBL4298037,EFO_0000181,INDICATION,
CHEMBL4298037,EFO_0000519,INDICATION,
CHEMBL4298037,EFO_0000616,INDICATION,
CHEMBL4298037,EFO_0000691,INDICATION,
CHEMBL4298037,EFO_0000707,INDICATION,
CHEMBL4298037,EFO_0000756,INDICATION,
CHEMBL4298037,EFO_0002618,INDICATION,
CHEMBL4298037,EFO_0003060,INDICATION,
CHEMBL4298037,EFO_0005537,INDICATION,
CHEMBL4298037,EFO_0006859,INDICATION,
CHEMBL4298037,EFO_0008528,INDICATION,
CHEMBL4298037,EFO_1000852,INDICATION,
CHEMBL4298037,EFO_1001471,INDICATION,
CHEMBL4298037,EFO_1001901,INDICATION,
CHEMBL4298037,EFO_1001968,INDICATION,
CHEMBL4298037,MONDO_0004992,INDICATION,
CHEMBL4298037,MONDO_0005184,INDICATION,
CHEMBL4298037,MONDO_0007254,INDICATION,
CHEMBL4298037,MONDO_0007576,INDICATION,
CHEMBL4298037,MONDO_0008315,INDICATION,
CHEMBL4298037,MONDO_0011962,INDICATION,
CHEMBL4298038,EFO_1001951,INDICATION,
CHEMBL4298040,EFO_0007328,INDICATION,
CHEMBL4298043,MONDO_0005090,INDICATION,
CHEMBL4298044,MONDO_0004992,INDICATION,
CHEMBL4298045,EFO_0000503,INDICATION,
CHEMBL4298045,MONDO_0004992,INDICATION,
CHEMBL4298046,EFO_0003767,INDICATION,
CHEMBL4298046,EFO_0003884,INDICATION,
CHEMBL4298046,EFO_0004270,INDICATION,
CHEMBL4298046,EFO_0004272,INDICATION,
CHEMBL4298046,EFO_0009579,INDICATION,
CHEMBL4298046,MONDO_0004992,INDICATION,
CHEMBL4298047,EFO_0000095,INDICATION,
CHEMBL4298047,EFO_0000096,INDICATION,
CHEMBL4298047,EFO_0000220,INDICATION,
CHEMBL4298047,EFO_0000403,INDICATION,
CHEMBL4298047,EFO_0000574,INDICATION,
CHEMBL4298047,EFO_0000616,INDICATION,
CHEMBL4298047,EFO_0005952,INDICATION,
CHEMBL4298047,EFO_1001469,INDICATION,
CHEMBL4298047,MONDO_0001023,INDICATION,
CHEMBL4298047,MONDO_0018906,INDICATION,
CHEMBL4298048,EFO_0000616,INDICATION,
CHEMBL4298048,EFO_0001378,INDICATION,
CHEMBL4298049,EFO_0000342,INDICATION,
CHEMBL4298050,EFO_0000181,INDICATION,
CHEMBL4298050,EFO_0000182,INDICATION,
CHEMBL4298050,EFO_0000199,INDICATION,
CHEMBL4298050,EFO_0000389,INDICATION,
CHEMBL4298050,EFO_0000503,INDICATION,
CHEMBL4298050,EFO_0000616,INDICATION,
CHEMBL4298050,EFO_0000681,INDICATION,
CHEMBL4298050,EFO_0000702,INDICATION,
CHEMBL4298050,EFO_0000707,INDICATION,
CHEMBL4298050,EFO_0000756,INDICATION,
CHEMBL4298050,EFO_0002916,INDICATION,
CHEMBL4298050,EFO_0003060,INDICATION,
CHEMBL4298050,EFO_0003863,INDICATION,
CHEMBL4298050,EFO_0005537,INDICATION,
CHEMBL4298050,EFO_0005922,INDICATION,
CHEMBL4298050,EFO_0008528,INDICATION,
CHEMBL4298050,EFO_1000657,INDICATION,
CHEMBL4298050,EFO_1001513,INDICATION,
CHEMBL4298050,MONDO_0001187,INDICATION,
CHEMBL4298050,MONDO_0002974,INDICATION,
CHEMBL4298050,MONDO_0004992,INDICATION,
CHEMBL4298050,MONDO_0007576,INDICATION,
CHEMBL4298050,MONDO_0011962,INDICATION,
CHEMBL4298050,MONDO_0018906,INDICATION,
CHEMBL4298051,EFO_0000181,INDICATION,
CHEMBL4298051,EFO_1001968,INDICATION,
CHEMBL4298051,MONDO_0008315,INDICATION,
CHEMBL4298052,EFO_0000181,INDICATION,
CHEMBL4298052,EFO_0000616,INDICATION,
CHEMBL4298052,EFO_0000707,INDICATION,
CHEMBL4298052,EFO_0003860,INDICATION,
CHEMBL4298052,EFO_0004284,INDICATION,
CHEMBL4298054,EFO_0004193,INDICATION,
CHEMBL4298054,EFO_0009516,INDICATION,
CHEMBL4298054,EFO_1001923,INDICATION,
CHEMBL4298055,EFO_0000400,INDICATION,
CHEMBL4298055,EFO_0001421,INDICATION,
CHEMBL4298055,EFO_0003086,INDICATION,
CHEMBL4298055,EFO_0004268,INDICATION,
CHEMBL4298055,EFO_1001249,INDICATION,
CHEMBL4298055,EFO_1001486,INDICATION,
CHEMBL4298056,EFO_0000365,INDICATION,
CHEMBL4298056,EFO_0000558,INDICATION,
CHEMBL4298056,EFO_0000616,INDICATION,
CHEMBL4298056,EFO_0001663,INDICATION,
CHEMBL4298056,EFO_0002618,INDICATION,
CHEMBL4298056,EFO_1001931,INDICATION,
CHEMBL4298056,MONDO_0001325,INDICATION,
CHEMBL4298056,MONDO_0001402,INDICATION,
CHEMBL4298056,MONDO_0001528,INDICATION,
CHEMBL4298056,MONDO_0001879,INDICATION,
CHEMBL4298056,MONDO_0002974,INDICATION,
CHEMBL4298056,MONDO_0021063,INDICATION,
CHEMBL4298057,EFO_0000198,INDICATION,
CHEMBL4298057,EFO_0000616,INDICATION,
CHEMBL4298057,MONDO_0005184,INDICATION,
CHEMBL4298057,MONDO_0044903,INDICATION,
CHEMBL4298058,EFO_0000389,INDICATION,
CHEMBL4298058,EFO_0000616,INDICATION,
CHEMBL4298058,EFO_0000681,INDICATION,
CHEMBL4298058,EFO_0000691,INDICATION,
CHEMBL4298058,EFO_0000756,INDICATION,
CHEMBL4298058,EFO_0002617,INDICATION,
CHEMBL4298058,EFO_0003060,INDICATION,
CHEMBL4298058,EFO_0005952,INDICATION,
CHEMBL4298058,EFO_0006859,INDICATION,
CHEMBL4298058,MONDO_0001187,INDICATION,
CHEMBL4298058,MONDO_0004992,INDICATION,
CHEMBL4298058,MONDO_0008315,INDICATION,
CHEMBL4298058,MONDO_0100096,INDICATION,
CHEMBL4298060,MONDO_0002050,INDICATION,
CHEMBL4298060,MONDO_0004975,INDICATION,
CHEMBL4298061,EFO_0004272,INDICATION,
CHEMBL4298062,MONDO_0010679,INDICATION,
CHEMBL4298062,MONDO_0020121,INDICATION,
CHEMBL4298063,EFO_0009606,INDICATION,
CHEMBL4298063,EFO_1000809,INDICATION,
CHEMBL4298063,MONDO_0001576,INDICATION,
CHEMBL4298063,MONDO_0005041,INDICATION,
CHEMBL4298063,MONDO_0018852,INDICATION,
CHEMBL4298063,MONDO_0019200,INDICATION,
CHEMBL4298064,EFO_0003894,INDICATION,
CHEMBL4298064,EFO_0007147,INDICATION,
CHEMBL4298064,EFO_0007512,INDICATION,
CHEMBL4298065,EFO_0000474,INDICATION,
CHEMBL4298065,EFO_0000649,INDICATION,
CHEMBL4298065,EFO_0000765,INDICATION,
CHEMBL4298065,EFO_0001069,INDICATION,
CHEMBL4298065,EFO_0001645,INDICATION,
CHEMBL4298065,EFO_0002950,INDICATION,
CHEMBL4298065,EFO_0003095,INDICATION,
CHEMBL4298065,EFO_0003768,INDICATION,
CHEMBL4298065,EFO_0003884,INDICATION,
CHEMBL4298065,EFO_0003888,INDICATION,
CHEMBL4298065,EFO_0003917,INDICATION,
CHEMBL4298065,EFO_1000906,INDICATION,
CHEMBL4298065,MONDO_0002009,INDICATION,
CHEMBL4298065,MONDO_0004985,INDICATION,
CHEMBL4298065,MONDO_0005301,INDICATION,
CHEMBL4298065,MONDO_0007254,INDICATION,
CHEMBL4298065,MONDO_0011382,INDICATION,
CHEMBL4298065,MONDO_0021661,INDICATION,
CHEMBL4298065,MONDO_0100096,INDICATION,
CHEMBL4298066,EFO_0004190,INDICATION,
CHEMBL4298066,EFO_1001492,INDICATION,
CHEMBL4298067,EFO_0000198,INDICATION,
CHEMBL4298069,MONDO_0008315,INDICATION,
CHEMBL4298070,EFO_0000182,INDICATION,
CHEMBL4298070,EFO_0000313,INDICATION,
CHEMBL4298070,EFO_0001378,INDICATION,
CHEMBL4298070,EFO_0002617,INDICATION,
CHEMBL4298070,EFO_0003060,INDICATION,
CHEMBL4298070,EFO_0004193,INDICATION,
CHEMBL4298070,EFO_0004239,INDICATION,
CHEMBL4298070,MONDO_0018906,INDICATION,
CHEMBL4298072,MONDO_0010602,INDICATION,
CHEMBL4298074,EFO_0004253,INDICATION,
CHEMBL4298075,EFO_0001065,INDICATION,
CHEMBL4298075,EFO_0003819,INDICATION,
CHEMBL4298075,EFO_0003843,INDICATION,
CHEMBL4298075,EFO_0003884,INDICATION,
CHEMBL4298075,EFO_0009540,INDICATION,
CHEMBL4298075,MONDO_0002635,INDICATION,
CHEMBL4298075,MONDO_0005148,INDICATION,
CHEMBL4298075,MONDO_0005271,INDICATION,
CHEMBL4298075,MONDO_0100096,INDICATION,
CHEMBL4298075,MP_0001845,INDICATION,
CHEMBL4298076,EFO_0000685,INDICATION,
CHEMBL4298076,EFO_0007160,INDICATION,
CHEMBL4298077,MONDO_0005180,INDICATION,
CHEMBL4298078,EFO_0000401,INDICATION,
CHEMBL4298079,EFO_0000181,INDICATION,
CHEMBL4298079,EFO_0000196,INDICATION,
CHEMBL4298079,EFO_0000558,INDICATION,
CHEMBL4298079,EFO_0000616,INDICATION,
CHEMBL4298079,EFO_0008528,INDICATION,
CHEMBL4298079,MONDO_0004986,INDICATION,
CHEMBL4298079,MONDO_0008315,INDICATION,
CHEMBL4298082,EFO_0001645,INDICATION,
CHEMBL4298082,MONDO_0021063,INDICATION,
CHEMBL4298082,MONDO_0100096,INDICATION,
CHEMBL4298083,EFO_0001075,INDICATION,
CHEMBL4298083,EFO_1000251,INDICATION,
CHEMBL4298084,EFO_0000095,INDICATION,
CHEMBL4298084,EFO_0000096,INDICATION,
CHEMBL4298084,EFO_0004289,INDICATION,
CHEMBL4298084,EFO_1001938,INDICATION,
CHEMBL4298085,EFO_0000616,INDICATION,
CHEMBL4298085,EFO_0000756,INDICATION,
CHEMBL4298085,EFO_0001378,INDICATION,
CHEMBL4298085,EFO_0003060,INDICATION,
CHEMBL4298085,EFO_0003968,INDICATION,
CHEMBL4298085,EFO_0005537,INDICATION,
CHEMBL4298085,MONDO_0004992,INDICATION,
CHEMBL4298086,EFO_0004991,INDICATION,
CHEMBL4298086,MONDO_0100244,INDICATION,
CHEMBL4298087,MONDO_0018965,INDICATION,
CHEMBL4298088,EFO_0000616,INDICATION,
CHEMBL4298089,EFO_0000182,INDICATION,
CHEMBL4298089,EFO_0000616,INDICATION,
CHEMBL4298090,EFO_0000616,INDICATION,
CHEMBL4298090,EFO_0000681,INDICATION,
CHEMBL4298090,EFO_0002617,INDICATION,
CHEMBL4298091,EFO_0000616,INDICATION,
CHEMBL4298091,EFO_0003060,INDICATION,
CHEMBL4298091,EFO_1001951,INDICATION,
CHEMBL4298092,EFO_0000096,INDICATION,
CHEMBL4298092,EFO_0000403,INDICATION,
CHEMBL4298092,EFO_0000574,INDICATION,
CHEMBL4298092,EFO_0000616,INDICATION,
CHEMBL4298092,EFO_0005952,INDICATION,
CHEMBL4298092,EFO_1001469,INDICATION,
CHEMBL4298092,MONDO_0018906,INDICATION,
CHEMBL4298093,MONDO_0004975,INDICATION,
CHEMBL4298094,EFO_0000681,INDICATION,
CHEMBL4298095,EFO_0003095,INDICATION,
CHEMBL4298095,EFO_1000948,INDICATION,
CHEMBL4298096,EFO_0000198,INDICATION,
CHEMBL4298096,EFO_0000222,INDICATION,
CHEMBL4298097,EFO_0000717,INDICATION,
CHEMBL4298097,EFO_0000768,INDICATION,
CHEMBL4298098,EFO_0000616,INDICATION,
CHEMBL4298098,EFO_0003060,INDICATION,
CHEMBL4298099,EFO_0000616,INDICATION,
CHEMBL4298099,EFO_0001378,INDICATION,
CHEMBL4298099,MONDO_0019019,INDICATION,
CHEMBL4298100,EFO_0000180,INDICATION,
CHEMBL4298101,EFO_0003869,INDICATION,
CHEMBL4298101,EFO_0003968,INDICATION,
CHEMBL4298101,EFO_0005537,INDICATION,
CHEMBL4298101,MONDO_0007254,INDICATION,
CHEMBL4298102,EFO_0000676,INDICATION,
CHEMBL4298102,EFO_0003778,INDICATION,
CHEMBL4298102,EFO_0003898,INDICATION,
CHEMBL4298102,EFO_0005761,INDICATION,
CHEMBL4298102,EFO_1001466,INDICATION,
CHEMBL4298103,EFO_1000906,INDICATION,
CHEMBL4298104,EFO_0000616,INDICATION,
CHEMBL4298105,EFO_0004194,INDICATION,
CHEMBL4298106,MONDO_0007254,INDICATION,
CHEMBL4298107,MONDO_0009655,INDICATION,
CHEMBL4298108,EFO_0003144,INDICATION,
CHEMBL4298110,EFO_0004272,INDICATION,
CHEMBL4298111,EFO_0000384,INDICATION,
CHEMBL4298111,EFO_0000685,INDICATION,
CHEMBL4298114,EFO_0000616,INDICATION,
CHEMBL4298117,EFO_0004719,INDICATION,
CHEMBL4298117,EFO_0004991,INDICATION,
CHEMBL4298117,EFO_0005809,INDICATION,
CHEMBL4298117,EFO_0008601,INDICATION,
CHEMBL4298117,EFO_1001264,INDICATION,
CHEMBL4298117,MONDO_0017287,INDICATION,
CHEMBL4298118,EFO_0005676,INDICATION,
CHEMBL4298118,MONDO_0013730,INDICATION,
CHEMBL4298119,EFO_0000519,INDICATION,
CHEMBL4298119,EFO_0005537,INDICATION,
CHEMBL4298119,MONDO_0007254,INDICATION,
CHEMBL4298121,EFO_0000712,INDICATION,
CHEMBL4298121,EFO_0003763,INDICATION,
CHEMBL4298122,EFO_0000519,INDICATION,
CHEMBL4298122,EFO_0000630,INDICATION,
CHEMBL4298122,EFO_0000632,INDICATION,
CHEMBL4298122,EFO_0002499,INDICATION,
CHEMBL4298122,EFO_0002617,INDICATION,
CHEMBL4298122,EFO_0003833,INDICATION,
CHEMBL4298122,EFO_0005543,INDICATION,
CHEMBL4298122,EFO_1001465,INDICATION,
CHEMBL4298123,EFO_0000616,INDICATION,
CHEMBL4298123,EFO_0000756,INDICATION,
CHEMBL4298123,EFO_0003060,INDICATION,
CHEMBL4298123,MONDO_0002691,INDICATION,
CHEMBL4298124,EFO_0000181,INDICATION,
CHEMBL4298124,EFO_0000588,INDICATION,
CHEMBL4298124,EFO_0000616,INDICATION,
CHEMBL4298124,EFO_0000691,INDICATION,
CHEMBL4298124,EFO_0000702,INDICATION,
CHEMBL4298124,EFO_0000756,INDICATION,
CHEMBL4298124,EFO_0001061,INDICATION,
CHEMBL4298124,EFO_0001378,INDICATION,
CHEMBL4298124,EFO_0002618,INDICATION,
CHEMBL4298124,EFO_0003060,INDICATION,
CHEMBL4298124,EFO_0003893,INDICATION,
CHEMBL4298124,EFO_0003968,INDICATION,
CHEMBL4298124,EFO_0004288,INDICATION,
CHEMBL4298124,EFO_0005537,INDICATION,
CHEMBL4298124,EFO_0006859,INDICATION,
CHEMBL4298124,EFO_1000465,INDICATION,
CHEMBL4298124,EFO_1000657,INDICATION,
CHEMBL4298124,EFO_1001951,INDICATION,
CHEMBL4298124,MONDO_0002165,INDICATION,
CHEMBL4298124,MONDO_0002691,INDICATION,
CHEMBL4298124,MONDO_0002974,INDICATION,
CHEMBL4298124,MONDO_0004992,INDICATION,
CHEMBL4298124,MONDO_0005184,INDICATION,
CHEMBL4298124,MONDO_0007254,INDICATION,
CHEMBL4298124,MONDO_0008170,INDICATION,
CHEMBL4298124,MONDO_0011962,INDICATION,
CHEMBL4298124,MONDO_0018944,INDICATION,
CHEMBL4298124,MONDO_0021063,INDICATION,
CHEMBL4298124,MONDO_0021251,INDICATION,
CHEMBL4298124,Orphanet_145,INDICATION,
CHEMBL4298125,EFO_1001109,INDICATION,
CHEMBL4298126,EFO_0009579,INDICATION,
CHEMBL4298126,MONDO_0024574,INDICATION,
CHEMBL4298126,MP_0001914,INDICATION,
CHEMBL4298126,Orphanet_903,INDICATION,
CHEMBL4298127,EFO_0000180,INDICATION,
CHEMBL4298127,EFO_0000764,INDICATION,
CHEMBL4298128,MONDO_0009061,INDICATION,
CHEMBL4298129,MONDO_0010602,INDICATION,
CHEMBL4298129,Orphanet_903,INDICATION,
CHEMBL4298130,EFO_0000095,INDICATION,
CHEMBL4298130,EFO_0000096,INDICATION,
CHEMBL4298131,EFO_0000198,INDICATION,
CHEMBL4298131,EFO_0000222,INDICATION,
CHEMBL4298131,EFO_0000616,INDICATION,
CHEMBL4298131,EFO_0005809,INDICATION,
CHEMBL4298132,EFO_0000616,INDICATION,
CHEMBL4298132,EFO_0005809,INDICATION,
CHEMBL4298134,EFO_1001264,INDICATION,
CHEMBL4298134,MONDO_0007915,INDICATION,
CHEMBL4298134,MONDO_0017287,INDICATION,
CHEMBL4298135,EFO_0002618,INDICATION,
CHEMBL4298136,EFO_0000764,INDICATION,
CHEMBL4298137,EFO_0000544,INDICATION,
CHEMBL4298137,EFO_0000771,INDICATION,
CHEMBL4298137,EFO_1001141,INDICATION,
CHEMBL4298138,EFO_0000616,INDICATION,
CHEMBL4298138,EFO_0003060,INDICATION,
CHEMBL4298138,MONDO_0004992,INDICATION,
CHEMBL4298139,EFO_0003888,INDICATION,
CHEMBL4298140,EFO_0000616,INDICATION,
CHEMBL4298141,EFO_0003843,INDICATION,
CHEMBL4298142,EFO_0003843,INDICATION,
CHEMBL4298143,EFO_0000616,INDICATION,
CHEMBL4298144,MONDO_0024969,INDICATION,
CHEMBL4298145,MONDO_0005149,INDICATION,
CHEMBL4298146,EFO_0000616,INDICATION,
CHEMBL4298147,EFO_0000616,INDICATION,
CHEMBL4298147,MONDO_0002334,INDICATION,
CHEMBL4298148,EFO_0000616,INDICATION,
CHEMBL4298149,MONDO_0018982,INDICATION,
CHEMBL4298150,EFO_0003840,INDICATION,
CHEMBL4298150,EFO_0003929,INDICATION,
CHEMBL4298150,EFO_0008522,INDICATION,
CHEMBL4298150,MONDO_0005301,INDICATION,
CHEMBL4298151,EFO_0000616,INDICATION,
CHEMBL4298152,MONDO_0024969,INDICATION,
CHEMBL4298153,EFO_0000616,INDICATION,
CHEMBL4298155,EFO_0000616,INDICATION,
CHEMBL4298156,EFO_0000616,INDICATION,
CHEMBL4298158,EFO_0000616,INDICATION,
CHEMBL4298159,MONDO_0009061,INDICATION,
CHEMBL4298160,EFO_0000540,INDICATION,
CHEMBL4298162,EFO_0000546,INDICATION,
CHEMBL4298164,EFO_0000616,INDICATION,
CHEMBL4298167,EFO_0000685,INDICATION,
CHEMBL4298168,EFO_0007543,INDICATION,
CHEMBL4298169,EFO_0003095,INDICATION,
CHEMBL4298169,EFO_1001249,INDICATION,
CHEMBL4298169,EFO_1001486,INDICATION,
CHEMBL4298170,Orphanet_43,INDICATION,
CHEMBL4298171,EFO_0001065,INDICATION,
CHEMBL4298172,EFO_0000474,INDICATION,
CHEMBL4298172,EFO_0001421,INDICATION,
CHEMBL4298172,EFO_1001998,INDICATION,
CHEMBL4298172,MONDO_0016532,INDICATION,
CHEMBL4298173,EFO_0000616,INDICATION,
CHEMBL4298173,MONDO_0002334,INDICATION,
CHEMBL4298174,MP_0001845,INDICATION,
CHEMBL4298176,EFO_0007323,INDICATION,
CHEMBL4298176,MONDO_0007606,INDICATION,
CHEMBL4298178,EFO_0000616,INDICATION,
CHEMBL4298178,EFO_0001075,INDICATION,
CHEMBL4298178,EFO_0003968,INDICATION,
CHEMBL4298178,EFO_0004243,INDICATION,
CHEMBL4298178,EFO_0005537,INDICATION,
CHEMBL4298178,MONDO_0001056,INDICATION,
CHEMBL4298178,MONDO_0001187,INDICATION,
CHEMBL4298178,MONDO_0007254,INDICATION,
CHEMBL4298178,MONDO_0011962,INDICATION,
CHEMBL4298178,MONDO_0021251,INDICATION,
CHEMBL4298180,EFO_0000384,INDICATION,
CHEMBL4298180,EFO_0000540,INDICATION,
CHEMBL4298181,MONDO_0002921,INDICATION,
CHEMBL4298182,MONDO_0009044,INDICATION,
CHEMBL4298183,EFO_0007243,INDICATION,
CHEMBL4298184,EFO_0007243,INDICATION,
CHEMBL4298185,EFO_1001109,INDICATION,
CHEMBL4298185,MONDO_0005178,INDICATION,
CHEMBL4298185,MONDO_0019499,INDICATION,
CHEMBL4298186,MONDO_0005178,INDICATION,
CHEMBL4298187,EFO_0003884,INDICATION,
CHEMBL4298187,EFO_0004272,INDICATION,
CHEMBL4298187,MONDO_0002280,INDICATION,
CHEMBL4298188,EFO_0007243,INDICATION,
CHEMBL4298189,MONDO_0004736,INDICATION,
CHEMBL4298190,EFO_0001642,INDICATION,
CHEMBL4298191,EFO_0000616,INDICATION,
CHEMBL4298191,EFO_0000673,INDICATION,
CHEMBL4298191,EFO_0003060,INDICATION,
CHEMBL4298191,EFO_0008528,INDICATION,
CHEMBL4298191,EFO_0009708,INDICATION,
CHEMBL4298191,MONDO_0001187,INDICATION,
CHEMBL4298192,MONDO_0010679,INDICATION,
CHEMBL4298193,MONDO_0010679,INDICATION,
CHEMBL4298194,MONDO_0010602,INDICATION,
CHEMBL4298195,EFO_0004194,INDICATION,
CHEMBL4298195,EFO_0005761,INDICATION,
CHEMBL4298195,MONDO_0016244,INDICATION,
CHEMBL4298195,MONDO_0100096,INDICATION,
CHEMBL4298196,EFO_1000014,INDICATION,
CHEMBL4298196,EFO_1001152,INDICATION,
CHEMBL4298196,MONDO_0001909,INDICATION,
CHEMBL4298197,MONDO_0018328,INDICATION,
CHEMBL4298197,MONDO_0020088,INDICATION,
CHEMBL4298197,MONDO_0021187,INDICATION,
CHEMBL4298198,MONDO_0021187,INDICATION,
CHEMBL4298199,EFO_0000200,INDICATION,
CHEMBL4298199,EFO_0000203,INDICATION,
CHEMBL4298199,EFO_0000319,INDICATION,
CHEMBL4298199,EFO_0000540,INDICATION,
CHEMBL4298199,EFO_0000616,INDICATION,
CHEMBL4298199,EFO_0001378,INDICATION,
CHEMBL4298199,EFO_0004264,INDICATION,
CHEMBL4298199,EFO_0007326,INDICATION,
CHEMBL4298199,EFO_0010283,INDICATION,
CHEMBL4298199,MONDO_0002243,INDICATION,
CHEMBL4298199,MONDO_0003159,INDICATION,
CHEMBL4298199,MONDO_0021334,INDICATION,
CHEMBL4298199,Orphanet_2442,INDICATION,
CHEMBL4298200,EFO_0000181,INDICATION,
CHEMBL4298200,EFO_0000389,INDICATION,
CHEMBL4298200,EFO_0000588,INDICATION,
CHEMBL4298200,EFO_0000616,INDICATION,
CHEMBL4298200,EFO_0000756,INDICATION,
CHEMBL4298200,EFO_0001061,INDICATION,
CHEMBL4298200,EFO_0002617,INDICATION,
CHEMBL4298200,EFO_0003060,INDICATION,
CHEMBL4298200,EFO_0003859,INDICATION,
CHEMBL4298200,MONDO_0002974,INDICATION,
CHEMBL4298200,MONDO_0007254,INDICATION,
CHEMBL4298201,MONDO_0015974,INDICATION,
CHEMBL4298202,EFO_0000266,INDICATION,
CHEMBL4298202,EFO_0000319,INDICATION,
CHEMBL4298202,EFO_0001421,INDICATION,
CHEMBL4298202,EFO_0001645,INDICATION,
CHEMBL4298202,EFO_0003086,INDICATION,
CHEMBL4298202,MONDO_0037748,INDICATION,
CHEMBL4298203,EFO_0001645,INDICATION,
CHEMBL4298204,EFO_0000540,INDICATION,
CHEMBL4298204,EFO_0000685,INDICATION,
CHEMBL4298204,EFO_0000729,INDICATION,
CHEMBL4298204,MONDO_0007915,INDICATION,
CHEMBL4298204,MONDO_0020547,INDICATION,
CHEMBL4298204,MP_0001845,INDICATION,
CHEMBL4298205,EFO_0000616,INDICATION,
CHEMBL4298205,MONDO_0008170,INDICATION,
CHEMBL4298206,EFO_0000181,INDICATION,
CHEMBL4298206,EFO_0000616,INDICATION,
CHEMBL4298206,EFO_0000756,INDICATION,
CHEMBL4298206,EFO_1001051,INDICATION,
CHEMBL4298206,EFO_1001471,INDICATION,
CHEMBL4298206,MONDO_0007254,INDICATION,
CHEMBL4298207,EFO_0004991,INDICATION,
CHEMBL4298207,MONDO_0004976,INDICATION,
CHEMBL4298207,MONDO_0100096,INDICATION,
CHEMBL4298207,MONDO_0100244,INDICATION,
CHEMBL4298208,EFO_0001378,INDICATION,
CHEMBL4298209,EFO_0000403,INDICATION,
CHEMBL4298209,EFO_0000616,INDICATION,
CHEMBL4298209,EFO_0001378,INDICATION,
CHEMBL4298209,MONDO_0019438,INDICATION,
CHEMBL4298210,EFO_0000685,INDICATION,
CHEMBL4298210,EFO_0000699,INDICATION,
CHEMBL4298210,EFO_0004237,INDICATION,
CHEMBL4298210,EFO_0004599,INDICATION,
CHEMBL4298210,EFO_0004991,INDICATION,
CHEMBL4298210,EFO_0005761,INDICATION,
CHEMBL4298210,EFO_0010134,INDICATION,
CHEMBL4298210,EFO_1000710,INDICATION,
CHEMBL4298210,MONDO_0005147,INDICATION,
CHEMBL4298210,MONDO_0007915,INDICATION,
CHEMBL4298211,EFO_0000540,INDICATION,
CHEMBL4298211,EFO_0001365,INDICATION,
CHEMBL4298211,EFO_1001492,INDICATION,
CHEMBL4298211,MONDO_0004976,INDICATION,
CHEMBL4298211,MONDO_0018922,INDICATION,
CHEMBL4298211,MONDO_0019736,INDICATION,
CHEMBL4298211,MONDO_0019737,INDICATION,
CHEMBL4298211,MONDO_0100244,INDICATION,
CHEMBL4298212,EFO_0000699,INDICATION,
CHEMBL4298212,EFO_0000729,INDICATION,
CHEMBL4298212,EFO_0005809,INDICATION,
CHEMBL4298212,MP_0001845,INDICATION,
CHEMBL4298213,MONDO_0005147,INDICATION,
CHEMBL4298213,MONDO_0005148,INDICATION,
CHEMBL429844,EFO_0000729,INDICATION,
CHEMBL429876,EFO_0000198,INDICATION,
CHEMBL429876,EFO_0000326,INDICATION,
CHEMBL429876,EFO_0000519,INDICATION,
CHEMBL429876,EFO_0000565,INDICATION,
CHEMBL429876,EFO_0000616,INDICATION,
CHEMBL429876,EFO_0000691,INDICATION,
CHEMBL429876,EFO_0000707,INDICATION,
CHEMBL429876,EFO_0000756,INDICATION,
CHEMBL429876,EFO_0001378,INDICATION,
CHEMBL429876,EFO_0002428,INDICATION,
CHEMBL429876,EFO_0002499,INDICATION,
CHEMBL429876,EFO_0002501,INDICATION,
CHEMBL429876,EFO_0003060,INDICATION,
CHEMBL429876,EFO_0003086,INDICATION,
CHEMBL429876,EFO_0006861,INDICATION,
CHEMBL429876,EFO_1000026,INDICATION,
CHEMBL429876,EFO_1000158,INDICATION,
CHEMBL429876,EFO_1001465,INDICATION,
CHEMBL429876,MONDO_0008315,INDICATION,
CHEMBL429876,MONDO_0021633,INDICATION,
CHEMBL429910,EFO_0000195,INDICATION,
CHEMBL429910,EFO_0000275,INDICATION,
CHEMBL429910,EFO_0000400,INDICATION,
CHEMBL429910,EFO_0000401,INDICATION,
CHEMBL429910,EFO_0000612,INDICATION,
CHEMBL429910,EFO_0000660,INDICATION,
CHEMBL429910,EFO_0001073,INDICATION,
CHEMBL429910,EFO_0001361,INDICATION,
CHEMBL429910,EFO_0001422,INDICATION,
CHEMBL429910,EFO_0001645,INDICATION,
CHEMBL429910,EFO_0001663,INDICATION,
CHEMBL429910,EFO_0002614,INDICATION,
CHEMBL429910,EFO_0002618,INDICATION,
CHEMBL429910,EFO_0002687,INDICATION,
CHEMBL429910,EFO_0003144,INDICATION,
CHEMBL429910,EFO_0003770,INDICATION,
CHEMBL429910,EFO_0003833,INDICATION,
CHEMBL429910,EFO_0003884,INDICATION,
CHEMBL429910,EFO_0003940,INDICATION,
CHEMBL429910,EFO_0004194,INDICATION,
CHEMBL429910,EFO_0004285,INDICATION,
CHEMBL429910,EFO_0009104,INDICATION,
CHEMBL429910,EFO_1000783,INDICATION,
CHEMBL429910,EFO_1000899,INDICATION,
CHEMBL429910,EFO_1001249,INDICATION,
CHEMBL429910,EFO_1001375,INDICATION,
CHEMBL429910,EFO_1002048,INDICATION,
CHEMBL429910,MONDO_0002050,INDICATION,
CHEMBL429910,MONDO_0004975,INDICATION,
CHEMBL429910,MONDO_0005147,INDICATION,
CHEMBL429910,MONDO_0005148,INDICATION,
CHEMBL429910,MONDO_0007254,INDICATION,
CHEMBL429910,MONDO_0009067,INDICATION,
CHEMBL429910,MONDO_0010526,INDICATION,
CHEMBL429910,MONDO_0100096,INDICATION,
CHEMBL4299850,EFO_0006928,INDICATION,
CHEMBL4299851,EFO_0000196,INDICATION,
CHEMBL4299851,EFO_0000616,INDICATION,
CHEMBL4299851,EFO_0000673,INDICATION,
CHEMBL4299851,MONDO_0008315,INDICATION,
CHEMBL4299940,EFO_0000508,INDICATION,
CHEMBL4299940,EFO_0001421,INDICATION,
CHEMBL4299940,EFO_0004272,INDICATION,
CHEMBL4299940,EFO_1001996,INDICATION,
CHEMBL4299940,MONDO_0002280,INDICATION,
CHEMBL4299940,MONDO_0003689,INDICATION,
CHEMBL4299940,MONDO_0011382,INDICATION,
CHEMBL4299940,Orphanet_846,INDICATION,
CHEMBL4299940,Orphanet_848,INDICATION,
CHEMBL4299960,EFO_0000546,INDICATION,
CHEMBL43,EFO_0000198,INDICATION,
CHEMBL43,EFO_0000222,INDICATION,
CHEMBL43,EFO_0000565,INDICATION,
CHEMBL43,EFO_0000616,INDICATION,
CHEMBL430,EFO_0000474,CONTRAINDICATION,
CHEMBL430,EFO_0000771,INDICATION,
CHEMBL430,EFO_0003100,CONTRAINDICATION,
CHEMBL430,EFO_0004991,CONTRAINDICATION,
CHEMBL430,EFO_0005307,CONTRAINDICATION,
CHEMBL430,EFO_0007387,INDICATION,
CHEMBL430,EFO_0007470,INDICATION,
CHEMBL430,EFO_0007499,INDICATION,
CHEMBL430,EFO_0008588,INDICATION,
CHEMBL430,EFO_1000961,INDICATION,
CHEMBL430,EFO_1001272,INDICATION,
CHEMBL430,MONDO_0001343,CONTRAINDICATION,
CHEMBL430,MONDO_0002050,CONTRAINDICATION,
CHEMBL430,MONDO_0004857,CONTRAINDICATION,
CHEMBL430,MONDO_0018100,CONTRAINDICATION,
CHEMBL430,MONDO_0019171,CONTRAINDICATION,
CHEMBL430,MONDO_0025598,INDICATION,
CHEMBL430,MONDO_0030602,INDICATION,
CHEMBL4300049,EFO_0003047,INDICATION,
CHEMBL4300244,EFO_0000196,INDICATION,
CHEMBL4300244,EFO_0003843,INDICATION,
CHEMBL4300244,MONDO_0008315,INDICATION,
CHEMBL4300465,EFO_0000196,INDICATION,
CHEMBL4300465,EFO_0000673,INDICATION,
CHEMBL4300465,EFO_0000681,INDICATION,
CHEMBL4300465,EFO_0008528,INDICATION,
CHEMBL4300465,MONDO_0008315,INDICATION,
CHEMBL4300557,EFO_0000095,INDICATION,
CHEMBL4300557,EFO_0001378,INDICATION,
CHEMBL4300558,MONDO_0005148,INDICATION,
CHEMBL4300766,EFO_0000401,INDICATION,
CHEMBL4300766,EFO_0003884,INDICATION,
CHEMBL4300766,EFO_1000738,INDICATION,
CHEMBL4300858,EFO_1001901,INDICATION,
CHEMBL4300944,EFO_0006510,INDICATION,
CHEMBL4300945,EFO_0003948,INDICATION,
CHEMBL4301078,MONDO_0008903,INDICATION,
CHEMBL4301162,EFO_0003888,INDICATION,
CHEMBL4301162,MONDO_0018044,INDICATION,
CHEMBL4301163,EFO_0000180,INDICATION,
CHEMBL4301163,EFO_0000764,INDICATION,
CHEMBL4301491,EFO_0000616,INDICATION,
CHEMBL4301600,EFO_0000319,INDICATION,
CHEMBL4301600,EFO_0000537,INDICATION,
CHEMBL4301600,MONDO_0005148,INDICATION,
CHEMBL4301600,Orphanet_309005,INDICATION,
CHEMBL4301787,EFO_0005251,INDICATION,
CHEMBL4301788,MONDO_0008315,INDICATION,
CHEMBL4301914,EFO_0000544,INDICATION,
CHEMBL4302089,EFO_0001421,INDICATION,
CHEMBL4302089,MONDO_0004975,INDICATION,
CHEMBL4302409,EFO_0000305,INDICATION,
CHEMBL4302409,EFO_0000621,INDICATION,
CHEMBL4302409,EFO_0007416,INDICATION,
CHEMBL4302409,EFO_1000045,INDICATION,
CHEMBL4302409,EFO_1001471,INDICATION,
CHEMBL4302409,EFO_1001901,INDICATION,
CHEMBL4302409,MONDO_0002120,INDICATION,
CHEMBL4302409,MONDO_0016642,INDICATION,
CHEMBL4302409,MONDO_0020634,INDICATION,
CHEMBL4302409,MONDO_0024503,INDICATION,
CHEMBL4302413,EFO_1001901,INDICATION,
CHEMBL4302505,MONDO_0002009,INDICATION,
CHEMBL4302505,MONDO_0002050,INDICATION,
CHEMBL4302507,EFO_0000181,INDICATION,
CHEMBL4302507,MONDO_0002038,INDICATION,
CHEMBL4302512,EFO_0000612,INDICATION,
CHEMBL4302512,EFO_0001645,INDICATION,
CHEMBL4303060,EFO_0000616,INDICATION,
CHEMBL4303060,EFO_0001378,INDICATION,
CHEMBL4303060,MONDO_0019438,INDICATION,
CHEMBL4303141,EFO_0000764,INDICATION,
CHEMBL4303187,EFO_0000181,INDICATION,
CHEMBL4303187,EFO_0000768,INDICATION,
CHEMBL4303187,EFO_1001486,INDICATION,
CHEMBL4303201,EFO_0000174,INDICATION,
CHEMBL4303201,EFO_0000181,INDICATION,
CHEMBL4303201,EFO_0000182,INDICATION,
CHEMBL4303201,EFO_0000313,INDICATION,
CHEMBL4303201,EFO_0000333,INDICATION,
CHEMBL4303201,EFO_0000403,INDICATION,
CHEMBL4303201,EFO_0000519,INDICATION,
CHEMBL4303201,EFO_0000564,INDICATION,
CHEMBL4303201,EFO_0000574,INDICATION,
CHEMBL4303201,EFO_0000588,INDICATION,
CHEMBL4303201,EFO_0000616,INDICATION,
CHEMBL4303201,EFO_0000621,INDICATION,
CHEMBL4303201,EFO_0000681,INDICATION,
CHEMBL4303201,EFO_0000691,INDICATION,
CHEMBL4303201,EFO_0000702,INDICATION,
CHEMBL4303201,EFO_0000707,INDICATION,
CHEMBL4303201,EFO_0000756,INDICATION,
CHEMBL4303201,EFO_0001071,INDICATION,
CHEMBL4303201,EFO_0001376,INDICATION,
CHEMBL4303201,EFO_0001378,INDICATION,
CHEMBL4303201,EFO_0002618,INDICATION,
CHEMBL4303201,EFO_0002916,INDICATION,
CHEMBL4303201,EFO_0003060,INDICATION,
CHEMBL4303201,EFO_0003108,INDICATION,
CHEMBL4303201,EFO_0003818,INDICATION,
CHEMBL4303201,EFO_0003820,INDICATION,
CHEMBL4303201,EFO_0003860,INDICATION,
CHEMBL4303201,EFO_0003869,INDICATION,
CHEMBL4303201,EFO_0004252,INDICATION,
CHEMBL4303201,EFO_0005221,INDICATION,
CHEMBL4303201,EFO_0005537,INDICATION,
CHEMBL4303201,EFO_0005922,INDICATION,
CHEMBL4303201,EFO_0007143,INDICATION,
CHEMBL4303201,EFO_1000359,INDICATION,
CHEMBL4303201,EFO_1000657,INDICATION,
CHEMBL4303201,EFO_1001512,INDICATION,
CHEMBL4303201,EFO_1001951,INDICATION,
CHEMBL4303201,EFO_1001968,INDICATION,
CHEMBL4303201,EFO_1001972,INDICATION,
CHEMBL4303201,MONDO_0001056,INDICATION,
CHEMBL4303201,MONDO_0002108,INDICATION,
CHEMBL4303201,MONDO_0002367,INDICATION,
CHEMBL4303201,MONDO_0002912,INDICATION,
CHEMBL4303201,MONDO_0002974,INDICATION,
CHEMBL4303201,MONDO_0003060,INDICATION,
CHEMBL4303201,MONDO_0004992,INDICATION,
CHEMBL4303201,MONDO_0005575,INDICATION,
CHEMBL4303201,MONDO_0007254,INDICATION,
CHEMBL4303201,MONDO_0007576,INDICATION,
CHEMBL4303201,MONDO_0008170,INDICATION,
CHEMBL4303201,MONDO_0008903,INDICATION,
CHEMBL4303201,MONDO_0011719,INDICATION,
CHEMBL4303201,MONDO_0011962,INDICATION,
CHEMBL4303201,MONDO_0015277,INDICATION,
CHEMBL4303201,MONDO_0020547,INDICATION,
CHEMBL4303201,MONDO_0021117,INDICATION,
CHEMBL4303201,MONDO_0024503,INDICATION,
CHEMBL4303201,MONDO_0100342,INDICATION,
CHEMBL4303214,EFO_0000365,INDICATION,
CHEMBL4303214,EFO_0000616,INDICATION,
CHEMBL4303214,EFO_0000681,INDICATION,
CHEMBL4303214,EFO_0001421,INDICATION,
CHEMBL4303214,EFO_0002618,INDICATION,
CHEMBL4303214,EFO_0003060,INDICATION,
CHEMBL4303214,EFO_0003086,INDICATION,
CHEMBL4303214,EFO_0003897,INDICATION,
CHEMBL4303214,EFO_0004142,INDICATION,
CHEMBL4303214,EFO_0005922,INDICATION,
CHEMBL4303214,EFO_1000657,INDICATION,
CHEMBL4303214,EFO_1001951,INDICATION,
CHEMBL4303214,EFO_1001968,INDICATION,
CHEMBL4303214,MONDO_0001056,INDICATION,
CHEMBL4303214,MONDO_0004992,INDICATION,
CHEMBL4303214,MONDO_0007254,INDICATION,
CHEMBL4303214,MONDO_0008903,INDICATION,
CHEMBL4303214,MONDO_0011962,INDICATION,
CHEMBL4303214,MONDO_0021063,INDICATION,
CHEMBL4303228,MONDO_0002691,INDICATION,
CHEMBL4303241,MONDO_0004992,INDICATION,
CHEMBL4303288,EFO_0000676,INDICATION,
CHEMBL4303288,EFO_0000764,INDICATION,
CHEMBL4303288,EFO_0002608,INDICATION,
CHEMBL4303288,MONDO_0021094,INDICATION,
CHEMBL4303309,EFO_0000616,INDICATION,
CHEMBL4303309,MONDO_0008315,INDICATION,
CHEMBL4303323,EFO_0001642,INDICATION,
CHEMBL4303379,MONDO_0004985,INDICATION,
CHEMBL4303389,EFO_0002430,INDICATION,
CHEMBL4303389,MONDO_0044903,INDICATION,
CHEMBL4303404,EFO_0000574,INDICATION,
CHEMBL4303404,EFO_0001378,INDICATION,
CHEMBL4303404,EFO_0002430,INDICATION,
CHEMBL4303404,EFO_0002431,INDICATION,
CHEMBL4303404,MONDO_0044903,INDICATION,
CHEMBL430341,MONDO_0005148,INDICATION,
CHEMBL4303449,EFO_0000616,INDICATION,
CHEMBL4303470,MONDO_0004992,INDICATION,
CHEMBL4303525,EFO_0000756,INDICATION,
CHEMBL4303525,EFO_0001421,INDICATION,
CHEMBL4303525,MONDO_0007254,INDICATION,
CHEMBL4303525,MONDO_0100339,INDICATION,
CHEMBL4303545,MONDO_0005148,INDICATION,
CHEMBL4303596,EFO_0000095,INDICATION,
CHEMBL4303596,EFO_0000181,INDICATION,
CHEMBL4303596,EFO_0000403,INDICATION,
CHEMBL4303596,EFO_1001469,INDICATION,
CHEMBL4303596,MONDO_0004992,INDICATION,
CHEMBL4303611,MONDO_0004992,INDICATION,
CHEMBL4303669,EFO_0000174,INDICATION,
CHEMBL4303669,EFO_0000182,INDICATION,
CHEMBL4303669,EFO_0000196,INDICATION,
CHEMBL4303669,EFO_0000228,INDICATION,
CHEMBL4303669,EFO_0000333,INDICATION,
CHEMBL4303669,EFO_0000432,INDICATION,
CHEMBL4303669,EFO_0000564,INDICATION,
CHEMBL4303669,EFO_0000588,INDICATION,
CHEMBL4303669,EFO_0000621,INDICATION,
CHEMBL4303669,EFO_0000637,INDICATION,
CHEMBL4303669,EFO_0000673,INDICATION,
CHEMBL4303669,EFO_0000681,INDICATION,
CHEMBL4303669,EFO_0000685,INDICATION,
CHEMBL4303669,EFO_0000691,INDICATION,
CHEMBL4303669,EFO_0001365,INDICATION,
CHEMBL4303669,EFO_0001378,INDICATION,
CHEMBL4303669,EFO_0001416,INDICATION,
CHEMBL4303669,EFO_0001663,INDICATION,
CHEMBL4303669,EFO_0002430,INDICATION,
CHEMBL4303669,EFO_0003060,INDICATION,
CHEMBL4303669,EFO_0003820,INDICATION,
CHEMBL4303669,EFO_0003843,INDICATION,
CHEMBL4303669,EFO_0003854,INDICATION,
CHEMBL4303669,EFO_0003863,INDICATION,
CHEMBL4303669,EFO_0003869,INDICATION,
CHEMBL4303669,EFO_0003882,INDICATION,
CHEMBL4303669,EFO_0003931,INDICATION,
CHEMBL4303669,EFO_0004252,INDICATION,
CHEMBL4303669,EFO_0004259,INDICATION,
CHEMBL4303669,EFO_0004260,INDICATION,
CHEMBL4303669,EFO_0004261,INDICATION,
CHEMBL4303669,EFO_0005952,INDICATION,
CHEMBL4303669,EFO_0006738,INDICATION,
CHEMBL4303669,EFO_0009708,INDICATION,
CHEMBL4303669,EFO_0009870,INDICATION,
CHEMBL4303669,EFO_1000786,INDICATION,
CHEMBL4303669,EFO_1001147,INDICATION,
CHEMBL4303669,EFO_1001919,INDICATION,
CHEMBL4303669,EFO_1001998,INDICATION,
CHEMBL4303669,MONDO_0002171,INDICATION,
CHEMBL4303669,MONDO_0002367,INDICATION,
CHEMBL4303669,MONDO_0002974,INDICATION,
CHEMBL4303669,MONDO_0007254,INDICATION,
CHEMBL4303669,MONDO_0008310,INDICATION,
CHEMBL4303669,MONDO_0008315,INDICATION,
CHEMBL4303669,MONDO_0008903,INDICATION,
CHEMBL4303669,MONDO_0011382,INDICATION,
CHEMBL4303669,MONDO_0019019,INDICATION,
CHEMBL4303669,MONDO_0020732,INDICATION,
CHEMBL4303669,MONDO_0021165,INDICATION,
CHEMBL4303669,MONDO_0044903,INDICATION,
CHEMBL4303669,Orphanet_848,INDICATION,
CHEMBL4303729,EFO_0000616,INDICATION,
CHEMBL4303729,EFO_0000756,INDICATION,
CHEMBL4303729,EFO_0003060,INDICATION,
CHEMBL4303729,EFO_0005221,INDICATION,
CHEMBL4303729,EFO_1000956,INDICATION,
CHEMBL4303729,EFO_1001951,INDICATION,
CHEMBL4303729,MONDO_0002108,INDICATION,
CHEMBL4303729,MONDO_0004992,INDICATION,
CHEMBL4303782,EFO_0000616,INDICATION,
CHEMBL4303782,MONDO_0007254,INDICATION,
CHEMBL4303782,MONDO_0100096,INDICATION,
CHEMBL43048,EFO_0001358,INDICATION,
CHEMBL43048,EFO_0001421,INDICATION,
CHEMBL43048,EFO_0003756,INDICATION,
CHEMBL43048,EFO_0003890,INDICATION,
CHEMBL43048,EFO_0004701,INDICATION,
CHEMBL43048,EFO_0005230,INDICATION,
CHEMBL43048,EFO_1001917,INDICATION,
CHEMBL43048,MONDO_0005090,INDICATION,
CHEMBL43048,MONDO_0005351,INDICATION,
CHEMBL43048,MONDO_0007079,INDICATION,
CHEMBL430488,EFO_0000764,INDICATION,
CHEMBL43068,EFO_0003884,INDICATION,
CHEMBL431,EFO_0000319,INDICATION,
CHEMBL431,EFO_0000537,INDICATION,
CHEMBL43128,EFO_0001068,INDICATION,
CHEMBL43128,EFO_0007287,INDICATION,
CHEMBL43128,EFO_0007444,INDICATION,
CHEMBL43128,EFO_0007445,INDICATION,
CHEMBL431701,EFO_0000182,INDICATION,
CHEMBL431701,EFO_0000540,INDICATION,
CHEMBL431701,EFO_0003047,INDICATION,
CHEMBL431701,EFO_0003095,INDICATION,
CHEMBL431701,EFO_0003963,INDICATION,
CHEMBL431701,EFO_0004197,INDICATION,
CHEMBL431701,EFO_0004220,INDICATION,
CHEMBL431701,EFO_0007303,INDICATION,
CHEMBL431701,EFO_0007305,INDICATION,
CHEMBL431701,MONDO_0002050,INDICATION,
CHEMBL431701,MONDO_0004992,INDICATION,
CHEMBL431733,EFO_0000182,INDICATION,
CHEMBL431733,EFO_0003095,INDICATION,
CHEMBL431733,EFO_0004220,INDICATION,
CHEMBL431733,EFO_1001249,INDICATION,
CHEMBL431770,EFO_0001421,INDICATION,
CHEMBL431770,EFO_0003890,INDICATION,
CHEMBL431770,MONDO_0004976,INDICATION,
CHEMBL431770,MONDO_0005180,INDICATION,
CHEMBL43184,EFO_0003086,CONTRAINDICATION,
CHEMBL43184,EFO_0005803,CONTRAINDICATION,
CHEMBL43184,EFO_0007287,CONTRAINDICATION,
CHEMBL43184,MONDO_0037821,CONTRAINDICATION,
CHEMBL43185,EFO_0003843,INDICATION,
CHEMBL43185,MONDO_0007915,INDICATION,
CHEMBL432162,EFO_0000319,INDICATION,
CHEMBL432162,EFO_0000537,INDICATION,
CHEMBL432481,Orphanet_848,INDICATION,
CHEMBL433,EFO_0000095,INDICATION,
CHEMBL433,EFO_0000198,INDICATION,
CHEMBL433,EFO_0000403,INDICATION,
CHEMBL433,EFO_0000474,INDICATION,
CHEMBL433,EFO_0000519,INDICATION,
CHEMBL433,EFO_0003758,INDICATION,
CHEMBL433,EFO_0004192,INDICATION,
CHEMBL433,EFO_0005762,INDICATION,
CHEMBL433,EFO_0008525,INDICATION,
CHEMBL433,EFO_0008526,INDICATION,
CHEMBL433,EFO_0009267,INDICATION,
CHEMBL433,EFO_0009430,INDICATION,
CHEMBL433,EFO_0009963,INDICATION,
CHEMBL433,MONDO_0003478,INDICATION,
CHEMBL433,MONDO_0004975,INDICATION,
CHEMBL433,MONDO_0004976,INDICATION,
CHEMBL433,MONDO_0004985,INDICATION,
CHEMBL433,MONDO_0005277,INDICATION,
CHEMBL433,MONDO_0007079,INDICATION,
CHEMBL433,MONDO_0009293,INDICATION,
CHEMBL433,MONDO_0010604,INDICATION,
CHEMBL433,MONDO_0018105,INDICATION,
CHEMBL433,MONDO_0019188,INDICATION,
CHEMBL433,MONDO_0043510,INDICATION,
CHEMBL434,EFO_0000275,INDICATION,
CHEMBL434,EFO_0000319,INDICATION,
CHEMBL434,EFO_0000373,INDICATION,
CHEMBL434,EFO_0000400,CONTRAINDICATION,
CHEMBL434,EFO_0000537,CONTRAINDICATION,
CHEMBL434,EFO_0000612,CONTRAINDICATION,
CHEMBL434,EFO_0000759,INDICATION,
CHEMBL434,EFO_0001073,INDICATION,
CHEMBL434,EFO_0001645,CONTRAINDICATION,
CHEMBL434,EFO_0004253,INDICATION,
CHEMBL434,EFO_0005252,INDICATION,
CHEMBL434,EFO_0007214,INDICATION,
CHEMBL434,EFO_0009189,CONTRAINDICATION,
CHEMBL434,EFO_1000645,INDICATION,
CHEMBL434,MONDO_0000465,INDICATION,
CHEMBL434200,EFO_0000319,INDICATION,
CHEMBL434394,EFO_0000275,OFF_LABEL_USE,
CHEMBL434394,EFO_0000319,INDICATION,
CHEMBL434394,EFO_0000400,CONTRAINDICATION,
CHEMBL434394,EFO_0000537,INDICATION,
CHEMBL434394,EFO_0000712,INDICATION,
CHEMBL434394,EFO_0000768,INDICATION,
CHEMBL434394,EFO_0003875,CONTRAINDICATION,
CHEMBL434394,EFO_0003882,INDICATION,
CHEMBL434394,MONDO_0000468,CONTRAINDICATION,
CHEMBL434394,MONDO_0001134,INDICATION,
CHEMBL434394,MONDO_0001823,CONTRAINDICATION,
CHEMBL434394,MONDO_0007947,INDICATION,
CHEMBL434394,MONDO_0100096,INDICATION,
CHEMBL434394,MONDO_0100192,CONTRAINDICATION,
CHEMBL43452,EFO_0000183,INDICATION,
CHEMBL43452,EFO_0000309,INDICATION,
CHEMBL43452,EFO_0000403,INDICATION,
CHEMBL43452,EFO_0000540,INDICATION,
CHEMBL43452,EFO_0000558,INDICATION,
CHEMBL43452,EFO_0000616,INDICATION,
CHEMBL43452,EFO_0000702,INDICATION,
CHEMBL43452,EFO_0000717,INDICATION,
CHEMBL43452,EFO_0001378,INDICATION,
CHEMBL43452,EFO_0002429,INDICATION,
CHEMBL43452,EFO_0002430,INDICATION,
CHEMBL43452,EFO_0002618,INDICATION,
CHEMBL43452,EFO_0002939,INDICATION,
CHEMBL43452,EFO_0003073,INDICATION,
CHEMBL43452,EFO_0004244,INDICATION,
CHEMBL43452,EFO_0004251,INDICATION,
CHEMBL43452,EFO_0005952,INDICATION,
CHEMBL43452,EFO_0006475,INDICATION,
CHEMBL43452,EFO_0006738,INDICATION,
CHEMBL43452,EFO_0009441,INDICATION,
CHEMBL43452,EFO_0009448,INDICATION,
CHEMBL43452,EFO_1001968,INDICATION,
CHEMBL43452,MONDO_0008315,INDICATION,
CHEMBL43452,MONDO_0011382,INDICATION,
CHEMBL43452,MONDO_0013730,INDICATION,
CHEMBL43452,MONDO_0015564,INDICATION,
CHEMBL43452,MONDO_0017816,INDICATION,
CHEMBL43452,MONDO_0019180,INDICATION,
CHEMBL43452,MONDO_0019438,INDICATION,
CHEMBL43452,MONDO_0044903,INDICATION,
CHEMBL435,EFO_0000195,INDICATION,
CHEMBL435,EFO_0000319,INDICATION,
CHEMBL435,EFO_0000373,INDICATION,
CHEMBL435,EFO_0000400,CONTRAINDICATION,
CHEMBL435,EFO_0000401,CONTRAINDICATION,
CHEMBL435,EFO_0000464,CONTRAINDICATION,
CHEMBL435,EFO_0000474,CONTRAINDICATION,
CHEMBL435,EFO_0000537,INDICATION,
CHEMBL435,EFO_0000538,CONTRAINDICATION,
CHEMBL435,EFO_0000612,INDICATION,
CHEMBL435,EFO_0000668,INDICATION,
CHEMBL435,EFO_0000676,CONTRAINDICATION,
CHEMBL435,EFO_0000712,CONTRAINDICATION,
CHEMBL435,EFO_0000729,CONTRAINDICATION,
CHEMBL435,EFO_0001422,CONTRAINDICATION,
CHEMBL435,EFO_0001645,CONTRAINDICATION,
CHEMBL435,EFO_0003086,CONTRAINDICATION,
CHEMBL435,EFO_0003144,INDICATION,
CHEMBL435,EFO_0003875,CONTRAINDICATION,
CHEMBL435,EFO_0003884,INDICATION,
CHEMBL435,EFO_0003913,INDICATION,
CHEMBL435,EFO_0003914,INDICATION,
CHEMBL435,EFO_0004145,CONTRAINDICATION,
CHEMBL435,EFO_0004253,INDICATION,
CHEMBL435,EFO_0004255,INDICATION,
CHEMBL435,EFO_0004274,CONTRAINDICATION,
CHEMBL435,EFO_0004278,INDICATION,
CHEMBL435,EFO_0004799,CONTRAINDICATION,
CHEMBL435,EFO_0004991,CONTRAINDICATION,
CHEMBL435,EFO_0005251,CONTRAINDICATION,
CHEMBL435,EFO_0005532,CONTRAINDICATION,
CHEMBL435,EFO_0006505,CONTRAINDICATION,
CHEMBL435,EFO_0008506,CONTRAINDICATION,
CHEMBL435,EFO_0009373,INDICATION,
CHEMBL435,EFO_0009530,CONTRAINDICATION,
CHEMBL435,EFO_1000014,CONTRAINDICATION,
CHEMBL435,EFO_1000652,CONTRAINDICATION,
CHEMBL435,EFO_1000982,CONTRAINDICATION,
CHEMBL435,EFO_1001132,CONTRAINDICATION,
CHEMBL435,EFO_1001264,CONTRAINDICATION,
CHEMBL435,EFO_1001375,CONTRAINDICATION,
CHEMBL435,EFO_1001450,CONTRAINDICATION,
CHEMBL435,EFO_1001496,INDICATION,
CHEMBL435,EFO_1001986,CONTRAINDICATION,
CHEMBL435,MONDO_0000468,CONTRAINDICATION,
CHEMBL435,MONDO_0001134,INDICATION,
CHEMBL435,MONDO_0001343,CONTRAINDICATION,
CHEMBL435,MONDO_0001566,CONTRAINDICATION,
CHEMBL435,MONDO_0001751,CONTRAINDICATION,
CHEMBL435,MONDO_0001823,CONTRAINDICATION,
CHEMBL435,MONDO_0002050,CONTRAINDICATION,
CHEMBL435,MONDO_0002280,CONTRAINDICATION,
CHEMBL435,MONDO_0002462,INDICATION,
CHEMBL435,MONDO_0004247,CONTRAINDICATION,
CHEMBL435,MONDO_0004979,CONTRAINDICATION,
CHEMBL435,MONDO_0005147,CONTRAINDICATION,
CHEMBL435,MONDO_0005148,CONTRAINDICATION,
CHEMBL435,MONDO_0007915,CONTRAINDICATION,
CHEMBL435,MONDO_0008233,CONTRAINDICATION,
CHEMBL435,MONDO_0016383,OFF_LABEL_USE,
CHEMBL435,MONDO_0018100,CONTRAINDICATION,
CHEMBL435,MONDO_0019542,CONTRAINDICATION,
CHEMBL435,MONDO_0019623,CONTRAINDICATION,
CHEMBL435,MONDO_0021095,CONTRAINDICATION,
CHEMBL435,MONDO_0037821,CONTRAINDICATION,
CHEMBL435,MONDO_0042981,CONTRAINDICATION,
CHEMBL435,MONDO_0100192,CONTRAINDICATION,
CHEMBL435,Orphanet_79292,INDICATION,
CHEMBL435,Orphanet_98702,CONTRAINDICATION,
CHEMBL435128,EFO_0000764,INDICATION,
CHEMBL435191,EFO_0000519,INDICATION,
CHEMBL435191,EFO_0003897,INDICATION,
CHEMBL435191,MONDO_0007254,INDICATION,
CHEMBL435224,MONDO_0005148,INDICATION,
CHEMBL435224,MONDO_0021187,INDICATION,
CHEMBL435224,Orphanet_309005,INDICATION,
CHEMBL435298,EFO_0009582,INDICATION,
CHEMBL435381,MONDO_0002050,INDICATION,
CHEMBL435883,EFO_0001361,INDICATION,
CHEMBL435883,EFO_0003086,INDICATION,
CHEMBL435883,MONDO_0001134,INDICATION,
CHEMBL435966,EFO_0000181,INDICATION,
CHEMBL435966,EFO_0000707,INDICATION,
CHEMBL435966,EFO_0007144,INDICATION,
CHEMBL436,EFO_0000400,INDICATION,
CHEMBL43686,EFO_0000401,INDICATION,
CHEMBL437,EFO_0000771,INDICATION,
CHEMBL437,EFO_0003086,CONTRAINDICATION,
CHEMBL437,EFO_0005803,CONTRAINDICATION,
CHEMBL437,EFO_0007287,CONTRAINDICATION,
CHEMBL437,EFO_1001240,INDICATION,
CHEMBL437,MONDO_0037821,CONTRAINDICATION,
CHEMBL43708,EFO_0000465,INDICATION,
CHEMBL43708,EFO_0000544,INDICATION,
CHEMBL43708,EFO_0000771,INDICATION,
CHEMBL43708,EFO_0001642,INDICATION,
CHEMBL43708,EFO_0003102,INDICATION,
CHEMBL43708,EFO_0003103,INDICATION,
CHEMBL43708,EFO_0003106,INDICATION,
CHEMBL43708,EFO_1001141,INDICATION,
CHEMBL43708,EFO_1001272,INDICATION,
CHEMBL43708,EFO_1001313,INDICATION,
CHEMBL43708,EFO_1001865,INDICATION,
CHEMBL43708,MONDO_0044881,INDICATION,
CHEMBL437472,EFO_0000668,INDICATION,
CHEMBL437765,EFO_0000555,INDICATION,
CHEMBL437765,EFO_1001888,INDICATION,
CHEMBL437765,MONDO_0018076,INDICATION,
CHEMBL438,EFO_0000771,INDICATION,
CHEMBL438,EFO_0003086,CONTRAINDICATION,
CHEMBL438,EFO_0005803,CONTRAINDICATION,
CHEMBL438,MONDO_0037821,CONTRAINDICATION,
CHEMBL438497,EFO_0000537,INDICATION,
CHEMBL438497,EFO_0003100,INDICATION,
CHEMBL438497,EFO_0003144,INDICATION,
CHEMBL438497,EFO_0003917,INDICATION,
CHEMBL438497,EFO_0004265,INDICATION,
CHEMBL438497,EFO_1001207,INDICATION,
CHEMBL438497,MONDO_0007571,INDICATION,
CHEMBL438497,MONDO_0100096,INDICATION,
CHEMBL438497,MP_0001845,INDICATION,
CHEMBL438497,Orphanet_206966,INDICATION,
CHEMBL438945,EFO_0001358,INDICATION,
CHEMBL439,EFO_0000384,OFF_LABEL_USE,
CHEMBL439,EFO_0000544,INDICATION,
CHEMBL439,EFO_0000685,OFF_LABEL_USE,
CHEMBL439,EFO_0000729,INDICATION,
CHEMBL439,EFO_0000771,INDICATION,
CHEMBL439,EFO_0001068,INDICATION,
CHEMBL439,EFO_0003086,CONTRAINDICATION,
CHEMBL439,EFO_0003102,INDICATION,
CHEMBL439,EFO_0003778,OFF_LABEL_USE,
CHEMBL439,EFO_0005803,CONTRAINDICATION,
CHEMBL439,EFO_0007200,INDICATION,
CHEMBL439,EFO_0007220,INDICATION,
CHEMBL439,EFO_0007287,CONTRAINDICATION,
CHEMBL439,EFO_0007517,INDICATION,
CHEMBL439,EFO_0009516,INDICATION,
CHEMBL439,EFO_0009571,CONTRAINDICATION,
CHEMBL439,EFO_1001293,OFF_LABEL_USE,
CHEMBL439,EFO_1001993,OFF_LABEL_USE,
CHEMBL439,MONDO_0002280,CONTRAINDICATION,
CHEMBL439,MONDO_0004674,INDICATION,
CHEMBL439,MONDO_0004979,CONTRAINDICATION,
CHEMBL439,MONDO_0015909,CONTRAINDICATION,
CHEMBL439,MONDO_0037821,CONTRAINDICATION,
CHEMBL439338,MONDO_0005090,INDICATION,
CHEMBL439849,EFO_0000474,CONTRAINDICATION,
CHEMBL439849,EFO_0001072,INDICATION,
CHEMBL439849,EFO_0001358,INDICATION,
CHEMBL439849,EFO_0007191,INDICATION,
CHEMBL439849,EFO_0009314,CONTRAINDICATION,
CHEMBL439849,EFO_1000982,CONTRAINDICATION,
CHEMBL439849,EFO_1001379,CONTRAINDICATION,
CHEMBL439849,EFO_1001842,CONTRAINDICATION,
CHEMBL439849,EFO_1001892,INDICATION,
CHEMBL439849,MONDO_0002009,INDICATION,
CHEMBL439849,MONDO_0004985,CONTRAINDICATION,
CHEMBL44,EFO_0000195,INDICATION,
CHEMBL44,EFO_0000673,INDICATION,
CHEMBL44,EFO_0001645,INDICATION,
CHEMBL44,EFO_0002618,INDICATION,
CHEMBL44,EFO_0003060,INDICATION,
CHEMBL44,EFO_0003882,INDICATION,
CHEMBL44,EFO_0009448,INDICATION,
CHEMBL44,EFO_1000657,INDICATION,
CHEMBL44,EFO_1001951,INDICATION,
CHEMBL44,MONDO_0001187,INDICATION,
CHEMBL44,MONDO_0004986,INDICATION,
CHEMBL44,MONDO_0004992,INDICATION,
CHEMBL44,MONDO_0007254,INDICATION,
CHEMBL44,MONDO_0008315,INDICATION,
CHEMBL44,MONDO_0009061,INDICATION,
CHEMBL44,MONDO_0021063,INDICATION,
CHEMBL440294,EFO_0005230,INDICATION,
CHEMBL440294,EFO_0005407,INDICATION,
CHEMBL440294,EFO_0005411,INDICATION,
CHEMBL440294,MONDO_0002009,INDICATION,
CHEMBL440294,MONDO_0002050,INDICATION,
CHEMBL440294,MONDO_0005090,INDICATION,
CHEMBL440498,EFO_0003047,INDICATION,
CHEMBL440498,EFO_0004220,INDICATION,
CHEMBL441,EFO_0000474,INDICATION,
CHEMBL441,EFO_0003086,CONTRAINDICATION,
CHEMBL441,EFO_0004991,CONTRAINDICATION,
CHEMBL441,EFO_0005251,CONTRAINDICATION,
CHEMBL441,EFO_0006834,INDICATION,
CHEMBL441,EFO_0008526,INDICATION,
CHEMBL441,EFO_1001055,CONTRAINDICATION,
CHEMBL441,EFO_1001132,INDICATION,
CHEMBL441,EFO_1001226,CONTRAINDICATION,
CHEMBL441,EFO_1001454,INDICATION,
CHEMBL441,MONDO_0002280,CONTRAINDICATION,
CHEMBL441,MONDO_0004979,CONTRAINDICATION,
CHEMBL441,MONDO_0005299,OFF_LABEL_USE,
CHEMBL441,MONDO_0008294,CONTRAINDICATION,
CHEMBL441,MONDO_0008297,CONTRAINDICATION,
CHEMBL441,MONDO_0015129,CONTRAINDICATION,
CHEMBL441,MONDO_0043510,INDICATION,
CHEMBL441687,EFO_0003884,INDICATION,
CHEMBL441687,MONDO_0005178,INDICATION,
CHEMBL441738,EFO_0003894,INDICATION,
CHEMBL441738,EFO_0004208,INDICATION,
CHEMBL441738,EFO_0005531,INDICATION,
CHEMBL441738,MONDO_0001676,INDICATION,
CHEMBL441738,MONDO_0008297,INDICATION,
CHEMBL441738,MONDO_0019600,INDICATION,
CHEMBL441765,MONDO_0005178,INDICATION,
CHEMBL442,EFO_0000341,CONTRAINDICATION,
CHEMBL442,EFO_0000474,CONTRAINDICATION,
CHEMBL442,EFO_0000537,CONTRAINDICATION,
CHEMBL442,EFO_0000729,CONTRAINDICATION,
CHEMBL442,EFO_0001064,CONTRAINDICATION,
CHEMBL442,EFO_0001645,CONTRAINDICATION,
CHEMBL442,EFO_0003086,CONTRAINDICATION,
CHEMBL442,EFO_0003875,CONTRAINDICATION,
CHEMBL442,EFO_0003877,CONTRAINDICATION,
CHEMBL442,EFO_0003928,CONTRAINDICATION,
CHEMBL442,EFO_0004242,CONTRAINDICATION,
CHEMBL442,EFO_0004262,CONTRAINDICATION,
CHEMBL442,EFO_0004698,CONTRAINDICATION,
CHEMBL442,EFO_0004991,CONTRAINDICATION,
CHEMBL442,EFO_0005252,INDICATION,
CHEMBL442,EFO_0009189,CONTRAINDICATION,
CHEMBL442,EFO_0009448,CONTRAINDICATION,
CHEMBL442,EFO_0009454,CONTRAINDICATION,
CHEMBL442,EFO_0009571,CONTRAINDICATION,
CHEMBL442,EFO_0009910,CONTRAINDICATION,
CHEMBL442,EFO_1000013,CONTRAINDICATION,
CHEMBL442,EFO_1001095,CONTRAINDICATION,
CHEMBL442,EFO_1001375,CONTRAINDICATION,
CHEMBL442,EFO_1001872,CONTRAINDICATION,
CHEMBL442,MONDO_0001343,CONTRAINDICATION,
CHEMBL442,MONDO_0001744,CONTRAINDICATION,
CHEMBL442,MONDO_0002050,CONTRAINDICATION,
CHEMBL442,MONDO_0002280,CONTRAINDICATION,
CHEMBL442,MONDO_0002491,CONTRAINDICATION,
CHEMBL442,MONDO_0004247,CONTRAINDICATION,
CHEMBL442,MONDO_0005277,INDICATION,
CHEMBL442,MONDO_0005299,CONTRAINDICATION,
CHEMBL442,MONDO_0007079,CONTRAINDICATION,
CHEMBL442,MONDO_0018848,CONTRAINDICATION,
CHEMBL442,MONDO_0037821,CONTRAINDICATION,
CHEMBL442,MONDO_0100192,CONTRAINDICATION,
CHEMBL442218,EFO_0000764,INDICATION,
CHEMBL442687,EFO_0003894,INDICATION,
CHEMBL443,EFO_0000094,INDICATION,
CHEMBL443,EFO_0000274,INDICATION,
CHEMBL443,EFO_0000341,INDICATION,
CHEMBL443,EFO_0000519,INDICATION,
CHEMBL443,EFO_0000544,INDICATION,
CHEMBL443,EFO_0000616,INDICATION,
CHEMBL443,EFO_0000650,OFF_LABEL_USE,
CHEMBL443,EFO_0000764,INDICATION,
CHEMBL443,EFO_0000768,INDICATION,
CHEMBL443,EFO_0000771,INDICATION,
CHEMBL443,EFO_0000775,OFF_LABEL_USE,
CHEMBL443,EFO_0001068,INDICATION,
CHEMBL443,EFO_0002499,INDICATION,
CHEMBL443,EFO_0003030,INDICATION,
CHEMBL443,EFO_0003033,INDICATION,
CHEMBL443,EFO_0003086,CONTRAINDICATION,
CHEMBL443,EFO_0003102,INDICATION,
CHEMBL443,EFO_0003103,INDICATION,
CHEMBL443,EFO_0003106,INDICATION,
CHEMBL443,EFO_0003833,INDICATION,
CHEMBL443,EFO_0005297,INDICATION,
CHEMBL443,EFO_0005585,INDICATION,
CHEMBL443,EFO_0005681,INDICATION,
CHEMBL443,EFO_0006789,OFF_LABEL_USE,
CHEMBL443,EFO_0007185,OFF_LABEL_USE,
CHEMBL443,EFO_0007287,CONTRAINDICATION,
CHEMBL443,EFO_0007291,OFF_LABEL_USE,
CHEMBL443,EFO_0007324,INDICATION,
CHEMBL443,EFO_0007353,OFF_LABEL_USE,
CHEMBL443,EFO_0007397,INDICATION,
CHEMBL443,EFO_0007399,INDICATION,
CHEMBL443,EFO_0007417,OFF_LABEL_USE,
CHEMBL443,EFO_0007420,OFF_LABEL_USE,
CHEMBL443,EFO_0007448,INDICATION,
CHEMBL443,EFO_0007486,OFF_LABEL_USE,
CHEMBL443,EFO_0007517,INDICATION,
CHEMBL443,EFO_1000830,OFF_LABEL_USE,
CHEMBL443,EFO_1001021,OFF_LABEL_USE,
CHEMBL443,EFO_1001141,INDICATION,
CHEMBL443,EFO_1001226,CONTRAINDICATION,
CHEMBL443,EFO_1001272,OFF_LABEL_USE,
CHEMBL443,EFO_1001365,INDICATION,
CHEMBL443,EFO_1002025,INDICATION,
CHEMBL443,MONDO_0002462,CONTRAINDICATION,
CHEMBL443,MONDO_0005147,INDICATION,
CHEMBL443,MONDO_0005247,INDICATION,
CHEMBL443,MONDO_0009061,INDICATION,
CHEMBL443,MONDO_0018076,INDICATION,
CHEMBL443,MONDO_0037821,CONTRAINDICATION,
CHEMBL443014,EFO_0000616,INDICATION,
CHEMBL443052,EFO_0007510,INDICATION,
CHEMBL443052,MONDO_0001628,INDICATION,
CHEMBL4435170,EFO_0000540,INDICATION,
CHEMBL4435170,EFO_0000676,INDICATION,
CHEMBL4435170,EFO_0000729,INDICATION,
CHEMBL4435170,EFO_0003086,INDICATION,
CHEMBL4435170,EFO_0003778,INDICATION,
CHEMBL4435170,EFO_0003834,INDICATION,
CHEMBL4435170,EFO_0004192,INDICATION,
CHEMBL4435170,EFO_0005761,INDICATION,
CHEMBL4435170,MONDO_0007915,INDICATION,
CHEMBL4435170,MP_0001845,INDICATION,
CHEMBL44354,EFO_0000544,INDICATION,
CHEMBL44354,EFO_0000701,INDICATION,
CHEMBL44354,EFO_0000771,INDICATION,
CHEMBL44354,EFO_0003086,CONTRAINDICATION,
CHEMBL44354,EFO_0003102,INDICATION,
CHEMBL44354,EFO_0003103,INDICATION,
CHEMBL44354,EFO_0003106,INDICATION,
CHEMBL44354,EFO_0005681,INDICATION,
CHEMBL44354,EFO_0007470,INDICATION,
CHEMBL44354,EFO_0007496,INDICATION,
CHEMBL44354,EFO_0007499,INDICATION,
CHEMBL44354,EFO_0008588,INDICATION,
CHEMBL44354,EFO_0009314,CONTRAINDICATION,
CHEMBL44354,EFO_1000831,INDICATION,
CHEMBL44354,EFO_1001040,INDICATION,
CHEMBL44354,EFO_1001084,INDICATION,
CHEMBL44354,EFO_1001141,INDICATION,
CHEMBL44354,EFO_1001246,OFF_LABEL_USE,
CHEMBL44354,EFO_1001272,INDICATION,
CHEMBL44354,EFO_1001312,INDICATION,
CHEMBL44354,EFO_1001313,INDICATION,
CHEMBL44354,EFO_1001318,INDICATION,
CHEMBL44354,EFO_1001849,INDICATION,
CHEMBL44354,MONDO_0005247,INDICATION,
CHEMBL44354,MONDO_0009061,INDICATION,
CHEMBL443605,EFO_0007287,CONTRAINDICATION,
CHEMBL443605,MONDO_0001117,CONTRAINDICATION,
CHEMBL443684,EFO_0000095,INDICATION,
CHEMBL443684,EFO_0000198,INDICATION,
CHEMBL443684,EFO_0000220,INDICATION,
CHEMBL443684,EFO_0000222,INDICATION,
CHEMBL443684,EFO_0000403,INDICATION,
CHEMBL443684,EFO_0000616,INDICATION,
CHEMBL443684,EFO_0000702,INDICATION,
CHEMBL443684,EFO_0001642,INDICATION,
CHEMBL443684,EFO_0002430,INDICATION,
CHEMBL443684,EFO_0003060,INDICATION,
CHEMBL443684,EFO_0004251,INDICATION,
CHEMBL443684,EFO_1001469,INDICATION,
CHEMBL443684,MONDO_0000873,INDICATION,
CHEMBL443684,MONDO_0004992,INDICATION,
CHEMBL443684,MONDO_0008170,INDICATION,
CHEMBL443684,MONDO_0008315,INDICATION,
CHEMBL4437054,EFO_0000544,INDICATION,
CHEMBL4437054,EFO_0001421,INDICATION,
CHEMBL4437054,EFO_1001413,INDICATION,
CHEMBL4438249,EFO_0000574,INDICATION,
CHEMBL4438249,EFO_0000616,INDICATION,
CHEMBL4438249,MONDO_0018906,INDICATION,
CHEMBL4438269,EFO_0000763,INDICATION,
CHEMBL4439321,EFO_0000565,INDICATION,
CHEMBL444,EFO_0004698,INDICATION,
CHEMBL444172,EFO_0000198,INDICATION,
CHEMBL444172,EFO_0000565,INDICATION,
CHEMBL44426,MONDO_0007254,INDICATION,
CHEMBL4442620,EFO_0000616,INDICATION,
CHEMBL4442620,EFO_0000702,INDICATION,
CHEMBL4442620,EFO_0003060,INDICATION,
CHEMBL444478,EFO_0004194,INDICATION,
CHEMBL4444976,EFO_0000685,INDICATION,
CHEMBL444633,EFO_0000180,INDICATION,
CHEMBL444633,EFO_0000384,INDICATION,
CHEMBL444633,EFO_0000544,INDICATION,
CHEMBL444633,EFO_0000764,INDICATION,
CHEMBL444633,EFO_0003102,INDICATION,
CHEMBL444633,EFO_0007386,INDICATION,
CHEMBL444633,EFO_0009429,INDICATION,
CHEMBL444633,EFO_1000039,OFF_LABEL_USE,
CHEMBL444633,EFO_1000049,OFF_LABEL_USE,
CHEMBL444633,MONDO_0002041,INDICATION,
CHEMBL444633,MONDO_0018076,INDICATION,
CHEMBL4446357,EFO_0000616,INDICATION,
CHEMBL4446357,EFO_0006861,INDICATION,
CHEMBL4446357,MONDO_0002158,INDICATION,
CHEMBL4446357,MONDO_0008170,INDICATION,
CHEMBL4446378,EFO_0000222,INDICATION,
CHEMBL4446378,EFO_0001378,INDICATION,
CHEMBL4446782,EFO_0001073,INDICATION,
CHEMBL4446782,MONDO_0005148,INDICATION,
CHEMBL444814,EFO_0000537,INDICATION,
CHEMBL444814,EFO_0001645,INDICATION,
CHEMBL444814,EFO_0003876,INDICATION,
CHEMBL444814,EFO_0004265,INDICATION,
CHEMBL444814,EFO_0004610,INDICATION,
CHEMBL444814,EFO_0007409,OFF_LABEL_USE,
CHEMBL444814,EFO_0007454,INDICATION,
CHEMBL444814,EFO_0009686,INDICATION,
CHEMBL444814,MONDO_0002070,INDICATION,
CHEMBL444814,MONDO_0004979,INDICATION,
CHEMBL444814,MONDO_0004992,INDICATION,
CHEMBL444814,MONDO_0005148,INDICATION,
CHEMBL444814,MONDO_0007172,INDICATION,
CHEMBL444814,MONDO_0008814,OFF_LABEL_USE,
CHEMBL444814,MONDO_0009109,OFF_LABEL_USE,
CHEMBL444814,MONDO_0011382,INDICATION,
CHEMBL444814,MONDO_0019091,INDICATION,
CHEMBL444814,MONDO_0020290,INDICATION,
CHEMBL444814,Orphanet_550,INDICATION,
CHEMBL444814,Orphanet_90,OFF_LABEL_USE,
CHEMBL444929,EFO_0001365,INDICATION,
CHEMBL444929,EFO_0003770,INDICATION,
CHEMBL444929,EFO_0009606,INDICATION,
CHEMBL444929,MONDO_0008170,INDICATION,
CHEMBL444929,MONDO_0008315,INDICATION,
CHEMBL445,EFO_0000274,INDICATION,
CHEMBL445,EFO_0000474,CONTRAINDICATION,
CHEMBL445,EFO_0000555,INDICATION,
CHEMBL445,EFO_0000612,CONTRAINDICATION,
CHEMBL445,EFO_0000676,INDICATION,
CHEMBL445,EFO_0000712,CONTRAINDICATION,
CHEMBL445,EFO_0003768,INDICATION,
CHEMBL445,EFO_0003888,OFF_LABEL_USE,
CHEMBL445,EFO_0003948,INDICATION,
CHEMBL445,EFO_0004190,CONTRAINDICATION,
CHEMBL445,EFO_0005230,INDICATION,
CHEMBL445,EFO_0005279,INDICATION,
CHEMBL445,EFO_0005307,CONTRAINDICATION,
CHEMBL445,EFO_0008524,INDICATION,
CHEMBL445,EFO_0008533,INDICATION,
CHEMBL445,EFO_0009189,CONTRAINDICATION,
CHEMBL445,EFO_0009430,OFF_LABEL_USE,
CHEMBL445,EFO_1000948,INDICATION,
CHEMBL445,EFO_1002048,CONTRAINDICATION,
CHEMBL445,MONDO_0002009,INDICATION,
CHEMBL445,MONDO_0002050,INDICATION,
CHEMBL445,MONDO_0005041,CONTRAINDICATION,
CHEMBL445,MONDO_0005090,INDICATION,
CHEMBL445,MONDO_0007079,CONTRAINDICATION,
CHEMBL445,MONDO_0019171,CONTRAINDICATION,
CHEMBL445,MONDO_0100192,CONTRAINDICATION,
CHEMBL445472,EFO_0000764,INDICATION,
CHEMBL4456085,MONDO_0004992,INDICATION,
CHEMBL4457723,EFO_0005762,INDICATION,
CHEMBL445813,EFO_0000095,INDICATION,
CHEMBL445813,EFO_0000574,INDICATION,
CHEMBL445813,EFO_0000616,INDICATION,
CHEMBL445813,EFO_0001378,INDICATION,
CHEMBL445813,EFO_1001469,INDICATION,
CHEMBL4459585,EFO_0000676,INDICATION,
CHEMBL4459585,EFO_0000729,INDICATION,
CHEMBL4459585,EFO_0003767,INDICATION,
CHEMBL4459585,EFO_1000710,INDICATION,
CHEMBL446,EFO_0000771,INDICATION,
CHEMBL446,EFO_0003086,CONTRAINDICATION,
CHEMBL446,EFO_0005803,CONTRAINDICATION,
CHEMBL446,MONDO_0037821,CONTRAINDICATION,
CHEMBL4461070,EFO_0000616,INDICATION,
CHEMBL446143,EFO_0000621,INDICATION,
CHEMBL446143,EFO_0001422,INDICATION,
CHEMBL446143,EFO_0002939,INDICATION,
CHEMBL446143,EFO_0004198,INDICATION,
CHEMBL446143,EFO_1000697,CONTRAINDICATION,
CHEMBL446143,MONDO_0005147,INDICATION,
CHEMBL446143,MONDO_0011628,INDICATION,
CHEMBL4462530,MONDO_0004992,INDICATION,
CHEMBL446452,EFO_0000673,INDICATION,
CHEMBL446452,MONDO_0002974,INDICATION,
CHEMBL446452,MONDO_0007254,INDICATION,
CHEMBL44657,EFO_0000094,INDICATION,
CHEMBL44657,EFO_0000095,INDICATION,
CHEMBL44657,EFO_0000096,INDICATION,
CHEMBL44657,EFO_0000174,OFF_LABEL_USE,
CHEMBL44657,EFO_0000180,INDICATION,
CHEMBL44657,EFO_0000182,INDICATION,
CHEMBL44657,EFO_0000183,INDICATION,
CHEMBL44657,EFO_0000191,INDICATION,
CHEMBL44657,EFO_0000198,INDICATION,
CHEMBL44657,EFO_0000209,INDICATION,
CHEMBL44657,EFO_0000211,INDICATION,
CHEMBL44657,EFO_0000218,INDICATION,
CHEMBL44657,EFO_0000220,INDICATION,
CHEMBL44657,EFO_0000221,INDICATION,
CHEMBL44657,EFO_0000222,OFF_LABEL_USE,
CHEMBL44657,EFO_0000223,INDICATION,
CHEMBL44657,EFO_0000248,INDICATION,
CHEMBL44657,EFO_0000309,OFF_LABEL_USE,
CHEMBL44657,EFO_0000313,INDICATION,
CHEMBL44657,EFO_0000339,INDICATION,
CHEMBL44657,EFO_0000403,OFF_LABEL_USE,
CHEMBL44657,EFO_0000437,INDICATION,
CHEMBL44657,EFO_0000502,INDICATION,
CHEMBL44657,EFO_0000514,INDICATION,
CHEMBL44657,EFO_0000519,INDICATION,
CHEMBL44657,EFO_0000558,OFF_LABEL_USE,
CHEMBL44657,EFO_0000565,INDICATION,
CHEMBL44657,EFO_0000571,INDICATION,
CHEMBL44657,EFO_0000574,INDICATION,
CHEMBL44657,EFO_0000616,INDICATION,
CHEMBL44657,EFO_0000621,OFF_LABEL_USE,
CHEMBL44657,EFO_0000630,INDICATION,
CHEMBL44657,EFO_0000632,INDICATION,
CHEMBL44657,EFO_0000637,INDICATION,
CHEMBL44657,EFO_0000691,INDICATION,
CHEMBL44657,EFO_0000702,INDICATION,
CHEMBL44657,EFO_0000708,INDICATION,
CHEMBL44657,EFO_0000765,INDICATION,
CHEMBL44657,EFO_0001061,INDICATION,
CHEMBL44657,EFO_0001378,OFF_LABEL_USE,
CHEMBL44657,EFO_0002428,INDICATION,
CHEMBL44657,EFO_0002499,INDICATION,
CHEMBL44657,EFO_0002501,INDICATION,
CHEMBL44657,EFO_0002618,INDICATION,
CHEMBL44657,EFO_0002626,INDICATION,
CHEMBL44657,EFO_0002918,INDICATION,
CHEMBL44657,EFO_0002939,INDICATION,
CHEMBL44657,EFO_0003025,INDICATION,
CHEMBL44657,EFO_0003027,INDICATION,
CHEMBL44657,EFO_0003028,INDICATION,
CHEMBL44657,EFO_0003029,INDICATION,
CHEMBL44657,EFO_0003032,INDICATION,
CHEMBL44657,EFO_0003060,OFF_LABEL_USE,
CHEMBL44657,EFO_0003802,INDICATION,
CHEMBL44657,EFO_0003811,INDICATION,
CHEMBL44657,EFO_0003833,INDICATION,
CHEMBL44657,EFO_0003929,INDICATION,
CHEMBL44657,EFO_0004251,INDICATION,
CHEMBL44657,EFO_0004256,INDICATION,
CHEMBL44657,EFO_0004281,INDICATION,
CHEMBL44657,EFO_0004289,INDICATION,
CHEMBL44657,EFO_0004599,INDICATION,
CHEMBL44657,EFO_0004991,INDICATION,
CHEMBL44657,EFO_0005088,INDICATION,
CHEMBL44657,EFO_0005235,INDICATION,
CHEMBL44657,EFO_0005543,INDICATION,
CHEMBL44657,EFO_0005952,INDICATION,
CHEMBL44657,EFO_0006475,INDICATION,
CHEMBL44657,EFO_0007362,INDICATION,
CHEMBL44657,EFO_0007416,INDICATION,
CHEMBL44657,EFO_0007498,INDICATION,
CHEMBL44657,EFO_0008524,INDICATION,
CHEMBL44657,EFO_0009254,INDICATION,
CHEMBL44657,EFO_0009441,INDICATION,
CHEMBL44657,EFO_0009448,CONTRAINDICATION,
CHEMBL44657,EFO_0009538,INDICATION,
CHEMBL44657,EFO_1000026,INDICATION,
CHEMBL44657,EFO_1000028,INDICATION,
CHEMBL44657,EFO_1000158,INDICATION,
CHEMBL44657,EFO_1000292,INDICATION,
CHEMBL44657,EFO_1000415,INDICATION,
CHEMBL44657,EFO_1000437,INDICATION,
CHEMBL44657,EFO_1000564,INDICATION,
CHEMBL44657,EFO_1000574,INDICATION,
CHEMBL44657,EFO_1000581,INDICATION,
CHEMBL44657,EFO_1000796,INDICATION,
CHEMBL44657,EFO_1000905,CONTRAINDICATION,
CHEMBL44657,EFO_1001052,INDICATION,
CHEMBL44657,EFO_1001365,INDICATION,
CHEMBL44657,EFO_1001383,INDICATION,
CHEMBL44657,EFO_1001465,INDICATION,
CHEMBL44657,EFO_1001469,INDICATION,
CHEMBL44657,EFO_1001471,INDICATION,
CHEMBL44657,EFO_1001779,INDICATION,
CHEMBL44657,EFO_1001968,INDICATION,
CHEMBL44657,MONDO_0000440,CONTRAINDICATION,
CHEMBL44657,MONDO_0000870,INDICATION,
CHEMBL44657,MONDO_0000873,INDICATION,
CHEMBL44657,MONDO_0001056,INDICATION,
CHEMBL44657,MONDO_0001343,CONTRAINDICATION,
CHEMBL44657,MONDO_0001475,INDICATION,
CHEMBL44657,MONDO_0001657,INDICATION,
CHEMBL44657,MONDO_0002087,INDICATION,
CHEMBL44657,MONDO_0002120,INDICATION,
CHEMBL44657,MONDO_0002158,INDICATION,
CHEMBL44657,MONDO_0002280,CONTRAINDICATION,
CHEMBL44657,MONDO_0002367,INDICATION,
CHEMBL44657,MONDO_0002601,INDICATION,
CHEMBL44657,MONDO_0002629,OFF_LABEL_USE,
CHEMBL44657,MONDO_0002730,INDICATION,
CHEMBL44657,MONDO_0003001,INDICATION,
CHEMBL44657,MONDO_0003478,INDICATION,
CHEMBL44657,MONDO_0003751,INDICATION,
CHEMBL44657,MONDO_0004095,INDICATION,
CHEMBL44657,MONDO_0004992,INDICATION,
CHEMBL44657,MONDO_0005575,INDICATION,
CHEMBL44657,MONDO_0006058,INDICATION,
CHEMBL44657,MONDO_0007254,INDICATION,
CHEMBL44657,MONDO_0008170,OFF_LABEL_USE,
CHEMBL44657,MONDO_0008315,INDICATION,
CHEMBL44657,MONDO_0008380,INDICATION,
CHEMBL44657,MONDO_0008903,INDICATION,
CHEMBL44657,MONDO_0009348,OFF_LABEL_USE,
CHEMBL44657,MONDO_0013730,INDICATION,
CHEMBL44657,MONDO_0015540,INDICATION,
CHEMBL44657,MONDO_0015564,INDICATION,
CHEMBL44657,MONDO_0015760,INDICATION,
CHEMBL44657,MONDO_0016691,INDICATION,
CHEMBL44657,MONDO_0016700,INDICATION,
CHEMBL44657,MONDO_0016717,INDICATION,
CHEMBL44657,MONDO_0018906,INDICATION,
CHEMBL44657,MONDO_0018944,INDICATION,
CHEMBL44657,MONDO_0019004,INDICATION,
CHEMBL44657,MONDO_0019471,INDICATION,
CHEMBL44657,MONDO_0019472,INDICATION,
CHEMBL44657,MONDO_0020077,INDICATION,
CHEMBL44657,MONDO_0021193,INDICATION,
CHEMBL44657,MONDO_0021364,INDICATION,
CHEMBL44657,MONDO_0021657,INDICATION,
CHEMBL44657,MONDO_0024503,INDICATION,
CHEMBL44657,MONDO_0044881,INDICATION,
CHEMBL44657,MONDO_0044917,INDICATION,
CHEMBL44657,MONDO_0100096,INDICATION,
CHEMBL4466233,EFO_0000616,INDICATION,
CHEMBL4466233,MONDO_0007254,INDICATION,
CHEMBL446785,EFO_0004616,INDICATION,
CHEMBL4468777,EFO_0007517,INDICATION,
CHEMBL4468815,EFO_1001413,INDICATION,
CHEMBL4469414,EFO_0000616,INDICATION,
CHEMBL4469414,MONDO_0007254,INDICATION,
CHEMBL447,EFO_0000341,CONTRAINDICATION,
CHEMBL447,EFO_0000474,INDICATION,
CHEMBL447,EFO_0000537,CONTRAINDICATION,
CHEMBL447,EFO_0003086,CONTRAINDICATION,
CHEMBL447,EFO_0003106,CONTRAINDICATION,
CHEMBL447,EFO_0003777,CONTRAINDICATION,
CHEMBL447,EFO_0003818,CONTRAINDICATION,
CHEMBL447,EFO_0003877,CONTRAINDICATION,
CHEMBL447,EFO_0004698,INDICATION,
CHEMBL447,EFO_0005251,CONTRAINDICATION,
CHEMBL447,EFO_0008526,INDICATION,
CHEMBL447,MONDO_0002050,CONTRAINDICATION,
CHEMBL447,MONDO_0002280,CONTRAINDICATION,
CHEMBL447,MONDO_0002491,CONTRAINDICATION,
CHEMBL447,MONDO_0007079,CONTRAINDICATION,
CHEMBL447,MONDO_0037821,CONTRAINDICATION,
CHEMBL447,MONDO_0100192,CONTRAINDICATION,
CHEMBL4471306,EFO_0000196,INDICATION,
CHEMBL4471306,EFO_0000616,INDICATION,
CHEMBL4471306,EFO_0000673,INDICATION,
CHEMBL4471306,EFO_0003060,INDICATION,
CHEMBL4471306,EFO_1000359,INDICATION,
CHEMBL4471306,MONDO_0004992,INDICATION,
CHEMBL4471306,MONDO_0005184,INDICATION,
CHEMBL4472508,EFO_0003060,INDICATION,
CHEMBL4472508,MONDO_0004992,INDICATION,
CHEMBL4475199,MONDO_0002279,INDICATION,
CHEMBL4475463,EFO_0003869,INDICATION,
CHEMBL4475463,EFO_0003968,INDICATION,
CHEMBL4475463,EFO_0005537,INDICATION,
CHEMBL4475463,MONDO_0007254,INDICATION,
CHEMBL4475481,EFO_0000763,INDICATION,
CHEMBL447629,EFO_0000616,INDICATION,
CHEMBL447664,MONDO_0005180,INDICATION,
CHEMBL447686,EFO_0000095,INDICATION,
CHEMBL447686,EFO_0000702,INDICATION,
CHEMBL447686,EFO_0001378,INDICATION,
CHEMBL447686,EFO_1000158,INDICATION,
CHEMBL447686,EFO_1000796,INDICATION,
CHEMBL447686,EFO_1001465,INDICATION,
CHEMBL447868,EFO_0000198,INDICATION,
CHEMBL447868,EFO_0000565,INDICATION,
CHEMBL447868,EFO_0003843,INDICATION,
CHEMBL447868,EFO_0004251,INDICATION,
CHEMBL447878,EFO_0008572,INDICATION,
CHEMBL447955,EFO_1000690,INDICATION,
CHEMBL448,EFO_0000341,CONTRAINDICATION,
CHEMBL448,EFO_0000474,INDICATION,
CHEMBL448,EFO_0000537,CONTRAINDICATION,
CHEMBL448,EFO_0003086,CONTRAINDICATION,
CHEMBL448,EFO_0003106,CONTRAINDICATION,
CHEMBL448,EFO_0003777,CONTRAINDICATION,
CHEMBL448,EFO_0003818,CONTRAINDICATION,
CHEMBL448,EFO_0003877,CONTRAINDICATION,
CHEMBL448,EFO_0003890,INDICATION,
CHEMBL448,EFO_0004698,INDICATION,
CHEMBL448,EFO_0005251,CONTRAINDICATION,
CHEMBL448,EFO_0008526,INDICATION,
CHEMBL448,EFO_1001132,OFF_LABEL_USE,
CHEMBL448,MONDO_0002050,CONTRAINDICATION,
CHEMBL448,MONDO_0002280,CONTRAINDICATION,
CHEMBL448,MONDO_0002491,CONTRAINDICATION,
CHEMBL448,MONDO_0005299,INDICATION,
CHEMBL448,MONDO_0007079,CONTRAINDICATION,
CHEMBL448,MONDO_0037821,CONTRAINDICATION,
CHEMBL448,MONDO_0043510,INDICATION,
CHEMBL448,MONDO_0100192,CONTRAINDICATION,
CHEMBL448343,EFO_0003948,INDICATION,
CHEMBL4483575,EFO_0001421,INDICATION,
CHEMBL4483575,EFO_0005531,INDICATION,
CHEMBL4483575,MONDO_0005271,INDICATION,
CHEMBL4483575,MONDO_0005301,INDICATION,
CHEMBL448570,EFO_0000400,INDICATION,
CHEMBL448570,MONDO_0005148,INDICATION,
CHEMBL44875,EFO_1001888,INDICATION,
CHEMBL44884,EFO_0000764,INDICATION,
CHEMBL44884,EFO_0000765,INDICATION,
CHEMBL44884,EFO_0003086,CONTRAINDICATION,
CHEMBL44884,EFO_0003770,CONTRAINDICATION,
CHEMBL44884,EFO_0004274,CONTRAINDICATION,
CHEMBL44884,EFO_0007381,INDICATION,
CHEMBL44884,EFO_0007386,INDICATION,
CHEMBL44884,EFO_0007405,CONTRAINDICATION,
CHEMBL44884,EFO_0009429,INDICATION,
CHEMBL44884,EFO_1000039,OFF_LABEL_USE,
CHEMBL44884,EFO_1000049,INDICATION,
CHEMBL44884,EFO_1000811,INDICATION,
CHEMBL44884,MONDO_0018076,INDICATION,
CHEMBL44884,MONDO_0019338,INDICATION,
CHEMBL44884,MONDO_0021108,INDICATION,
CHEMBL449,EFO_0000318,CONTRAINDICATION,
CHEMBL449,EFO_0000319,CONTRAINDICATION,
CHEMBL449,EFO_0000341,CONTRAINDICATION,
CHEMBL449,EFO_0000474,CONTRAINDICATION,
CHEMBL449,EFO_0000537,CONTRAINDICATION,
CHEMBL449,EFO_0000612,CONTRAINDICATION,
CHEMBL449,EFO_0000712,CONTRAINDICATION,
CHEMBL449,EFO_0001645,CONTRAINDICATION,
CHEMBL449,EFO_0003086,CONTRAINDICATION,
CHEMBL449,EFO_0003877,CONTRAINDICATION,
CHEMBL449,EFO_0003890,CONTRAINDICATION,
CHEMBL449,EFO_0003948,CONTRAINDICATION,
CHEMBL449,EFO_0004698,INDICATION,
CHEMBL449,EFO_0004895,CONTRAINDICATION,
CHEMBL449,EFO_0004991,CONTRAINDICATION,
CHEMBL449,EFO_0005407,CONTRAINDICATION,
CHEMBL449,EFO_0007287,CONTRAINDICATION,
CHEMBL449,EFO_0009086,CONTRAINDICATION,
CHEMBL449,EFO_0009189,CONTRAINDICATION,
CHEMBL449,EFO_0009532,CONTRAINDICATION,
CHEMBL449,EFO_1001226,CONTRAINDICATION,
CHEMBL449,MONDO_0002050,CONTRAINDICATION,
CHEMBL449,MONDO_0002277,CONTRAINDICATION,
CHEMBL449,MONDO_0002280,CONTRAINDICATION,
CHEMBL449,MONDO_0002462,CONTRAINDICATION,
CHEMBL449,MONDO_0002491,CONTRAINDICATION,
CHEMBL449,MONDO_0004985,CONTRAINDICATION,
CHEMBL449,MONDO_0005041,CONTRAINDICATION,
CHEMBL449,MONDO_0005351,CONTRAINDICATION,
CHEMBL449,MONDO_0007079,CONTRAINDICATION,
CHEMBL449,MONDO_0037821,CONTRAINDICATION,
CHEMBL449,MONDO_0100192,CONTRAINDICATION,
CHEMBL449062,EFO_0009869,INDICATION,
CHEMBL449158,EFO_0000198,INDICATION,
CHEMBL449158,EFO_0000222,INDICATION,
CHEMBL449158,EFO_0000309,INDICATION,
CHEMBL449158,EFO_0000403,INDICATION,
CHEMBL449158,EFO_0000565,INDICATION,
CHEMBL449158,EFO_0000574,INDICATION,
CHEMBL449158,EFO_0000616,INDICATION,
CHEMBL449158,EFO_0000681,INDICATION,
CHEMBL449158,EFO_0000764,INDICATION,
CHEMBL449158,EFO_0001378,INDICATION,
CHEMBL449158,EFO_0004289,INDICATION,
CHEMBL449158,EFO_0006859,INDICATION,
CHEMBL449158,EFO_1001365,INDICATION,
CHEMBL449158,EFO_1001469,INDICATION,
CHEMBL449158,EFO_1001951,INDICATION,
CHEMBL449158,MONDO_0000873,INDICATION,
CHEMBL449158,MONDO_0001056,INDICATION,
CHEMBL449158,MONDO_0002367,INDICATION,
CHEMBL449158,MONDO_0002974,INDICATION,
CHEMBL449158,MONDO_0004975,INDICATION,
CHEMBL449158,MONDO_0007254,INDICATION,
CHEMBL449158,MONDO_0008170,INDICATION,
CHEMBL449158,MONDO_0008315,INDICATION,
CHEMBL449158,MONDO_0008903,INDICATION,
CHEMBL449158,MONDO_0018906,INDICATION,
CHEMBL449317,EFO_0000685,INDICATION,
CHEMBL449317,EFO_0003882,INDICATION,
CHEMBL449782,MONDO_0100096,INDICATION,
CHEMBL45,EFO_0000195,INDICATION,
CHEMBL45,EFO_0000199,INDICATION,
CHEMBL45,EFO_0000274,INDICATION,
CHEMBL45,EFO_0000275,INDICATION,
CHEMBL45,EFO_0000280,INDICATION,
CHEMBL45,EFO_0000400,INDICATION,
CHEMBL45,EFO_0000474,INDICATION,
CHEMBL45,EFO_0000537,INDICATION,
CHEMBL45,EFO_0000546,INDICATION,
CHEMBL45,EFO_0000555,INDICATION,
CHEMBL45,EFO_0000589,INDICATION,
CHEMBL45,EFO_0000616,INDICATION,
CHEMBL45,EFO_0000649,INDICATION,
CHEMBL45,EFO_0000676,CONTRAINDICATION,
CHEMBL45,EFO_0000701,INDICATION,
CHEMBL45,EFO_0000712,INDICATION,
CHEMBL45,EFO_0000729,INDICATION,
CHEMBL45,EFO_0000756,INDICATION,
CHEMBL45,EFO_0001666,INDICATION,
CHEMBL45,EFO_0002496,INDICATION,
CHEMBL45,EFO_0002687,INDICATION,
CHEMBL45,EFO_0003060,INDICATION,
CHEMBL45,EFO_0003086,CONTRAINDICATION,
CHEMBL45,EFO_0003756,INDICATION,
CHEMBL45,EFO_0003758,INDICATION,
CHEMBL45,EFO_0003843,INDICATION,
CHEMBL45,EFO_0003888,INDICATION,
CHEMBL45,EFO_0003918,INDICATION,
CHEMBL45,EFO_0003928,INDICATION,
CHEMBL45,EFO_0003929,INDICATION,
CHEMBL45,EFO_0003948,INDICATION,
CHEMBL45,EFO_0003958,INDICATION,
CHEMBL45,EFO_0004698,INDICATION,
CHEMBL45,EFO_0005230,INDICATION,
CHEMBL45,EFO_0005547,INDICATION,
CHEMBL45,EFO_0005687,INDICATION,
CHEMBL45,EFO_0005800,INDICATION,
CHEMBL45,EFO_0005809,CONTRAINDICATION,
CHEMBL45,EFO_0006859,INDICATION,
CHEMBL45,EFO_0008568,INDICATION,
CHEMBL45,EFO_0008583,INDICATION,
CHEMBL45,EFO_0009267,INDICATION,
CHEMBL45,EFO_0009516,INDICATION,
CHEMBL45,EFO_0009579,INDICATION,
CHEMBL45,EFO_1000824,INDICATION,
CHEMBL45,EFO_1001121,INDICATION,
CHEMBL45,EFO_1001216,INDICATION,
CHEMBL45,EFO_1001316,CONTRAINDICATION,
CHEMBL45,EFO_1001904,INDICATION,
CHEMBL45,MONDO_0001134,INDICATION,
CHEMBL45,MONDO_0001566,CONTRAINDICATION,
CHEMBL45,MONDO_0002009,INDICATION,
CHEMBL45,MONDO_0002050,CONTRAINDICATION,
CHEMBL45,MONDO_0002203,CONTRAINDICATION,
CHEMBL45,MONDO_0002635,INDICATION,
CHEMBL45,MONDO_0004992,INDICATION,
CHEMBL45,MONDO_0005090,CONTRAINDICATION,
CHEMBL45,MONDO_0005180,INDICATION,
CHEMBL45,MONDO_0005277,INDICATION,
CHEMBL45,MONDO_0005299,INDICATION,
CHEMBL45,MONDO_0005301,INDICATION,
CHEMBL45,MONDO_0007079,CONTRAINDICATION,
CHEMBL45,MONDO_0007254,INDICATION,
CHEMBL45,MONDO_0007915,CONTRAINDICATION,
CHEMBL45,MONDO_0019338,CONTRAINDICATION,
CHEMBL45,MONDO_0021698,INDICATION,
CHEMBL45,MONDO_0024290,INDICATION,
CHEMBL45,MONDO_0043510,INDICATION,
CHEMBL45,MONDO_0100096,INDICATION,
CHEMBL45,MONDO_0100192,CONTRAINDICATION,
CHEMBL45,MP_0001914,INDICATION,
CHEMBL450,EFO_0000474,INDICATION,
CHEMBL450,EFO_0004698,INDICATION,
CHEMBL450,EFO_0007262,INDICATION,
CHEMBL45024,EFO_0003948,INDICATION,
CHEMBL45029,EFO_0000341,CONTRAINDICATION,
CHEMBL45029,EFO_0000474,INDICATION,
CHEMBL45029,EFO_0003086,CONTRAINDICATION,
CHEMBL45029,EFO_0003877,CONTRAINDICATION,
CHEMBL45029,EFO_0007262,INDICATION,
CHEMBL45029,MONDO_0002050,CONTRAINDICATION,
CHEMBL45029,MONDO_0002280,CONTRAINDICATION,
CHEMBL45029,MONDO_0002491,CONTRAINDICATION,
CHEMBL45029,MONDO_0007079,CONTRAINDICATION,
CHEMBL45029,MONDO_0037821,CONTRAINDICATION,
CHEMBL45029,MONDO_0100192,CONTRAINDICATION,
CHEMBL450449,EFO_0000095,INDICATION,
CHEMBL450449,EFO_0000174,INDICATION,
CHEMBL450449,EFO_0000564,INDICATION,
CHEMBL450449,EFO_0000569,INDICATION,
CHEMBL450449,EFO_0000588,INDICATION,
CHEMBL450449,EFO_0000613,INDICATION,
CHEMBL450449,EFO_0000616,INDICATION,
CHEMBL450449,EFO_0000691,INDICATION,
CHEMBL450449,EFO_0000770,INDICATION,
CHEMBL450449,EFO_0001075,INDICATION,
CHEMBL450449,EFO_0002618,INDICATION,
CHEMBL450449,EFO_0003085,INDICATION,
CHEMBL450449,EFO_0003769,INDICATION,
CHEMBL450449,EFO_0003869,INDICATION,
CHEMBL450449,EFO_0003893,INDICATION,
CHEMBL450449,EFO_1000541,INDICATION,
CHEMBL450449,EFO_1001041,INDICATION,
CHEMBL450449,EFO_1001968,INDICATION,
CHEMBL450449,MONDO_0002087,INDICATION,
CHEMBL450449,MONDO_0002158,INDICATION,
CHEMBL450449,MONDO_0004992,INDICATION,
CHEMBL450449,MONDO_0008170,INDICATION,
CHEMBL450449,MONDO_0008315,INDICATION,
CHEMBL450449,MONDO_0016642,INDICATION,
CHEMBL450449,MONDO_0018364,INDICATION,
CHEMBL450449,Orphanet_145,INDICATION,
CHEMBL450656,EFO_0004269,INDICATION,
CHEMBL450940,EFO_0000384,INDICATION,
CHEMBL450940,EFO_0001065,INDICATION,
CHEMBL451,EFO_0000400,CONTRAINDICATION,
CHEMBL451,EFO_0000474,CONTRAINDICATION,
CHEMBL451,EFO_0000537,CONTRAINDICATION,
CHEMBL451,EFO_0000555,INDICATION,
CHEMBL451,EFO_0000612,CONTRAINDICATION,
CHEMBL451,EFO_0000712,CONTRAINDICATION,
CHEMBL451,EFO_0000729,CONTRAINDICATION,
CHEMBL451,EFO_0001064,CONTRAINDICATION,
CHEMBL451,EFO_0001065,CONTRAINDICATION,
CHEMBL451,EFO_0001073,CONTRAINDICATION,
CHEMBL451,EFO_0001645,CONTRAINDICATION,
CHEMBL451,EFO_0003086,CONTRAINDICATION,
CHEMBL451,EFO_0003818,CONTRAINDICATION,
CHEMBL451,EFO_0003832,CONTRAINDICATION,
CHEMBL451,EFO_0003877,CONTRAINDICATION,
CHEMBL451,EFO_0004152,CONTRAINDICATION,
CHEMBL451,EFO_0004190,CONTRAINDICATION,
CHEMBL451,EFO_0004262,OFF_LABEL_USE,
CHEMBL451,EFO_0004705,CONTRAINDICATION,
CHEMBL451,EFO_0004777,INDICATION,
CHEMBL451,EFO_0004991,CONTRAINDICATION,
CHEMBL451,EFO_0005230,INDICATION,
CHEMBL451,EFO_0005252,CONTRAINDICATION,
CHEMBL451,EFO_0005307,CONTRAINDICATION,
CHEMBL451,EFO_0005407,CONTRAINDICATION,
CHEMBL451,EFO_0006788,INDICATION,
CHEMBL451,EFO_0009189,CONTRAINDICATION,
CHEMBL451,EFO_0009315,CONTRAINDICATION,
CHEMBL451,EFO_0009454,CONTRAINDICATION,
CHEMBL451,EFO_0009571,CONTRAINDICATION,
CHEMBL451,EFO_0009910,CONTRAINDICATION,
CHEMBL451,EFO_1000800,INDICATION,
CHEMBL451,EFO_1001095,CONTRAINDICATION,
CHEMBL451,EFO_1001512,CONTRAINDICATION,
CHEMBL451,MONDO_0001627,CONTRAINDICATION,
CHEMBL451,MONDO_0001744,CONTRAINDICATION,
CHEMBL451,MONDO_0002009,INDICATION,
CHEMBL451,MONDO_0002050,CONTRAINDICATION,
CHEMBL451,MONDO_0002491,CONTRAINDICATION,
CHEMBL451,MONDO_0002520,CONTRAINDICATION,
CHEMBL451,MONDO_0004247,INDICATION,
CHEMBL451,MONDO_0004979,CONTRAINDICATION,
CHEMBL451,MONDO_0005041,CONTRAINDICATION,
CHEMBL451,MONDO_0005277,CONTRAINDICATION,
CHEMBL451,MONDO_0007079,CONTRAINDICATION,
CHEMBL451,MONDO_0007915,CONTRAINDICATION,
CHEMBL451,MONDO_0008170,CONTRAINDICATION,
CHEMBL451,MONDO_0019171,CONTRAINDICATION,
CHEMBL451,MONDO_0037748,CONTRAINDICATION,
CHEMBL451,MONDO_0037821,CONTRAINDICATION,
CHEMBL451,MONDO_0041086,INDICATION,
CHEMBL4514636,EFO_0000182,INDICATION,
CHEMBL4514636,EFO_0000616,INDICATION,
CHEMBL451770,EFO_0002615,INDICATION,
CHEMBL4518483,EFO_0001073,INDICATION,
CHEMBL4518483,EFO_0001421,INDICATION,
CHEMBL4518483,EFO_0003095,INDICATION,
CHEMBL4518483,MONDO_0005148,INDICATION,
CHEMBL451887,EFO_0000095,INDICATION,
CHEMBL451887,EFO_0000096,INDICATION,
CHEMBL451887,EFO_0000183,INDICATION,
CHEMBL451887,EFO_0000211,INDICATION,
CHEMBL451887,EFO_0000220,INDICATION,
CHEMBL451887,EFO_0000222,INDICATION,
CHEMBL451887,EFO_0000403,INDICATION,
CHEMBL451887,EFO_0000565,INDICATION,
CHEMBL451887,EFO_0000574,INDICATION,
CHEMBL451887,EFO_0000616,INDICATION,
CHEMBL451887,EFO_0000702,INDICATION,
CHEMBL451887,EFO_0001378,INDICATION,
CHEMBL451887,EFO_0005952,INDICATION,
CHEMBL451887,EFO_0006475,INDICATION,
CHEMBL451887,EFO_0006738,INDICATION,
CHEMBL451887,EFO_0009441,INDICATION,
CHEMBL451887,EFO_1000785,INDICATION,
CHEMBL451887,EFO_1001051,INDICATION,
CHEMBL451887,EFO_1001469,INDICATION,
CHEMBL451887,EFO_1001875,INDICATION,
CHEMBL451887,MONDO_0001023,INDICATION,
CHEMBL451887,MONDO_0002120,INDICATION,
CHEMBL451887,MONDO_0002367,INDICATION,
CHEMBL451887,MONDO_0004992,INDICATION,
CHEMBL451887,MONDO_0008315,INDICATION,
CHEMBL451887,MONDO_0017816,INDICATION,
CHEMBL451887,MONDO_0018906,INDICATION,
CHEMBL451887,MONDO_0020547,INDICATION,
CHEMBL4519121,MONDO_0004975,INDICATION,
CHEMBL4519121,MONDO_0005180,INDICATION,
CHEMBL451930,EFO_0000574,INDICATION,
CHEMBL451930,EFO_0000616,INDICATION,
CHEMBL451930,EFO_0001378,INDICATION,
CHEMBL451930,EFO_0003085,INDICATION,
CHEMBL451930,MONDO_0008315,INDICATION,
CHEMBL451930,MONDO_0044903,INDICATION,
CHEMBL451930,MONDO_0100096,INDICATION,
CHEMBL452,EFO_0000474,INDICATION,
CHEMBL452,EFO_0003086,CONTRAINDICATION,
CHEMBL452,EFO_0003843,INDICATION,
CHEMBL452,EFO_0003877,CONTRAINDICATION,
CHEMBL452,EFO_0004190,CONTRAINDICATION,
CHEMBL452,EFO_0004262,INDICATION,
CHEMBL452,EFO_0005230,INDICATION,
CHEMBL452,EFO_0005762,INDICATION,
CHEMBL452,EFO_0007191,INDICATION,
CHEMBL452,EFO_0007262,INDICATION,
CHEMBL452,EFO_0007462,INDICATION,
CHEMBL452,EFO_0008526,INDICATION,
CHEMBL452,EFO_0009910,CONTRAINDICATION,
CHEMBL452,EFO_1000850,INDICATION,
CHEMBL452,EFO_1000924,INDICATION,
CHEMBL452,MONDO_0001744,CONTRAINDICATION,
CHEMBL452,MONDO_0002050,CONTRAINDICATION,
CHEMBL452,MONDO_0002491,CONTRAINDICATION,
CHEMBL452,MONDO_0005090,INDICATION,
CHEMBL452,MONDO_0016532,INDICATION,
CHEMBL452,MONDO_0037821,CONTRAINDICATION,
CHEMBL452,MONDO_0100192,CONTRAINDICATION,
CHEMBL452,MONDO_0850093,INDICATION,
CHEMBL452076,EFO_0000319,INDICATION,
CHEMBL452076,EFO_0000537,INDICATION,
CHEMBL452076,EFO_1001496,INDICATION,
CHEMBL4521078,EFO_0004599,INDICATION,
CHEMBL4521078,MONDO_0013730,INDICATION,
CHEMBL452231,EFO_0000220,INDICATION,
CHEMBL452231,EFO_0000565,INDICATION,
CHEMBL452231,EFO_0000574,INDICATION,
CHEMBL452231,EFO_0000616,INDICATION,
CHEMBL452231,EFO_0000621,OFF_LABEL_USE,
CHEMBL452231,EFO_0000771,CONTRAINDICATION,
CHEMBL452231,EFO_0001064,CONTRAINDICATION,
CHEMBL452231,EFO_0003086,CONTRAINDICATION,
CHEMBL452231,MONDO_0018906,OFF_LABEL_USE,
CHEMBL4525964,EFO_0000544,INDICATION,
CHEMBL4525964,EFO_0003047,INDICATION,
CHEMBL4525964,EFO_0004220,INDICATION,
CHEMBL4526356,MONDO_0007254,INDICATION,
CHEMBL452715,EFO_1000158,INDICATION,
CHEMBL4529465,MONDO_0018076,INDICATION,
CHEMBL453,EFO_0000771,INDICATION,
CHEMBL453,EFO_0003086,CONTRAINDICATION,
CHEMBL453,EFO_0003102,INDICATION,
CHEMBL453,EFO_0003103,INDICATION,
CHEMBL453,EFO_0004991,CONTRAINDICATION,
CHEMBL453,EFO_0005307,CONTRAINDICATION,
CHEMBL453,EFO_0005803,CONTRAINDICATION,
CHEMBL453,EFO_0007287,CONTRAINDICATION,
CHEMBL453,EFO_0007324,INDICATION,
CHEMBL453,EFO_0007353,OFF_LABEL_USE,
CHEMBL453,EFO_0007397,INDICATION,
CHEMBL453,EFO_0007444,INDICATION,
CHEMBL453,EFO_0009571,CONTRAINDICATION,
CHEMBL453,EFO_1001040,INDICATION,
CHEMBL453,EFO_1001226,CONTRAINDICATION,
CHEMBL453,EFO_1001888,INDICATION,
CHEMBL453,MONDO_0002462,CONTRAINDICATION,
CHEMBL453,MONDO_0004979,CONTRAINDICATION,
CHEMBL453,MONDO_0015909,CONTRAINDICATION,
CHEMBL453,MONDO_0019171,CONTRAINDICATION,
CHEMBL453,MONDO_0021945,CONTRAINDICATION,
CHEMBL453,MONDO_0037821,CONTRAINDICATION,
CHEMBL45305,EFO_0004280,INDICATION,
CHEMBL4533605,EFO_0000771,INDICATION,
CHEMBL4533605,EFO_1001141,INDICATION,
CHEMBL453514,EFO_0000771,INDICATION,
CHEMBL453514,EFO_0007220,INDICATION,
CHEMBL4535757,EFO_0000365,INDICATION,
CHEMBL4535757,EFO_0000571,INDICATION,
CHEMBL4535757,EFO_0000616,INDICATION,
CHEMBL4535757,EFO_0001075,INDICATION,
CHEMBL4535757,EFO_0001421,INDICATION,
CHEMBL4535757,EFO_0002618,INDICATION,
CHEMBL4535757,EFO_0003060,INDICATION,
CHEMBL4535757,EFO_1000251,INDICATION,
CHEMBL4535757,EFO_1001512,INDICATION,
CHEMBL4535757,MONDO_0008903,INDICATION,
CHEMBL454,EFO_0000341,CONTRAINDICATION,
CHEMBL454,EFO_0000474,CONTRAINDICATION,
CHEMBL454,EFO_0000537,CONTRAINDICATION,
CHEMBL454,EFO_0003086,CONTRAINDICATION,
CHEMBL454,EFO_0003767,CONTRAINDICATION,
CHEMBL454,EFO_0003832,CONTRAINDICATION,
CHEMBL454,EFO_0003877,CONTRAINDICATION,
CHEMBL454,EFO_0003890,CONTRAINDICATION,
CHEMBL454,EFO_0003928,CONTRAINDICATION,
CHEMBL454,EFO_0004242,CONTRAINDICATION,
CHEMBL454,EFO_0004262,CONTRAINDICATION,
CHEMBL454,EFO_0004274,CONTRAINDICATION,
CHEMBL454,EFO_0004698,CONTRAINDICATION,
CHEMBL454,EFO_0004705,CONTRAINDICATION,
CHEMBL454,EFO_0005251,CONTRAINDICATION,
CHEMBL454,EFO_0007467,CONTRAINDICATION,
CHEMBL454,EFO_1000391,CONTRAINDICATION,
CHEMBL454,EFO_1001132,CONTRAINDICATION,
CHEMBL454,EFO_1001375,CONTRAINDICATION,
CHEMBL454,EFO_1001872,CONTRAINDICATION,
CHEMBL454,MONDO_0001343,CONTRAINDICATION,
CHEMBL454,MONDO_0002050,CONTRAINDICATION,
CHEMBL454,MONDO_0002280,CONTRAINDICATION,
CHEMBL454,MONDO_0002491,CONTRAINDICATION,
CHEMBL454,MONDO_0004247,CONTRAINDICATION,
CHEMBL454,MONDO_0005277,OFF_LABEL_USE,
CHEMBL454,MONDO_0007079,CONTRAINDICATION,
CHEMBL454,MONDO_0015129,CONTRAINDICATION,
CHEMBL454,MONDO_0018660,CONTRAINDICATION,
CHEMBL454,MONDO_0018896,CONTRAINDICATION,
CHEMBL454,MONDO_0024574,CONTRAINDICATION,
CHEMBL454,MONDO_0037821,CONTRAINDICATION,
CHEMBL454,MONDO_0100192,CONTRAINDICATION,
CHEMBL454,Orphanet_903,CONTRAINDICATION,
CHEMBL4540843,MONDO_0005147,INDICATION,
CHEMBL4541964,MONDO_0002039,INDICATION,
CHEMBL4541964,MONDO_0004975,INDICATION,
CHEMBL4541964,MONDO_0010383,INDICATION,
CHEMBL454446,EFO_0000544,INDICATION,
CHEMBL454446,EFO_0003103,INDICATION,
CHEMBL454446,EFO_0006505,INDICATION,
CHEMBL454446,MONDO_0002258,INDICATION,
CHEMBL4544478,EFO_0000616,INDICATION,
CHEMBL454801,EFO_0000182,INDICATION,
CHEMBL454801,EFO_0000319,INDICATION,
CHEMBL454801,EFO_0000373,INDICATION,
CHEMBL454801,EFO_0000519,INDICATION,
CHEMBL454801,EFO_0000546,INDICATION,
CHEMBL454801,EFO_0000660,INDICATION,
CHEMBL454801,EFO_0000668,INDICATION,
CHEMBL454801,EFO_0000707,INDICATION,
CHEMBL454801,EFO_0001645,INDICATION,
CHEMBL454801,EFO_0002609,INDICATION,
CHEMBL454801,EFO_0002618,INDICATION,
CHEMBL454801,EFO_0003144,INDICATION,
CHEMBL454801,EFO_0003884,INDICATION,
CHEMBL454801,EFO_0004193,INDICATION,
CHEMBL454801,EFO_0004278,INDICATION,
CHEMBL454801,EFO_0004540,INDICATION,
CHEMBL454801,EFO_0008517,INDICATION,
CHEMBL454801,EFO_0009492,INDICATION,
CHEMBL454801,EFO_1000653,INDICATION,
CHEMBL454801,EFO_1000690,INDICATION,
CHEMBL454801,EFO_1000899,INDICATION,
CHEMBL454801,EFO_1001249,INDICATION,
CHEMBL454801,EFO_1001373,INDICATION,
CHEMBL454801,EFO_1001465,INDICATION,
CHEMBL454801,MONDO_0000437,INDICATION,
CHEMBL454801,MONDO_0002050,INDICATION,
CHEMBL454801,MONDO_0004976,INDICATION,
CHEMBL454801,MONDO_0004985,INDICATION,
CHEMBL454801,MONDO_0005147,INDICATION,
CHEMBL454801,MONDO_0005180,INDICATION,
CHEMBL454801,MONDO_0007254,INDICATION,
CHEMBL454801,MONDO_0007739,INDICATION,
CHEMBL454801,MONDO_0008300,INDICATION,
CHEMBL454801,MONDO_0010679,INDICATION,
CHEMBL454801,MONDO_0015626,INDICATION,
CHEMBL454801,MONDO_0019037,INDICATION,
CHEMBL454801,MONDO_0044970,INDICATION,
CHEMBL454801,MONDO_0100096,INDICATION,
CHEMBL454950,EFO_0000544,INDICATION,
CHEMBL454950,EFO_0000574,INDICATION,
CHEMBL454950,EFO_0003102,INDICATION,
CHEMBL454950,EFO_0004607,INDICATION,
CHEMBL454950,EFO_0007410,INDICATION,
CHEMBL454950,EFO_0009516,INDICATION,
CHEMBL454950,EFO_1001444,INDICATION,
CHEMBL454950,MONDO_0021201,INDICATION,
CHEMBL4549658,EFO_0003095,INDICATION,
CHEMBL455,EFO_0000400,CONTRAINDICATION,
CHEMBL455,EFO_0000537,CONTRAINDICATION,
CHEMBL455,EFO_0000544,INDICATION,
CHEMBL455,EFO_0001645,CONTRAINDICATION,
CHEMBL455,EFO_0003086,CONTRAINDICATION,
CHEMBL455,EFO_0003102,INDICATION,
CHEMBL455,EFO_0003777,CONTRAINDICATION,
CHEMBL455,EFO_0003894,INDICATION,
CHEMBL455,EFO_0004190,CONTRAINDICATION,
CHEMBL455,EFO_0005803,CONTRAINDICATION,
CHEMBL455,EFO_0007144,INDICATION,
CHEMBL455,EFO_0007287,CONTRAINDICATION,
CHEMBL455,EFO_0007308,CONTRAINDICATION,
CHEMBL455,EFO_0007324,INDICATION,
CHEMBL455,EFO_0009086,CONTRAINDICATION,
CHEMBL455,EFO_0009189,CONTRAINDICATION,
CHEMBL455,EFO_0009450,INDICATION,
CHEMBL455,EFO_1000697,CONTRAINDICATION,
CHEMBL455,EFO_1000760,OFF_LABEL_USE,
CHEMBL455,EFO_1000764,INDICATION,
CHEMBL455,EFO_1000829,OFF_LABEL_USE,
CHEMBL455,EFO_1001069,CONTRAINDICATION,
CHEMBL455,EFO_1001070,CONTRAINDICATION,
CHEMBL455,EFO_1001231,INDICATION,
CHEMBL455,EFO_1001240,INDICATION,
CHEMBL455,EFO_1001888,CONTRAINDICATION,
CHEMBL455,MONDO_0001744,CONTRAINDICATION,
CHEMBL455,MONDO_0002277,CONTRAINDICATION,
CHEMBL455,MONDO_0002307,INDICATION,
CHEMBL455,MONDO_0004773,INDICATION,
CHEMBL455,MONDO_0020944,CONTRAINDICATION,
CHEMBL455,MONDO_0020950,CONTRAINDICATION,
CHEMBL455,MONDO_0037821,CONTRAINDICATION,
CHEMBL455,MONDO_0043885,CONTRAINDICATION,
CHEMBL455,MP_0001845,INDICATION,
CHEMBL455136,EFO_0004698,INDICATION,
CHEMBL455186,EFO_0000174,INDICATION,
CHEMBL455186,EFO_0000183,INDICATION,
CHEMBL455186,EFO_0000198,INDICATION,
CHEMBL455186,EFO_0000220,INDICATION,
CHEMBL455186,EFO_0000222,INDICATION,
CHEMBL455186,EFO_0000616,INDICATION,
CHEMBL455186,EFO_0000708,INDICATION,
CHEMBL455186,EFO_0000756,INDICATION,
CHEMBL455186,EFO_0001378,INDICATION,
CHEMBL455186,EFO_0001642,INDICATION,
CHEMBL455186,EFO_0003060,INDICATION,
CHEMBL455186,EFO_0005952,INDICATION,
CHEMBL455186,MONDO_0000159,INDICATION,
CHEMBL455186,MONDO_0008170,INDICATION,
CHEMBL455186,MONDO_0009833,INDICATION,
CHEMBL455186,MONDO_0013730,INDICATION,
CHEMBL455186,MONDO_0100244,INDICATION,
CHEMBL455461,EFO_0003106,INDICATION,
CHEMBL455491,EFO_0007191,INDICATION,
CHEMBL4558324,EFO_0000616,INDICATION,
CHEMBL4558324,EFO_0001421,INDICATION,
CHEMBL4558324,EFO_0003060,INDICATION,
CHEMBL4558324,MONDO_0004992,INDICATION,
CHEMBL4558324,MONDO_0008903,INDICATION,
CHEMBL4558324,MONDO_0021117,INDICATION,
CHEMBL4558527,MONDO_0004979,INDICATION,
CHEMBL4559134,EFO_0000501,INDICATION,
CHEMBL4559134,EFO_0000616,INDICATION,
CHEMBL4559134,EFO_0000641,INDICATION,
CHEMBL4559134,EFO_0001421,INDICATION,
CHEMBL4559134,EFO_0003060,INDICATION,
CHEMBL4559134,EFO_0003841,INDICATION,
CHEMBL4559134,MONDO_0002108,INDICATION,
CHEMBL4559134,MONDO_0004992,INDICATION,
CHEMBL4559134,MONDO_0015277,INDICATION,
CHEMBL455917,EFO_0000217,CONTRAINDICATION,
CHEMBL455917,EFO_0003767,CONTRAINDICATION,
CHEMBL455917,EFO_0004698,INDICATION,
CHEMBL455917,EFO_0005230,INDICATION,
CHEMBL455917,EFO_0005628,CONTRAINDICATION,
CHEMBL455917,EFO_0005774,INDICATION,
CHEMBL455917,EFO_0009868,OFF_LABEL_USE,
CHEMBL455917,MONDO_0001409,CONTRAINDICATION,
CHEMBL455917,MONDO_0002050,INDICATION,
CHEMBL455917,MONDO_0002491,CONTRAINDICATION,
CHEMBL455917,MONDO_0004247,CONTRAINDICATION,
CHEMBL455917,MONDO_0005090,INDICATION,
CHEMBL455917,MONDO_0008294,CONTRAINDICATION,
CHEMBL455917,MONDO_0100192,CONTRAINDICATION,
CHEMBL456,EFO_0000319,INDICATION,
CHEMBL456,EFO_0000373,INDICATION,
CHEMBL456,EFO_0000400,CONTRAINDICATION,
CHEMBL456,EFO_0000537,OFF_LABEL_USE,
CHEMBL456,EFO_0001422,CONTRAINDICATION,
CHEMBL456,EFO_0004255,INDICATION,
CHEMBL456,EFO_0004274,CONTRAINDICATION,
CHEMBL456,EFO_0005251,CONTRAINDICATION,
CHEMBL456,EFO_0005252,CONTRAINDICATION,
CHEMBL456,EFO_0009530,CONTRAINDICATION,
CHEMBL456,EFO_0009690,INDICATION,
CHEMBL456,EFO_1000652,CONTRAINDICATION,
CHEMBL456,EFO_1001134,INDICATION,
CHEMBL456,MONDO_0001187,INDICATION,
CHEMBL456,MONDO_0001566,OFF_LABEL_USE,
CHEMBL456,MONDO_0005041,INDICATION,
CHEMBL456,MONDO_0018100,CONTRAINDICATION,
CHEMBL456,MONDO_0021945,CONTRAINDICATION,
CHEMBL456341,EFO_0000398,INDICATION,
CHEMBL456341,EFO_0000404,INDICATION,
CHEMBL456341,MONDO_0007915,INDICATION,
CHEMBL456341,MONDO_0009061,INDICATION,
CHEMBL4563522,EFO_0001421,INDICATION,
CHEMBL4563522,EFO_0003884,INDICATION,
CHEMBL4563522,MONDO_0013730,INDICATION,
CHEMBL4563522,MONDO_0015183,INDICATION,
CHEMBL4567446,EFO_0001421,INDICATION,
CHEMBL4567446,EFO_0003095,INDICATION,
CHEMBL4567446,EFO_1001249,INDICATION,
CHEMBL457,EFO_0000319,INDICATION,
CHEMBL457,EFO_0000764,INDICATION,
CHEMBL457,EFO_0001645,INDICATION,
CHEMBL457,EFO_0003768,INDICATION,
CHEMBL457,EFO_0003832,CONTRAINDICATION,
CHEMBL457,EFO_0004211,INDICATION,
CHEMBL457,EFO_0004272,INDICATION,
CHEMBL457,EFO_0004319,INDICATION,
CHEMBL457,EFO_0004799,CONTRAINDICATION,
CHEMBL457,EFO_1001375,INDICATION,
CHEMBL457,EFO_1001486,CONTRAINDICATION,
CHEMBL457,MONDO_0001343,CONTRAINDICATION,
CHEMBL457,MONDO_0002280,CONTRAINDICATION,
CHEMBL457,MONDO_0004975,INDICATION,
CHEMBL457,MONDO_0004992,INDICATION,
CHEMBL457,MONDO_0005148,INDICATION,
CHEMBL457,MONDO_0007079,INDICATION,
CHEMBL457077,EFO_0000400,INDICATION,
CHEMBL457077,EFO_1000783,INDICATION,
CHEMBL4571075,MONDO_0004975,INDICATION,
CHEMBL4571518,EFO_0009130,INDICATION,
CHEMBL4571518,EFO_1001314,INDICATION,
CHEMBL457299,EFO_1000906,INDICATION,
CHEMBL4574601,EFO_0000211,INDICATION,
CHEMBL4574601,EFO_0004289,INDICATION,
CHEMBL4574601,EFO_1001264,INDICATION,
CHEMBL457547,EFO_0000565,INDICATION,
CHEMBL457547,EFO_0003086,CONTRAINDICATION,
CHEMBL457547,EFO_0007157,INDICATION,
CHEMBL457547,EFO_0007406,INDICATION,
CHEMBL457547,EFO_1001282,INDICATION,
CHEMBL457547,EFO_1001283,INDICATION,
CHEMBL457547,MONDO_0002026,INDICATION,
CHEMBL457547,MONDO_0002041,INDICATION,
CHEMBL457547,MONDO_0004992,INDICATION,
CHEMBL457547,MONDO_0013730,INDICATION,
CHEMBL457547,MONDO_0042233,INDICATION,
CHEMBL4577523,EFO_0000211,INDICATION,
CHEMBL4577523,EFO_0000616,INDICATION,
CHEMBL4577523,EFO_0003060,INDICATION,
CHEMBL4577523,EFO_0005809,INDICATION,
CHEMBL45816,EFO_0000319,INDICATION,
CHEMBL45816,EFO_0000519,INDICATION,
CHEMBL45816,EFO_0000537,INDICATION,
CHEMBL45816,EFO_1000158,INDICATION,
CHEMBL45816,MONDO_0000468,CONTRAINDICATION,
CHEMBL45816,MONDO_0001823,CONTRAINDICATION,
CHEMBL4582651,EFO_0000616,INDICATION,
CHEMBL4582651,EFO_0003060,INDICATION,
CHEMBL4582651,MONDO_0004992,INDICATION,
CHEMBL4582651,MONDO_0015277,INDICATION,
CHEMBL4583691,EFO_0000756,INDICATION,
CHEMBL4583691,EFO_0003060,INDICATION,
CHEMBL4584965,EFO_0000198,INDICATION,
CHEMBL4584965,EFO_0000222,INDICATION,
CHEMBL4584965,EFO_0000274,INDICATION,
CHEMBL4584965,EFO_0000676,INDICATION,
CHEMBL4584965,EFO_0001365,INDICATION,
CHEMBL4584965,EFO_0007147,INDICATION,
CHEMBL4584965,MONDO_0004907,INDICATION,
CHEMBL4585668,EFO_0000349,INDICATION,
CHEMBL4585668,EFO_0000616,INDICATION,
CHEMBL4585668,EFO_0000681,INDICATION,
CHEMBL4585668,EFO_0001421,INDICATION,
CHEMBL4585668,EFO_0003884,INDICATION,
CHEMBL4585668,EFO_1000045,INDICATION,
CHEMBL4585668,MONDO_0008315,INDICATION,
CHEMBL4585668,MONDO_0008667,INDICATION,
CHEMBL4585668,MONDO_0016748,INDICATION,
CHEMBL458875,EFO_0000763,INDICATION,
CHEMBL458875,EFO_0004197,INDICATION,
CHEMBL458875,EFO_0004239,INDICATION,
CHEMBL458875,MONDO_0100096,INDICATION,
CHEMBL458876,EFO_0000764,INDICATION,
CHEMBL459,EFO_0000400,CONTRAINDICATION,
CHEMBL459,EFO_0000537,INDICATION,
CHEMBL459,EFO_0000668,INDICATION,
CHEMBL459,EFO_0001422,CONTRAINDICATION,
CHEMBL459,EFO_0003086,CONTRAINDICATION,
CHEMBL459,EFO_0004274,CONTRAINDICATION,
CHEMBL459,EFO_0008506,CONTRAINDICATION,
CHEMBL459,EFO_0009530,CONTRAINDICATION,
CHEMBL459,EFO_1000652,CONTRAINDICATION,
CHEMBL459,EFO_1001264,CONTRAINDICATION,
CHEMBL459,MONDO_0001566,CONTRAINDICATION,
CHEMBL459,MONDO_0002050,CONTRAINDICATION,
CHEMBL459,MONDO_0002280,CONTRAINDICATION,
CHEMBL459,MONDO_0005147,INDICATION,
CHEMBL459,MONDO_0007915,CONTRAINDICATION,
CHEMBL459,MONDO_0008233,CONTRAINDICATION,
CHEMBL459,MONDO_0018100,CONTRAINDICATION,
CHEMBL459,MONDO_0021095,CONTRAINDICATION,
CHEMBL459,MONDO_0037821,CONTRAINDICATION,
CHEMBL459,MONDO_0100192,CONTRAINDICATION,
CHEMBL459016,MONDO_0004857,INDICATION,
CHEMBL4592045,MONDO_0002009,INDICATION,
CHEMBL459265,EFO_0000180,INDICATION,
CHEMBL459265,EFO_0007406,INDICATION,
CHEMBL459265,EFO_1000710,INDICATION,
CHEMBL459324,EFO_0003890,INDICATION,
CHEMBL459324,EFO_0004240,INDICATION,
CHEMBL459324,EFO_0005611,INDICATION,
CHEMBL459324,EFO_0010702,INDICATION,
CHEMBL4594214,EFO_0003843,INDICATION,
CHEMBL4594217,EFO_0000400,INDICATION,
CHEMBL4594217,EFO_0000401,INDICATION,
CHEMBL4594217,EFO_0000660,INDICATION,
CHEMBL4594217,EFO_0001073,INDICATION,
CHEMBL4594217,EFO_0003144,INDICATION,
CHEMBL4594217,MONDO_0005147,INDICATION,
CHEMBL4594217,MONDO_0005148,INDICATION,
CHEMBL4594217,MONDO_0007254,INDICATION,
CHEMBL4594230,EFO_0000174,INDICATION,
CHEMBL4594230,EFO_0000574,INDICATION,
CHEMBL4594230,EFO_0000616,INDICATION,
CHEMBL4594230,MONDO_0001475,INDICATION,
CHEMBL4594234,EFO_0000574,INDICATION,
CHEMBL4594234,EFO_0000616,INDICATION,
CHEMBL4594234,MONDO_0007254,INDICATION,
CHEMBL4594241,EFO_0001645,INDICATION,
CHEMBL4594242,EFO_0003854,INDICATION,
CHEMBL4594242,EFO_1000950,INDICATION,
CHEMBL4594242,MONDO_0002123,INDICATION,
CHEMBL4594244,EFO_0000341,INDICATION,
CHEMBL4594244,EFO_0004143,INDICATION,
CHEMBL4594244,EFO_0004616,INDICATION,
CHEMBL4594244,EFO_0005802,INDICATION,
CHEMBL4594244,EFO_0008507,INDICATION,
CHEMBL4594244,EFO_1000786,INDICATION,
CHEMBL4594244,EFO_1000906,INDICATION,
CHEMBL4594244,EFO_1001178,INDICATION,
CHEMBL4594244,EFO_1001345,INDICATION,
CHEMBL4594244,MONDO_0005178,INDICATION,
CHEMBL4594246,EFO_0000544,INDICATION,
CHEMBL4594246,EFO_0003103,INDICATION,
CHEMBL4594246,EFO_0003106,INDICATION,
CHEMBL4594246,EFO_1000025,INDICATION,
CHEMBL4594248,EFO_0005754,INDICATION,
CHEMBL4594250,EFO_0004190,INDICATION,
CHEMBL4594250,EFO_1000879,INDICATION,
CHEMBL4594250,EFO_1001069,INDICATION,
CHEMBL4594250,MONDO_0005041,INDICATION,
CHEMBL4594250,MONDO_0005321,INDICATION,
CHEMBL4594250,Orphanet_98974,INDICATION,
CHEMBL4594251,EFO_0004190,INDICATION,
CHEMBL4594251,EFO_1001069,INDICATION,
CHEMBL4594252,EFO_0003894,INDICATION,
CHEMBL4594253,EFO_0000222,INDICATION,
CHEMBL4594253,EFO_0000403,INDICATION,
CHEMBL4594253,EFO_0000574,INDICATION,
CHEMBL4594253,EFO_0000616,INDICATION,
CHEMBL4594253,EFO_0005952,INDICATION,
CHEMBL4594253,MONDO_0002334,INDICATION,
CHEMBL4594253,MONDO_0018906,INDICATION,
CHEMBL4594254,EFO_0000555,INDICATION,
CHEMBL4594254,EFO_1000906,INDICATION,
CHEMBL4594254,EFO_1000948,INDICATION,
CHEMBL4594256,EFO_0000181,INDICATION,
CHEMBL4594256,EFO_0000182,INDICATION,
CHEMBL4594256,EFO_0000616,INDICATION,
CHEMBL4594256,EFO_0000702,INDICATION,
CHEMBL4594256,EFO_0002916,INDICATION,
CHEMBL4594256,EFO_0004252,INDICATION,
CHEMBL4594256,MONDO_0002691,INDICATION,
CHEMBL4594256,MONDO_0007254,INDICATION,
CHEMBL4594256,MONDO_0007576,INDICATION,
CHEMBL4594257,EFO_0000180,INDICATION,
CHEMBL4594257,EFO_0000764,INDICATION,
CHEMBL4594258,EFO_0004197,INDICATION,
CHEMBL4594258,EFO_0004239,INDICATION,
CHEMBL4594259,EFO_0000756,INDICATION,
CHEMBL4594259,MONDO_0007254,INDICATION,
CHEMBL4594259,MONDO_0008315,INDICATION,
CHEMBL4594259,MONDO_0010200,INDICATION,
CHEMBL4594260,EFO_0000616,INDICATION,
CHEMBL4594260,EFO_0000691,INDICATION,
CHEMBL4594260,EFO_0000702,INDICATION,
CHEMBL4594260,MONDO_0008315,INDICATION,
CHEMBL4594260,MONDO_0018906,INDICATION,
CHEMBL4594261,MONDO_0007254,INDICATION,
CHEMBL4594262,EFO_0000537,INDICATION,
CHEMBL4594265,EFO_0001421,INDICATION,
CHEMBL4594265,Orphanet_95157,INDICATION,
CHEMBL4594266,EFO_0000616,INDICATION,
CHEMBL4594267,EFO_0006788,INDICATION,
CHEMBL4594268,EFO_0006788,INDICATION,
CHEMBL4594269,MONDO_0004975,INDICATION,
CHEMBL4594269,MONDO_0005180,INDICATION,
CHEMBL4594269,MONDO_0010726,INDICATION,
CHEMBL4594270,EFO_1001496,INDICATION,
CHEMBL4594270,MONDO_0010526,INDICATION,
CHEMBL4594270,MONDO_0018150,INDICATION,
CHEMBL4594271,EFO_0005532,INDICATION,
CHEMBL4594271,MONDO_0019623,INDICATION,
CHEMBL4594272,EFO_0005532,INDICATION,
CHEMBL4594272,MONDO_0019623,INDICATION,
CHEMBL4594273,EFO_0003869,INDICATION,
CHEMBL4594273,EFO_0006861,INDICATION,
CHEMBL4594274,MONDO_0009061,INDICATION,
CHEMBL4594275,EFO_0000274,INDICATION,
CHEMBL4594275,EFO_0000403,INDICATION,
CHEMBL4594275,EFO_0005809,INDICATION,
CHEMBL4594275,EFO_1001469,INDICATION,
CHEMBL4594275,MONDO_0002334,INDICATION,
CHEMBL4594275,MONDO_0002406,INDICATION,
CHEMBL4594275,MONDO_0018906,INDICATION,
CHEMBL4594276,EFO_0005809,INDICATION,
CHEMBL4594276,MONDO_0002334,INDICATION,
CHEMBL4594277,EFO_0005252,INDICATION,
CHEMBL4594279,EFO_0000616,INDICATION,
CHEMBL4594280,EFO_0000616,INDICATION,
CHEMBL4594280,EFO_0000673,INDICATION,
CHEMBL4594280,MONDO_0008315,INDICATION,
CHEMBL4594280,MONDO_0021259,INDICATION,
CHEMBL4594281,EFO_0000616,INDICATION,
CHEMBL4594282,EFO_0000712,INDICATION,
CHEMBL4594282,MONDO_0005299,INDICATION,
CHEMBL4594283,EFO_0000712,INDICATION,
CHEMBL4594283,MONDO_0005299,INDICATION,
CHEMBL4594284,EFO_0000616,INDICATION,
CHEMBL4594284,EFO_0003060,INDICATION,
CHEMBL4594284,EFO_0005221,INDICATION,
CHEMBL4594284,EFO_0008528,INDICATION,
CHEMBL4594284,MONDO_0002367,INDICATION,
CHEMBL4594284,MONDO_0008315,INDICATION,
CHEMBL4594285,EFO_0000616,INDICATION,
CHEMBL4594285,EFO_0004683,INDICATION,
CHEMBL4594285,MONDO_0008315,INDICATION,
CHEMBL4594286,EFO_0000616,INDICATION,
CHEMBL4594287,EFO_0000341,INDICATION,
CHEMBL4594287,MONDO_0004979,INDICATION,
CHEMBL4594287,MONDO_0009061,INDICATION,
CHEMBL4594287,MONDO_0100096,INDICATION,
CHEMBL4594288,EFO_0000537,INDICATION,
CHEMBL4594289,EFO_0000764,INDICATION,
CHEMBL4594290,EFO_0000771,INDICATION,
CHEMBL4594290,EFO_1001141,INDICATION,
CHEMBL4594291,EFO_0000771,INDICATION,
CHEMBL4594292,EFO_0000616,INDICATION,
CHEMBL4594292,EFO_0003060,INDICATION,
CHEMBL4594293,EFO_0000095,INDICATION,
CHEMBL4594293,EFO_1001469,INDICATION,
CHEMBL4594294,EFO_0003843,INDICATION,
CHEMBL4594295,EFO_0003843,INDICATION,
CHEMBL4594296,EFO_0004683,INDICATION,
CHEMBL4594296,MONDO_0004975,INDICATION,
CHEMBL4594297,MONDO_0009061,INDICATION,
CHEMBL4594298,EFO_0000616,INDICATION,
CHEMBL4594298,EFO_0003968,INDICATION,
CHEMBL4594298,EFO_0005537,INDICATION,
CHEMBL4594298,MONDO_0007254,INDICATION,
CHEMBL4594299,EFO_0000616,INDICATION,
CHEMBL4594299,EFO_0003968,INDICATION,
CHEMBL4594299,MONDO_0007254,INDICATION,
CHEMBL4594300,MONDO_0004689,INDICATION,
CHEMBL4594300,MONDO_0009643,INDICATION,
CHEMBL4594301,EFO_0003843,INDICATION,
CHEMBL4594301,EFO_0009868,INDICATION,
CHEMBL4594304,EFO_0000407,INDICATION,
CHEMBL4594304,EFO_0003144,INDICATION,
CHEMBL4594305,EFO_0000384,INDICATION,
CHEMBL4594306,EFO_0000616,INDICATION,
CHEMBL4594306,MONDO_0004992,INDICATION,
CHEMBL4594307,Orphanet_364,INDICATION,
CHEMBL4594308,EFO_0006859,INDICATION,
CHEMBL4594308,MONDO_0004992,INDICATION,
CHEMBL4594308,MONDO_0008903,INDICATION,
CHEMBL4594309,EFO_0001378,INDICATION,
CHEMBL4594310,EFO_0000685,INDICATION,
CHEMBL4594310,EFO_0000699,INDICATION,
CHEMBL4594310,EFO_0000783,INDICATION,
CHEMBL4594310,EFO_0004991,INDICATION,
CHEMBL4594310,EFO_0005761,INDICATION,
CHEMBL4594310,EFO_1000868,INDICATION,
CHEMBL4594310,EFO_1000937,INDICATION,
CHEMBL4594310,EFO_1001264,INDICATION,
CHEMBL4594310,MONDO_0007915,INDICATION,
CHEMBL4594311,MONDO_0011382,INDICATION,
CHEMBL4594311,MONDO_0016486,INDICATION,
CHEMBL4594311,Orphanet_848,INDICATION,
CHEMBL4594312,MONDO_0009179,INDICATION,
CHEMBL4594314,EFO_1000906,INDICATION,
CHEMBL4594314,MONDO_0017612,INDICATION,
CHEMBL4594314,Orphanet_303,INDICATION,
CHEMBL4594315,MONDO_0010557,INDICATION,
CHEMBL4594316,EFO_0007292,INDICATION,
CHEMBL4594316,MONDO_0011382,INDICATION,
CHEMBL4594316,MONDO_0016244,INDICATION,
CHEMBL4594316,MONDO_0100244,INDICATION,
CHEMBL4594318,EFO_0000181,INDICATION,
CHEMBL4594318,EFO_0000764,INDICATION,
CHEMBL4594319,EFO_0000403,INDICATION,
CHEMBL4594319,MONDO_0002087,INDICATION,
CHEMBL4594319,MONDO_0002158,INDICATION,
CHEMBL4594319,MONDO_0007254,INDICATION,
CHEMBL4594319,MONDO_0008170,INDICATION,
CHEMBL4594320,MONDO_0002412,INDICATION,
CHEMBL4594320,MONDO_0009290,INDICATION,
CHEMBL4594320,Orphanet_365,INDICATION,
CHEMBL4594322,EFO_0001378,INDICATION,
CHEMBL4594322,MONDO_0004992,INDICATION,
CHEMBL4594326,EFO_0008525,INDICATION,
CHEMBL4594326,EFO_1000096,INDICATION,
CHEMBL4594326,MONDO_0009672,INDICATION,
CHEMBL4594326,MONDO_0009673,INDICATION,
CHEMBL4594327,MP_0001914,INDICATION,
CHEMBL4594328,EFO_1000692,INDICATION,
CHEMBL4594328,MONDO_0009179,INDICATION,
CHEMBL4594328,Orphanet_303,INDICATION,
CHEMBL4594329,MONDO_0002412,INDICATION,
CHEMBL4594329,MONDO_0009290,INDICATION,
CHEMBL4594329,Orphanet_365,INDICATION,
CHEMBL4594330,EFO_0004192,INDICATION,
CHEMBL4594330,EFO_0004610,INDICATION,
CHEMBL4594330,EFO_0005761,INDICATION,
CHEMBL4594330,EFO_0005809,INDICATION,
CHEMBL4594330,MONDO_0007915,INDICATION,
CHEMBL4594330,MONDO_0019558,INDICATION,
CHEMBL4594330,MONDO_0020122,INDICATION,
CHEMBL4594331,EFO_0000685,INDICATION,
CHEMBL4594331,EFO_0000699,INDICATION,
CHEMBL4594331,EFO_0005761,INDICATION,
CHEMBL4594331,EFO_0005809,INDICATION,
CHEMBL4594331,EFO_0007160,INDICATION,
CHEMBL4594332,MONDO_0005147,INDICATION,
CHEMBL4594333,Orphanet_43,INDICATION,
CHEMBL4594334,EFO_0004129,INDICATION,
CHEMBL4594334,EFO_1001875,INDICATION,
CHEMBL4594336,MONDO_0010679,INDICATION,
CHEMBL4594337,EFO_0000275,INDICATION,
CHEMBL4594337,MONDO_0002009,INDICATION,
CHEMBL4594338,MONDO_0002474,INDICATION,
CHEMBL4594338,MONDO_0009823,INDICATION,
CHEMBL4594339,EFO_0005681,INDICATION,
CHEMBL4594339,EFO_1001849,INDICATION,
CHEMBL4594340,EFO_1000025,INDICATION,
CHEMBL4594340,EFO_1001259,INDICATION,
CHEMBL4594342,MONDO_0018998,INDICATION,
CHEMBL4594344,EFO_0000616,INDICATION,
CHEMBL4594345,MONDO_0007254,INDICATION,
CHEMBL4594346,EFO_1000906,INDICATION,
CHEMBL4594347,Orphanet_365,INDICATION,
CHEMBL4594348,EFO_0000685,INDICATION,
CHEMBL4594348,MONDO_0007915,INDICATION,
CHEMBL4594350,EFO_0000616,INDICATION,
CHEMBL4594350,EFO_0002618,INDICATION,
CHEMBL4594350,EFO_0003060,INDICATION,
CHEMBL4594350,EFO_0009709,INDICATION,
CHEMBL4594350,EFO_1001951,INDICATION,
CHEMBL4594350,MONDO_0008903,INDICATION,
CHEMBL4594350,MONDO_0021063,INDICATION,
CHEMBL4594351,MONDO_0004975,INDICATION,
CHEMBL4594351,MONDO_0005180,INDICATION,
CHEMBL4594352,EFO_0000182,INDICATION,
CHEMBL4594352,EFO_0000616,INDICATION,
CHEMBL4594352,EFO_0000681,INDICATION,
CHEMBL4594353,EFO_0000564,INDICATION,
CHEMBL4594353,EFO_0000616,INDICATION,
CHEMBL4594353,EFO_1000026,INDICATION,
CHEMBL4594353,MONDO_0004992,INDICATION,
CHEMBL4594353,MONDO_0008170,INDICATION,
CHEMBL4594355,EFO_0000211,INDICATION,
CHEMBL4594355,EFO_0003060,INDICATION,
CHEMBL4594355,EFO_0007143,INDICATION,
CHEMBL4594355,EFO_1001938,INDICATION,
CHEMBL4594355,MONDO_0002974,INDICATION,
CHEMBL4594355,MONDO_0004992,INDICATION,
CHEMBL4594356,EFO_0000574,INDICATION,
CHEMBL4594356,EFO_0000756,INDICATION,
CHEMBL4594356,EFO_0004142,INDICATION,
CHEMBL4594357,EFO_0000095,INDICATION,
CHEMBL4594357,EFO_0000403,INDICATION,
CHEMBL4594357,EFO_0000616,INDICATION,
CHEMBL4594357,EFO_0000685,INDICATION,
CHEMBL4594357,EFO_0000699,INDICATION,
CHEMBL4594357,EFO_0000768,INDICATION,
CHEMBL4594357,EFO_0004719,INDICATION,
CHEMBL4594357,EFO_0005676,INDICATION,
CHEMBL4594357,EFO_0005761,INDICATION,
CHEMBL4594357,EFO_0005809,INDICATION,
CHEMBL4594357,EFO_0007160,INDICATION,
CHEMBL4594357,EFO_1000630,INDICATION,
CHEMBL4594357,EFO_1001264,INDICATION,
CHEMBL4594357,EFO_1001469,INDICATION,
CHEMBL4594357,MONDO_0005301,INDICATION,
CHEMBL4594357,MONDO_0007915,INDICATION,
CHEMBL4594357,MONDO_0018906,INDICATION,
CHEMBL4594360,EFO_0000616,INDICATION,
CHEMBL4594360,EFO_0005221,INDICATION,
CHEMBL4594360,MONDO_0021063,INDICATION,
CHEMBL4594362,EFO_0000616,INDICATION,
CHEMBL4594362,EFO_0003100,INDICATION,
CHEMBL4594362,EFO_1000026,INDICATION,
CHEMBL4594363,EFO_0002618,INDICATION,
CHEMBL4594363,MONDO_0005184,INDICATION,
CHEMBL4594364,EFO_0000616,INDICATION,
CHEMBL4594366,EFO_0005952,INDICATION,
CHEMBL4594367,EFO_0000621,INDICATION,
CHEMBL4594367,EFO_0000702,INDICATION,
CHEMBL4594367,EFO_0003060,INDICATION,
CHEMBL4594367,MONDO_0007254,INDICATION,
CHEMBL4594376,EFO_0005411,INDICATION,
CHEMBL4594376,MONDO_0005090,INDICATION,
CHEMBL4594377,EFO_1000906,INDICATION,
CHEMBL4594378,EFO_0000616,INDICATION,
CHEMBL4594379,MONDO_0005180,INDICATION,
CHEMBL4594380,EFO_1000948,INDICATION,
CHEMBL4594381,EFO_0001421,INDICATION,
CHEMBL4594381,EFO_0003086,INDICATION,
CHEMBL4594381,EFO_0004192,INDICATION,
CHEMBL4594382,EFO_0004192,INDICATION,
CHEMBL4594383,EFO_0004198,INDICATION,
CHEMBL4594383,MONDO_0005301,INDICATION,
CHEMBL4594384,MONDO_0024969,INDICATION,
CHEMBL4594385,EFO_0000274,INDICATION,
CHEMBL4594385,EFO_0000341,INDICATION,
CHEMBL4594385,MONDO_0004979,INDICATION,
CHEMBL4594385,MONDO_0100096,INDICATION,
CHEMBL4594386,EFO_0001073,INDICATION,
CHEMBL4594387,EFO_1000906,INDICATION,
CHEMBL4594388,EFO_0000544,INDICATION,
CHEMBL4594388,EFO_0007243,INDICATION,
CHEMBL4594389,EFO_0003095,INDICATION,
CHEMBL4594390,EFO_0000702,INDICATION,
CHEMBL4594390,EFO_0003060,INDICATION,
CHEMBL4594390,MONDO_0021117,INDICATION,
CHEMBL4594391,EFO_0000616,INDICATION,
CHEMBL4594392,EFO_0000616,INDICATION,
CHEMBL4594392,MONDO_0004992,INDICATION,
CHEMBL4594396,EFO_0000222,INDICATION,
CHEMBL4594400,EFO_0000616,INDICATION,
CHEMBL4594401,EFO_0000198,INDICATION,
CHEMBL4594401,EFO_0001421,INDICATION,
CHEMBL4594401,EFO_0007160,INDICATION,
CHEMBL4594401,MONDO_0007254,INDICATION,
CHEMBL4594402,EFO_0000555,INDICATION,
CHEMBL4594403,MONDO_0002050,INDICATION,
CHEMBL4594404,EFO_0000544,INDICATION,
CHEMBL4594404,EFO_0000771,INDICATION,
CHEMBL4594404,MONDO_0021679,INDICATION,
CHEMBL4594405,EFO_0000574,INDICATION,
CHEMBL4594405,MONDO_0019471,INDICATION,
CHEMBL4594406,EFO_0000616,INDICATION,
CHEMBL4594406,EFO_0000673,INDICATION,
CHEMBL4594406,EFO_0001663,INDICATION,
CHEMBL4594406,EFO_0003863,INDICATION,
CHEMBL4594406,MONDO_0008315,INDICATION,
CHEMBL4594406,MONDO_0021259,INDICATION,
CHEMBL4594407,EFO_0004616,INDICATION,
CHEMBL4594407,MONDO_0005178,INDICATION,
CHEMBL4594410,EFO_0000275,INDICATION,
CHEMBL4594412,EFO_0000616,INDICATION,
CHEMBL4594414,EFO_0000694,INDICATION,
CHEMBL4594414,MONDO_0100096,INDICATION,
CHEMBL4594417,EFO_0000694,INDICATION,
CHEMBL4594417,MONDO_0007254,INDICATION,
CHEMBL4594417,MONDO_0008315,INDICATION,
CHEMBL4594417,MONDO_0100096,INDICATION,
CHEMBL4594419,EFO_0000401,INDICATION,
CHEMBL4594419,EFO_0000536,INDICATION,
CHEMBL4594419,MONDO_0004992,INDICATION,
CHEMBL4594419,MONDO_0005184,INDICATION,
CHEMBL4594420,EFO_0000095,INDICATION,
CHEMBL4594420,EFO_0000198,INDICATION,
CHEMBL4594420,EFO_0000222,INDICATION,
CHEMBL4594420,EFO_0000616,INDICATION,
CHEMBL4594421,EFO_0000616,INDICATION,
CHEMBL4594421,MONDO_0008315,INDICATION,
CHEMBL4594421,MONDO_0100096,INDICATION,
CHEMBL4594422,MONDO_0005090,INDICATION,
CHEMBL4594423,EFO_0000174,INDICATION,
CHEMBL4594423,EFO_0001376,INDICATION,
CHEMBL4594423,EFO_0003085,INDICATION,
CHEMBL4594424,EFO_1000948,INDICATION,
CHEMBL4594425,EFO_0000544,INDICATION,
CHEMBL4594426,EFO_0007211,INDICATION,
CHEMBL4594427,EFO_0000182,INDICATION,
CHEMBL4594428,EFO_0000616,INDICATION,
CHEMBL4594429,EFO_0000519,INDICATION,
CHEMBL4594429,EFO_0003060,INDICATION,
CHEMBL4594430,MONDO_0044970,INDICATION,
CHEMBL4594430,Orphanet_550,INDICATION,
CHEMBL4594431,MONDO_0007254,INDICATION,
CHEMBL4594432,EFO_0000616,INDICATION,
CHEMBL4594432,MONDO_0004992,INDICATION,
CHEMBL4594434,EFO_0000676,INDICATION,
CHEMBL4594434,EFO_1001051,INDICATION,
CHEMBL4594436,MONDO_0001056,INDICATION,
CHEMBL4594438,EFO_0000180,INDICATION,
CHEMBL4594438,EFO_0000763,INDICATION,
CHEMBL4594438,EFO_0000764,INDICATION,
CHEMBL4594440,EFO_0001361,INDICATION,
CHEMBL4594441,EFO_0000274,INDICATION,
CHEMBL4594442,EFO_0003060,INDICATION,
CHEMBL4594442,MONDO_0004992,INDICATION,
CHEMBL4594442,MONDO_0008315,INDICATION,
CHEMBL4594444,EFO_0003144,INDICATION,
CHEMBL4594445,EFO_0000337,INDICATION,
CHEMBL4594445,EFO_0003948,INDICATION,
CHEMBL4594445,EFO_1001095,INDICATION,
CHEMBL4594446,EFO_0004274,INDICATION,
CHEMBL4594446,EFO_0009104,INDICATION,
CHEMBL4594447,MONDO_0005180,INDICATION,
CHEMBL4594448,EFO_0001365,INDICATION,
CHEMBL4594448,EFO_0001421,INDICATION,
CHEMBL4594448,EFO_0004194,INDICATION,
CHEMBL4594448,EFO_0004254,INDICATION,
CHEMBL4594448,EFO_0005761,INDICATION,
CHEMBL4594448,MONDO_0002462,INDICATION,
CHEMBL4594448,MONDO_0016244,INDICATION,
CHEMBL4594448,MONDO_0018904,INDICATION,
CHEMBL4594448,MONDO_0100244,INDICATION,
CHEMBL4594449,EFO_0000616,INDICATION,
CHEMBL4594450,EFO_0003843,INDICATION,
CHEMBL4594452,EFO_0000519,INDICATION,
CHEMBL4594452,EFO_0005543,INDICATION,
CHEMBL4594452,MONDO_0100342,INDICATION,
CHEMBL4594453,EFO_0004239,INDICATION,
CHEMBL4594454,MONDO_0005321,INDICATION,
CHEMBL4594455,EFO_0000349,INDICATION,
CHEMBL4594455,EFO_0000681,INDICATION,
CHEMBL4594456,EFO_0000182,INDICATION,
CHEMBL4594456,EFO_0000211,INDICATION,
CHEMBL4594456,EFO_0000349,INDICATION,
CHEMBL4594456,EFO_0000519,INDICATION,
CHEMBL4594456,EFO_0000616,INDICATION,
CHEMBL4594456,EFO_0000681,INDICATION,
CHEMBL4594456,EFO_0000756,INDICATION,
CHEMBL4594456,EFO_0001061,INDICATION,
CHEMBL4594456,EFO_0001416,INDICATION,
CHEMBL4594456,EFO_0002618,INDICATION,
CHEMBL4594456,EFO_0003060,INDICATION,
CHEMBL4594456,EFO_0004252,INDICATION,
CHEMBL4594456,EFO_0005922,INDICATION,
CHEMBL4594456,EFO_1000657,INDICATION,
CHEMBL4594456,EFO_1001951,INDICATION,
CHEMBL4594456,EFO_1001961,INDICATION,
CHEMBL4594456,EFO_1001968,INDICATION,
CHEMBL4594456,MONDO_0001056,INDICATION,
CHEMBL4594456,MONDO_0002974,INDICATION,
CHEMBL4594456,MONDO_0003060,INDICATION,
CHEMBL4594456,MONDO_0004992,INDICATION,
CHEMBL4594456,MONDO_0008170,INDICATION,
CHEMBL4594456,MONDO_0008903,INDICATION,
CHEMBL4594456,MONDO_0044937,INDICATION,
CHEMBL4594457,EFO_0001365,INDICATION,
CHEMBL4594457,EFO_1001492,INDICATION,
CHEMBL4594458,EFO_0000668,INDICATION,
CHEMBL4594459,EFO_0000616,INDICATION,
CHEMBL4594459,EFO_0004239,INDICATION,
CHEMBL4594459,EFO_1000359,INDICATION,
CHEMBL4594459,MONDO_0004992,INDICATION,
CHEMBL4594460,EFO_0004194,INDICATION,
CHEMBL4594460,EFO_0005809,INDICATION,
CHEMBL4594460,MONDO_0004976,INDICATION,
CHEMBL4594460,MONDO_0005147,INDICATION,
CHEMBL4594461,EFO_0003756,INDICATION,
CHEMBL4594461,EFO_0003758,INDICATION,
CHEMBL4594461,EFO_0004238,INDICATION,
CHEMBL4594461,EFO_0007216,INDICATION,
CHEMBL4594461,EFO_1000632,INDICATION,
CHEMBL4594461,MONDO_0004933,INDICATION,
CHEMBL4594461,MONDO_0005299,INDICATION,
CHEMBL4594461,MONDO_0019091,INDICATION,
CHEMBL4594461,MONDO_0043510,INDICATION,
CHEMBL4594462,EFO_0000349,INDICATION,
CHEMBL4594462,EFO_0000616,INDICATION,
CHEMBL4594462,EFO_0003893,INDICATION,
CHEMBL4594462,EFO_0004194,INDICATION,
CHEMBL4594462,EFO_0008528,INDICATION,
CHEMBL4594462,MONDO_0002715,INDICATION,
CHEMBL4594462,MONDO_0008170,INDICATION,
CHEMBL4594463,EFO_0000616,INDICATION,
CHEMBL4594463,EFO_0007187,INDICATION,
CHEMBL4594463,MONDO_0100096,INDICATION,
CHEMBL4594464,EFO_0000181,INDICATION,
CHEMBL4594464,EFO_0000616,INDICATION,
CHEMBL4594465,EFO_0000095,INDICATION,
CHEMBL4594465,EFO_0009441,INDICATION,
CHEMBL4594466,EFO_0003095,INDICATION,
CHEMBL4594466,EFO_0004211,INDICATION,
CHEMBL4594466,EFO_1001249,INDICATION,
CHEMBL4594467,EFO_0000676,INDICATION,
CHEMBL4594470,EFO_0000313,INDICATION,
CHEMBL4594470,EFO_0000519,INDICATION,
CHEMBL4594470,EFO_0000681,INDICATION,
CHEMBL4594472,EFO_0003060,INDICATION,
CHEMBL4594473,EFO_0007224,INDICATION,
CHEMBL4594474,EFO_0000222,INDICATION,
CHEMBL4594475,EFO_0003144,INDICATION,
CHEMBL4594476,EFO_0005952,INDICATION,
CHEMBL4594477,MONDO_0004979,INDICATION,
CHEMBL4594478,MONDO_0001187,INDICATION,
CHEMBL4594479,EFO_0000181,INDICATION,
CHEMBL4594479,EFO_0000182,INDICATION,
CHEMBL4594479,EFO_0000199,INDICATION,
CHEMBL4594479,MONDO_0007254,INDICATION,
CHEMBL4594479,MONDO_0024475,INDICATION,
CHEMBL4594480,EFO_0000571,INDICATION,
CHEMBL4594480,EFO_0002618,INDICATION,
CHEMBL4594480,EFO_0003060,INDICATION,
CHEMBL4594481,MONDO_0004992,INDICATION,
CHEMBL4594483,EFO_0000389,INDICATION,
CHEMBL4594483,EFO_0000616,INDICATION,
CHEMBL4594483,EFO_0000691,INDICATION,
CHEMBL4594483,EFO_0000756,INDICATION,
CHEMBL4594483,EFO_0001376,INDICATION,
CHEMBL4594483,EFO_0002617,INDICATION,
CHEMBL4594483,EFO_0009709,INDICATION,
CHEMBL4594483,EFO_1001968,INDICATION,
CHEMBL4594483,MONDO_0002087,INDICATION,
CHEMBL4594483,MONDO_0002158,INDICATION,
CHEMBL4594483,MONDO_0004992,INDICATION,
CHEMBL4594483,MONDO_0008170,INDICATION,
CHEMBL4594483,MONDO_0008315,INDICATION,
CHEMBL4594483,MONDO_0008903,INDICATION,
CHEMBL4594484,MONDO_0004992,INDICATION,
CHEMBL4594485,EFO_0000519,INDICATION,
CHEMBL4594485,EFO_0002618,INDICATION,
CHEMBL4594486,MONDO_0008315,INDICATION,
CHEMBL4594487,EFO_0000756,INDICATION,
CHEMBL4594488,EFO_0004253,INDICATION,
CHEMBL4594490,MONDO_0002492,INDICATION,
CHEMBL4594491,EFO_0004212,INDICATION,
CHEMBL4594492,EFO_0004129,INDICATION,
CHEMBL4594493,EFO_0000694,INDICATION,
CHEMBL4594493,MONDO_0100096,INDICATION,
CHEMBL4594494,MONDO_0007254,INDICATION,
CHEMBL4594495,EFO_1001951,INDICATION,
CHEMBL4594496,EFO_0001378,INDICATION,
CHEMBL4594497,EFO_0003966,INDICATION,
CHEMBL4594497,MONDO_0018998,INDICATION,
CHEMBL4594499,MONDO_0005184,INDICATION,
CHEMBL4594501,EFO_0003888,INDICATION,
CHEMBL4594503,EFO_0001378,INDICATION,
CHEMBL4594503,EFO_0001642,INDICATION,
CHEMBL4594504,EFO_0001062,INDICATION,
CHEMBL4594505,EFO_0001378,INDICATION,
CHEMBL4594505,EFO_0001642,INDICATION,
CHEMBL4594505,MONDO_0004992,INDICATION,
CHEMBL4594507,EFO_0000616,INDICATION,
CHEMBL4594507,MONDO_0007037,INDICATION,
CHEMBL4594508,EFO_0000403,INDICATION,
CHEMBL4594508,EFO_1001469,INDICATION,
CHEMBL4594508,MONDO_0018906,INDICATION,
CHEMBL4594510,EFO_0000180,INDICATION,
CHEMBL4594510,EFO_0000764,INDICATION,
CHEMBL4594510,EFO_0000765,INDICATION,
CHEMBL4594511,EFO_0004129,INDICATION,
CHEMBL4594511,EFO_0009562,INDICATION,
CHEMBL4594511,EFO_1001875,INDICATION,
CHEMBL4594512,EFO_0007545,INDICATION,
CHEMBL4594513,EFO_0000181,INDICATION,
CHEMBL4594513,EFO_0000305,INDICATION,
CHEMBL4594513,EFO_1001972,INDICATION,
CHEMBL4594514,EFO_0000616,INDICATION,
CHEMBL4594516,EFO_0006859,INDICATION,
CHEMBL4594516,MONDO_0004992,INDICATION,
CHEMBL4594516,MONDO_0007254,INDICATION,
CHEMBL4594517,EFO_0002618,INDICATION,
CHEMBL4594517,EFO_0006859,INDICATION,
CHEMBL4594517,MONDO_0004992,INDICATION,
CHEMBL4594517,MONDO_0007254,INDICATION,
CHEMBL4594518,EFO_0000616,INDICATION,
CHEMBL4594518,EFO_0004616,INDICATION,
CHEMBL4594518,EFO_1000710,INDICATION,
CHEMBL4594518,MONDO_0005178,INDICATION,
CHEMBL4594519,EFO_0000616,INDICATION,
CHEMBL4594519,EFO_0003060,INDICATION,
CHEMBL4594519,EFO_0005952,INDICATION,
CHEMBL4594519,MONDO_0007254,INDICATION,
CHEMBL4594520,EFO_0001378,INDICATION,
CHEMBL4594521,EFO_0000198,INDICATION,
CHEMBL4594521,EFO_0000222,INDICATION,
CHEMBL4594522,EFO_0000220,INDICATION,
CHEMBL4594522,EFO_0000616,INDICATION,
CHEMBL4594522,EFO_0000702,INDICATION,
CHEMBL4594522,MONDO_0008315,INDICATION,
CHEMBL4594522,MONDO_0100342,INDICATION,
CHEMBL4594524,EFO_0000616,INDICATION,
CHEMBL4594525,EFO_0000222,INDICATION,
CHEMBL4594526,EFO_0007496,INDICATION,
CHEMBL4594527,EFO_0000404,INDICATION,
CHEMBL4594527,EFO_0000616,INDICATION,
CHEMBL4594529,EFO_0000756,INDICATION,
CHEMBL4594530,EFO_0003893,INDICATION,
CHEMBL4594531,EFO_0000095,INDICATION,
CHEMBL4594531,EFO_0000403,INDICATION,
CHEMBL4594531,EFO_0005952,INDICATION,
CHEMBL4594532,MONDO_0007915,INDICATION,
CHEMBL4594533,EFO_1000783,INDICATION,
CHEMBL4594533,MONDO_0005147,INDICATION,
CHEMBL4594535,EFO_0000182,INDICATION,
CHEMBL4594535,EFO_0000183,INDICATION,
CHEMBL4594535,EFO_0000503,INDICATION,
CHEMBL4594535,EFO_0000574,INDICATION,
CHEMBL4594535,EFO_0000616,INDICATION,
CHEMBL4594535,EFO_0000702,INDICATION,
CHEMBL4594535,EFO_0003060,INDICATION,
CHEMBL4594535,MONDO_0004992,INDICATION,
CHEMBL4594535,MONDO_0019472,INDICATION,
CHEMBL4594536,EFO_0000182,INDICATION,
CHEMBL4594536,EFO_0000574,INDICATION,
CHEMBL4594536,EFO_0000616,INDICATION,
CHEMBL4594536,MONDO_0004992,INDICATION,
CHEMBL4594537,MONDO_0010674,INDICATION,
CHEMBL4594538,EFO_0003060,INDICATION,
CHEMBL4594539,EFO_0003843,INDICATION,
CHEMBL4594540,MONDO_0008315,INDICATION,
CHEMBL4594542,EFO_1001345,INDICATION,
CHEMBL4594542,MONDO_0013730,INDICATION,
CHEMBL4594542,MONDO_0100096,INDICATION,
CHEMBL4594544,EFO_0000681,INDICATION,
CHEMBL4594544,EFO_0003060,INDICATION,
CHEMBL4594544,MONDO_0004992,INDICATION,
CHEMBL4594545,MONDO_0007254,INDICATION,
CHEMBL4594545,MONDO_0008170,INDICATION,
CHEMBL4594545,MONDO_0011962,INDICATION,
CHEMBL4594546,EFO_0000274,INDICATION,
CHEMBL4594547,EFO_0003929,INDICATION,
CHEMBL4594547,MONDO_0005147,INDICATION,
CHEMBL4594547,MONDO_0005301,INDICATION,
CHEMBL4594548,EFO_0000616,INDICATION,
CHEMBL4594549,EFO_0000181,INDICATION,
CHEMBL4594549,EFO_0000182,INDICATION,
CHEMBL4594549,EFO_0000616,INDICATION,
CHEMBL4594549,EFO_0000702,INDICATION,
CHEMBL4594549,EFO_0003060,INDICATION,
CHEMBL4594549,EFO_0004252,INDICATION,
CHEMBL4594549,EFO_0005922,INDICATION,
CHEMBL4594549,EFO_1001951,INDICATION,
CHEMBL4594550,EFO_0000181,INDICATION,
CHEMBL4594550,EFO_0000182,INDICATION,
CHEMBL4594550,EFO_0000503,INDICATION,
CHEMBL4594550,EFO_0000571,INDICATION,
CHEMBL4594550,EFO_0000616,INDICATION,
CHEMBL4594550,EFO_0000681,INDICATION,
CHEMBL4594550,EFO_0000702,INDICATION,
CHEMBL4594550,EFO_0003060,INDICATION,
CHEMBL4594550,EFO_0004252,INDICATION,
CHEMBL4594550,EFO_0005922,INDICATION,
CHEMBL4594550,EFO_1001951,INDICATION,
CHEMBL4594550,MONDO_0001056,INDICATION,
CHEMBL4594550,MONDO_0002120,INDICATION,
CHEMBL4594550,MONDO_0002974,INDICATION,
CHEMBL4594550,MONDO_0007254,INDICATION,
CHEMBL4594550,MONDO_0021063,INDICATION,
CHEMBL4594551,EFO_0000519,INDICATION,
CHEMBL4594552,EFO_0000616,INDICATION,
CHEMBL4594553,EFO_0000198,INDICATION,
CHEMBL4594553,EFO_0000222,INDICATION,
CHEMBL4594553,MONDO_0004992,INDICATION,
CHEMBL4594554,EFO_0004911,INDICATION,
CHEMBL4594554,MONDO_0018328,INDICATION,
CHEMBL4594555,MONDO_0005147,INDICATION,
CHEMBL4594556,EFO_0000222,INDICATION,
CHEMBL4594557,EFO_0000389,INDICATION,
CHEMBL4594557,EFO_0000681,INDICATION,
CHEMBL4594557,EFO_0000756,INDICATION,
CHEMBL4594557,MONDO_0007254,INDICATION,
CHEMBL4594558,EFO_0000519,INDICATION,
CHEMBL4594558,EFO_0000616,INDICATION,
CHEMBL4594558,EFO_0000707,INDICATION,
CHEMBL4594558,EFO_0006859,INDICATION,
CHEMBL4594559,EFO_0000616,INDICATION,
CHEMBL4594559,EFO_0000756,INDICATION,
CHEMBL4594559,EFO_0006859,INDICATION,
CHEMBL4594559,EFO_0008528,INDICATION,
CHEMBL4594559,MONDO_0011962,INDICATION,
CHEMBL4594560,EFO_0000180,INDICATION,
CHEMBL4594560,EFO_0000182,INDICATION,
CHEMBL4594560,EFO_0000519,INDICATION,
CHEMBL4594560,EFO_0007243,INDICATION,
CHEMBL4594560,EFO_0008528,INDICATION,
CHEMBL4594560,MONDO_0004992,INDICATION,
CHEMBL4594561,EFO_0000095,INDICATION,
CHEMBL4594561,EFO_0000616,INDICATION,
CHEMBL4594562,EFO_0002618,INDICATION,
CHEMBL4594562,EFO_1001951,INDICATION,
CHEMBL4594563,EFO_0001073,INDICATION,
CHEMBL4594564,EFO_0000384,INDICATION,
CHEMBL4594564,EFO_0004192,INDICATION,
CHEMBL4594565,MONDO_0010674,INDICATION,
CHEMBL4594566,EFO_0004911,INDICATION,
CHEMBL4594566,MONDO_0004992,INDICATION,
CHEMBL4594566,MONDO_0021187,INDICATION,
CHEMBL4594566,Orphanet_79211,INDICATION,
CHEMBL4594567,EFO_0000274,INDICATION,
CHEMBL4594567,EFO_0000729,INDICATION,
CHEMBL4594568,EFO_0000616,INDICATION,
CHEMBL4594568,MONDO_0001056,INDICATION,
CHEMBL4594568,MONDO_0007254,INDICATION,
CHEMBL4594569,EFO_0000274,INDICATION,
CHEMBL4594569,EFO_0000540,INDICATION,
CHEMBL4594569,EFO_0005809,INDICATION,
CHEMBL4594569,MONDO_0004979,INDICATION,
CHEMBL4594570,EFO_0000616,INDICATION,
CHEMBL4594571,EFO_1001050,INDICATION,
CHEMBL4594571,MONDO_0005180,INDICATION,
CHEMBL4594573,EFO_0000401,INDICATION,
CHEMBL4594573,EFO_0005762,INDICATION,
CHEMBL4594573,MONDO_0005178,INDICATION,
CHEMBL4594574,EFO_0000616,INDICATION,
CHEMBL4594575,EFO_0000198,INDICATION,
CHEMBL4594575,EFO_0000222,INDICATION,
CHEMBL4594575,EFO_0000519,INDICATION,
CHEMBL4594575,EFO_0000616,INDICATION,
CHEMBL4594575,EFO_0005809,INDICATION,
CHEMBL4594575,EFO_1001779,INDICATION,
CHEMBL4594575,MONDO_0004992,INDICATION,
CHEMBL4594575,MONDO_0044903,INDICATION,
CHEMBL4594576,EFO_0000616,INDICATION,
CHEMBL4594576,EFO_0003060,INDICATION,
CHEMBL4594576,MONDO_0007254,INDICATION,
CHEMBL4594576,MONDO_0008315,INDICATION,
CHEMBL4594577,EFO_0000616,INDICATION,
CHEMBL4594578,EFO_0000181,INDICATION,
CHEMBL4594578,EFO_0000182,INDICATION,
CHEMBL4594578,EFO_1001512,INDICATION,
CHEMBL4594578,MONDO_0001056,INDICATION,
CHEMBL4594578,MONDO_0003060,INDICATION,
CHEMBL4594578,MONDO_0007254,INDICATION,
CHEMBL4594579,EFO_0001378,INDICATION,
CHEMBL4594579,EFO_0003086,INDICATION,
CHEMBL4594579,EFO_0004194,INDICATION,
CHEMBL4594579,EFO_0004254,INDICATION,
CHEMBL4594579,MONDO_0002462,INDICATION,
CHEMBL4594579,MONDO_0007915,INDICATION,
CHEMBL4594580,MONDO_0004992,INDICATION,
CHEMBL4594581,EFO_0000400,INDICATION,
CHEMBL4594581,MONDO_0005148,INDICATION,
CHEMBL4594582,EFO_0000616,INDICATION,
CHEMBL4594583,EFO_1001176,INDICATION,
CHEMBL4594584,MONDO_0010602,INDICATION,
CHEMBL4594586,EFO_0000764,INDICATION,
CHEMBL4594586,EFO_0000765,INDICATION,
CHEMBL4594587,MONDO_0009061,INDICATION,
CHEMBL4594589,EFO_0000464,INDICATION,
CHEMBL4594590,EFO_0000181,INDICATION,
CHEMBL4594590,EFO_0000616,INDICATION,
CHEMBL4594590,EFO_0003060,INDICATION,
CHEMBL4594590,EFO_0005741,INDICATION,
CHEMBL4594590,EFO_0007455,INDICATION,
CHEMBL4594590,EFO_1001465,INDICATION,
CHEMBL4594590,MONDO_0100096,INDICATION,
CHEMBL4594591,MONDO_0004992,INDICATION,
CHEMBL4594592,MONDO_0100096,INDICATION,
CHEMBL4594593,MONDO_0100096,INDICATION,
CHEMBL4594594,EFO_0000274,INDICATION,
CHEMBL4594594,EFO_0000341,INDICATION,
CHEMBL4594594,MONDO_0004979,INDICATION,
CHEMBL4594595,EFO_0000616,INDICATION,
CHEMBL4594595,EFO_0003893,INDICATION,
CHEMBL4594595,MONDO_0002158,INDICATION,
CHEMBL4594595,MONDO_0008170,INDICATION,
CHEMBL4594596,EFO_0003060,INDICATION,
CHEMBL4594597,EFO_0000616,INDICATION,
CHEMBL4594597,MONDO_0008315,INDICATION,
CHEMBL4594598,MONDO_0010604,INDICATION,
CHEMBL4594598,MONDO_0018660,INDICATION,
CHEMBL4594599,EFO_0009706,INDICATION,
CHEMBL4594599,MONDO_0005147,INDICATION,
CHEMBL4594600,EFO_0003144,INDICATION,
CHEMBL4594600,EFO_1001207,INDICATION,
CHEMBL4594601,EFO_0000222,INDICATION,
CHEMBL4594601,EFO_0000616,INDICATION,
CHEMBL4594602,EFO_0000616,INDICATION,
CHEMBL4594602,EFO_0005922,INDICATION,
CHEMBL4594603,MONDO_0010602,INDICATION,
CHEMBL4594604,EFO_0000096,INDICATION,
CHEMBL4594604,EFO_0000403,INDICATION,
CHEMBL4594605,MONDO_0010602,INDICATION,
CHEMBL4594606,EFO_0004286,INDICATION,
CHEMBL4594607,MONDO_0011382,INDICATION,
CHEMBL4594607,MONDO_0018896,INDICATION,
CHEMBL4594607,MONDO_0019740,INDICATION,
CHEMBL4594608,EFO_0000183,INDICATION,
CHEMBL4594608,EFO_0000616,INDICATION,
CHEMBL4594608,EFO_0005221,INDICATION,
CHEMBL4594608,EFO_0005537,INDICATION,
CHEMBL4594608,EFO_0009448,INDICATION,
CHEMBL4594608,EFO_0009709,INDICATION,
CHEMBL4594608,MONDO_0020547,INDICATION,
CHEMBL4594609,EFO_0004286,INDICATION,
CHEMBL4594609,MONDO_0021661,INDICATION,
CHEMBL4594610,MONDO_0004992,INDICATION,
CHEMBL4594611,EFO_0000616,INDICATION,
CHEMBL4594611,EFO_0003060,INDICATION,
CHEMBL4594611,MONDO_0007254,INDICATION,
CHEMBL4594612,MONDO_0004975,INDICATION,
CHEMBL4594612,MONDO_0019037,INDICATION,
CHEMBL4594613,EFO_0007328,INDICATION,
CHEMBL4594614,EFO_0004194,INDICATION,
CHEMBL4594615,EFO_0000216,INDICATION,
CHEMBL4594615,MONDO_0005184,INDICATION,
CHEMBL4594615,Orphanet_145,INDICATION,
CHEMBL4594616,EFO_0000544,INDICATION,
CHEMBL4594617,EFO_0000616,INDICATION,
CHEMBL4594617,EFO_0000673,INDICATION,
CHEMBL4594617,EFO_0005809,INDICATION,
CHEMBL4594617,EFO_0006772,INDICATION,
CHEMBL4594617,EFO_1000657,INDICATION,
CHEMBL4594617,EFO_1001951,INDICATION,
CHEMBL4594617,MONDO_0003060,INDICATION,
CHEMBL4594617,MONDO_0008315,INDICATION,
CHEMBL4594617,MONDO_0021063,INDICATION,
CHEMBL4594618,EFO_0000095,INDICATION,
CHEMBL4594618,EFO_0000220,INDICATION,
CHEMBL4594618,EFO_0000616,INDICATION,
CHEMBL4594618,EFO_0001642,INDICATION,
CHEMBL4594618,EFO_1001469,INDICATION,
CHEMBL4594619,EFO_0001645,INDICATION,
CHEMBL4594730,EFO_0000616,INDICATION,
CHEMBL4594730,EFO_0000673,INDICATION,
CHEMBL4594730,EFO_0001663,INDICATION,
CHEMBL4594730,EFO_0003863,INDICATION,
CHEMBL4594730,MONDO_0008315,INDICATION,
CHEMBL4594730,MONDO_0021259,INDICATION,
CHEMBL459505,EFO_0000676,INDICATION,
CHEMBL459505,EFO_0003894,INDICATION,
CHEMBL459505,MP_0001845,INDICATION,
CHEMBL4596392,EFO_0000540,INDICATION,
CHEMBL4596392,EFO_0000676,INDICATION,
CHEMBL4596392,EFO_0000729,INDICATION,
CHEMBL4596392,EFO_0003086,INDICATION,
CHEMBL4596392,EFO_0003778,INDICATION,
CHEMBL4596392,EFO_0003834,INDICATION,
CHEMBL4596392,EFO_0004192,INDICATION,
CHEMBL4596392,EFO_0005761,INDICATION,
CHEMBL4596392,MONDO_0007915,INDICATION,
CHEMBL4596392,MP_0001845,INDICATION,
CHEMBL4596566,MONDO_0002279,INDICATION,
CHEMBL4596566,MONDO_0011382,INDICATION,
CHEMBL4596566,Orphanet_848,INDICATION,
CHEMBL4597193,EFO_0000574,INDICATION,
CHEMBL4597193,MONDO_0007254,INDICATION,
CHEMBL4597193,MONDO_0019471,INDICATION,
CHEMBL4597200,EFO_0000198,INDICATION,
CHEMBL4597200,EFO_0000222,INDICATION,
CHEMBL4597200,EFO_0000274,INDICATION,
CHEMBL4597200,EFO_0000676,INDICATION,
CHEMBL4597200,EFO_0001365,INDICATION,
CHEMBL4597200,EFO_0007147,INDICATION,
CHEMBL4597200,MONDO_0004907,INDICATION,
CHEMBL46,EFO_0000096,INDICATION,
CHEMBL46,EFO_0000474,CONTRAINDICATION,
CHEMBL46,EFO_0000555,INDICATION,
CHEMBL46,EFO_0000691,INDICATION,
CHEMBL46,EFO_0000764,INDICATION,
CHEMBL46,EFO_0001061,INDICATION,
CHEMBL46,EFO_0002610,INDICATION,
CHEMBL46,EFO_0002618,INDICATION,
CHEMBL46,EFO_0003768,INDICATION,
CHEMBL46,EFO_0003843,INDICATION,
CHEMBL46,EFO_0003869,INDICATION,
CHEMBL46,EFO_0004242,INDICATION,
CHEMBL46,EFO_0004701,INDICATION,
CHEMBL46,EFO_0004888,INDICATION,
CHEMBL46,EFO_0005251,INDICATION,
CHEMBL46,EFO_0005307,CONTRAINDICATION,
CHEMBL46,EFO_0005611,INDICATION,
CHEMBL46,EFO_0005762,INDICATION,
CHEMBL46,EFO_0005774,INDICATION,
CHEMBL46,EFO_0005952,INDICATION,
CHEMBL46,EFO_0006911,INDICATION,
CHEMBL46,EFO_0006912,INDICATION,
CHEMBL46,EFO_0007386,INDICATION,
CHEMBL46,EFO_0011023,INDICATION,
CHEMBL46,EFO_1000948,INDICATION,
CHEMBL46,EFO_1000971,OFF_LABEL_USE,
CHEMBL46,EFO_1001463,INDICATION,
CHEMBL46,MONDO_0002046,INDICATION,
CHEMBL46,MONDO_0004992,INDICATION,
CHEMBL46,MONDO_0005090,INDICATION,
CHEMBL46,MONDO_0007079,INDICATION,
CHEMBL46,MONDO_0007254,INDICATION,
CHEMBL46,MONDO_0019171,CONTRAINDICATION,
CHEMBL46,MONDO_0021148,INDICATION,
CHEMBL46,MONDO_0043510,INDICATION,
CHEMBL46,MONDO_0100192,CONTRAINDICATION,
CHEMBL46,MONDO_0100342,INDICATION,
CHEMBL46,Orphanet_79292,INDICATION,
CHEMBL460,EFO_0000474,CONTRAINDICATION,
CHEMBL460,EFO_0003833,CONTRAINDICATION,
CHEMBL460,EFO_0003888,INDICATION,
CHEMBL460,EFO_0005407,INDICATION,
CHEMBL460,EFO_0007319,CONTRAINDICATION,
CHEMBL460,EFO_1001379,CONTRAINDICATION,
CHEMBL460,MONDO_0005090,INDICATION,
CHEMBL460,MONDO_0021095,CONTRAINDICATION,
CHEMBL460026,EFO_0000319,INDICATION,
CHEMBL460026,EFO_0000339,INDICATION,
CHEMBL460026,EFO_0000400,CONTRAINDICATION,
CHEMBL460026,EFO_0000432,INDICATION,
CHEMBL460026,EFO_0000474,INDICATION,
CHEMBL460026,EFO_0000565,INDICATION,
CHEMBL460026,EFO_0000673,INDICATION,
CHEMBL460026,EFO_0000685,INDICATION,
CHEMBL460026,EFO_0000729,CONTRAINDICATION,
CHEMBL460026,EFO_0001073,INDICATION,
CHEMBL460026,EFO_0001378,INDICATION,
CHEMBL460026,EFO_0001421,INDICATION,
CHEMBL460026,EFO_0001645,INDICATION,
CHEMBL460026,EFO_0003086,INDICATION,
CHEMBL460026,EFO_0003095,INDICATION,
CHEMBL460026,EFO_0003144,INDICATION,
CHEMBL460026,EFO_0003756,INDICATION,
CHEMBL460026,EFO_0003884,INDICATION,
CHEMBL460026,EFO_0003890,INDICATION,
CHEMBL460026,EFO_0004194,INDICATION,
CHEMBL460026,EFO_0004211,INDICATION,
CHEMBL460026,EFO_0004220,INDICATION,
CHEMBL460026,EFO_0005203,INDICATION,
CHEMBL460026,EFO_0005406,INDICATION,
CHEMBL460026,EFO_0005407,INDICATION,
CHEMBL460026,EFO_0005411,INDICATION,
CHEMBL460026,EFO_0006861,INDICATION,
CHEMBL460026,EFO_0008509,INDICATION,
CHEMBL460026,EFO_0009431,INDICATION,
CHEMBL460026,EFO_0011023,INDICATION,
CHEMBL460026,EFO_1000783,INDICATION,
CHEMBL460026,EFO_1000826,CONTRAINDICATION,
CHEMBL460026,EFO_1001463,CONTRAINDICATION,
CHEMBL460026,EFO_1001917,INDICATION,
CHEMBL460026,EFO_1001951,INDICATION,
CHEMBL460026,MONDO_0001436,CONTRAINDICATION,
CHEMBL460026,MONDO_0001751,INDICATION,
CHEMBL460026,MONDO_0002009,INDICATION,
CHEMBL460026,MONDO_0002050,INDICATION,
CHEMBL460026,MONDO_0004247,CONTRAINDICATION,
CHEMBL460026,MONDO_0004979,INDICATION,
CHEMBL460026,MONDO_0004985,CONTRAINDICATION,
CHEMBL460026,MONDO_0004992,INDICATION,
CHEMBL460026,MONDO_0005090,INDICATION,
CHEMBL460026,MONDO_0005301,INDICATION,
CHEMBL460026,MONDO_0007254,INDICATION,
CHEMBL460026,MONDO_0007915,INDICATION,
CHEMBL460026,MONDO_0010788,CONTRAINDICATION,
CHEMBL460026,MONDO_0018906,INDICATION,
CHEMBL460026,MONDO_0100096,INDICATION,
CHEMBL460026,MP_0001845,INDICATION,
CHEMBL460026,Orphanet_733,INDICATION,
CHEMBL460282,EFO_0000616,INDICATION,
CHEMBL460287,EFO_0000616,INDICATION,
CHEMBL460291,EFO_0000319,INDICATION,
CHEMBL460291,EFO_0000537,INDICATION,
CHEMBL460291,EFO_0003913,INDICATION,
CHEMBL460499,EFO_0000616,INDICATION,
CHEMBL460499,MONDO_0021063,INDICATION,
CHEMBL46058,EFO_0005846,CONTRAINDICATION,
CHEMBL46058,EFO_0010822,INDICATION,
CHEMBL460702,EFO_0000616,INDICATION,
CHEMBL460785,Orphanet_365,INDICATION,
CHEMBL46102,EFO_0003948,INDICATION,
CHEMBL46102,EFO_0007549,INDICATION,
CHEMBL46102,EFO_0009454,INDICATION,
CHEMBL461101,EFO_0000095,INDICATION,
CHEMBL461101,EFO_0000198,INDICATION,
CHEMBL461101,EFO_0000222,INDICATION,
CHEMBL461101,EFO_0000565,INDICATION,
CHEMBL461101,EFO_0000574,INDICATION,
CHEMBL461101,EFO_0000616,INDICATION,
CHEMBL461101,EFO_0000637,INDICATION,
CHEMBL461101,EFO_0001378,INDICATION,
CHEMBL461101,EFO_0001421,INDICATION,
CHEMBL461101,EFO_0001422,INDICATION,
CHEMBL461101,EFO_0003047,INDICATION,
CHEMBL461101,EFO_0003086,CONTRAINDICATION,
CHEMBL461101,EFO_0004220,INDICATION,
CHEMBL461101,EFO_0004272,INDICATION,
CHEMBL461101,EFO_0004599,INDICATION,
CHEMBL461101,EFO_0006927,INDICATION,
CHEMBL461101,EFO_0007160,INDICATION,
CHEMBL461101,EFO_1000966,CONTRAINDICATION,
CHEMBL461101,MONDO_0002245,INDICATION,
CHEMBL461101,MONDO_0002249,CONTRAINDICATION,
CHEMBL461101,MONDO_0002280,CONTRAINDICATION,
CHEMBL461101,MONDO_0010518,INDICATION,
CHEMBL461101,MONDO_0019391,INDICATION,
CHEMBL461101,MONDO_0019542,CONTRAINDICATION,
CHEMBL461101,MP_0001914,INDICATION,
CHEMBL461343,EFO_0000537,INDICATION,
CHEMBL461522,EFO_0003843,INDICATION,
CHEMBL461522,EFO_1001463,INDICATION,
CHEMBL461522,MONDO_0005277,INDICATION,
CHEMBL462018,EFO_0000565,INDICATION,
CHEMBL462018,MONDO_0004992,INDICATION,
CHEMBL462018,MONDO_0008170,INDICATION,
CHEMBL462019,EFO_0000616,INDICATION,
CHEMBL462019,EFO_0000691,INDICATION,
CHEMBL462019,EFO_0000756,INDICATION,
CHEMBL462019,EFO_0002939,INDICATION,
CHEMBL462019,EFO_1001968,INDICATION,
CHEMBL46257,EFO_0006346,INDICATION,
CHEMBL462605,EFO_0003086,INDICATION,
CHEMBL462605,EFO_0003890,INDICATION,
CHEMBL462605,EFO_0005246,INDICATION,
CHEMBL462605,MONDO_0005090,INDICATION,
CHEMBL462605,MONDO_0005180,INDICATION,
CHEMBL462605,MONDO_0007079,INDICATION,
CHEMBL462605,MONDO_0008300,INDICATION,
CHEMBL462605,MONDO_0016158,INDICATION,
CHEMBL462605,MONDO_0018044,INDICATION,
CHEMBL462605,MONDO_0021107,INDICATION,
CHEMBL46286,EFO_0000198,INDICATION,
CHEMBL46286,EFO_0000222,INDICATION,
CHEMBL46286,EFO_0000339,INDICATION,
CHEMBL46286,EFO_0000565,INDICATION,
CHEMBL46286,EFO_0000616,INDICATION,
CHEMBL46286,MONDO_0004992,INDICATION,
CHEMBL463,EFO_0000764,INDICATION,
CHEMBL4630621,EFO_0001378,INDICATION,
CHEMBL4633785,EFO_0000771,INDICATION,
CHEMBL463763,EFO_0000544,INDICATION,
CHEMBL463763,EFO_0000764,INDICATION,
CHEMBL463763,EFO_0003060,INDICATION,
CHEMBL463763,EFO_1001496,INDICATION,
CHEMBL463981,MONDO_0004975,INDICATION,
CHEMBL46399,EFO_0003843,INDICATION,
CHEMBL464,EFO_0000676,INDICATION,
CHEMBL46423,EFO_0003099,INDICATION,
CHEMBL46423,EFO_1000796,INDICATION,
CHEMBL46423,MONDO_0018479,INDICATION,
CHEMBL4646511,EFO_0000574,INDICATION,
CHEMBL46469,EFO_0000676,OFF_LABEL_USE,
CHEMBL46469,EFO_0004192,OFF_LABEL_USE,
CHEMBL4647810,EFO_0000616,INDICATION,
CHEMBL4647810,EFO_1001469,INDICATION,
CHEMBL4647810,MONDO_0008170,INDICATION,
CHEMBL464792,EFO_0000519,INDICATION,
CHEMBL464792,EFO_0003876,INDICATION,
CHEMBL464792,EFO_0004244,INDICATION,
CHEMBL464792,EFO_0009444,INDICATION,
CHEMBL464792,EFO_1000637,INDICATION,
CHEMBL464792,MONDO_0100096,INDICATION,
CHEMBL464792,MONDO_0100342,INDICATION,
CHEMBL4648616,EFO_0001378,INDICATION,
CHEMBL4648616,EFO_0001421,INDICATION,
CHEMBL4649378,EFO_0007402,INDICATION,
CHEMBL4649457,EFO_0000274,INDICATION,
CHEMBL4649457,EFO_0000685,INDICATION,
CHEMBL4649457,EFO_0000729,INDICATION,
CHEMBL4649457,EFO_0003767,INDICATION,
CHEMBL4649457,EFO_0005809,INDICATION,
CHEMBL4649457,MONDO_0005301,INDICATION,
CHEMBL464982,EFO_0000685,INDICATION,
CHEMBL464982,MONDO_0004979,INDICATION,
CHEMBL465,EFO_0000474,CONTRAINDICATION,
CHEMBL465,EFO_0000537,CONTRAINDICATION,
CHEMBL465,EFO_0000555,INDICATION,
CHEMBL465,EFO_0000764,INDICATION,
CHEMBL465,EFO_0001358,INDICATION,
CHEMBL465,EFO_0003108,INDICATION,
CHEMBL465,EFO_0003756,INDICATION,
CHEMBL465,EFO_0003778,INDICATION,
CHEMBL465,EFO_0003843,INDICATION,
CHEMBL465,EFO_0003890,INDICATION,
CHEMBL465,EFO_0003918,INDICATION,
CHEMBL465,EFO_0004329,INDICATION,
CHEMBL465,EFO_0004616,INDICATION,
CHEMBL465,EFO_0004895,INDICATION,
CHEMBL465,EFO_0005251,CONTRAINDICATION,
CHEMBL465,EFO_0005611,INDICATION,
CHEMBL465,EFO_0005762,INDICATION,
CHEMBL465,EFO_0006911,INDICATION,
CHEMBL465,EFO_0007191,INDICATION,
CHEMBL465,MONDO_0002050,CONTRAINDICATION,
CHEMBL465,MONDO_0002491,CONTRAINDICATION,
CHEMBL465,MONDO_0004976,INDICATION,
CHEMBL465,MONDO_0004985,CONTRAINDICATION,
CHEMBL465,MONDO_0004992,INDICATION,
CHEMBL465,MONDO_0005090,CONTRAINDICATION,
CHEMBL465,MONDO_0005148,INDICATION,
CHEMBL465,MONDO_0005301,INDICATION,
CHEMBL465,MONDO_0005351,INDICATION,
CHEMBL465,MONDO_0005475,INDICATION,
CHEMBL465,MONDO_0007079,CONTRAINDICATION,
CHEMBL465,MONDO_0011382,INDICATION,
CHEMBL465,MONDO_0100431,INDICATION,
CHEMBL4650214,EFO_0000095,INDICATION,
CHEMBL4650214,EFO_0000096,INDICATION,
CHEMBL4650214,EFO_0000403,INDICATION,
CHEMBL4650214,EFO_0004289,INDICATION,
CHEMBL4650214,EFO_1001469,INDICATION,
CHEMBL4650214,MONDO_0004992,INDICATION,
CHEMBL4650214,MONDO_0018906,INDICATION,
CHEMBL4650215,EFO_0000616,INDICATION,
CHEMBL4650215,MONDO_0004992,INDICATION,
CHEMBL4650215,MONDO_0007254,INDICATION,
CHEMBL4650215,MONDO_0008170,INDICATION,
CHEMBL4650215,MONDO_0011962,INDICATION,
CHEMBL4650216,EFO_0004698,INDICATION,
CHEMBL4650217,EFO_0003095,INDICATION,
CHEMBL4650218,EFO_0001073,INDICATION,
CHEMBL4650218,EFO_0003095,INDICATION,
CHEMBL4650218,MONDO_0005148,INDICATION,
CHEMBL4650220,MONDO_0005277,INDICATION,
CHEMBL4650221,EFO_0004211,INDICATION,
CHEMBL4650222,EFO_0000341,INDICATION,
CHEMBL4650222,MONDO_0004979,INDICATION,
CHEMBL4650223,MONDO_0002009,INDICATION,
CHEMBL4650224,EFO_0006792,INDICATION,
CHEMBL4650224,MONDO_0005180,INDICATION,
CHEMBL4650225,EFO_0000198,INDICATION,
CHEMBL4650225,EFO_0000222,INDICATION,
CHEMBL4650225,EFO_0000616,INDICATION,
CHEMBL4650225,EFO_0001378,INDICATION,
CHEMBL4650225,EFO_0005952,INDICATION,
CHEMBL4650226,EFO_0004129,INDICATION,
CHEMBL4650228,EFO_0000616,INDICATION,
CHEMBL4650229,EFO_0000401,INDICATION,
CHEMBL4650229,EFO_0004236,INDICATION,
CHEMBL4650230,EFO_0000616,INDICATION,
CHEMBL4650230,MONDO_0004975,INDICATION,
CHEMBL4650231,EFO_0000616,INDICATION,
CHEMBL4650231,MONDO_0004975,INDICATION,
CHEMBL4650232,MONDO_0005149,INDICATION,
CHEMBL4650233,MONDO_0024969,INDICATION,
CHEMBL4650235,MONDO_0019623,INDICATION,
CHEMBL4650236,MONDO_0019623,INDICATION,
CHEMBL4650236,MONDO_0100096,INDICATION,
CHEMBL4650237,EFO_0009523,INDICATION,
CHEMBL4650237,EFO_1001375,INDICATION,
CHEMBL4650238,EFO_0000616,INDICATION,
CHEMBL4650239,EFO_0000274,INDICATION,
CHEMBL4650240,MONDO_0016971,INDICATION,
CHEMBL4650241,MONDO_0010679,INDICATION,
CHEMBL4650242,MONDO_0005180,INDICATION,
CHEMBL4650243,MONDO_0019269,INDICATION,
CHEMBL4650244,MONDO_0002474,INDICATION,
CHEMBL4650245,EFO_0000685,INDICATION,
CHEMBL4650245,MONDO_0007915,INDICATION,
CHEMBL4650245,MP_0001845,INDICATION,
CHEMBL4650246,EFO_1000690,INDICATION,
CHEMBL4650247,MONDO_0010604,INDICATION,
CHEMBL4650248,MONDO_0100096,INDICATION,
CHEMBL4650249,MONDO_0100096,INDICATION,
CHEMBL4650250,EFO_0000729,INDICATION,
CHEMBL4650250,EFO_0004599,INDICATION,
CHEMBL4650251,EFO_0000616,INDICATION,
CHEMBL4650253,MONDO_0010602,INDICATION,
CHEMBL4650254,EFO_0000616,INDICATION,
CHEMBL4650254,EFO_0001378,INDICATION,
CHEMBL4650255,EFO_0000616,INDICATION,
CHEMBL4650255,EFO_0001378,INDICATION,
CHEMBL4650256,EFO_0000616,INDICATION,
CHEMBL4650256,EFO_0003891,INDICATION,
CHEMBL4650256,EFO_0003968,INDICATION,
CHEMBL4650256,EFO_0005537,INDICATION,
CHEMBL4650256,MONDO_0001056,INDICATION,
CHEMBL4650256,MONDO_0003060,INDICATION,
CHEMBL4650256,MONDO_0004992,INDICATION,
CHEMBL4650256,MONDO_0007254,INDICATION,
CHEMBL4650258,MONDO_0100096,INDICATION,
CHEMBL4650259,EFO_1001485,INDICATION,
CHEMBL465026,EFO_0003843,INDICATION,
CHEMBL465026,EFO_0009516,INDICATION,
CHEMBL465026,MONDO_0001056,INDICATION,
CHEMBL4650260,EFO_1001485,INDICATION,
CHEMBL4650261,EFO_0001378,INDICATION,
CHEMBL4650262,MONDO_0007739,INDICATION,
CHEMBL4650263,EFO_0000319,INDICATION,
CHEMBL4650263,EFO_0004211,INDICATION,
CHEMBL4650264,MONDO_0007739,INDICATION,
CHEMBL4650265,MONDO_0100096,INDICATION,
CHEMBL4650266,EFO_0000616,INDICATION,
CHEMBL4650266,EFO_0001378,INDICATION,
CHEMBL4650267,EFO_1000692,INDICATION,
CHEMBL4650267,MONDO_0009179,INDICATION,
CHEMBL4650268,EFO_0004272,INDICATION,
CHEMBL4650269,MONDO_0011382,INDICATION,
CHEMBL4650270,EFO_1000642,INDICATION,
CHEMBL4650271,EFO_0000616,INDICATION,
CHEMBL4650272,EFO_0000702,INDICATION,
CHEMBL4650273,EFO_0001073,INDICATION,
CHEMBL4650274,MONDO_0005147,INDICATION,
CHEMBL4650275,MONDO_0002474,INDICATION,
CHEMBL4650275,MONDO_0009823,INDICATION,
CHEMBL4650276,EFO_0000196,INDICATION,
CHEMBL4650276,EFO_0001421,INDICATION,
CHEMBL4650276,EFO_0005537,INDICATION,
CHEMBL4650276,MONDO_0007254,INDICATION,
CHEMBL4650276,MONDO_0008315,INDICATION,
CHEMBL4650277,EFO_0000616,INDICATION,
CHEMBL4650278,EFO_0000220,INDICATION,
CHEMBL4650278,EFO_0000222,INDICATION,
CHEMBL4650278,EFO_0000565,INDICATION,
CHEMBL4650278,EFO_1001951,INDICATION,
CHEMBL4650279,EFO_0000616,INDICATION,
CHEMBL4650281,EFO_0003060,INDICATION,
CHEMBL4650283,EFO_0000222,INDICATION,
CHEMBL4650284,MONDO_0004992,INDICATION,
CHEMBL4650285,EFO_0000222,INDICATION,
CHEMBL4650285,EFO_0000519,INDICATION,
CHEMBL4650285,EFO_0000616,INDICATION,
CHEMBL4650285,EFO_0002618,INDICATION,
CHEMBL4650285,MONDO_0004992,INDICATION,
CHEMBL4650285,MONDO_0005184,INDICATION,
CHEMBL4650286,EFO_0000616,INDICATION,
CHEMBL4650286,MONDO_0007254,INDICATION,
CHEMBL4650286,MONDO_0008170,INDICATION,
CHEMBL4650287,EFO_0000095,INDICATION,
CHEMBL4650287,EFO_0000198,INDICATION,
CHEMBL4650287,EFO_0000218,INDICATION,
CHEMBL4650287,EFO_0000220,INDICATION,
CHEMBL4650287,EFO_0000222,INDICATION,
CHEMBL4650287,EFO_0000403,INDICATION,
CHEMBL4650287,EFO_0000565,INDICATION,
CHEMBL4650287,EFO_0000574,INDICATION,
CHEMBL4650287,EFO_0000621,INDICATION,
CHEMBL4650287,EFO_0000676,INDICATION,
CHEMBL4650287,EFO_0002617,INDICATION,
CHEMBL4650287,EFO_0003025,INDICATION,
CHEMBL4650287,EFO_0003060,INDICATION,
CHEMBL4650287,EFO_0004289,INDICATION,
CHEMBL4650287,EFO_1000131,INDICATION,
CHEMBL4650287,EFO_1001465,INDICATION,
CHEMBL4650287,EFO_1001469,INDICATION,
CHEMBL4650287,EFO_1001779,INDICATION,
CHEMBL4650287,MONDO_0002087,INDICATION,
CHEMBL4650287,MONDO_0002158,INDICATION,
CHEMBL4650287,MONDO_0004975,INDICATION,
CHEMBL4650287,MONDO_0007254,INDICATION,
CHEMBL4650287,MONDO_0008170,INDICATION,
CHEMBL4650287,MONDO_0018906,INDICATION,
CHEMBL4650287,MONDO_0100096,INDICATION,
CHEMBL4650288,EFO_0000222,INDICATION,
CHEMBL4650289,EFO_0000616,INDICATION,
CHEMBL4650290,EFO_0000503,INDICATION,
CHEMBL4650290,EFO_0000519,INDICATION,
CHEMBL4650292,EFO_0000181,INDICATION,
CHEMBL4650292,EFO_0000756,INDICATION,
CHEMBL4650293,MONDO_0004992,INDICATION,
CHEMBL4650295,EFO_0000222,INDICATION,
CHEMBL4650296,EFO_0000555,INDICATION,
CHEMBL4650297,EFO_0000588,INDICATION,
CHEMBL4650297,EFO_0000616,INDICATION,
CHEMBL4650297,MONDO_0003059,INDICATION,
CHEMBL4650298,EFO_0003060,INDICATION,
CHEMBL4650299,MONDO_0005148,INDICATION,
CHEMBL4650299,MONDO_0100096,INDICATION,
CHEMBL4650300,EFO_0000616,INDICATION,
CHEMBL4650301,MONDO_0004975,INDICATION,
CHEMBL4650302,EFO_0004253,INDICATION,
CHEMBL4650303,EFO_0009854,INDICATION,
CHEMBL4650305,MONDO_0019353,INDICATION,
CHEMBL4650306,MONDO_0002108,INDICATION,
CHEMBL4650307,EFO_0000616,INDICATION,
CHEMBL4650307,EFO_0002618,INDICATION,
CHEMBL4650307,EFO_0003060,INDICATION,
CHEMBL4650308,MONDO_0018076,INDICATION,
CHEMBL4650309,EFO_0000616,INDICATION,
CHEMBL4650309,EFO_0002618,INDICATION,
CHEMBL4650310,EFO_0004234,INDICATION,
CHEMBL4650312,EFO_0000274,INDICATION,
CHEMBL4650314,EFO_0003884,INDICATION,
CHEMBL4650314,EFO_0009909,INDICATION,
CHEMBL4650314,MONDO_0100096,INDICATION,
CHEMBL4650315,EFO_0003843,INDICATION,
CHEMBL4650316,EFO_0000616,INDICATION,
CHEMBL4650316,MONDO_0007254,INDICATION,
CHEMBL4650316,MONDO_0008170,INDICATION,
CHEMBL4650316,MONDO_0011962,INDICATION,
CHEMBL4650317,EFO_0000519,INDICATION,
CHEMBL4650318,EFO_0000341,INDICATION,
CHEMBL4650318,MONDO_0004822,INDICATION,
CHEMBL4650318,MONDO_0009061,INDICATION,
CHEMBL4650319,EFO_0000616,INDICATION,
CHEMBL4650319,EFO_0001421,INDICATION,
CHEMBL4650319,EFO_0003060,INDICATION,
CHEMBL4650319,EFO_0003086,INDICATION,
CHEMBL4650320,EFO_0000694,INDICATION,
CHEMBL4650320,EFO_0000763,INDICATION,
CHEMBL4650320,EFO_0001421,INDICATION,
CHEMBL4650320,EFO_0003086,INDICATION,
CHEMBL4650320,EFO_0007328,INDICATION,
CHEMBL4650320,EFO_1001413,INDICATION,
CHEMBL4650320,MONDO_0100096,INDICATION,
CHEMBL4650321,EFO_0000095,INDICATION,
CHEMBL4650321,EFO_0000096,INDICATION,
CHEMBL4650321,EFO_0000183,INDICATION,
CHEMBL4650321,EFO_0000403,INDICATION,
CHEMBL4650321,EFO_0000616,INDICATION,
CHEMBL4650321,EFO_0001421,INDICATION,
CHEMBL4650321,EFO_0003929,INDICATION,
CHEMBL4650321,EFO_0007160,INDICATION,
CHEMBL4650321,EFO_0009441,INDICATION,
CHEMBL4650321,EFO_1001469,INDICATION,
CHEMBL4650321,MONDO_0004992,INDICATION,
CHEMBL4650321,MONDO_0007915,INDICATION,
CHEMBL4650321,MONDO_0018906,INDICATION,
CHEMBL4650322,EFO_0003770,INDICATION,
CHEMBL4650322,EFO_0003884,INDICATION,
CHEMBL4650323,EFO_0003086,INDICATION,
CHEMBL4650323,EFO_0008520,INDICATION,
CHEMBL4650323,EFO_0008522,INDICATION,
CHEMBL4650323,MONDO_0005301,INDICATION,
CHEMBL4650324,EFO_0004197,INDICATION,
CHEMBL4650324,EFO_0004239,INDICATION,
CHEMBL4650325,EFO_0001421,INDICATION,
CHEMBL4650325,EFO_0003086,INDICATION,
CHEMBL4650325,EFO_0004194,INDICATION,
CHEMBL4650325,EFO_0004991,INDICATION,
CHEMBL4650325,EFO_0005761,INDICATION,
CHEMBL4650325,MONDO_0100244,INDICATION,
CHEMBL4650326,MONDO_0002492,INDICATION,
CHEMBL4650327,MONDO_0009258,INDICATION,
CHEMBL4650327,MONDO_0018116,INDICATION,
CHEMBL4650328,EFO_0000519,INDICATION,
CHEMBL4650328,EFO_0002618,INDICATION,
CHEMBL4650329,EFO_0003834,INDICATION,
CHEMBL4650329,MONDO_0007915,INDICATION,
CHEMBL4650330,EFO_0003108,INDICATION,
CHEMBL4650330,MONDO_0000437,INDICATION,
CHEMBL4650331,EFO_0000616,INDICATION,
CHEMBL4650331,EFO_0003060,INDICATION,
CHEMBL4650332,EFO_0000198,INDICATION,
CHEMBL4650332,MONDO_0011382,INDICATION,
CHEMBL4650333,EFO_0001361,INDICATION,
CHEMBL4650333,MONDO_0005149,INDICATION,
CHEMBL4650334,MONDO_0005178,INDICATION,
CHEMBL4650335,EFO_0000702,INDICATION,
CHEMBL4650336,EFO_0000222,INDICATION,
CHEMBL4650336,MONDO_0004992,INDICATION,
CHEMBL4650336,MONDO_0007039,INDICATION,
CHEMBL4650336,MONDO_0007254,INDICATION,
CHEMBL4650336,MONDO_0100096,INDICATION,
CHEMBL4650337,EFO_1001892,INDICATION,
CHEMBL4650337,MONDO_0002009,INDICATION,
CHEMBL4650337,MONDO_0005090,INDICATION,
CHEMBL4650337,MONDO_0005180,INDICATION,
CHEMBL4650337,MONDO_0016158,INDICATION,
CHEMBL4650338,EFO_0000095,INDICATION,
CHEMBL4650338,EFO_0000096,INDICATION,
CHEMBL4650338,EFO_0000616,INDICATION,
CHEMBL4650338,EFO_0003086,INDICATION,
CHEMBL4650338,EFO_0004256,INDICATION,
CHEMBL4650338,EFO_0004289,INDICATION,
CHEMBL4650338,EFO_0005809,INDICATION,
CHEMBL4650339,EFO_0004191,INDICATION,
CHEMBL4650340,EFO_1000948,INDICATION,
CHEMBL4650341,EFO_0003877,INDICATION,
CHEMBL4650341,EFO_0003918,INDICATION,
CHEMBL4650341,MONDO_0016158,INDICATION,
CHEMBL4650341,MONDO_0018044,INDICATION,
CHEMBL4650341,MONDO_0021107,INDICATION,
CHEMBL4650342,EFO_1000478,INDICATION,
CHEMBL4650343,EFO_0000384,INDICATION,
CHEMBL4650343,EFO_0000729,INDICATION,
CHEMBL4650343,EFO_0003767,INDICATION,
CHEMBL4650347,EFO_0004607,INDICATION,
CHEMBL4650348,EFO_0000616,INDICATION,
CHEMBL4650349,EFO_0001421,INDICATION,
CHEMBL4650349,EFO_0003086,INDICATION,
CHEMBL4650349,EFO_1001249,INDICATION,
CHEMBL4650349,MONDO_0005148,INDICATION,
CHEMBL4650350,MONDO_0005180,INDICATION,
CHEMBL4650353,MONDO_0002009,INDICATION,
CHEMBL4650356,EFO_0003778,INDICATION,
CHEMBL4650357,MONDO_0008315,INDICATION,
CHEMBL4650358,MONDO_0100096,INDICATION,
CHEMBL4650359,EFO_0000274,INDICATION,
CHEMBL4650360,EFO_0000565,INDICATION,
CHEMBL4650360,EFO_0000616,INDICATION,
CHEMBL4650360,EFO_0000673,INDICATION,
CHEMBL4650360,EFO_0000702,INDICATION,
CHEMBL4650360,EFO_0005952,INDICATION,
CHEMBL4650361,EFO_0000616,INDICATION,
CHEMBL4650361,MONDO_0004992,INDICATION,
CHEMBL4650362,EFO_0007157,INDICATION,
CHEMBL4650362,EFO_1001834,INDICATION,
CHEMBL4650363,MONDO_0001330,INDICATION,
CHEMBL4650364,EFO_0000182,INDICATION,
CHEMBL4650364,EFO_1001961,INDICATION,
CHEMBL4650365,EFO_0001421,INDICATION,
CHEMBL4650365,EFO_0003869,INDICATION,
CHEMBL4650365,MONDO_0007254,INDICATION,
CHEMBL4650366,EFO_0000519,INDICATION,
CHEMBL4650366,EFO_0000616,INDICATION,
CHEMBL4650366,EFO_0005952,INDICATION,
CHEMBL4650367,EFO_0000616,INDICATION,
CHEMBL4650367,EFO_0003060,INDICATION,
CHEMBL4650368,EFO_0006792,INDICATION,
CHEMBL4650368,MONDO_0005180,INDICATION,
CHEMBL4650369,EFO_0000275,INDICATION,
CHEMBL4650369,EFO_0004286,INDICATION,
CHEMBL4650372,MONDO_0100096,INDICATION,
CHEMBL4650373,EFO_0000400,INDICATION,
CHEMBL4650374,EFO_0000095,INDICATION,
CHEMBL4650374,EFO_0000220,INDICATION,
CHEMBL4650374,EFO_0000222,INDICATION,
CHEMBL4650374,EFO_0000621,INDICATION,
CHEMBL4650374,EFO_0001378,INDICATION,
CHEMBL4650374,EFO_0004289,INDICATION,
CHEMBL4650374,EFO_0009441,INDICATION,
CHEMBL4650374,EFO_1001875,INDICATION,
CHEMBL4650374,MONDO_0004992,INDICATION,
CHEMBL4650374,MONDO_0007254,INDICATION,
CHEMBL4650375,MONDO_0019091,INDICATION,
CHEMBL4650375,MONDO_0100096,INDICATION,
CHEMBL4650376,EFO_0000365,INDICATION,
CHEMBL4650376,EFO_0000616,INDICATION,
CHEMBL4650376,EFO_0000756,INDICATION,
CHEMBL4650376,EFO_0002618,INDICATION,
CHEMBL4650376,EFO_0003060,INDICATION,
CHEMBL4650376,EFO_0006859,INDICATION,
CHEMBL4650376,EFO_1001951,INDICATION,
CHEMBL4650376,MONDO_0001187,INDICATION,
CHEMBL4650376,MONDO_0002367,INDICATION,
CHEMBL4650376,MONDO_0007254,INDICATION,
CHEMBL4650378,MONDO_0100096,INDICATION,
CHEMBL4650379,MONDO_0100096,INDICATION,
CHEMBL4650380,Orphanet_60,INDICATION,
CHEMBL4650381,MONDO_0000831,INDICATION,
CHEMBL4650382,MONDO_0100096,INDICATION,
CHEMBL4650383,MONDO_0100096,INDICATION,
CHEMBL4650384,EFO_0003819,INDICATION,
CHEMBL4650384,EFO_1001216,INDICATION,
CHEMBL4650384,MONDO_0005271,INDICATION,
CHEMBL4650385,EFO_0000199,INDICATION,
CHEMBL4650385,MONDO_0100096,INDICATION,
CHEMBL4650387,EFO_0000182,INDICATION,
CHEMBL4650387,EFO_0000403,INDICATION,
CHEMBL4650387,EFO_0000574,INDICATION,
CHEMBL4650387,EFO_0000681,INDICATION,
CHEMBL4650387,EFO_0000756,INDICATION,
CHEMBL4650387,EFO_0002617,INDICATION,
CHEMBL4650387,EFO_0002618,INDICATION,
CHEMBL4650387,EFO_0003060,INDICATION,
CHEMBL4650387,EFO_0005221,INDICATION,
CHEMBL4650387,EFO_0006859,INDICATION,
CHEMBL4650387,EFO_1001469,INDICATION,
CHEMBL4650387,EFO_1001951,INDICATION,
CHEMBL4650387,MONDO_0001056,INDICATION,
CHEMBL4650387,MONDO_0002158,INDICATION,
CHEMBL4650387,MONDO_0007254,INDICATION,
CHEMBL4650387,MONDO_0007576,INDICATION,
CHEMBL4650387,MONDO_0008170,INDICATION,
CHEMBL4650387,MONDO_0008315,INDICATION,
CHEMBL4650388,EFO_0000616,INDICATION,
CHEMBL4650389,MONDO_0005041,INDICATION,
CHEMBL4650391,EFO_0000096,INDICATION,
CHEMBL4650392,EFO_0000228,INDICATION,
CHEMBL4650392,EFO_0000519,INDICATION,
CHEMBL4650392,EFO_0000616,INDICATION,
CHEMBL4650392,EFO_0000756,INDICATION,
CHEMBL4650392,EFO_0003060,INDICATION,
CHEMBL4650392,MONDO_0002691,INDICATION,
CHEMBL4650392,MONDO_0004992,INDICATION,
CHEMBL4650393,EFO_0000095,INDICATION,
CHEMBL4650393,EFO_0000096,INDICATION,
CHEMBL4650393,EFO_0000403,INDICATION,
CHEMBL4650393,EFO_0000616,INDICATION,
CHEMBL4650393,EFO_0005952,INDICATION,
CHEMBL4650393,EFO_1001469,INDICATION,
CHEMBL4650393,MONDO_0018906,INDICATION,
CHEMBL4650395,EFO_0000712,INDICATION,
CHEMBL4650395,MONDO_0005299,INDICATION,
CHEMBL4650396,EFO_0000681,INDICATION,
CHEMBL4650396,MONDO_0004992,INDICATION,
CHEMBL4650396,MONDO_0008315,INDICATION,
CHEMBL4650397,MONDO_0004975,INDICATION,
CHEMBL4650398,EFO_0004239,INDICATION,
CHEMBL4650398,EFO_0007304,INDICATION,
CHEMBL4650398,MONDO_0005148,INDICATION,
CHEMBL4650400,EFO_0000198,INDICATION,
CHEMBL4650400,EFO_0000222,INDICATION,
CHEMBL4650400,EFO_0000339,INDICATION,
CHEMBL4650400,EFO_0000389,INDICATION,
CHEMBL4650400,EFO_0000519,INDICATION,
CHEMBL4650400,EFO_0000616,INDICATION,
CHEMBL4650400,EFO_0000673,INDICATION,
CHEMBL4650400,EFO_0000681,INDICATION,
CHEMBL4650400,EFO_0000756,INDICATION,
CHEMBL4650400,EFO_0001378,INDICATION,
CHEMBL4650400,EFO_0002618,INDICATION,
CHEMBL4650400,EFO_0003811,INDICATION,
CHEMBL4650400,EFO_0003893,INDICATION,
CHEMBL4650400,EFO_0006475,INDICATION,
CHEMBL4650400,EFO_0007445,INDICATION,
CHEMBL4650400,EFO_1001465,INDICATION,
CHEMBL4650400,EFO_1001951,INDICATION,
CHEMBL4650400,MONDO_0001056,INDICATION,
CHEMBL4650400,MONDO_0002087,INDICATION,
CHEMBL4650400,MONDO_0002158,INDICATION,
CHEMBL4650400,MONDO_0002898,INDICATION,
CHEMBL4650400,MONDO_0005301,INDICATION,
CHEMBL4650400,MONDO_0005411,INDICATION,
CHEMBL4650400,MONDO_0007254,INDICATION,
CHEMBL4650400,MONDO_0007576,INDICATION,
CHEMBL4650400,MONDO_0008170,INDICATION,
CHEMBL4650400,MONDO_0008315,INDICATION,
CHEMBL4650400,MONDO_0008903,INDICATION,
CHEMBL4650402,MONDO_0004975,INDICATION,
CHEMBL4650403,EFO_0000545,INDICATION,
CHEMBL4650403,EFO_0000589,INDICATION,
CHEMBL4650403,MONDO_0018555,INDICATION,
CHEMBL4650404,EFO_0005044,INDICATION,
CHEMBL4650404,EFO_0005045,INDICATION,
CHEMBL4650405,EFO_0000319,INDICATION,
CHEMBL4650405,EFO_0004911,INDICATION,
CHEMBL4650405,MONDO_0018328,INDICATION,
CHEMBL4650406,EFO_0000685,INDICATION,
CHEMBL4650406,MONDO_0100096,INDICATION,
CHEMBL4650407,EFO_0000694,INDICATION,
CHEMBL4650407,EFO_0001068,INDICATION,
CHEMBL4650407,EFO_0007243,INDICATION,
CHEMBL4650407,EFO_0007326,INDICATION,
CHEMBL4650407,EFO_0007328,INDICATION,
CHEMBL4650407,EFO_0007444,INDICATION,
CHEMBL4650407,EFO_1001413,INDICATION,
CHEMBL4650407,MONDO_0100096,INDICATION,
CHEMBL4650408,EFO_0003060,INDICATION,
CHEMBL4650409,EFO_0000702,INDICATION,
CHEMBL4650410,EFO_0000305,INDICATION,
CHEMBL4650410,EFO_1001901,INDICATION,
CHEMBL4650410,MONDO_0100096,INDICATION,
CHEMBL4650411,EFO_0000182,INDICATION,
CHEMBL4650411,EFO_0000403,INDICATION,
CHEMBL4650411,EFO_0000616,INDICATION,
CHEMBL4650411,EFO_0000702,INDICATION,
CHEMBL4650411,EFO_0003060,INDICATION,
CHEMBL4650411,EFO_0005922,INDICATION,
CHEMBL4650411,MONDO_0002974,INDICATION,
CHEMBL4650411,MONDO_0004992,INDICATION,
CHEMBL4650411,MONDO_0007254,INDICATION,
CHEMBL4650412,EFO_0001073,INDICATION,
CHEMBL4650413,EFO_0000319,INDICATION,
CHEMBL4650413,EFO_0001421,INDICATION,
CHEMBL4650413,EFO_0003086,INDICATION,
CHEMBL4650413,EFO_0003914,INDICATION,
CHEMBL4650415,EFO_0005669,INDICATION,
CHEMBL4650416,EFO_0000546,INDICATION,
CHEMBL4650416,EFO_0000556,INDICATION,
CHEMBL4650416,EFO_0000612,INDICATION,
CHEMBL4650416,EFO_1000812,INDICATION,
CHEMBL4650416,MONDO_0100130,INDICATION,
CHEMBL4650418,EFO_0000182,INDICATION,
CHEMBL4650418,MONDO_0044903,INDICATION,
CHEMBL4650419,EFO_0000182,INDICATION,
CHEMBL4650419,EFO_0000616,INDICATION,
CHEMBL4650419,EFO_0000681,INDICATION,
CHEMBL4650419,EFO_0000702,INDICATION,
CHEMBL4650419,EFO_0000756,INDICATION,
CHEMBL4650419,EFO_0003060,INDICATION,
CHEMBL4650419,EFO_1001951,INDICATION,
CHEMBL4650420,MONDO_0007037,INDICATION,
CHEMBL4650421,EFO_0000565,INDICATION,
CHEMBL4650421,EFO_0000681,INDICATION,
CHEMBL4650421,MONDO_0004992,INDICATION,
CHEMBL4650422,EFO_0000555,INDICATION,
CHEMBL4650423,EFO_0000616,INDICATION,
CHEMBL4650423,MONDO_0004992,INDICATION,
CHEMBL4650423,MONDO_0019472,INDICATION,
CHEMBL4650424,EFO_0000519,INDICATION,
CHEMBL4650424,EFO_0001378,INDICATION,
CHEMBL4650424,EFO_0006475,INDICATION,
CHEMBL4650424,EFO_1001465,INDICATION,
CHEMBL4650425,EFO_0000096,INDICATION,
CHEMBL4650425,EFO_0000616,INDICATION,
CHEMBL4650426,EFO_0000181,INDICATION,
CHEMBL4650426,EFO_0000403,INDICATION,
CHEMBL4650426,EFO_0000616,INDICATION,
CHEMBL4650426,EFO_0001378,INDICATION,
CHEMBL4650426,EFO_0009708,INDICATION,
CHEMBL4650426,MONDO_0009348,INDICATION,
CHEMBL4650428,EFO_0002618,INDICATION,
CHEMBL4650429,EFO_0000544,INDICATION,
CHEMBL4650429,EFO_0000694,INDICATION,
CHEMBL4650429,MONDO_0004992,INDICATION,
CHEMBL4650429,MONDO_0005271,INDICATION,
CHEMBL4650429,MONDO_0100096,INDICATION,
CHEMBL4650432,EFO_0005952,INDICATION,
CHEMBL4650433,EFO_0007323,INDICATION,
CHEMBL4650433,MONDO_0019469,INDICATION,
CHEMBL4650434,EFO_0003144,INDICATION,
CHEMBL4650434,EFO_0006834,INDICATION,
CHEMBL4650434,MONDO_0100096,INDICATION,
CHEMBL4650435,EFO_0000616,INDICATION,
CHEMBL4650435,EFO_0000756,INDICATION,
CHEMBL4650435,EFO_0003060,INDICATION,
CHEMBL4650435,EFO_0003968,INDICATION,
CHEMBL4650435,EFO_0004142,INDICATION,
CHEMBL4650435,EFO_1001951,INDICATION,
CHEMBL4650435,MONDO_0004992,INDICATION,
CHEMBL4650435,MONDO_0005184,INDICATION,
CHEMBL4650435,MONDO_0008170,INDICATION,
CHEMBL4650435,MONDO_0011962,INDICATION,
CHEMBL4650436,EFO_0001365,INDICATION,
CHEMBL4650437,EFO_0000676,INDICATION,
CHEMBL4650437,EFO_1001494,INDICATION,
CHEMBL4650438,EFO_0000319,INDICATION,
CHEMBL4650438,EFO_0004211,INDICATION,
CHEMBL4650439,MONDO_0004976,INDICATION,
CHEMBL4650439,MONDO_0017276,INDICATION,
CHEMBL4650440,EFO_0003047,INDICATION,
CHEMBL4650441,EFO_0000676,INDICATION,
CHEMBL4650441,EFO_0003894,INDICATION,
CHEMBL4650441,EFO_1000662,INDICATION,
CHEMBL4650441,EFO_1000710,INDICATION,
CHEMBL4650441,MONDO_0015597,INDICATION,
CHEMBL4650441,MONDO_0019269,INDICATION,
CHEMBL4650442,EFO_0007292,INDICATION,
CHEMBL4650442,EFO_1001264,INDICATION,
CHEMBL4650442,MONDO_0004976,INDICATION,
CHEMBL4650442,MONDO_0007739,INDICATION,
CHEMBL4650443,EFO_0000616,INDICATION,
CHEMBL4650443,EFO_0003060,INDICATION,
CHEMBL4650444,EFO_0000616,INDICATION,
CHEMBL4650445,EFO_0000616,INDICATION,
CHEMBL4650446,MONDO_0004992,INDICATION,
CHEMBL4650448,EFO_0000095,INDICATION,
CHEMBL4650448,EFO_0000198,INDICATION,
CHEMBL4650448,EFO_0000222,INDICATION,
CHEMBL4650448,EFO_0001378,INDICATION,
CHEMBL4650449,EFO_0000616,INDICATION,
CHEMBL4650450,MONDO_0007915,INDICATION,
CHEMBL4650451,MONDO_0004976,INDICATION,
CHEMBL4650452,EFO_0001358,INDICATION,
CHEMBL4650452,EFO_1001917,INDICATION,
CHEMBL4650454,MONDO_0100096,INDICATION,
CHEMBL4650455,MONDO_0100096,INDICATION,
CHEMBL4650458,EFO_0000616,INDICATION,
CHEMBL4650459,MONDO_0005090,INDICATION,
CHEMBL4650460,MONDO_0100096,INDICATION,
CHEMBL4650461,MONDO_0100096,INDICATION,
CHEMBL4650462,MONDO_0100096,INDICATION,
CHEMBL4650463,MONDO_0005090,INDICATION,
CHEMBL4650465,MONDO_0004992,INDICATION,
CHEMBL4650468,EFO_0004197,INDICATION,
CHEMBL4650468,EFO_0004239,INDICATION,
CHEMBL4650469,EFO_0005297,INDICATION,
CHEMBL4650469,EFO_1000391,INDICATION,
CHEMBL4650469,EFO_1001467,INDICATION,
CHEMBL4650469,MONDO_0004979,INDICATION,
CHEMBL4650470,EFO_0000400,INDICATION,
CHEMBL4650470,EFO_0001073,INDICATION,
CHEMBL4650470,MONDO_0005148,INDICATION,
CHEMBL4650471,MONDO_0008315,INDICATION,
CHEMBL4650472,EFO_0000182,INDICATION,
CHEMBL4650472,EFO_0000616,INDICATION,
CHEMBL4650472,EFO_0000756,INDICATION,
CHEMBL4650472,EFO_0003060,INDICATION,
CHEMBL4650472,MONDO_0001056,INDICATION,
CHEMBL4650472,MONDO_0001187,INDICATION,
CHEMBL4650472,MONDO_0002108,INDICATION,
CHEMBL4650473,MONDO_0004992,INDICATION,
CHEMBL4650473,MONDO_0008903,INDICATION,
CHEMBL4650474,MONDO_0007915,INDICATION,
CHEMBL4650475,EFO_1001938,INDICATION,
CHEMBL4650476,EFO_0006505,INDICATION,
CHEMBL4650476,MONDO_0009061,INDICATION,
CHEMBL4650477,EFO_0001378,INDICATION,
CHEMBL4650478,EFO_0002429,INDICATION,
CHEMBL4650478,EFO_1001996,INDICATION,
CHEMBL4650478,MONDO_0016487,INDICATION,
CHEMBL4650478,Orphanet_848,INDICATION,
CHEMBL4650479,MONDO_0004976,INDICATION,
CHEMBL4650480,EFO_0000616,INDICATION,
CHEMBL4650481,EFO_0000616,INDICATION,
CHEMBL4650481,EFO_0000707,INDICATION,
CHEMBL4650481,EFO_0003060,INDICATION,
CHEMBL4650482,EFO_0000616,INDICATION,
CHEMBL4650482,EFO_0003060,INDICATION,
CHEMBL4650482,MONDO_0004992,INDICATION,
CHEMBL4650483,EFO_0000182,INDICATION,
CHEMBL4650483,EFO_0000574,INDICATION,
CHEMBL4650483,EFO_0000616,INDICATION,
CHEMBL4650483,EFO_0002618,INDICATION,
CHEMBL4650483,EFO_0003060,INDICATION,
CHEMBL4650483,EFO_0005537,INDICATION,
CHEMBL4650483,EFO_0005922,INDICATION,
CHEMBL4650483,EFO_1000576,INDICATION,
CHEMBL4650483,MONDO_0005184,INDICATION,
CHEMBL4650485,EFO_0000095,INDICATION,
CHEMBL4650485,EFO_0000565,INDICATION,
CHEMBL4650485,EFO_0000616,INDICATION,
CHEMBL4650485,EFO_0009441,INDICATION,
CHEMBL4650485,EFO_1001469,INDICATION,
CHEMBL4650486,EFO_0000616,INDICATION,
CHEMBL4650486,EFO_0003106,INDICATION,
CHEMBL4650486,EFO_1000637,INDICATION,
CHEMBL4650486,MONDO_0100096,INDICATION,
CHEMBL4650487,EFO_0000274,INDICATION,
CHEMBL4650488,MONDO_0100096,INDICATION,
CHEMBL4650489,EFO_0000403,INDICATION,
CHEMBL4650490,EFO_0000274,INDICATION,
CHEMBL4650490,EFO_0000341,INDICATION,
CHEMBL4650490,EFO_0000401,INDICATION,
CHEMBL4650490,EFO_0006505,INDICATION,
CHEMBL4650490,MONDO_0004979,INDICATION,
CHEMBL4650491,EFO_0000772,INDICATION,
CHEMBL4650491,EFO_0006510,INDICATION,
CHEMBL4650491,EFO_1001413,INDICATION,
CHEMBL4650491,MONDO_0100096,INDICATION,
CHEMBL4650492,EFO_1001919,INDICATION,
CHEMBL4650493,EFO_0000222,INDICATION,
CHEMBL4650494,EFO_0000616,INDICATION,
CHEMBL4650495,MONDO_0005148,INDICATION,
CHEMBL4650495,MONDO_0005180,INDICATION,
CHEMBL4650496,EFO_0000181,INDICATION,
CHEMBL4650496,EFO_0001075,INDICATION,
CHEMBL4650496,EFO_0003060,INDICATION,
CHEMBL4650496,EFO_1001100,INDICATION,
CHEMBL4650496,EFO_1001951,INDICATION,
CHEMBL4650496,MONDO_0002158,INDICATION,
CHEMBL4650496,MONDO_0007254,INDICATION,
CHEMBL4650497,EFO_0000616,INDICATION,
CHEMBL4650498,EFO_0000729,INDICATION,
CHEMBL4650499,EFO_0000222,INDICATION,
CHEMBL4650501,EFO_0003860,INDICATION,
CHEMBL4650501,EFO_0004220,INDICATION,
CHEMBL4650501,EFO_0004616,INDICATION,
CHEMBL4650501,MONDO_0005184,INDICATION,
CHEMBL4650502,EFO_0003144,INDICATION,
CHEMBL4650504,EFO_0003884,INDICATION,
CHEMBL4650504,MONDO_0011382,INDICATION,
CHEMBL4650506,EFO_0000676,INDICATION,
CHEMBL4650507,EFO_0002429,INDICATION,
CHEMBL4650507,EFO_1000642,INDICATION,
CHEMBL4650507,MONDO_0006507,INDICATION,
CHEMBL4650509,MONDO_0020088,INDICATION,
CHEMBL4650509,MONDO_0027766,INDICATION,
CHEMBL4650511,EFO_1001496,INDICATION,
CHEMBL4650512,EFO_0000616,INDICATION,
CHEMBL4650513,EFO_0000612,INDICATION,
CHEMBL4650513,EFO_0007135,INDICATION,
CHEMBL4650513,EFO_0007427,INDICATION,
CHEMBL4650513,EFO_1001165,INDICATION,
CHEMBL4650513,MONDO_0018088,INDICATION,
CHEMBL4650513,MONDO_0100096,INDICATION,
CHEMBL4650514,EFO_0004237,INDICATION,
CHEMBL4650514,EFO_0004256,INDICATION,
CHEMBL4650514,EFO_0004991,INDICATION,
CHEMBL4650514,EFO_0005809,INDICATION,
CHEMBL4650514,EFO_0007160,INDICATION,
CHEMBL4650514,EFO_0009538,INDICATION,
CHEMBL4650514,EFO_1000749,INDICATION,
CHEMBL4650514,EFO_1001264,INDICATION,
CHEMBL4650514,EFO_1001466,INDICATION,
CHEMBL4650515,EFO_0000616,INDICATION,
CHEMBL4650516,EFO_0000181,INDICATION,
CHEMBL4650516,EFO_0000182,INDICATION,
CHEMBL4650516,EFO_0000574,INDICATION,
CHEMBL4650516,EFO_0000707,INDICATION,
CHEMBL4650517,EFO_0003060,INDICATION,
CHEMBL4650518,EFO_0000685,INDICATION,
CHEMBL4650518,MONDO_0100096,INDICATION,
CHEMBL4650519,EFO_0000616,INDICATION,
CHEMBL4650520,EFO_0000198,INDICATION,
CHEMBL4650520,EFO_0000222,INDICATION,
CHEMBL4650520,EFO_0000574,INDICATION,
CHEMBL4650520,EFO_0000616,INDICATION,
CHEMBL4650520,EFO_0001378,INDICATION,
CHEMBL4650521,EFO_0000616,INDICATION,
CHEMBL4650522,EFO_0001421,INDICATION,
CHEMBL4650522,EFO_0003918,INDICATION,
CHEMBL4650522,EFO_0004698,INDICATION,
CHEMBL4650523,EFO_0000616,INDICATION,
CHEMBL4650524,EFO_0000694,INDICATION,
CHEMBL4650524,MONDO_0100096,INDICATION,
CHEMBL4650525,EFO_0000764,INDICATION,
CHEMBL4650526,MONDO_0007739,INDICATION,
CHEMBL4650527,MONDO_0007739,INDICATION,
CHEMBL4650626,EFO_0000182,INDICATION,
CHEMBL4650626,EFO_1001961,INDICATION,
CHEMBL4650685,MONDO_0008315,INDICATION,
CHEMBL4650718,EFO_0005762,INDICATION,
CHEMBL4650718,MONDO_0002009,INDICATION,
CHEMBL4650733,EFO_0000616,INDICATION,
CHEMBL4650733,EFO_0002618,INDICATION,
CHEMBL4650743,MONDO_0001330,INDICATION,
CHEMBL4650827,EFO_0000220,INDICATION,
CHEMBL4650827,EFO_0000222,INDICATION,
CHEMBL4650827,EFO_0000565,INDICATION,
CHEMBL4650827,EFO_0000616,INDICATION,
CHEMBL4650827,EFO_1001951,INDICATION,
CHEMBL4650894,MONDO_0100096,INDICATION,
CHEMBL4650989,EFO_0000616,INDICATION,
CHEMBL4650989,EFO_0003060,INDICATION,
CHEMBL4650989,MONDO_0004992,INDICATION,
CHEMBL4651002,EFO_0000616,INDICATION,
CHEMBL4651002,EFO_0005543,INDICATION,
CHEMBL4651038,MONDO_0002108,INDICATION,
CHEMBL4651083,EFO_0004607,INDICATION,
CHEMBL4651180,EFO_0000565,INDICATION,
CHEMBL4651180,EFO_0000616,INDICATION,
CHEMBL4651180,EFO_0000673,INDICATION,
CHEMBL4651180,EFO_0000702,INDICATION,
CHEMBL4651180,EFO_0005952,INDICATION,
CHEMBL46516,EFO_0005230,INDICATION,
CHEMBL46516,EFO_0005407,INDICATION,
CHEMBL46516,MONDO_0002050,INDICATION,
CHEMBL46516,MONDO_0005090,INDICATION,
CHEMBL465183,EFO_0000274,INDICATION,
CHEMBL46618,EFO_0001421,INDICATION,
CHEMBL46618,EFO_0001645,INDICATION,
CHEMBL46618,EFO_0003086,INDICATION,
CHEMBL46618,EFO_0005672,INDICATION,
CHEMBL466246,EFO_0000763,INDICATION,
CHEMBL466659,EFO_0000319,INDICATION,
CHEMBL467,EFO_0000181,INDICATION,
CHEMBL467,EFO_0000198,INDICATION,
CHEMBL467,EFO_0000220,INDICATION,
CHEMBL467,EFO_0000222,INDICATION,
CHEMBL467,EFO_0000224,INDICATION,
CHEMBL467,EFO_0000313,INDICATION,
CHEMBL467,EFO_0000339,INDICATION,
CHEMBL467,EFO_0000479,OFF_LABEL_USE,
CHEMBL467,EFO_0000519,INDICATION,
CHEMBL467,EFO_0000565,INDICATION,
CHEMBL467,EFO_0000574,INDICATION,
CHEMBL467,EFO_0000616,INDICATION,
CHEMBL467,EFO_0000707,INDICATION,
CHEMBL467,EFO_0000712,INDICATION,
CHEMBL467,EFO_0000756,INDICATION,
CHEMBL467,EFO_0000764,INDICATION,
CHEMBL467,EFO_0002429,OFF_LABEL_USE,
CHEMBL467,EFO_0002430,INDICATION,
CHEMBL467,EFO_0003086,CONTRAINDICATION,
CHEMBL467,EFO_0003817,INDICATION,
CHEMBL467,EFO_0003866,INDICATION,
CHEMBL467,EFO_0004251,INDICATION,
CHEMBL467,EFO_0005570,INDICATION,
CHEMBL467,EFO_0005577,INDICATION,
CHEMBL467,EFO_0006859,INDICATION,
CHEMBL467,EFO_0008525,INDICATION,
CHEMBL467,EFO_0009907,INDICATION,
CHEMBL467,EFO_1000158,INDICATION,
CHEMBL467,EFO_1000642,INDICATION,
CHEMBL467,EFO_1001465,INDICATION,
CHEMBL467,EFO_1001797,INDICATION,
CHEMBL467,EFO_1001996,INDICATION,
CHEMBL467,MONDO_0001056,INDICATION,
CHEMBL467,MONDO_0002280,CONTRAINDICATION,
CHEMBL467,MONDO_0005149,INDICATION,
CHEMBL467,MONDO_0005301,INDICATION,
CHEMBL467,MONDO_0007576,INDICATION,
CHEMBL467,MONDO_0008170,INDICATION,
CHEMBL467,MONDO_0008903,INDICATION,
CHEMBL467,MONDO_0011382,INDICATION,
CHEMBL467,MONDO_0016487,INDICATION,
CHEMBL467,MONDO_0016642,INDICATION,
CHEMBL467,MONDO_0020576,CONTRAINDICATION,
CHEMBL467,MONDO_0044903,INDICATION,
CHEMBL467,Orphanet_848,INDICATION,
CHEMBL467058,EFO_0007328,INDICATION,
CHEMBL467058,MONDO_0004979,INDICATION,
CHEMBL467084,MONDO_0002009,INDICATION,
CHEMBL467084,MONDO_0002050,INDICATION,
CHEMBL46730,EFO_0003768,INDICATION,
CHEMBL467399,EFO_0000095,INDICATION,
CHEMBL467399,EFO_0000574,INDICATION,
CHEMBL467399,EFO_0000616,INDICATION,
CHEMBL467399,MONDO_0007254,INDICATION,
CHEMBL467399,MONDO_0011719,INDICATION,
CHEMBL46740,EFO_0000432,INDICATION,
CHEMBL46740,EFO_0003854,INDICATION,
CHEMBL46740,EFO_0003882,INDICATION,
CHEMBL46740,EFO_0003929,INDICATION,
CHEMBL46740,MONDO_0007254,INDICATION,
CHEMBL468,EFO_0000095,INDICATION,
CHEMBL468,EFO_0000096,INDICATION,
CHEMBL468,EFO_0000182,INDICATION,
CHEMBL468,EFO_0000183,INDICATION,
CHEMBL468,EFO_0000191,INDICATION,
CHEMBL468,EFO_0000198,INDICATION,
CHEMBL468,EFO_0000342,INDICATION,
CHEMBL468,EFO_0000365,INDICATION,
CHEMBL468,EFO_0000384,INDICATION,
CHEMBL468,EFO_0000389,INDICATION,
CHEMBL468,EFO_0000403,INDICATION,
CHEMBL468,EFO_0000474,CONTRAINDICATION,
CHEMBL468,EFO_0000519,INDICATION,
CHEMBL468,EFO_0000540,INDICATION,
CHEMBL468,EFO_0000565,INDICATION,
CHEMBL468,EFO_0000574,INDICATION,
CHEMBL468,EFO_0000616,INDICATION,
CHEMBL468,EFO_0000621,INDICATION,
CHEMBL468,EFO_0000673,INDICATION,
CHEMBL468,EFO_0000676,INDICATION,
CHEMBL468,EFO_0000681,INDICATION,
CHEMBL468,EFO_0000691,INDICATION,
CHEMBL468,EFO_0000717,INDICATION,
CHEMBL468,EFO_0000729,INDICATION,
CHEMBL468,EFO_0000756,INDICATION,
CHEMBL468,EFO_0000764,INDICATION,
CHEMBL468,EFO_0000765,INDICATION,
CHEMBL468,EFO_0000768,INDICATION,
CHEMBL468,EFO_0001065,INDICATION,
CHEMBL468,EFO_0001378,INDICATION,
CHEMBL468,EFO_0002430,INDICATION,
CHEMBL468,EFO_0002939,INDICATION,
CHEMBL468,EFO_0003047,INDICATION,
CHEMBL468,EFO_0003060,INDICATION,
CHEMBL468,EFO_0003100,CONTRAINDICATION,
CHEMBL468,EFO_0003843,INDICATION,
CHEMBL468,EFO_0003865,INDICATION,
CHEMBL468,EFO_0003898,INDICATION,
CHEMBL468,EFO_0003938,OFF_LABEL_USE,
CHEMBL468,EFO_0004142,INDICATION,
CHEMBL468,EFO_0004268,INDICATION,
CHEMBL468,EFO_0005252,CONTRAINDICATION,
CHEMBL468,EFO_0005543,INDICATION,
CHEMBL468,EFO_0005570,INDICATION,
CHEMBL468,EFO_0005628,INDICATION,
CHEMBL468,EFO_0005952,INDICATION,
CHEMBL468,EFO_0006859,INDICATION,
CHEMBL468,EFO_0006888,INDICATION,
CHEMBL468,EFO_0007160,INDICATION,
CHEMBL468,EFO_0007312,INDICATION,
CHEMBL468,EFO_0009441,INDICATION,
CHEMBL468,EFO_1000045,INDICATION,
CHEMBL468,EFO_1000158,INDICATION,
CHEMBL468,EFO_1000318,INDICATION,
CHEMBL468,EFO_1000613,INDICATION,
CHEMBL468,EFO_1001115,INDICATION,
CHEMBL468,EFO_1001469,INDICATION,
CHEMBL468,EFO_1001767,INDICATION,
CHEMBL468,EFO_1001875,INDICATION,
CHEMBL468,EFO_1001901,INDICATION,
CHEMBL468,EFO_1001951,INDICATION,
CHEMBL468,EFO_1001968,INDICATION,
CHEMBL468,EFO_1001996,INDICATION,
CHEMBL468,MONDO_0001056,INDICATION,
CHEMBL468,MONDO_0002087,INDICATION,
CHEMBL468,MONDO_0002158,INDICATION,
CHEMBL468,MONDO_0002367,INDICATION,
CHEMBL468,MONDO_0002691,INDICATION,
CHEMBL468,MONDO_0003196,INDICATION,
CHEMBL468,MONDO_0004975,INDICATION,
CHEMBL468,MONDO_0004976,INDICATION,
CHEMBL468,MONDO_0004992,INDICATION,
CHEMBL468,MONDO_0007254,INDICATION,
CHEMBL468,MONDO_0007576,INDICATION,
CHEMBL468,MONDO_0008170,INDICATION,
CHEMBL468,MONDO_0008315,INDICATION,
CHEMBL468,MONDO_0008903,INDICATION,
CHEMBL468,MONDO_0013730,OFF_LABEL_USE,
CHEMBL468,MONDO_0015564,INDICATION,
CHEMBL468,MONDO_0017816,INDICATION,
CHEMBL468,MONDO_0018364,INDICATION,
CHEMBL468,MONDO_0018906,INDICATION,
CHEMBL468,MONDO_0019338,INDICATION,
CHEMBL468,MONDO_0019438,INDICATION,
CHEMBL468,MONDO_0019472,INDICATION,
CHEMBL468,MONDO_0019558,INDICATION,
CHEMBL468,MONDO_0021063,INDICATION,
CHEMBL468,MONDO_0044903,INDICATION,
CHEMBL468,MONDO_0100096,INDICATION,
CHEMBL468,Orphanet_848,INDICATION,
CHEMBL468154,EFO_0001064,INDICATION,
CHEMBL468154,MONDO_0004975,INDICATION,
CHEMBL468154,MONDO_0004985,INDICATION,
CHEMBL469,EFO_0000319,CONTRAINDICATION,
CHEMBL469,EFO_0000400,CONTRAINDICATION,
CHEMBL469,EFO_0000537,CONTRAINDICATION,
CHEMBL469,EFO_0000546,INDICATION,
CHEMBL469,EFO_0000612,CONTRAINDICATION,
CHEMBL469,EFO_0000649,INDICATION,
CHEMBL469,EFO_0000668,INDICATION,
CHEMBL469,EFO_0000685,CONTRAINDICATION,
CHEMBL469,EFO_0000712,CONTRAINDICATION,
CHEMBL469,EFO_0003767,CONTRAINDICATION,
CHEMBL469,EFO_0003770,INDICATION,
CHEMBL469,EFO_0003777,INDICATION,
CHEMBL469,EFO_0003843,INDICATION,
CHEMBL469,EFO_0003869,INDICATION,
CHEMBL469,EFO_0004253,INDICATION,
CHEMBL469,EFO_0004273,INDICATION,
CHEMBL469,EFO_0004607,CONTRAINDICATION,
CHEMBL469,EFO_0004616,INDICATION,
CHEMBL469,EFO_0005669,CONTRAINDICATION,
CHEMBL469,EFO_0005752,INDICATION,
CHEMBL469,EFO_0005755,INDICATION,
CHEMBL469,EFO_0005854,INDICATION,
CHEMBL469,EFO_0007141,INDICATION,
CHEMBL469,EFO_0008571,INDICATION,
CHEMBL469,EFO_0009314,CONTRAINDICATION,
CHEMBL469,EFO_0009444,INDICATION,
CHEMBL469,EFO_0009454,CONTRAINDICATION,
CHEMBL469,EFO_0009464,CONTRAINDICATION,
CHEMBL469,EFO_0009676,INDICATION,
CHEMBL469,EFO_1000652,INDICATION,
CHEMBL469,EFO_1000859,INDICATION,
CHEMBL469,EFO_1000906,CONTRAINDICATION,
CHEMBL469,EFO_1001139,INDICATION,
CHEMBL469,EFO_1001158,INDICATION,
CHEMBL469,EFO_1001178,INDICATION,
CHEMBL469,EFO_1001250,INDICATION,
CHEMBL469,EFO_1001412,INDICATION,
CHEMBL469,MONDO_0001343,CONTRAINDICATION,
CHEMBL469,MONDO_0001515,CONTRAINDICATION,
CHEMBL469,MONDO_0002087,INDICATION,
CHEMBL469,MONDO_0002158,INDICATION,
CHEMBL469,MONDO_0002280,CONTRAINDICATION,
CHEMBL469,MONDO_0002367,INDICATION,
CHEMBL469,MONDO_0003005,INDICATION,
CHEMBL469,MONDO_0004247,CONTRAINDICATION,
CHEMBL469,MONDO_0004979,CONTRAINDICATION,
CHEMBL469,MONDO_0005129,INDICATION,
CHEMBL469,MONDO_0005184,INDICATION,
CHEMBL469,MONDO_0005277,INDICATION,
CHEMBL469,MONDO_0008170,INDICATION,
CHEMBL469,MONDO_0018660,CONTRAINDICATION,
CHEMBL469,MP_0001845,INDICATION,
CHEMBL469448,EFO_0003103,INDICATION,
CHEMBL469448,MONDO_0015286,INDICATION,
CHEMBL469449,EFO_1001359,INDICATION,
CHEMBL47,MONDO_0001751,INDICATION,
CHEMBL47050,EFO_0005407,INDICATION,
CHEMBL470670,EFO_0000341,INDICATION,
CHEMBL47072,EFO_0003843,INDICATION,
CHEMBL470888,EFO_0005762,INDICATION,
CHEMBL471,EFO_0000275,INDICATION,
CHEMBL471,EFO_0000319,INDICATION,
CHEMBL471,EFO_0000400,CONTRAINDICATION,
CHEMBL471,EFO_0000612,INDICATION,
CHEMBL471,EFO_0003144,INDICATION,
CHEMBL471,EFO_0004278,INDICATION,
CHEMBL471,EFO_0004287,INDICATION,
CHEMBL471,EFO_0005251,CONTRAINDICATION,
CHEMBL471,EFO_0005306,INDICATION,
CHEMBL471,EFO_0005307,CONTRAINDICATION,
CHEMBL471,MONDO_0000468,CONTRAINDICATION,
CHEMBL471,MONDO_0001343,CONTRAINDICATION,
CHEMBL471,MONDO_0001823,CONTRAINDICATION,
CHEMBL471,MONDO_0004979,CONTRAINDICATION,
CHEMBL471,MONDO_0018100,CONTRAINDICATION,
CHEMBL471,MONDO_0019171,CONTRAINDICATION,
CHEMBL471498,EFO_0000400,INDICATION,
CHEMBL471498,MONDO_0005148,INDICATION,
CHEMBL471737,EFO_0000275,INDICATION,
CHEMBL471737,EFO_0000319,INDICATION,
CHEMBL471737,EFO_0000373,INDICATION,
CHEMBL471737,EFO_0000401,INDICATION,
CHEMBL471737,EFO_0000574,INDICATION,
CHEMBL471737,EFO_0001645,INDICATION,
CHEMBL471737,EFO_0003144,INDICATION,
CHEMBL471737,EFO_0003913,INDICATION,
CHEMBL471737,EFO_0005251,INDICATION,
CHEMBL471737,EFO_0005252,INDICATION,
CHEMBL471737,EFO_0006834,INDICATION,
CHEMBL471737,EFO_0007372,INDICATION,
CHEMBL471737,EFO_0008586,INDICATION,
CHEMBL471737,EFO_1000645,INDICATION,
CHEMBL471737,EFO_1000899,INDICATION,
CHEMBL471737,EFO_1001207,INDICATION,
CHEMBL471737,EFO_1001373,INDICATION,
CHEMBL471737,MONDO_0004992,INDICATION,
CHEMBL471897,EFO_1001249,INDICATION,
CHEMBL471897,MONDO_0021187,INDICATION,
CHEMBL472,EFO_0000400,INDICATION,
CHEMBL472,EFO_0000612,CONTRAINDICATION,
CHEMBL472,EFO_0000712,INDICATION,
CHEMBL472,EFO_0000734,CONTRAINDICATION,
CHEMBL472,EFO_0001380,CONTRAINDICATION,
CHEMBL472,EFO_0003086,CONTRAINDICATION,
CHEMBL472,EFO_0003913,INDICATION,
CHEMBL472,EFO_0004593,INDICATION,
CHEMBL472,EFO_0005741,CONTRAINDICATION,
CHEMBL472,EFO_0009491,CONTRAINDICATION,
CHEMBL472,EFO_1000036,CONTRAINDICATION,
CHEMBL472,EFO_1001919,INDICATION,
CHEMBL472,MONDO_0000440,CONTRAINDICATION,
CHEMBL472,MONDO_0002520,CONTRAINDICATION,
CHEMBL472,MONDO_0005147,INDICATION,
CHEMBL472,MONDO_0005148,INDICATION,
CHEMBL472,MONDO_0007079,CONTRAINDICATION,
CHEMBL472,MONDO_0015129,CONTRAINDICATION,
CHEMBL472,MONDO_0016391,INDICATION,
CHEMBL472,MONDO_0043510,INDICATION,
CHEMBL472,MONDO_0100192,CONTRAINDICATION,
CHEMBL47298,EFO_0000763,INDICATION,
CHEMBL473,EFO_0000275,INDICATION,
CHEMBL473,EFO_0003086,CONTRAINDICATION,
CHEMBL473,EFO_0003144,INDICATION,
CHEMBL473,EFO_0003911,INDICATION,
CHEMBL473,EFO_0004269,INDICATION,
CHEMBL473,EFO_0005307,CONTRAINDICATION,
CHEMBL473,MONDO_0005351,CONTRAINDICATION,
CHEMBL473,MONDO_0018100,CONTRAINDICATION,
CHEMBL473,MONDO_0019171,CONTRAINDICATION,
CHEMBL473159,EFO_0010282,INDICATION,
CHEMBL473417,EFO_0000222,INDICATION,
CHEMBL473417,EFO_0000326,INDICATION,
CHEMBL473417,EFO_0000519,INDICATION,
CHEMBL473417,EFO_0000616,INDICATION,
CHEMBL473417,EFO_0000673,INDICATION,
CHEMBL473417,EFO_0000702,INDICATION,
CHEMBL473417,EFO_0000768,INDICATION,
CHEMBL473417,EFO_0001378,INDICATION,
CHEMBL473417,EFO_0002618,INDICATION,
CHEMBL473417,EFO_0002939,INDICATION,
CHEMBL473417,EFO_0003897,INDICATION,
CHEMBL473417,EFO_0004193,INDICATION,
CHEMBL473417,EFO_0005537,INDICATION,
CHEMBL473417,EFO_1001041,INDICATION,
CHEMBL473417,EFO_1001465,INDICATION,
CHEMBL473417,MONDO_0003684,INDICATION,
CHEMBL473417,MONDO_0004992,INDICATION,
CHEMBL473417,MONDO_0005184,INDICATION,
CHEMBL473417,MONDO_0005341,INDICATION,
CHEMBL473417,MONDO_0007187,INDICATION,
CHEMBL473417,MONDO_0007254,INDICATION,
CHEMBL473417,MONDO_0008170,INDICATION,
CHEMBL473417,MONDO_0008315,INDICATION,
CHEMBL473417,MONDO_0016642,INDICATION,
CHEMBL473417,MONDO_0020547,INDICATION,
CHEMBL473417,MONDO_0044903,INDICATION,
CHEMBL4740383,EFO_0000196,INDICATION,
CHEMBL4740383,EFO_0000616,INDICATION,
CHEMBL4740383,EFO_0000673,INDICATION,
CHEMBL4740383,EFO_0003060,INDICATION,
CHEMBL4740383,EFO_0003085,INDICATION,
CHEMBL4740383,EFO_1000657,INDICATION,
CHEMBL4740383,EFO_1001951,INDICATION,
CHEMBL4740383,MONDO_0008315,INDICATION,
CHEMBL4741924,EFO_0000616,INDICATION,
CHEMBL4742157,EFO_0001361,INDICATION,
CHEMBL4742157,MONDO_0004992,INDICATION,
CHEMBL4742157,MONDO_0016642,INDICATION,
CHEMBL4744254,EFO_0001421,INDICATION,
CHEMBL4744254,EFO_0004197,INDICATION,
CHEMBL4744254,EFO_0004239,INDICATION,
CHEMBL4745523,MONDO_0044881,INDICATION,
CHEMBL474579,EFO_0000544,INDICATION,
CHEMBL474579,EFO_0000771,INDICATION,
CHEMBL474579,EFO_0003086,CONTRAINDICATION,
CHEMBL474579,EFO_0003102,INDICATION,
CHEMBL474579,EFO_0005681,INDICATION,
CHEMBL474579,EFO_0007496,INDICATION,
CHEMBL474579,EFO_0007499,INDICATION,
CHEMBL474579,EFO_1001272,INDICATION,
CHEMBL474579,EFO_1001312,INDICATION,
CHEMBL474579,EFO_1001318,INDICATION,
CHEMBL474579,MONDO_0005247,INDICATION,
CHEMBL4747845,EFO_0000400,INDICATION,
CHEMBL4748352,EFO_0005045,INDICATION,
CHEMBL4748825,MONDO_0002158,INDICATION,
CHEMBL4748825,MONDO_0008170,INDICATION,
CHEMBL4751394,EFO_0000616,INDICATION,
CHEMBL4753998,EFO_0003106,INDICATION,
CHEMBL4753998,EFO_1000652,INDICATION,
CHEMBL4754493,EFO_0005952,INDICATION,
CHEMBL475534,EFO_0000319,INDICATION,
CHEMBL475534,EFO_0000537,INDICATION,
CHEMBL4756129,EFO_0000764,INDICATION,
CHEMBL4756476,EFO_0000095,INDICATION,
CHEMBL4756476,EFO_0000616,INDICATION,
CHEMBL4756476,EFO_0001642,INDICATION,
CHEMBL4756476,MONDO_0004992,INDICATION,
CHEMBL4756595,EFO_0000616,INDICATION,
CHEMBL476,EFO_0000183,INDICATION,
CHEMBL476,EFO_0000211,INDICATION,
CHEMBL476,EFO_0000389,INDICATION,
CHEMBL476,EFO_0000564,INDICATION,
CHEMBL476,EFO_0000574,INDICATION,
CHEMBL476,EFO_0000616,INDICATION,
CHEMBL476,EFO_0000621,INDICATION,
CHEMBL476,EFO_0000691,INDICATION,
CHEMBL476,EFO_0000756,INDICATION,
CHEMBL476,EFO_0001376,INDICATION,
CHEMBL476,EFO_0002617,INDICATION,
CHEMBL476,EFO_0003086,CONTRAINDICATION,
CHEMBL476,EFO_0007143,INDICATION,
CHEMBL476,EFO_1000045,INDICATION,
CHEMBL476,EFO_1000966,CONTRAINDICATION,
CHEMBL476,EFO_1001901,INDICATION,
CHEMBL476,EFO_1001968,INDICATION,
CHEMBL476,MONDO_0002108,INDICATION,
CHEMBL476,MONDO_0002280,CONTRAINDICATION,
CHEMBL476,MONDO_0002367,INDICATION,
CHEMBL476,MONDO_0002898,INDICATION,
CHEMBL476,MONDO_0004992,INDICATION,
CHEMBL476,MONDO_0007254,INDICATION,
CHEMBL476,MONDO_0008903,INDICATION,
CHEMBL476,MONDO_0009348,INDICATION,
CHEMBL476,MONDO_0021063,INDICATION,
CHEMBL4760665,EFO_0001421,INDICATION,
CHEMBL4760665,EFO_0003095,INDICATION,
CHEMBL4760665,EFO_1001249,INDICATION,
CHEMBL4761468,EFO_0000313,INDICATION,
CHEMBL4761468,EFO_0000571,INDICATION,
CHEMBL4761468,EFO_0000616,INDICATION,
CHEMBL4761468,EFO_0000707,INDICATION,
CHEMBL4761468,EFO_0001421,INDICATION,
CHEMBL4761468,EFO_0003060,INDICATION,
CHEMBL4761468,MONDO_0004992,INDICATION,
CHEMBL4761468,MONDO_0008903,INDICATION,
CHEMBL476323,EFO_0003888,INDICATION,
CHEMBL476323,EFO_0003918,INDICATION,
CHEMBL476323,MONDO_0004975,INDICATION,
CHEMBL476323,MONDO_0005090,INDICATION,
CHEMBL476413,EFO_0007191,INDICATION,
CHEMBL476960,EFO_0000400,INDICATION,
CHEMBL476960,EFO_0003100,CONTRAINDICATION,
CHEMBL476960,MONDO_0001343,CONTRAINDICATION,
CHEMBL476960,MONDO_0005148,INDICATION,
CHEMBL476960,MONDO_0018150,INDICATION,
CHEMBL477,EFO_0000095,INDICATION,
CHEMBL477,EFO_0000275,INDICATION,
CHEMBL477,EFO_0000318,INDICATION,
CHEMBL477,EFO_0000319,INDICATION,
CHEMBL477,EFO_0000341,CONTRAINDICATION,
CHEMBL477,EFO_0000464,CONTRAINDICATION,
CHEMBL477,EFO_0000556,INDICATION,
CHEMBL477,EFO_0000612,INDICATION,
CHEMBL477,EFO_0000616,INDICATION,
CHEMBL477,EFO_0001645,INDICATION,
CHEMBL477,EFO_0003843,INDICATION,
CHEMBL477,EFO_0003913,INDICATION,
CHEMBL477,EFO_0005251,CONTRAINDICATION,
CHEMBL477,EFO_0005306,INDICATION,
CHEMBL477,EFO_0005672,CONTRAINDICATION,
CHEMBL477,EFO_0007372,CONTRAINDICATION,
CHEMBL477,EFO_0007427,CONTRAINDICATION,
CHEMBL477,EFO_0008583,INDICATION,
CHEMBL477,EFO_0008585,INDICATION,
CHEMBL477,EFO_0009493,INDICATION,
CHEMBL477,EFO_0009532,CONTRAINDICATION,
CHEMBL477,EFO_1000637,INDICATION,
CHEMBL477,EFO_1001375,INDICATION,
CHEMBL477,EFO_1001450,INDICATION,
CHEMBL477,EFO_1002000,INDICATION,
CHEMBL477,MONDO_0000468,CONTRAINDICATION,
CHEMBL477,MONDO_0001823,CONTRAINDICATION,
CHEMBL477,MONDO_0004979,CONTRAINDICATION,
CHEMBL477,MONDO_0004992,INDICATION,
CHEMBL477,MONDO_0006715,INDICATION,
CHEMBL477,MONDO_0042981,CONTRAINDICATION,
CHEMBL477,MP_0001845,INDICATION,
CHEMBL477278,EFO_0005543,INDICATION,
CHEMBL4776719,MONDO_0002009,INDICATION,
CHEMBL477772,EFO_0000181,INDICATION,
CHEMBL477772,EFO_0000182,INDICATION,
CHEMBL477772,EFO_0000222,INDICATION,
CHEMBL477772,EFO_0000278,CONTRAINDICATION,
CHEMBL477772,EFO_0000333,INDICATION,
CHEMBL477772,EFO_0000335,INDICATION,
CHEMBL477772,EFO_0000349,INDICATION,
CHEMBL477772,EFO_0000365,INDICATION,
CHEMBL477772,EFO_0000389,INDICATION,
CHEMBL477772,EFO_0000501,INDICATION,
CHEMBL477772,EFO_0000514,INDICATION,
CHEMBL477772,EFO_0000519,INDICATION,
CHEMBL477772,EFO_0000537,CONTRAINDICATION,
CHEMBL477772,EFO_0000564,INDICATION,
CHEMBL477772,EFO_0000569,INDICATION,
CHEMBL477772,EFO_0000574,INDICATION,
CHEMBL477772,EFO_0000588,INDICATION,
CHEMBL477772,EFO_0000612,CONTRAINDICATION,
CHEMBL477772,EFO_0000616,INDICATION,
CHEMBL477772,EFO_0000637,INDICATION,
CHEMBL477772,EFO_0000640,INDICATION,
CHEMBL477772,EFO_0000641,INDICATION,
CHEMBL477772,EFO_0000673,INDICATION,
CHEMBL477772,EFO_0000676,INDICATION,
CHEMBL477772,EFO_0000681,INDICATION,
CHEMBL477772,EFO_0000691,INDICATION,
CHEMBL477772,EFO_0000702,INDICATION,
CHEMBL477772,EFO_0000756,INDICATION,
CHEMBL477772,EFO_0001663,INDICATION,
CHEMBL477772,EFO_0002618,INDICATION,
CHEMBL477772,EFO_0002892,INDICATION,
CHEMBL477772,EFO_0003016,INDICATION,
CHEMBL477772,EFO_0003060,INDICATION,
CHEMBL477772,EFO_0003869,INDICATION,
CHEMBL477772,EFO_0003893,INDICATION,
CHEMBL477772,EFO_0003968,INDICATION,
CHEMBL477772,EFO_0004705,CONTRAINDICATION,
CHEMBL477772,EFO_0005307,CONTRAINDICATION,
CHEMBL477772,EFO_0005543,INDICATION,
CHEMBL477772,EFO_0005669,CONTRAINDICATION,
CHEMBL477772,EFO_0006861,INDICATION,
CHEMBL477772,EFO_0007143,INDICATION,
CHEMBL477772,EFO_0009606,INDICATION,
CHEMBL477772,EFO_1000613,INDICATION,
CHEMBL477772,EFO_1000880,INDICATION,
CHEMBL477772,EFO_1000905,CONTRAINDICATION,
CHEMBL477772,EFO_1001100,INDICATION,
CHEMBL477772,EFO_1001465,INDICATION,
CHEMBL477772,EFO_1001901,INDICATION,
CHEMBL477772,EFO_1001968,INDICATION,
CHEMBL477772,MONDO_0000521,INDICATION,
CHEMBL477772,MONDO_0001056,INDICATION,
CHEMBL477772,MONDO_0001187,INDICATION,
CHEMBL477772,MONDO_0002087,INDICATION,
CHEMBL477772,MONDO_0002158,INDICATION,
CHEMBL477772,MONDO_0002367,INDICATION,
CHEMBL477772,MONDO_0002974,INDICATION,
CHEMBL477772,MONDO_0004192,INDICATION,
CHEMBL477772,MONDO_0004986,INDICATION,
CHEMBL477772,MONDO_0004992,INDICATION,
CHEMBL477772,MONDO_0007254,INDICATION,
CHEMBL477772,MONDO_0008170,INDICATION,
CHEMBL477772,MONDO_0008315,INDICATION,
CHEMBL477772,MONDO_0008667,INDICATION,
CHEMBL477772,MONDO_0008903,INDICATION,
CHEMBL477772,MONDO_0011719,INDICATION,
CHEMBL477772,MONDO_0011934,INDICATION,
CHEMBL477772,MONDO_0015277,INDICATION,
CHEMBL477772,MONDO_0016238,INDICATION,
CHEMBL477772,MONDO_0018100,CONTRAINDICATION,
CHEMBL477772,MONDO_0019171,CONTRAINDICATION,
CHEMBL477772,MONDO_0019180,INDICATION,
CHEMBL477772,MONDO_0019297,INDICATION,
CHEMBL477772,MONDO_0100192,CONTRAINDICATION,
CHEMBL4779773,MONDO_0005090,INDICATION,
CHEMBL4779850,MONDO_0005475,INDICATION,
CHEMBL4779850,MONDO_0100431,INDICATION,
CHEMBL478,EFO_0002610,INDICATION,
CHEMBL478,MONDO_0007079,INDICATION,
CHEMBL4783351,EFO_0000616,INDICATION,
CHEMBL4783351,EFO_0000756,INDICATION,
CHEMBL4783351,MONDO_0002334,INDICATION,
CHEMBL4783351,MONDO_0005184,INDICATION,
CHEMBL4783446,EFO_0004220,INDICATION,
CHEMBL4784510,MP_0001845,INDICATION,
CHEMBL4785363,EFO_0000616,INDICATION,
CHEMBL4785363,MONDO_0008315,INDICATION,
CHEMBL478858,EFO_0001645,INDICATION,
CHEMBL478858,EFO_0003914,INDICATION,
CHEMBL4788728,EFO_1000781,INDICATION,
CHEMBL4788758,EFO_0000384,INDICATION,
CHEMBL4789639,EFO_0000676,INDICATION,
CHEMBL479,EFO_0000222,INDICATION,
CHEMBL479,EFO_0000474,CONTRAINDICATION,
CHEMBL479,EFO_0005230,INDICATION,
CHEMBL479,EFO_0005252,CONTRAINDICATION,
CHEMBL479,EFO_0005407,INDICATION,
CHEMBL479,EFO_0005803,CONTRAINDICATION,
CHEMBL479,EFO_1001379,CONTRAINDICATION,
CHEMBL479,MONDO_0002050,INDICATION,
CHEMBL479,MONDO_0005090,INDICATION,
CHEMBL479,MONDO_0019171,CONTRAINDICATION,
CHEMBL4790100,EFO_0000222,INDICATION,
CHEMBL4791762,EFO_0003888,INDICATION,
CHEMBL4792487,MONDO_0004992,INDICATION,
CHEMBL479527,EFO_0001645,INDICATION,
CHEMBL479527,EFO_0004211,INDICATION,
CHEMBL479527,EFO_0004911,INDICATION,
CHEMBL479527,MONDO_0018473,INDICATION,
CHEMBL479527,MONDO_0021187,INDICATION,
CHEMBL479527,Orphanet_309005,INDICATION,
CHEMBL479527,Orphanet_413,INDICATION,
CHEMBL479527,Orphanet_79211,INDICATION,
CHEMBL4796560,MONDO_0019200,INDICATION,
CHEMBL480,EFO_0000095,INDICATION,
CHEMBL480,EFO_0000217,INDICATION,
CHEMBL480,EFO_0000319,CONTRAINDICATION,
CHEMBL480,EFO_0000537,CONTRAINDICATION,
CHEMBL480,EFO_0000574,INDICATION,
CHEMBL480,EFO_0000612,CONTRAINDICATION,
CHEMBL480,EFO_0000616,INDICATION,
CHEMBL480,EFO_0000712,CONTRAINDICATION,
CHEMBL480,EFO_0000768,INDICATION,
CHEMBL480,EFO_0003086,CONTRAINDICATION,
CHEMBL480,EFO_0003843,INDICATION,
CHEMBL480,EFO_0003882,CONTRAINDICATION,
CHEMBL480,EFO_0003917,INDICATION,
CHEMBL480,EFO_0003948,INDICATION,
CHEMBL480,EFO_0004232,INDICATION,
CHEMBL480,EFO_0004274,INDICATION,
CHEMBL480,EFO_0004607,INDICATION,
CHEMBL480,EFO_0004991,CONTRAINDICATION,
CHEMBL480,EFO_0005306,CONTRAINDICATION,
CHEMBL480,EFO_0005307,CONTRAINDICATION,
CHEMBL480,EFO_0007326,CONTRAINDICATION,
CHEMBL480,EFO_0007456,INDICATION,
CHEMBL480,EFO_0007549,INDICATION,
CHEMBL480,EFO_0009314,CONTRAINDICATION,
CHEMBL480,EFO_0009454,INDICATION,
CHEMBL480,EFO_1000657,INDICATION,
CHEMBL480,EFO_1000961,INDICATION,
CHEMBL480,EFO_1001095,INDICATION,
CHEMBL480,EFO_1001355,INDICATION,
CHEMBL480,MONDO_0001751,CONTRAINDICATION,
CHEMBL480,MONDO_0002280,CONTRAINDICATION,
CHEMBL480,MONDO_0002974,INDICATION,
CHEMBL480,MONDO_0004247,INDICATION,
CHEMBL480,MONDO_0005147,INDICATION,
CHEMBL480,MONDO_0005178,INDICATION,
CHEMBL480,MONDO_0007079,CONTRAINDICATION,
CHEMBL480,MONDO_0007254,INDICATION,
CHEMBL480,MONDO_0009061,INDICATION,
CHEMBL480,MONDO_0011962,INDICATION,
CHEMBL480,MONDO_0018100,CONTRAINDICATION,
CHEMBL480,MONDO_0037821,CONTRAINDICATION,
CHEMBL480,MONDO_0100192,CONTRAINDICATION,
CHEMBL4800252,EFO_0000616,INDICATION,
CHEMBL4800252,MONDO_0007254,INDICATION,
CHEMBL4800252,MONDO_0008170,INDICATION,
CHEMBL4802129,EFO_0000095,INDICATION,
CHEMBL4802129,EFO_0000198,INDICATION,
CHEMBL4802129,EFO_0000222,INDICATION,
CHEMBL4802129,EFO_0000339,INDICATION,
CHEMBL4802129,EFO_0000612,INDICATION,
CHEMBL4802129,EFO_0000616,INDICATION,
CHEMBL4802129,EFO_0001378,INDICATION,
CHEMBL4802129,EFO_0005809,INDICATION,
CHEMBL4802129,MONDO_0007254,INDICATION,
CHEMBL4802130,EFO_0005809,INDICATION,
CHEMBL4802130,MONDO_0013730,INDICATION,
CHEMBL4802133,MONDO_0007606,INDICATION,
CHEMBL4802135,EFO_0001421,INDICATION,
CHEMBL4802135,EFO_0003086,INDICATION,
CHEMBL4802135,MONDO_0100096,INDICATION,
CHEMBL4802136,EFO_0000222,INDICATION,
CHEMBL4802137,EFO_0009854,INDICATION,
CHEMBL4802137,MONDO_0002009,INDICATION,
CHEMBL4802138,EFO_0000768,INDICATION,
CHEMBL4802138,EFO_0006890,INDICATION,
CHEMBL4802139,MONDO_0015339,INDICATION,
CHEMBL4802139,Orphanet_43,INDICATION,
CHEMBL4802140,MONDO_0005148,INDICATION,
CHEMBL4802141,EFO_0000685,INDICATION,
CHEMBL4802142,MP_0001845,INDICATION,
CHEMBL4802143,EFO_0009870,INDICATION,
CHEMBL4802144,MONDO_0007113,INDICATION,
CHEMBL4802144,MONDO_0008300,INDICATION,
CHEMBL4802146,EFO_0000768,INDICATION,
CHEMBL4802146,EFO_1001249,INDICATION,
CHEMBL4802147,EFO_0000685,INDICATION,
CHEMBL4802148,EFO_0000616,INDICATION,
CHEMBL4802149,EFO_0000222,INDICATION,
CHEMBL4802150,MONDO_0009061,INDICATION,
CHEMBL4802151,EFO_0000702,INDICATION,
CHEMBL4802151,EFO_0003060,INDICATION,
CHEMBL4802151,EFO_0005952,INDICATION,
CHEMBL4802151,EFO_1001901,INDICATION,
CHEMBL4802151,MONDO_0044903,INDICATION,
CHEMBL4802152,EFO_0000616,INDICATION,
CHEMBL4802152,EFO_0000702,INDICATION,
CHEMBL4802152,MONDO_0004992,INDICATION,
CHEMBL4802152,MONDO_0007254,INDICATION,
CHEMBL4802152,MONDO_0008170,INDICATION,
CHEMBL4802152,MONDO_0008315,INDICATION,
CHEMBL4802154,EFO_0000729,INDICATION,
CHEMBL4802155,MONDO_0004975,INDICATION,
CHEMBL4802156,MONDO_0004992,INDICATION,
CHEMBL4802157,EFO_0010702,INDICATION,
CHEMBL4802157,MONDO_0007079,INDICATION,
CHEMBL4802158,EFO_0000676,INDICATION,
CHEMBL4802158,EFO_0003095,INDICATION,
CHEMBL4802158,EFO_0004268,INDICATION,
CHEMBL4802158,EFO_0008573,INDICATION,
CHEMBL4802158,EFO_1001345,INDICATION,
CHEMBL4802158,MONDO_0100096,INDICATION,
CHEMBL4802159,EFO_0000398,INDICATION,
CHEMBL4802159,EFO_0003834,INDICATION,
CHEMBL4802159,MONDO_0007915,INDICATION,
CHEMBL4802159,MONDO_0100096,INDICATION,
CHEMBL4802160,EFO_0000404,INDICATION,
CHEMBL4802160,EFO_0001421,INDICATION,
CHEMBL4802160,EFO_0003086,INDICATION,
CHEMBL4802160,EFO_1000753,INDICATION,
CHEMBL4802160,MONDO_0001676,INDICATION,
CHEMBL4802161,EFO_0000181,INDICATION,
CHEMBL4802161,EFO_0000616,INDICATION,
CHEMBL4802161,EFO_0000756,INDICATION,
CHEMBL4802161,EFO_0001421,INDICATION,
CHEMBL4802161,EFO_0002618,INDICATION,
CHEMBL4802161,EFO_0003869,INDICATION,
CHEMBL4802161,EFO_0004252,INDICATION,
CHEMBL4802161,EFO_0005922,INDICATION,
CHEMBL4802161,MONDO_0001056,INDICATION,
CHEMBL4802161,MONDO_0007254,INDICATION,
CHEMBL4802163,EFO_0004610,INDICATION,
CHEMBL4802163,MONDO_0100096,INDICATION,
CHEMBL4802164,EFO_0000574,INDICATION,
CHEMBL4802165,EFO_0000228,INDICATION,
CHEMBL4802165,EFO_0000616,INDICATION,
CHEMBL4802165,EFO_0003060,INDICATION,
CHEMBL4802165,MONDO_0001056,INDICATION,
CHEMBL4802165,MONDO_0007576,INDICATION,
CHEMBL4802167,EFO_0000400,INDICATION,
CHEMBL4802167,Orphanet_309005,INDICATION,
CHEMBL4802169,EFO_0001073,INDICATION,
CHEMBL4802169,EFO_0001421,INDICATION,
CHEMBL4802169,EFO_0005935,INDICATION,
CHEMBL4802169,MONDO_0005148,INDICATION,
CHEMBL4802170,EFO_1000747,INDICATION,
CHEMBL4802171,MONDO_0100096,INDICATION,
CHEMBL4802172,EFO_0000181,INDICATION,
CHEMBL4802172,EFO_0000519,INDICATION,
CHEMBL4802172,EFO_0000616,INDICATION,
CHEMBL4802172,EFO_0000702,INDICATION,
CHEMBL4802172,EFO_0003060,INDICATION,
CHEMBL4802172,EFO_0009708,INDICATION,
CHEMBL4802172,EFO_1001951,INDICATION,
CHEMBL4802172,MONDO_0005184,INDICATION,
CHEMBL4802175,MONDO_0005147,INDICATION,
CHEMBL4802177,EFO_0000616,INDICATION,
CHEMBL4802177,EFO_0000673,INDICATION,
CHEMBL4802178,MONDO_0005148,INDICATION,
CHEMBL4802180,EFO_0000198,INDICATION,
CHEMBL4802180,EFO_0000222,INDICATION,
CHEMBL4802180,EFO_0000365,INDICATION,
CHEMBL4802180,EFO_0000691,INDICATION,
CHEMBL4802180,EFO_0001422,INDICATION,
CHEMBL4802180,EFO_0003060,INDICATION,
CHEMBL4802180,EFO_0004599,INDICATION,
CHEMBL4802180,EFO_0007160,INDICATION,
CHEMBL4802180,MONDO_0004992,INDICATION,
CHEMBL4802180,MONDO_0007254,INDICATION,
CHEMBL4802181,EFO_0000616,INDICATION,
CHEMBL4802182,EFO_0000712,INDICATION,
CHEMBL4802184,EFO_0000756,INDICATION,
CHEMBL4802184,EFO_0000764,INDICATION,
CHEMBL4802184,EFO_0004234,INDICATION,
CHEMBL4802184,MONDO_0007254,INDICATION,
CHEMBL4802185,EFO_0000222,INDICATION,
CHEMBL4802185,EFO_0000403,INDICATION,
CHEMBL4802185,EFO_0000616,INDICATION,
CHEMBL4802185,EFO_0001378,INDICATION,
CHEMBL4802187,MONDO_0100096,INDICATION,
CHEMBL4802188,EFO_0000616,INDICATION,
CHEMBL4802190,EFO_0000616,INDICATION,
CHEMBL4802193,EFO_0000616,INDICATION,
CHEMBL4802193,MONDO_0001187,INDICATION,
CHEMBL4802194,EFO_1001494,INDICATION,
CHEMBL4802195,EFO_0000319,INDICATION,
CHEMBL4802195,EFO_0001645,INDICATION,
CHEMBL4802195,EFO_0003884,INDICATION,
CHEMBL4802195,EFO_0005672,INDICATION,
CHEMBL4802195,MONDO_0004979,INDICATION,
CHEMBL4802196,EFO_0000222,INDICATION,
CHEMBL4802198,EFO_0000384,INDICATION,
CHEMBL4802198,EFO_0000729,INDICATION,
CHEMBL4802198,EFO_1000637,INDICATION,
CHEMBL4802198,MONDO_0004979,INDICATION,
CHEMBL4802198,MONDO_0100096,INDICATION,
CHEMBL4802199,MONDO_0100096,INDICATION,
CHEMBL4802200,EFO_0000616,INDICATION,
CHEMBL4802200,EFO_0005741,INDICATION,
CHEMBL4802200,MONDO_0100096,INDICATION,
CHEMBL4802201,EFO_0000616,INDICATION,
CHEMBL4802201,EFO_0000681,INDICATION,
CHEMBL4802201,EFO_0001663,INDICATION,
CHEMBL4802201,EFO_0003060,INDICATION,
CHEMBL4802201,EFO_1000657,INDICATION,
CHEMBL4802201,MONDO_0002158,INDICATION,
CHEMBL4802201,MONDO_0008170,INDICATION,
CHEMBL4802202,EFO_0000182,INDICATION,
CHEMBL4802202,EFO_0007469,INDICATION,
CHEMBL4802203,MONDO_0005180,INDICATION,
CHEMBL4802204,EFO_0000694,INDICATION,
CHEMBL4802204,MONDO_0100096,INDICATION,
CHEMBL4802205,EFO_0000616,INDICATION,
CHEMBL4802205,EFO_0001378,INDICATION,
CHEMBL4802205,EFO_0003060,INDICATION,
CHEMBL4802205,MONDO_0004992,INDICATION,
CHEMBL4802206,MONDO_0004975,INDICATION,
CHEMBL4802207,EFO_0000616,INDICATION,
CHEMBL4802207,MONDO_0004992,INDICATION,
CHEMBL4802208,EFO_0000616,INDICATION,
CHEMBL4802208,EFO_0005772,INDICATION,
CHEMBL4802208,MONDO_0004975,INDICATION,
CHEMBL4802208,MONDO_0100096,INDICATION,
CHEMBL4802209,EFO_0000616,INDICATION,
CHEMBL4802210,MONDO_0100096,INDICATION,
CHEMBL4802212,EFO_0000616,INDICATION,
CHEMBL4802212,EFO_0003060,INDICATION,
CHEMBL4802212,EFO_0003893,INDICATION,
CHEMBL4802213,MONDO_0005148,INDICATION,
CHEMBL4802214,EFO_0000763,INDICATION,
CHEMBL4802214,MONDO_0100096,INDICATION,
CHEMBL4802215,EFO_1001492,INDICATION,
CHEMBL4802216,MONDO_0100096,INDICATION,
CHEMBL4802217,EFO_0005537,INDICATION,
CHEMBL4802217,MONDO_0007254,INDICATION,
CHEMBL4802219,EFO_0000616,INDICATION,
CHEMBL4802220,MONDO_0100096,INDICATION,
CHEMBL4802221,EFO_0000616,INDICATION,
CHEMBL4802221,EFO_0000637,INDICATION,
CHEMBL4802221,EFO_0000702,INDICATION,
CHEMBL4802221,EFO_0002617,INDICATION,
CHEMBL4802221,EFO_0008528,INDICATION,
CHEMBL4802221,MONDO_0002974,INDICATION,
CHEMBL4802221,MONDO_0003060,INDICATION,
CHEMBL4802222,EFO_0003964,INDICATION,
CHEMBL4802223,MONDO_0008315,INDICATION,
CHEMBL4802224,EFO_0003884,INDICATION,
CHEMBL4802233,EFO_0003948,INDICATION,
CHEMBL4802239,EFO_0003060,INDICATION,
CHEMBL4802240,MONDO_0005180,INDICATION,
CHEMBL4802242,EFO_0003108,INDICATION,
CHEMBL4802243,EFO_0000616,INDICATION,
CHEMBL4802244,EFO_1000753,INDICATION,
CHEMBL4802244,MONDO_0001676,INDICATION,
CHEMBL4802245,EFO_0003086,INDICATION,
CHEMBL4802246,EFO_0003095,INDICATION,
CHEMBL4802246,EFO_0008573,INDICATION,
CHEMBL4802246,MONDO_0100096,INDICATION,
CHEMBL4802247,EFO_0008585,INDICATION,
CHEMBL4802248,EFO_0000616,INDICATION,
CHEMBL4802249,EFO_0000180,INDICATION,
CHEMBL4802249,EFO_0000764,INDICATION,
CHEMBL4802250,EFO_0000198,INDICATION,
CHEMBL4802250,EFO_0000222,INDICATION,
CHEMBL4802251,EFO_0000318,INDICATION,
CHEMBL4802252,MONDO_0004975,INDICATION,
CHEMBL4802253,EFO_1001413,INDICATION,
CHEMBL4802254,EFO_0000616,INDICATION,
CHEMBL4802255,MONDO_0017719,INDICATION,
CHEMBL4802255,MONDO_0018149,INDICATION,
CHEMBL4802256,EFO_1001359,INDICATION,
CHEMBL4802257,MONDO_0019391,INDICATION,
CHEMBL4802258,EFO_0000616,INDICATION,
CHEMBL4802258,EFO_0003060,INDICATION,
CHEMBL4802258,MONDO_0008315,INDICATION,
CHEMBL4802259,EFO_0000616,INDICATION,
CHEMBL4802260,EFO_0000616,INDICATION,
CHEMBL4802260,EFO_0005952,INDICATION,
CHEMBL4802261,EFO_0000616,INDICATION,
CHEMBL4802262,MONDO_0018868,INDICATION,
CHEMBL4802263,EFO_0001378,INDICATION,
CHEMBL4802264,EFO_0000222,INDICATION,
CHEMBL4802265,EFO_0000616,INDICATION,
CHEMBL4802267,EFO_0000574,INDICATION,
CHEMBL4802269,EFO_0000616,INDICATION,
CHEMBL4802269,EFO_0000691,INDICATION,
CHEMBL4802269,EFO_0002617,INDICATION,
CHEMBL4802269,EFO_0005809,INDICATION,
CHEMBL4802270,EFO_0003086,INDICATION,
CHEMBL4802293,MONDO_0002009,INDICATION,
CHEMBL4802585,EFO_0001645,INDICATION,
CHEMBL4803710,EFO_0000676,INDICATION,
CHEMBL4804173,MONDO_0004975,INDICATION,
CHEMBL480558,MONDO_0004975,INDICATION,
CHEMBL480853,EFO_0004142,INDICATION,
CHEMBL480853,EFO_0008520,INDICATION,
CHEMBL481,EFO_0000095,INDICATION,
CHEMBL481,EFO_0000174,OFF_LABEL_USE,
CHEMBL481,EFO_0000178,INDICATION,
CHEMBL481,EFO_0000182,INDICATION,
CHEMBL481,EFO_0000183,INDICATION,
CHEMBL481,EFO_0000191,INDICATION,
CHEMBL481,EFO_0000197,INDICATION,
CHEMBL481,EFO_0000228,INDICATION,
CHEMBL481,EFO_0000248,INDICATION,
CHEMBL481,EFO_0000255,INDICATION,
CHEMBL481,EFO_0000309,INDICATION,
CHEMBL481,EFO_0000313,INDICATION,
CHEMBL481,EFO_0000326,INDICATION,
CHEMBL481,EFO_0000365,INDICATION,
CHEMBL481,EFO_0000389,INDICATION,
CHEMBL481,EFO_0000403,INDICATION,
CHEMBL481,EFO_0000437,INDICATION,
CHEMBL481,EFO_0000502,INDICATION,
CHEMBL481,EFO_0000503,INDICATION,
CHEMBL481,EFO_0000519,INDICATION,
CHEMBL481,EFO_0000565,INDICATION,
CHEMBL481,EFO_0000574,INDICATION,
CHEMBL481,EFO_0000588,INDICATION,
CHEMBL481,EFO_0000616,INDICATION,
CHEMBL481,EFO_0000621,INDICATION,
CHEMBL481,EFO_0000632,INDICATION,
CHEMBL481,EFO_0000637,INDICATION,
CHEMBL481,EFO_0000681,INDICATION,
CHEMBL481,EFO_0000691,INDICATION,
CHEMBL481,EFO_0000702,OFF_LABEL_USE,
CHEMBL481,EFO_0000707,INDICATION,
CHEMBL481,EFO_0001061,INDICATION,
CHEMBL481,EFO_0001071,INDICATION,
CHEMBL481,EFO_0001075,INDICATION,
CHEMBL481,EFO_0001416,INDICATION,
CHEMBL481,EFO_0002499,OFF_LABEL_USE,
CHEMBL481,EFO_0002501,INDICATION,
CHEMBL481,EFO_0002617,INDICATION,
CHEMBL481,EFO_0002618,INDICATION,
CHEMBL481,EFO_0002916,INDICATION,
CHEMBL481,EFO_0002918,INDICATION,
CHEMBL481,EFO_0002938,INDICATION,
CHEMBL481,EFO_0002939,INDICATION,
CHEMBL481,EFO_0003032,INDICATION,
CHEMBL481,EFO_0003060,OFF_LABEL_USE,
CHEMBL481,EFO_0003086,CONTRAINDICATION,
CHEMBL481,EFO_0003833,INDICATION,
CHEMBL481,EFO_0003860,INDICATION,
CHEMBL481,EFO_0003869,INDICATION,
CHEMBL481,EFO_0003891,INDICATION,
CHEMBL481,EFO_0003893,INDICATION,
CHEMBL481,EFO_0003897,INDICATION,
CHEMBL481,EFO_0003968,INDICATION,
CHEMBL481,EFO_0004142,INDICATION,
CHEMBL481,EFO_0004193,INDICATION,
CHEMBL481,EFO_0004243,INDICATION,
CHEMBL481,EFO_0004288,INDICATION,
CHEMBL481,EFO_0005221,INDICATION,
CHEMBL481,EFO_0005537,INDICATION,
CHEMBL481,EFO_0005543,INDICATION,
CHEMBL481,EFO_0005922,INDICATION,
CHEMBL481,EFO_0005952,INDICATION,
CHEMBL481,EFO_0006352,INDICATION,
CHEMBL481,EFO_0006545,OFF_LABEL_USE,
CHEMBL481,EFO_0006859,INDICATION,
CHEMBL481,EFO_0007416,INDICATION,
CHEMBL481,EFO_0007535,INDICATION,
CHEMBL481,EFO_0008549,INDICATION,
CHEMBL481,EFO_0009708,INDICATION,
CHEMBL481,EFO_0009910,CONTRAINDICATION,
CHEMBL481,EFO_1000026,INDICATION,
CHEMBL481,EFO_1000044,INDICATION,
CHEMBL481,EFO_1000158,INDICATION,
CHEMBL481,EFO_1000251,INDICATION,
CHEMBL481,EFO_1000292,INDICATION,
CHEMBL481,EFO_1000350,INDICATION,
CHEMBL481,EFO_1000359,INDICATION,
CHEMBL481,EFO_1000407,INDICATION,
CHEMBL481,EFO_1000475,INDICATION,
CHEMBL481,EFO_1000652,CONTRAINDICATION,
CHEMBL481,EFO_1000657,INDICATION,
CHEMBL481,EFO_1000785,INDICATION,
CHEMBL481,EFO_1000895,INDICATION,
CHEMBL481,EFO_1001013,INDICATION,
CHEMBL481,EFO_1001051,INDICATION,
CHEMBL481,EFO_1001365,INDICATION,
CHEMBL481,EFO_1001465,INDICATION,
CHEMBL481,EFO_1001469,INDICATION,
CHEMBL481,EFO_1001471,INDICATION,
CHEMBL481,EFO_1001512,INDICATION,
CHEMBL481,EFO_1001901,INDICATION,
CHEMBL481,EFO_1001949,INDICATION,
CHEMBL481,EFO_1001951,INDICATION,
CHEMBL481,EFO_1001961,INDICATION,
CHEMBL481,MONDO_0000873,INDICATION,
CHEMBL481,MONDO_0001056,INDICATION,
CHEMBL481,MONDO_0001187,INDICATION,
CHEMBL481,MONDO_0001325,INDICATION,
CHEMBL481,MONDO_0001475,INDICATION,
CHEMBL481,MONDO_0001657,INDICATION,
CHEMBL481,MONDO_0001879,INDICATION,
CHEMBL481,MONDO_0002087,INDICATION,
CHEMBL481,MONDO_0002120,INDICATION,
CHEMBL481,MONDO_0002158,INDICATION,
CHEMBL481,MONDO_0002165,INDICATION,
CHEMBL481,MONDO_0002280,CONTRAINDICATION,
CHEMBL481,MONDO_0002367,INDICATION,
CHEMBL481,MONDO_0002537,INDICATION,
CHEMBL481,MONDO_0002691,INDICATION,
CHEMBL481,MONDO_0002974,INDICATION,
CHEMBL481,MONDO_0003060,INDICATION,
CHEMBL481,MONDO_0003196,INDICATION,
CHEMBL481,MONDO_0004192,INDICATION,
CHEMBL481,MONDO_0004567,CONTRAINDICATION,
CHEMBL481,MONDO_0004669,INDICATION,
CHEMBL481,MONDO_0004992,INDICATION,
CHEMBL481,MONDO_0005184,INDICATION,
CHEMBL481,MONDO_0005411,INDICATION,
CHEMBL481,MONDO_0005575,INDICATION,
CHEMBL481,MONDO_0006058,INDICATION,
CHEMBL481,MONDO_0007254,INDICATION,
CHEMBL481,MONDO_0007576,INDICATION,
CHEMBL481,MONDO_0008170,INDICATION,
CHEMBL481,MONDO_0008315,INDICATION,
CHEMBL481,MONDO_0008903,INDICATION,
CHEMBL481,MONDO_0011719,INDICATION,
CHEMBL481,MONDO_0016717,INDICATION,
CHEMBL481,MONDO_0018271,INDICATION,
CHEMBL481,MONDO_0018364,INDICATION,
CHEMBL481,MONDO_0018906,INDICATION,
CHEMBL481,MONDO_0019004,INDICATION,
CHEMBL481,MONDO_0019471,INDICATION,
CHEMBL481,MONDO_0020634,INDICATION,
CHEMBL481,MONDO_0021063,INDICATION,
CHEMBL481,MONDO_0021117,INDICATION,
CHEMBL481,MONDO_0021633,INDICATION,
CHEMBL481,MONDO_0024503,INDICATION,
CHEMBL481,MONDO_0041448,INDICATION,
CHEMBL481,MONDO_0044926,INDICATION,
CHEMBL481,MONDO_0044937,INDICATION,
CHEMBL481,MONDO_0100342,INDICATION,
CHEMBL481,Orphanet_145,INDICATION,
CHEMBL481611,EFO_0003854,INDICATION,
CHEMBL481611,EFO_0003882,INDICATION,
CHEMBL481611,MONDO_0005178,INDICATION,
CHEMBL481611,MONDO_0007254,INDICATION,
CHEMBL481611,MONDO_0008315,INDICATION,
CHEMBL481949,EFO_0007295,INDICATION,
CHEMBL481949,EFO_0007328,INDICATION,
CHEMBL481949,MONDO_0100096,INDICATION,
CHEMBL481958,EFO_0000702,INDICATION,
CHEMBL481958,MONDO_0008903,INDICATION,
CHEMBL482035,EFO_0000546,INDICATION,
CHEMBL482767,EFO_0000616,INDICATION,
CHEMBL482811,MONDO_0005178,INDICATION,
CHEMBL482950,EFO_0000555,INDICATION,
CHEMBL482950,EFO_1001892,INDICATION,
CHEMBL482950,MONDO_0002009,INDICATION,
CHEMBL482967,EFO_0000616,INDICATION,
CHEMBL482968,EFO_0000182,INDICATION,
CHEMBL482968,EFO_0000348,INDICATION,
CHEMBL482968,EFO_0001378,INDICATION,
CHEMBL482968,EFO_0001642,INDICATION,
CHEMBL482968,EFO_1000251,INDICATION,
CHEMBL482968,EFO_1001968,INDICATION,
CHEMBL482968,MONDO_0002087,INDICATION,
CHEMBL482968,MONDO_0004992,INDICATION,
CHEMBL482968,MONDO_0007254,INDICATION,
CHEMBL482968,MONDO_0008170,INDICATION,
CHEMBL483,EFO_0000180,INDICATION,
CHEMBL483,EFO_0000182,INDICATION,
CHEMBL483,EFO_0000474,CONTRAINDICATION,
CHEMBL483,EFO_0000544,INDICATION,
CHEMBL483,EFO_0000764,INDICATION,
CHEMBL483,EFO_0000765,INDICATION,
CHEMBL483,EFO_0001073,CONTRAINDICATION,
CHEMBL483,EFO_0002614,INDICATION,
CHEMBL483,EFO_0003086,CONTRAINDICATION,
CHEMBL483,EFO_0004197,INDICATION,
CHEMBL483,EFO_0004220,INDICATION,
CHEMBL483,EFO_0004239,INDICATION,
CHEMBL483,EFO_0005307,CONTRAINDICATION,
CHEMBL483,EFO_0007304,INDICATION,
CHEMBL483,EFO_1000036,CONTRAINDICATION,
CHEMBL483,MONDO_0000313,CONTRAINDICATION,
CHEMBL483,MONDO_0001083,CONTRAINDICATION,
CHEMBL483,MONDO_0002050,CONTRAINDICATION,
CHEMBL483,MONDO_0004790,CONTRAINDICATION,
CHEMBL483,MONDO_0019171,CONTRAINDICATION,
CHEMBL483,MONDO_0100096,INDICATION,
CHEMBL483,MONDO_0100192,CONTRAINDICATION,
CHEMBL483158,EFO_0000181,INDICATION,
CHEMBL483158,EFO_0000198,INDICATION,
CHEMBL483158,EFO_0000211,INDICATION,
CHEMBL483158,EFO_0000222,INDICATION,
CHEMBL483158,EFO_0000305,INDICATION,
CHEMBL483158,EFO_0000309,INDICATION,
CHEMBL483158,EFO_0000403,INDICATION,
CHEMBL483158,EFO_0000574,INDICATION,
CHEMBL483158,EFO_0000616,INDICATION,
CHEMBL483158,EFO_0000621,INDICATION,
CHEMBL483158,EFO_0000673,INDICATION,
CHEMBL483158,EFO_0000702,INDICATION,
CHEMBL483158,EFO_0001075,INDICATION,
CHEMBL483158,EFO_0001378,INDICATION,
CHEMBL483158,EFO_0003060,INDICATION,
CHEMBL483158,EFO_0006859,INDICATION,
CHEMBL483158,EFO_1001469,INDICATION,
CHEMBL483158,MONDO_0002087,INDICATION,
CHEMBL483158,MONDO_0002158,INDICATION,
CHEMBL483158,MONDO_0002516,INDICATION,
CHEMBL483158,MONDO_0004992,INDICATION,
CHEMBL483158,MONDO_0007254,INDICATION,
CHEMBL483158,MONDO_0008903,INDICATION,
CHEMBL483158,MONDO_0018906,INDICATION,
CHEMBL483254,EFO_0000182,INDICATION,
CHEMBL483254,EFO_0000183,INDICATION,
CHEMBL483254,EFO_0000198,INDICATION,
CHEMBL483254,EFO_0000220,INDICATION,
CHEMBL483254,EFO_0000222,INDICATION,
CHEMBL483254,EFO_0000339,INDICATION,
CHEMBL483254,EFO_0000349,INDICATION,
CHEMBL483254,EFO_0000403,INDICATION,
CHEMBL483254,EFO_0000519,INDICATION,
CHEMBL483254,EFO_0000565,INDICATION,
CHEMBL483254,EFO_0000574,INDICATION,
CHEMBL483254,EFO_0000616,INDICATION,
CHEMBL483254,EFO_0000673,INDICATION,
CHEMBL483254,EFO_0000681,INDICATION,
CHEMBL483254,EFO_0000756,INDICATION,
CHEMBL483254,EFO_0000764,INDICATION,
CHEMBL483254,EFO_0001378,INDICATION,
CHEMBL483254,EFO_0002429,INDICATION,
CHEMBL483254,EFO_0002430,INDICATION,
CHEMBL483254,EFO_0002617,INDICATION,
CHEMBL483254,EFO_0002618,INDICATION,
CHEMBL483254,EFO_0002892,INDICATION,
CHEMBL483254,EFO_0002913,INDICATION,
CHEMBL483254,EFO_0003060,INDICATION,
CHEMBL483254,EFO_0004252,INDICATION,
CHEMBL483254,EFO_0005543,INDICATION,
CHEMBL483254,EFO_0005952,INDICATION,
CHEMBL483254,EFO_0006475,INDICATION,
CHEMBL483254,EFO_0006738,INDICATION,
CHEMBL483254,EFO_0009441,INDICATION,
CHEMBL483254,EFO_1000026,INDICATION,
CHEMBL483254,EFO_1000657,INDICATION,
CHEMBL483254,EFO_1001469,INDICATION,
CHEMBL483254,EFO_1001779,INDICATION,
CHEMBL483254,EFO_1001901,INDICATION,
CHEMBL483254,EFO_1001951,INDICATION,
CHEMBL483254,MONDO_0001056,INDICATION,
CHEMBL483254,MONDO_0002691,INDICATION,
CHEMBL483254,MONDO_0002898,INDICATION,
CHEMBL483254,MONDO_0004992,INDICATION,
CHEMBL483254,MONDO_0007254,INDICATION,
CHEMBL483254,MONDO_0008315,INDICATION,
CHEMBL483254,MONDO_0008903,INDICATION,
CHEMBL483254,MONDO_0009348,INDICATION,
CHEMBL483254,MONDO_0011382,INDICATION,
CHEMBL483254,MONDO_0013730,INDICATION,
CHEMBL483254,MONDO_0015758,INDICATION,
CHEMBL483254,MONDO_0020547,INDICATION,
CHEMBL483254,MONDO_0021063,INDICATION,
CHEMBL483254,MONDO_0044881,INDICATION,
CHEMBL483254,MONDO_0044903,INDICATION,
CHEMBL483254,MONDO_0100342,INDICATION,
CHEMBL483321,EFO_0003869,INDICATION,
CHEMBL483321,EFO_0009708,INDICATION,
CHEMBL483321,MONDO_0007254,INDICATION,
CHEMBL483465,EFO_0000616,INDICATION,
CHEMBL483465,EFO_0000691,INDICATION,
CHEMBL483465,EFO_0003869,INDICATION,
CHEMBL483465,EFO_0009708,INDICATION,
CHEMBL483465,EFO_1000350,INDICATION,
CHEMBL483465,MONDO_0002367,INDICATION,
CHEMBL483465,MONDO_0021117,INDICATION,
CHEMBL483465,MONDO_0044903,INDICATION,
CHEMBL483465,MONDO_0100342,INDICATION,
CHEMBL48361,EFO_0000275,INDICATION,
CHEMBL48361,EFO_0000546,INDICATION,
CHEMBL48361,EFO_0000712,INDICATION,
CHEMBL48361,EFO_0004286,INDICATION,
CHEMBL48361,EFO_0010680,INDICATION,
CHEMBL48361,EFO_1001413,INDICATION,
CHEMBL48361,MP_0001914,INDICATION,
CHEMBL48361,Orphanet_136,INDICATION,
CHEMBL484,EFO_0000764,INDICATION,
CHEMBL484,EFO_0004197,INDICATION,
CHEMBL484,EFO_0004239,INDICATION,
CHEMBL48449,EFO_0000685,INDICATION,
CHEMBL48449,EFO_0007375,INDICATION,
CHEMBL48449,MP_0001845,INDICATION,
CHEMBL4847050,EFO_0000318,INDICATION,
CHEMBL4847050,EFO_0000538,INDICATION,
CHEMBL4847106,EFO_0000768,INDICATION,
CHEMBL4847106,EFO_0001421,INDICATION,
CHEMBL4847106,EFO_0009448,INDICATION,
CHEMBL484785,EFO_0000274,INDICATION,
CHEMBL484785,EFO_0000676,INDICATION,
CHEMBL484785,EFO_0004192,INDICATION,
CHEMBL484785,EFO_0004208,INDICATION,
CHEMBL484785,EFO_1001361,INDICATION,
CHEMBL484785,MONDO_0002406,INDICATION,
CHEMBL485,EFO_0000217,CONTRAINDICATION,
CHEMBL485,EFO_0000319,CONTRAINDICATION,
CHEMBL485,EFO_0000341,CONTRAINDICATION,
CHEMBL485,EFO_0000400,CONTRAINDICATION,
CHEMBL485,EFO_0000464,CONTRAINDICATION,
CHEMBL485,EFO_0000474,CONTRAINDICATION,
CHEMBL485,EFO_0000537,CONTRAINDICATION,
CHEMBL485,EFO_0000612,CONTRAINDICATION,
CHEMBL485,EFO_0000729,CONTRAINDICATION,
CHEMBL485,EFO_0000764,INDICATION,
CHEMBL485,EFO_0001074,CONTRAINDICATION,
CHEMBL485,EFO_0001645,CONTRAINDICATION,
CHEMBL485,EFO_0003086,CONTRAINDICATION,
CHEMBL485,EFO_0003767,CONTRAINDICATION,
CHEMBL485,EFO_0003779,CONTRAINDICATION,
CHEMBL485,EFO_0003832,CONTRAINDICATION,
CHEMBL485,EFO_0003833,CONTRAINDICATION,
CHEMBL485,EFO_0003843,INDICATION,
CHEMBL485,EFO_0003877,CONTRAINDICATION,
CHEMBL485,EFO_0003890,CONTRAINDICATION,
CHEMBL485,EFO_0003928,CONTRAINDICATION,
CHEMBL485,EFO_0003948,CONTRAINDICATION,
CHEMBL485,EFO_0004242,CONTRAINDICATION,
CHEMBL485,EFO_0004262,CONTRAINDICATION,
CHEMBL485,EFO_0004274,CONTRAINDICATION,
CHEMBL485,EFO_0004283,CONTRAINDICATION,
CHEMBL485,EFO_0004698,CONTRAINDICATION,
CHEMBL485,EFO_0004705,CONTRAINDICATION,
CHEMBL485,EFO_0005251,CONTRAINDICATION,
CHEMBL485,EFO_0005306,CONTRAINDICATION,
CHEMBL485,EFO_0005407,CONTRAINDICATION,
CHEMBL485,EFO_0005774,CONTRAINDICATION,
CHEMBL485,EFO_0005854,INDICATION,
CHEMBL485,EFO_0007214,INDICATION,
CHEMBL485,EFO_0007467,CONTRAINDICATION,
CHEMBL485,EFO_0008521,INDICATION,
CHEMBL485,EFO_0009086,CONTRAINDICATION,
CHEMBL485,EFO_0009189,CONTRAINDICATION,
CHEMBL485,EFO_0009190,CONTRAINDICATION,
CHEMBL485,EFO_0009314,CONTRAINDICATION,
CHEMBL485,EFO_0009550,INDICATION,
CHEMBL485,EFO_0009661,CONTRAINDICATION,
CHEMBL485,EFO_0009868,CONTRAINDICATION,
CHEMBL485,EFO_0010072,INDICATION,
CHEMBL485,EFO_1000014,CONTRAINDICATION,
CHEMBL485,EFO_1000391,CONTRAINDICATION,
CHEMBL485,EFO_1000652,CONTRAINDICATION,
CHEMBL485,EFO_1000684,CONTRAINDICATION,
CHEMBL485,EFO_1000800,CONTRAINDICATION,
CHEMBL485,EFO_1000902,CONTRAINDICATION,
CHEMBL485,EFO_1001069,CONTRAINDICATION,
CHEMBL485,EFO_1001132,CONTRAINDICATION,
CHEMBL485,EFO_1001375,CONTRAINDICATION,
CHEMBL485,EFO_1001379,CONTRAINDICATION,
CHEMBL485,EFO_1001872,CONTRAINDICATION,
CHEMBL485,MONDO_0001343,CONTRAINDICATION,
CHEMBL485,MONDO_0001744,CONTRAINDICATION,
CHEMBL485,MONDO_0002050,CONTRAINDICATION,
CHEMBL485,MONDO_0002203,CONTRAINDICATION,
CHEMBL485,MONDO_0002277,CONTRAINDICATION,
CHEMBL485,MONDO_0002280,CONTRAINDICATION,
CHEMBL485,MONDO_0002491,CONTRAINDICATION,
CHEMBL485,MONDO_0004247,CONTRAINDICATION,
CHEMBL485,MONDO_0004596,CONTRAINDICATION,
CHEMBL485,MONDO_0005178,INDICATION,
CHEMBL485,MONDO_0005277,INDICATION,
CHEMBL485,MONDO_0007079,CONTRAINDICATION,
CHEMBL485,MONDO_0008294,CONTRAINDICATION,
CHEMBL485,MONDO_0011382,INDICATION,
CHEMBL485,MONDO_0015129,CONTRAINDICATION,
CHEMBL485,MONDO_0018660,CONTRAINDICATION,
CHEMBL485,MONDO_0018896,CONTRAINDICATION,
CHEMBL485,MONDO_0021661,CONTRAINDICATION,
CHEMBL485,MONDO_0024574,CONTRAINDICATION,
CHEMBL485,MONDO_0037821,CONTRAINDICATION,
CHEMBL485,MONDO_0100192,CONTRAINDICATION,
CHEMBL485,Orphanet_903,CONTRAINDICATION,
CHEMBL485253,MONDO_0005277,INDICATION,
CHEMBL485629,EFO_0000341,INDICATION,
CHEMBL485629,EFO_0000676,INDICATION,
CHEMBL485629,EFO_0000685,INDICATION,
CHEMBL485696,EFO_0000771,INDICATION,
CHEMBL485747,MONDO_0007254,INDICATION,
CHEMBL48582,MONDO_0005180,INDICATION,
CHEMBL4858811,EFO_0000673,INDICATION,
CHEMBL4859268,MONDO_0005178,INDICATION,
CHEMBL485940,EFO_0000771,INDICATION,
CHEMBL4861471,EFO_0000729,INDICATION,
CHEMBL4861471,EFO_0003834,INDICATION,
CHEMBL4861471,MONDO_0100096,INDICATION,
CHEMBL486193,EFO_0004683,INDICATION,
CHEMBL486193,EFO_1001492,INDICATION,
CHEMBL486193,MONDO_0019353,INDICATION,
CHEMBL486208,EFO_0000712,INDICATION,
CHEMBL486226,EFO_0000764,INDICATION,
CHEMBL4862963,EFO_0000616,INDICATION,
CHEMBL4862963,MONDO_0008315,INDICATION,
CHEMBL4863829,MONDO_0100096,INDICATION,
CHEMBL486386,EFO_0000319,INDICATION,
CHEMBL486386,EFO_0000685,INDICATION,
CHEMBL486386,MONDO_0002046,INDICATION,
CHEMBL486696,EFO_0007543,INDICATION,
CHEMBL4868568,EFO_0000616,INDICATION,
CHEMBL4871106,EFO_0000616,INDICATION,
CHEMBL487182,EFO_0002610,INDICATION,
CHEMBL487253,EFO_0000095,INDICATION,
CHEMBL487253,EFO_0000096,INDICATION,
CHEMBL487253,EFO_0000183,INDICATION,
CHEMBL487253,EFO_0000191,INDICATION,
CHEMBL487253,EFO_0000198,INDICATION,
CHEMBL487253,EFO_0000211,INDICATION,
CHEMBL487253,EFO_0000220,INDICATION,
CHEMBL487253,EFO_0000222,INDICATION,
CHEMBL487253,EFO_0000255,INDICATION,
CHEMBL487253,EFO_0000339,INDICATION,
CHEMBL487253,EFO_0000403,INDICATION,
CHEMBL487253,EFO_0000565,INDICATION,
CHEMBL487253,EFO_0000574,INDICATION,
CHEMBL487253,EFO_0000616,INDICATION,
CHEMBL487253,EFO_0000702,INDICATION,
CHEMBL487253,EFO_0001378,INDICATION,
CHEMBL487253,EFO_0002499,INDICATION,
CHEMBL487253,EFO_0002501,INDICATION,
CHEMBL487253,EFO_0003086,CONTRAINDICATION,
CHEMBL487253,EFO_0005952,INDICATION,
CHEMBL487253,EFO_0006475,INDICATION,
CHEMBL487253,EFO_0009441,INDICATION,
CHEMBL487253,EFO_1000630,INDICATION,
CHEMBL487253,EFO_1000956,INDICATION,
CHEMBL487253,EFO_1001465,INDICATION,
CHEMBL487253,EFO_1001469,INDICATION,
CHEMBL487253,MONDO_0002280,CONTRAINDICATION,
CHEMBL487253,MONDO_0002334,INDICATION,
CHEMBL487253,MONDO_0004992,INDICATION,
CHEMBL487253,MONDO_0007254,INDICATION,
CHEMBL487253,MONDO_0008170,INDICATION,
CHEMBL487253,MONDO_0008903,INDICATION,
CHEMBL487253,MONDO_0009348,INDICATION,
CHEMBL487253,MONDO_0018906,INDICATION,
CHEMBL487253,MONDO_0018922,INDICATION,
CHEMBL487253,MONDO_0019438,INDICATION,
CHEMBL487253,MONDO_0044881,INDICATION,
CHEMBL487253,MONDO_0100192,CONTRAINDICATION,
CHEMBL4873876,EFO_0003144,INDICATION,
CHEMBL4876167,EFO_0000763,INDICATION,
CHEMBL488,EFO_0000616,INDICATION,
CHEMBL488,EFO_0004705,CONTRAINDICATION,
CHEMBL488,EFO_0005251,CONTRAINDICATION,
CHEMBL488,EFO_0005741,CONTRAINDICATION,
CHEMBL488,MONDO_0007254,INDICATION,
CHEMBL488,MONDO_0008315,INDICATION,
CHEMBL48802,EFO_0000673,INDICATION,
CHEMBL48802,EFO_0000756,INDICATION,
CHEMBL48802,EFO_0003086,INDICATION,
CHEMBL48802,EFO_0003756,INDICATION,
CHEMBL48802,EFO_0003758,INDICATION,
CHEMBL48802,EFO_0003884,INDICATION,
CHEMBL48802,EFO_0005411,INDICATION,
CHEMBL48802,EFO_0005422,INDICATION,
CHEMBL48802,EFO_0008528,INDICATION,
CHEMBL48802,MONDO_0001187,INDICATION,
CHEMBL48802,MONDO_0002050,INDICATION,
CHEMBL48802,MONDO_0005090,INDICATION,
CHEMBL48802,MONDO_0005148,INDICATION,
CHEMBL48802,MONDO_0005180,INDICATION,
CHEMBL48802,MONDO_0007254,INDICATION,
CHEMBL48802,MONDO_0008315,INDICATION,
CHEMBL48802,MONDO_0008903,INDICATION,
CHEMBL488025,EFO_0000673,INDICATION,
CHEMBL488025,EFO_0003060,INDICATION,
CHEMBL488025,EFO_0003869,INDICATION,
CHEMBL488025,EFO_0009708,INDICATION,
CHEMBL488025,EFO_1001951,INDICATION,
CHEMBL488025,MONDO_0008315,INDICATION,
CHEMBL488025,MONDO_0008903,INDICATION,
CHEMBL488093,EFO_0003888,INDICATION,
CHEMBL488093,EFO_0005230,INDICATION,
CHEMBL488093,MONDO_0002050,INDICATION,
CHEMBL488093,MONDO_0005090,INDICATION,
CHEMBL488280,EFO_0000319,INDICATION,
CHEMBL488436,EFO_0000616,INDICATION,
CHEMBL488937,MONDO_0021201,INDICATION,
CHEMBL489,EFO_0000432,INDICATION,
CHEMBL489,EFO_1001366,INDICATION,
CHEMBL489,MONDO_0007254,INDICATION,
CHEMBL489095,EFO_1000948,INDICATION,
CHEMBL49,EFO_0000717,INDICATION,
CHEMBL49,EFO_0002610,INDICATION,
CHEMBL49,EFO_0003756,INDICATION,
CHEMBL49,EFO_0003758,INDICATION,
CHEMBL49,EFO_0003888,INDICATION,
CHEMBL49,EFO_0004714,INDICATION,
CHEMBL49,EFO_0004888,INDICATION,
CHEMBL49,EFO_0005230,INDICATION,
CHEMBL49,EFO_0005411,INDICATION,
CHEMBL49,EFO_0006788,INDICATION,
CHEMBL49,EFO_0007191,INDICATION,
CHEMBL49,EFO_0008533,INDICATION,
CHEMBL49,EFO_1000948,INDICATION,
CHEMBL49,EFO_1001892,INDICATION,
CHEMBL49,EFO_1001919,INDICATION,
CHEMBL49,MONDO_0002009,INDICATION,
CHEMBL49,MONDO_0002050,INDICATION,
CHEMBL49,MONDO_0005090,INDICATION,
CHEMBL49,MONDO_0005180,INDICATION,
CHEMBL49,MONDO_0100192,CONTRAINDICATION,
CHEMBL490,EFO_0000474,CONTRAINDICATION,
CHEMBL490,EFO_0000612,INDICATION,
CHEMBL490,EFO_0000685,INDICATION,
CHEMBL490,EFO_0000768,INDICATION,
CHEMBL490,EFO_0001358,INDICATION,
CHEMBL490,EFO_0004220,INDICATION,
CHEMBL490,EFO_0004242,INDICATION,
CHEMBL490,EFO_0004262,INDICATION,
CHEMBL490,EFO_0005230,INDICATION,
CHEMBL490,EFO_0005687,OFF_LABEL_USE,
CHEMBL490,EFO_0005762,INDICATION,
CHEMBL490,EFO_0006788,INDICATION,
CHEMBL490,EFO_0009314,CONTRAINDICATION,
CHEMBL490,EFO_0803321,INDICATION,
CHEMBL490,EFO_1000982,CONTRAINDICATION,
CHEMBL490,EFO_1001379,CONTRAINDICATION,
CHEMBL490,EFO_1001842,CONTRAINDICATION,
CHEMBL490,EFO_1001872,INDICATION,
CHEMBL490,EFO_1001892,INDICATION,
CHEMBL490,EFO_1001917,INDICATION,
CHEMBL490,MONDO_0002009,INDICATION,
CHEMBL490,MONDO_0002050,INDICATION,
CHEMBL490,MONDO_0002775,INDICATION,
CHEMBL490,MONDO_0004985,CONTRAINDICATION,
CHEMBL490,MONDO_0005090,INDICATION,
CHEMBL490,MONDO_0005180,INDICATION,
CHEMBL490,MONDO_0007079,INDICATION,
CHEMBL490029,MONDO_0005148,INDICATION,
CHEMBL490665,EFO_0001421,INDICATION,
CHEMBL490665,EFO_0003884,INDICATION,
CHEMBL490672,EFO_0003047,INDICATION,
CHEMBL490672,EFO_0004220,INDICATION,
CHEMBL49080,MONDO_0004976,INDICATION,
CHEMBL49080,MONDO_0005148,INDICATION,
CHEMBL49080,MONDO_0005180,INDICATION,
CHEMBL49080,Orphanet_365,INDICATION,
CHEMBL491,MONDO_0008315,INDICATION,
CHEMBL491473,EFO_0000095,INDICATION,
CHEMBL491473,EFO_0000182,INDICATION,
CHEMBL491473,EFO_0000196,INDICATION,
CHEMBL491473,EFO_0000222,INDICATION,
CHEMBL491473,EFO_0000305,INDICATION,
CHEMBL491473,EFO_0000349,INDICATION,
CHEMBL491473,EFO_0000389,INDICATION,
CHEMBL491473,EFO_0000519,INDICATION,
CHEMBL491473,EFO_0000565,INDICATION,
CHEMBL491473,EFO_0000588,INDICATION,
CHEMBL491473,EFO_0000616,INDICATION,
CHEMBL491473,EFO_0000673,INDICATION,
CHEMBL491473,EFO_0000681,INDICATION,
CHEMBL491473,EFO_0000702,INDICATION,
CHEMBL491473,EFO_0000770,INDICATION,
CHEMBL491473,EFO_0002617,INDICATION,
CHEMBL491473,EFO_0002892,INDICATION,
CHEMBL491473,EFO_0003060,INDICATION,
CHEMBL491473,EFO_0003833,INDICATION,
CHEMBL491473,EFO_0003891,INDICATION,
CHEMBL491473,EFO_0003893,INDICATION,
CHEMBL491473,EFO_0006861,INDICATION,
CHEMBL491473,EFO_0007143,INDICATION,
CHEMBL491473,EFO_0009709,INDICATION,
CHEMBL491473,EFO_1000657,INDICATION,
CHEMBL491473,EFO_1001465,INDICATION,
CHEMBL491473,EFO_1001951,INDICATION,
CHEMBL491473,MONDO_0001056,INDICATION,
CHEMBL491473,MONDO_0002087,INDICATION,
CHEMBL491473,MONDO_0002158,INDICATION,
CHEMBL491473,MONDO_0002974,INDICATION,
CHEMBL491473,MONDO_0004992,INDICATION,
CHEMBL491473,MONDO_0007254,INDICATION,
CHEMBL491473,MONDO_0008170,INDICATION,
CHEMBL491473,MONDO_0008315,INDICATION,
CHEMBL491473,MONDO_0008903,INDICATION,
CHEMBL491473,MONDO_0011962,INDICATION,
CHEMBL491571,EFO_0000278,INDICATION,
CHEMBL491571,EFO_0000544,INDICATION,
CHEMBL491571,EFO_0000771,INDICATION,
CHEMBL491571,EFO_0003103,INDICATION,
CHEMBL491571,EFO_0003106,INDICATION,
CHEMBL491571,EFO_0007149,INDICATION,
CHEMBL491571,EFO_0008588,INDICATION,
CHEMBL491571,EFO_1001141,INDICATION,
CHEMBL491571,EFO_1001865,INDICATION,
CHEMBL491571,MONDO_0001343,CONTRAINDICATION,
CHEMBL491571,MONDO_0021108,INDICATION,
CHEMBL492,EFO_0000400,CONTRAINDICATION,
CHEMBL492,EFO_0000407,CONTRAINDICATION,
CHEMBL492,EFO_0000537,CONTRAINDICATION,
CHEMBL492,EFO_0000612,CONTRAINDICATION,
CHEMBL492,EFO_0001645,CONTRAINDICATION,
CHEMBL492,EFO_0009189,CONTRAINDICATION,
CHEMBL492,MONDO_0001744,CONTRAINDICATION,
CHEMBL492,MONDO_0021095,CONTRAINDICATION,
CHEMBL492399,EFO_0000519,INDICATION,
CHEMBL492399,EFO_0000616,INDICATION,
CHEMBL492399,EFO_0003833,INDICATION,
CHEMBL493,EFO_0000232,INDICATION,
CHEMBL493,EFO_0000537,CONTRAINDICATION,
CHEMBL493,EFO_0000545,INDICATION,
CHEMBL493,EFO_0000712,CONTRAINDICATION,
CHEMBL493,EFO_0001073,INDICATION,
CHEMBL493,EFO_0001645,CONTRAINDICATION,
CHEMBL493,EFO_0007319,INDICATION,
CHEMBL493,EFO_1001379,OFF_LABEL_USE,
CHEMBL493,EFO_1001402,INDICATION,
CHEMBL493,EFO_1001485,INDICATION,
CHEMBL493,EFO_1001757,INDICATION,
CHEMBL493,MONDO_0001641,CONTRAINDICATION,
CHEMBL493,MONDO_0002146,INDICATION,
CHEMBL493,MONDO_0004975,INDICATION,
CHEMBL493,MONDO_0005147,INDICATION,
CHEMBL493,MONDO_0005148,INDICATION,
CHEMBL493,MONDO_0005180,INDICATION,
CHEMBL493,MONDO_0005351,INDICATION,
CHEMBL493,MONDO_0011972,INDICATION,
CHEMBL493287,EFO_0000400,CONTRAINDICATION,
CHEMBL493287,EFO_0000537,CONTRAINDICATION,
CHEMBL493287,EFO_0000555,INDICATION,
CHEMBL493287,EFO_0000649,INDICATION,
CHEMBL493287,EFO_0001073,INDICATION,
CHEMBL493287,EFO_0003086,CONTRAINDICATION,
CHEMBL493287,EFO_0004616,INDICATION,
CHEMBL493287,EFO_0005755,INDICATION,
CHEMBL493287,EFO_1000820,CONTRAINDICATION,
CHEMBL493287,MONDO_0000328,CONTRAINDICATION,
CHEMBL493287,MONDO_0001566,CONTRAINDICATION,
CHEMBL493287,MONDO_0005178,INDICATION,
CHEMBL493287,MONDO_0007254,INDICATION,
CHEMBL493287,MONDO_0019338,CONTRAINDICATION,
CHEMBL493287,MONDO_0021187,CONTRAINDICATION,
CHEMBL493439,MONDO_0100096,INDICATION,
CHEMBL493982,EFO_0000612,INDICATION,
CHEMBL493982,EFO_0000712,INDICATION,
CHEMBL493982,EFO_0000764,INDICATION,
CHEMBL493982,EFO_0003764,CONTRAINDICATION,
CHEMBL493982,EFO_0004265,INDICATION,
CHEMBL493982,EFO_0005669,CONTRAINDICATION,
CHEMBL493982,EFO_0005672,INDICATION,
CHEMBL493982,MONDO_0002679,INDICATION,
CHEMBL494,EFO_0000341,CONTRAINDICATION,
CHEMBL494,EFO_0000612,INDICATION,
CHEMBL494,EFO_0000717,INDICATION,
CHEMBL494,EFO_0001071,INDICATION,
CHEMBL494,EFO_0001361,INDICATION,
CHEMBL494,EFO_0003884,INDICATION,
CHEMBL494,EFO_0003943,INDICATION,
CHEMBL494,EFO_0005251,CONTRAINDICATION,
CHEMBL494,EFO_0006834,INDICATION,
CHEMBL494,EFO_0009492,INDICATION,
CHEMBL494,EFO_1001134,CONTRAINDICATION,
CHEMBL494,EFO_1001145,INDICATION,
CHEMBL494,EFO_1001373,INDICATION,
CHEMBL494,MONDO_0004979,INDICATION,
CHEMBL494,MONDO_0005149,INDICATION,
CHEMBL494,MONDO_0008903,INDICATION,
CHEMBL494,MONDO_0100130,INDICATION,
CHEMBL494,MONDO_0100192,CONTRAINDICATION,
CHEMBL494089,MONDO_0004992,INDICATION,
CHEMBL49429,EFO_0000373,INDICATION,
CHEMBL49429,EFO_0008620,INDICATION,
CHEMBL49429,EFO_1001496,INDICATION,
CHEMBL494397,EFO_0000195,INDICATION,
CHEMBL494397,EFO_0002546,INDICATION,
CHEMBL494480,EFO_0000685,INDICATION,
CHEMBL494480,EFO_0003843,INDICATION,
CHEMBL494480,EFO_0004616,INDICATION,
CHEMBL494753,EFO_0003882,INDICATION,
CHEMBL494753,EFO_0004266,INDICATION,
CHEMBL494753,EFO_1000096,INDICATION,
CHEMBL494753,MONDO_0002146,INDICATION,
CHEMBL495,EFO_0000319,INDICATION,
CHEMBL495,EFO_0000565,CONTRAINDICATION,
CHEMBL495,EFO_0001378,CONTRAINDICATION,
CHEMBL495,EFO_0003144,INDICATION,
CHEMBL495,EFO_0003818,CONTRAINDICATION,
CHEMBL495,EFO_0003875,OFF_LABEL_USE,
CHEMBL495,EFO_0003878,CONTRAINDICATION,
CHEMBL495,EFO_0004234,INDICATION,
CHEMBL495,EFO_0004265,INDICATION,
CHEMBL495,EFO_0004289,CONTRAINDICATION,
CHEMBL495,EFO_0004714,INDICATION,
CHEMBL495,EFO_0005251,CONTRAINDICATION,
CHEMBL495,EFO_0009314,CONTRAINDICATION,
CHEMBL495,EFO_0009606,INDICATION,
CHEMBL495,EFO_1000809,INDICATION,
CHEMBL495,EFO_1000820,INDICATION,
CHEMBL495,EFO_1000833,CONTRAINDICATION,
CHEMBL495,EFO_1001267,INDICATION,
CHEMBL495,MONDO_0002249,CONTRAINDICATION,
CHEMBL495,MONDO_0005149,OFF_LABEL_USE,
CHEMBL495,MONDO_0008231,CONTRAINDICATION,
CHEMBL495,MONDO_0008315,INDICATION,
CHEMBL495,MONDO_0011382,CONTRAINDICATION,
CHEMBL495,MONDO_0011514,INDICATION,
CHEMBL495,MONDO_0100096,INDICATION,
CHEMBL495,MONDO_0100130,INDICATION,
CHEMBL495498,MONDO_0005148,INDICATION,
CHEMBL495727,EFO_0000565,INDICATION,
CHEMBL495727,EFO_0000616,INDICATION,
CHEMBL495727,EFO_0001378,INDICATION,
CHEMBL495727,EFO_0005952,INDICATION,
CHEMBL496102,MONDO_0004992,INDICATION,
CHEMBL496102,MONDO_0008315,INDICATION,
CHEMBL49642,EFO_0000616,INDICATION,
CHEMBL49642,MONDO_0004992,INDICATION,
CHEMBL49642,MONDO_0007254,INDICATION,
CHEMBL496634,EFO_0003890,INDICATION,
CHEMBL497,EFO_0000095,INDICATION,
CHEMBL497,EFO_0000183,INDICATION,
CHEMBL497,EFO_0000198,INDICATION,
CHEMBL497,EFO_0000222,INDICATION,
CHEMBL497,EFO_0000474,INDICATION,
CHEMBL497,EFO_0001378,INDICATION,
CHEMBL497,EFO_0003875,CONTRAINDICATION,
CHEMBL497,EFO_0007144,INDICATION,
CHEMBL497,EFO_0007512,INDICATION,
CHEMBL497,EFO_0009491,CONTRAINDICATION,
CHEMBL497,EFO_1000766,CONTRAINDICATION,
CHEMBL497,MONDO_0001576,CONTRAINDICATION,
CHEMBL497318,EFO_0005230,INDICATION,
CHEMBL497939,EFO_0003086,INDICATION,
CHEMBL497939,EFO_0003768,INDICATION,
CHEMBL497939,EFO_0004319,INDICATION,
CHEMBL498,EFO_0000400,INDICATION,
CHEMBL498,EFO_0001380,CONTRAINDICATION,
CHEMBL498,EFO_0003777,CONTRAINDICATION,
CHEMBL498,MONDO_0002520,CONTRAINDICATION,
CHEMBL498,MONDO_0004782,OFF_LABEL_USE,
CHEMBL498,MONDO_0005148,INDICATION,
CHEMBL498,MONDO_0015129,CONTRAINDICATION,
CHEMBL498485,EFO_0000182,INDICATION,
CHEMBL498485,EFO_0000616,INDICATION,
CHEMBL498485,MONDO_0007254,INDICATION,
CHEMBL498847,DOID_10718,INDICATION,
CHEMBL498847,DOID_1947,INDICATION,
CHEMBL498847,EFO_0000544,INDICATION,
CHEMBL498847,EFO_0003932,INDICATION,
CHEMBL498847,EFO_0007144,INDICATION,
CHEMBL498847,EFO_0009365,INDICATION,
CHEMBL499,EFO_0000319,INDICATION,
CHEMBL499,EFO_0000400,CONTRAINDICATION,
CHEMBL499,EFO_0000464,CONTRAINDICATION,
CHEMBL499,EFO_0000537,INDICATION,
CHEMBL499,EFO_0000546,INDICATION,
CHEMBL499,EFO_0000666,INDICATION,
CHEMBL499,EFO_0000756,INDICATION,
CHEMBL499,EFO_0003086,CONTRAINDICATION,
CHEMBL499,EFO_0003763,CONTRAINDICATION,
CHEMBL499,EFO_0004190,INDICATION,
CHEMBL499,EFO_0004235,INDICATION,
CHEMBL499,EFO_0004274,CONTRAINDICATION,
CHEMBL499,EFO_0004683,INDICATION,
CHEMBL499,EFO_0004991,CONTRAINDICATION,
CHEMBL499,EFO_0005252,CONTRAINDICATION,
CHEMBL499,EFO_0008506,CONTRAINDICATION,
CHEMBL499,EFO_0009189,CONTRAINDICATION,
CHEMBL499,EFO_0009530,CONTRAINDICATION,
CHEMBL499,EFO_1000635,INDICATION,
CHEMBL499,EFO_1000652,CONTRAINDICATION,
CHEMBL499,EFO_1000809,INDICATION,
CHEMBL499,EFO_1000879,INDICATION,
CHEMBL499,EFO_1001022,INDICATION,
CHEMBL499,EFO_1001069,INDICATION,
CHEMBL499,EFO_1001211,CONTRAINDICATION,
CHEMBL499,EFO_1001923,INDICATION,
CHEMBL499,MONDO_0000468,CONTRAINDICATION,
CHEMBL499,MONDO_0001566,CONTRAINDICATION,
CHEMBL499,MONDO_0001744,OFF_LABEL_USE,
CHEMBL499,MONDO_0002050,CONTRAINDICATION,
CHEMBL499,MONDO_0004910,OFF_LABEL_USE,
CHEMBL499,MONDO_0005041,INDICATION,
CHEMBL499,MONDO_0005277,INDICATION,
CHEMBL499,MONDO_0007915,CONTRAINDICATION,
CHEMBL499,MONDO_0018100,CONTRAINDICATION,
CHEMBL499,MONDO_0019180,INDICATION,
CHEMBL4994054,MP_0001845,INDICATION,
CHEMBL49943,EFO_0010282,INDICATION,
CHEMBL499458,EFO_0000174,OFF_LABEL_USE,
CHEMBL499458,EFO_0000220,INDICATION,
CHEMBL499458,EFO_0000309,INDICATION,
CHEMBL499458,EFO_0000403,INDICATION,
CHEMBL499458,EFO_0000621,INDICATION,
CHEMBL499458,EFO_0000702,OFF_LABEL_USE,
CHEMBL499458,EFO_0000771,CONTRAINDICATION,
CHEMBL499458,EFO_0001378,OFF_LABEL_USE,
CHEMBL499458,EFO_0002499,OFF_LABEL_USE,
CHEMBL499458,EFO_0002918,INDICATION,
CHEMBL499458,EFO_0003100,CONTRAINDICATION,
CHEMBL499458,EFO_0005952,INDICATION,
CHEMBL499458,EFO_0006545,OFF_LABEL_USE,
CHEMBL499458,EFO_0009910,CONTRAINDICATION,
CHEMBL499458,EFO_1001051,OFF_LABEL_USE,
CHEMBL499458,EFO_1001902,CONTRAINDICATION,
CHEMBL499458,MONDO_0001751,CONTRAINDICATION,
CHEMBL499458,MONDO_0002041,CONTRAINDICATION,
CHEMBL499458,MONDO_0004004,CONTRAINDICATION,
CHEMBL499458,MONDO_0006058,INDICATION,
CHEMBL499458,MONDO_0009348,INDICATION,
CHEMBL499458,MONDO_0015626,CONTRAINDICATION,
CHEMBL499458,MONDO_0015758,OFF_LABEL_USE,
CHEMBL499458,MONDO_0018906,INDICATION,
CHEMBL499458,MONDO_0100192,CONTRAINDICATION,
CHEMBL499915,EFO_0003948,INDICATION,
CHEMBL499915,MONDO_0004247,INDICATION,
CHEMBL499915,MONDO_0044782,INDICATION,
CHEMBL5,EFO_0000474,CONTRAINDICATION,
CHEMBL5,EFO_0000771,INDICATION,
CHEMBL5,EFO_0003100,CONTRAINDICATION,
CHEMBL5,EFO_0003102,INDICATION,
CHEMBL5,EFO_0007287,CONTRAINDICATION,
CHEMBL5,MONDO_0004857,CONTRAINDICATION,
CHEMBL5,MONDO_0005247,INDICATION,
CHEMBL5,MONDO_0037821,CONTRAINDICATION,
CHEMBL50,EFO_0000341,INDICATION,
CHEMBL50,EFO_0000673,INDICATION,
CHEMBL50,EFO_0000707,INDICATION,
CHEMBL50,EFO_0000768,INDICATION,
CHEMBL50,EFO_0001073,INDICATION,
CHEMBL50,EFO_0001365,INDICATION,
CHEMBL50,EFO_0001645,INDICATION,
CHEMBL50,EFO_0003086,CONTRAINDICATION,
CHEMBL50,EFO_0003868,INDICATION,
CHEMBL50,EFO_0003884,INDICATION,
CHEMBL50,EFO_0003948,INDICATION,
CHEMBL50,EFO_0004220,INDICATION,
CHEMBL50,EFO_0008517,INDICATION,
CHEMBL50,EFO_1000654,INDICATION,
CHEMBL50,MONDO_0002474,CONTRAINDICATION,
CHEMBL50,MONDO_0004975,INDICATION,
CHEMBL50,MONDO_0005148,INDICATION,
CHEMBL50,MONDO_0005178,INDICATION,
CHEMBL50,MONDO_0009061,INDICATION,
CHEMBL50,MONDO_0011382,CONTRAINDICATION,
CHEMBL50,MONDO_0018906,INDICATION,
CHEMBL50,MONDO_0019391,INDICATION,
CHEMBL50,MONDO_0100096,INDICATION,
CHEMBL500,EFO_0000319,INDICATION,
CHEMBL500,EFO_0000400,CONTRAINDICATION,
CHEMBL500,EFO_0000464,CONTRAINDICATION,
CHEMBL500,EFO_0000537,INDICATION,
CHEMBL500,EFO_0003086,CONTRAINDICATION,
CHEMBL500,EFO_0004991,CONTRAINDICATION,
CHEMBL500,MONDO_0000468,CONTRAINDICATION,
CHEMBL500,MONDO_0002009,INDICATION,
CHEMBL500,MONDO_0002050,CONTRAINDICATION,
CHEMBL500468,EFO_0000712,INDICATION,
CHEMBL500468,EFO_0001073,INDICATION,
CHEMBL500468,EFO_0004265,INDICATION,
CHEMBL500468,EFO_0011023,INDICATION,
CHEMBL500468,MONDO_0002009,INDICATION,
CHEMBL500468,MONDO_0004992,INDICATION,
CHEMBL500468,MONDO_0005148,INDICATION,
CHEMBL500576,EFO_0000707,INDICATION,
CHEMBL500576,EFO_0005950,INDICATION,
CHEMBL500826,EFO_1001888,INDICATION,
CHEMBL500853,EFO_0000181,INDICATION,
CHEMBL500853,EFO_0000199,INDICATION,
CHEMBL500853,EFO_0000280,INDICATION,
CHEMBL500853,EFO_0000571,INDICATION,
CHEMBL500853,EFO_0000708,INDICATION,
CHEMBL500853,EFO_0006859,INDICATION,
CHEMBL500853,EFO_0007535,INDICATION,
CHEMBL500853,MONDO_0007576,INDICATION,
CHEMBL500853,MONDO_0008903,INDICATION,
CHEMBL500853,MONDO_0044926,INDICATION,
CHEMBL501,EFO_0001073,INDICATION,
CHEMBL501,EFO_0002610,INDICATION,
CHEMBL501,EFO_0003888,INDICATION,
CHEMBL501,MONDO_0016158,INDICATION,
CHEMBL501122,EFO_0000544,INDICATION,
CHEMBL501122,EFO_0000771,INDICATION,
CHEMBL501122,EFO_0003086,INDICATION,
CHEMBL501122,EFO_0003103,INDICATION,
CHEMBL501122,EFO_0003106,INDICATION,
CHEMBL501122,EFO_0003884,INDICATION,
CHEMBL501122,EFO_0007328,INDICATION,
CHEMBL501122,EFO_1001272,INDICATION,
CHEMBL501122,EFO_1001478,INDICATION,
CHEMBL501122,MONDO_0021108,INDICATION,
CHEMBL501122,MONDO_0100096,INDICATION,
CHEMBL501174,EFO_0000284,INDICATION,
CHEMBL501174,EFO_0000649,INDICATION,
CHEMBL501174,EFO_0000673,INDICATION,
CHEMBL501174,EFO_0001645,INDICATION,
CHEMBL501174,EFO_0002621,INDICATION,
CHEMBL501174,EFO_0003914,INDICATION,
CHEMBL501174,EFO_1000726,INDICATION,
CHEMBL501174,EFO_1001393,INDICATION,
CHEMBL501174,MONDO_0008315,INDICATION,
CHEMBL501259,EFO_0000565,INDICATION,
CHEMBL501259,EFO_0002614,INDICATION,
CHEMBL501259,EFO_0003106,INDICATION,
CHEMBL501259,EFO_0007328,INDICATION,
CHEMBL501259,MONDO_0100096,INDICATION,
CHEMBL501613,EFO_0004698,INDICATION,
CHEMBL501680,MONDO_0004975,INDICATION,
CHEMBL501849,EFO_0000763,INDICATION,
CHEMBL501849,EFO_0003047,INDICATION,
CHEMBL501849,EFO_0003884,INDICATION,
CHEMBL501849,EFO_0004220,INDICATION,
CHEMBL501867,EFO_0000094,INDICATION,
CHEMBL501867,EFO_0000095,INDICATION,
CHEMBL501867,EFO_0000096,INDICATION,
CHEMBL501867,EFO_0000174,INDICATION,
CHEMBL501867,EFO_0000183,INDICATION,
CHEMBL501867,EFO_0000209,INDICATION,
CHEMBL501867,EFO_0000211,INDICATION,
CHEMBL501867,EFO_0000220,INDICATION,
CHEMBL501867,EFO_0000222,INDICATION,
CHEMBL501867,EFO_0000248,INDICATION,
CHEMBL501867,EFO_0000272,INDICATION,
CHEMBL501867,EFO_0000309,INDICATION,
CHEMBL501867,EFO_0000313,INDICATION,
CHEMBL501867,EFO_0000403,INDICATION,
CHEMBL501867,EFO_0000437,INDICATION,
CHEMBL501867,EFO_0000502,INDICATION,
CHEMBL501867,EFO_0000558,INDICATION,
CHEMBL501867,EFO_0000565,INDICATION,
CHEMBL501867,EFO_0000574,INDICATION,
CHEMBL501867,EFO_0000588,INDICATION,
CHEMBL501867,EFO_0000616,INDICATION,
CHEMBL501867,EFO_0000621,INDICATION,
CHEMBL501867,EFO_0000691,INDICATION,
CHEMBL501867,EFO_0000756,INDICATION,
CHEMBL501867,EFO_0000765,INDICATION,
CHEMBL501867,EFO_0001378,INDICATION,
CHEMBL501867,EFO_0002918,INDICATION,
CHEMBL501867,EFO_0002939,INDICATION,
CHEMBL501867,EFO_0003032,INDICATION,
CHEMBL501867,EFO_0003833,INDICATION,
CHEMBL501867,EFO_0004289,INDICATION,
CHEMBL501867,EFO_0005235,INDICATION,
CHEMBL501867,EFO_0005952,INDICATION,
CHEMBL501867,EFO_0006859,INDICATION,
CHEMBL501867,EFO_0009441,INDICATION,
CHEMBL501867,EFO_1000131,INDICATION,
CHEMBL501867,EFO_1000158,INDICATION,
CHEMBL501867,EFO_1000292,INDICATION,
CHEMBL501867,EFO_1001042,INDICATION,
CHEMBL501867,EFO_1001365,INDICATION,
CHEMBL501867,EFO_1001469,INDICATION,
CHEMBL501867,EFO_1001951,INDICATION,
CHEMBL501867,MONDO_0000430,INDICATION,
CHEMBL501867,MONDO_0000870,INDICATION,
CHEMBL501867,MONDO_0000873,INDICATION,
CHEMBL501867,MONDO_0002367,INDICATION,
CHEMBL501867,MONDO_0002974,INDICATION,
CHEMBL501867,MONDO_0008380,INDICATION,
CHEMBL501867,MONDO_0008903,INDICATION,
CHEMBL501867,MONDO_0009348,INDICATION,
CHEMBL501867,MONDO_0015540,INDICATION,
CHEMBL501867,MONDO_0018271,INDICATION,
CHEMBL501867,MONDO_0018906,INDICATION,
CHEMBL501867,MONDO_0018975,INDICATION,
CHEMBL501867,MONDO_0019004,INDICATION,
CHEMBL501867,MONDO_0019471,INDICATION,
CHEMBL501867,MONDO_0044917,INDICATION,
CHEMBL502,EFO_0000474,CONTRAINDICATION,
CHEMBL502,EFO_0000546,INDICATION,
CHEMBL502,EFO_0000701,INDICATION,
CHEMBL502,EFO_0000712,INDICATION,
CHEMBL502,EFO_0001064,INDICATION,
CHEMBL502,EFO_0002610,INDICATION,
CHEMBL502,EFO_0003756,INDICATION,
CHEMBL502,EFO_0003758,INDICATION,
CHEMBL502,EFO_0003768,INDICATION,
CHEMBL502,EFO_0004718,INDICATION,
CHEMBL502,EFO_0005230,INDICATION,
CHEMBL502,EFO_0005762,INDICATION,
CHEMBL502,EFO_0006792,OFF_LABEL_USE,
CHEMBL502,EFO_0009267,INDICATION,
CHEMBL502,EFO_0009386,INDICATION,
CHEMBL502,EFO_1000158,INDICATION,
CHEMBL502,EFO_1001176,INDICATION,
CHEMBL502,MONDO_0000465,CONTRAINDICATION,
CHEMBL502,MONDO_0001020,INDICATION,
CHEMBL502,MONDO_0001823,CONTRAINDICATION,
CHEMBL502,MONDO_0002050,INDICATION,
CHEMBL502,MONDO_0004975,INDICATION,
CHEMBL502,MONDO_0004979,CONTRAINDICATION,
CHEMBL502,MONDO_0004992,INDICATION,
CHEMBL502,MONDO_0005090,INDICATION,
CHEMBL502,MONDO_0005148,INDICATION,
CHEMBL502,MONDO_0005180,INDICATION,
CHEMBL502,MONDO_0005277,INDICATION,
CHEMBL502,MONDO_0005301,INDICATION,
CHEMBL502,MONDO_0010383,INDICATION,
CHEMBL502,MONDO_0010726,INDICATION,
CHEMBL502,Orphanet_240071,INDICATION,
CHEMBL502097,EFO_0004911,INDICATION,
CHEMBL502109,EFO_0003966,INDICATION,
CHEMBL502182,EFO_0001065,INDICATION,
CHEMBL502384,EFO_0003100,CONTRAINDICATION,
CHEMBL502384,MONDO_0002280,CONTRAINDICATION,
CHEMBL502384,MONDO_0008170,INDICATION,
CHEMBL502620,EFO_0000198,INDICATION,
CHEMBL502620,EFO_0000222,INDICATION,
CHEMBL502620,EFO_0000616,INDICATION,
CHEMBL502630,EFO_0000712,INDICATION,
CHEMBL502630,MONDO_0005299,INDICATION,
CHEMBL502835,EFO_0000182,INDICATION,
CHEMBL502835,EFO_0000222,INDICATION,
CHEMBL502835,EFO_0000389,INDICATION,
CHEMBL502835,EFO_0000503,INDICATION,
CHEMBL502835,EFO_0000519,INDICATION,
CHEMBL502835,EFO_0000571,INDICATION,
CHEMBL502835,EFO_0000588,INDICATION,
CHEMBL502835,EFO_0000616,INDICATION,
CHEMBL502835,EFO_0000673,INDICATION,
CHEMBL502835,EFO_0000681,INDICATION,
CHEMBL502835,EFO_0000691,INDICATION,
CHEMBL502835,EFO_0000702,INDICATION,
CHEMBL502835,EFO_0000708,INDICATION,
CHEMBL502835,EFO_0000717,INDICATION,
CHEMBL502835,EFO_0000768,INDICATION,
CHEMBL502835,EFO_0000770,INDICATION,
CHEMBL502835,EFO_0001378,INDICATION,
CHEMBL502835,EFO_0001416,INDICATION,
CHEMBL502835,EFO_0002499,INDICATION,
CHEMBL502835,EFO_0002501,INDICATION,
CHEMBL502835,EFO_0002618,INDICATION,
CHEMBL502835,EFO_0003060,INDICATION,
CHEMBL502835,EFO_0003893,INDICATION,
CHEMBL502835,EFO_0004142,INDICATION,
CHEMBL502835,EFO_0004243,INDICATION,
CHEMBL502835,EFO_0004244,INDICATION,
CHEMBL502835,EFO_0004284,INDICATION,
CHEMBL502835,EFO_0007183,INDICATION,
CHEMBL502835,EFO_0008528,INDICATION,
CHEMBL502835,EFO_0009448,INDICATION,
CHEMBL502835,EFO_1001331,INDICATION,
CHEMBL502835,EFO_1001465,INDICATION,
CHEMBL502835,EFO_1001949,INDICATION,
CHEMBL502835,EFO_1001951,INDICATION,
CHEMBL502835,MONDO_0001235,INDICATION,
CHEMBL502835,MONDO_0002087,INDICATION,
CHEMBL502835,MONDO_0002158,INDICATION,
CHEMBL502835,MONDO_0004669,INDICATION,
CHEMBL502835,MONDO_0007254,INDICATION,
CHEMBL502835,MONDO_0008170,INDICATION,
CHEMBL502835,MONDO_0008903,INDICATION,
CHEMBL502835,MONDO_0011705,INDICATION,
CHEMBL502835,MONDO_0011962,INDICATION,
CHEMBL502835,MONDO_0015277,INDICATION,
CHEMBL502835,MONDO_0019180,INDICATION,
CHEMBL502835,MONDO_0044937,INDICATION,
CHEMBL502835,MONDO_0100096,INDICATION,
CHEMBL503,EFO_0000222,INDICATION,
CHEMBL503,EFO_0000319,INDICATION,
CHEMBL503,EFO_0000341,INDICATION,
CHEMBL503,EFO_0000400,CONTRAINDICATION,
CHEMBL503,EFO_0000589,INDICATION,
CHEMBL503,EFO_0000612,CONTRAINDICATION,
CHEMBL503,EFO_0000685,INDICATION,
CHEMBL503,EFO_0000712,OFF_LABEL_USE,
CHEMBL503,EFO_0000756,INDICATION,
CHEMBL503,EFO_0000764,INDICATION,
CHEMBL503,EFO_0001645,CONTRAINDICATION,
CHEMBL503,EFO_0002615,INDICATION,
CHEMBL503,EFO_0003777,INDICATION,
CHEMBL503,EFO_0003876,INDICATION,
CHEMBL503,EFO_0003914,INDICATION,
CHEMBL503,EFO_0004145,CONTRAINDICATION,
CHEMBL503,EFO_0004274,CONTRAINDICATION,
CHEMBL503,EFO_0004705,INDICATION,
CHEMBL503,EFO_0005251,CONTRAINDICATION,
CHEMBL503,EFO_0005672,CONTRAINDICATION,
CHEMBL503,EFO_0009086,INDICATION,
CHEMBL503,EFO_0009314,CONTRAINDICATION,
CHEMBL503,EFO_1000757,INDICATION,
CHEMBL503,EFO_1000860,INDICATION,
CHEMBL503,EFO_1001375,INDICATION,
CHEMBL503,MONDO_0000313,CONTRAINDICATION,
CHEMBL503,MONDO_0002277,INDICATION,
CHEMBL503,MONDO_0004247,CONTRAINDICATION,
CHEMBL503,MONDO_0004681,INDICATION,
CHEMBL503,MONDO_0004979,INDICATION,
CHEMBL503,MONDO_0005180,INDICATION,
CHEMBL503,MONDO_0007079,CONTRAINDICATION,
CHEMBL503,MONDO_0007254,INDICATION,
CHEMBL503,MONDO_0008170,INDICATION,
CHEMBL503,MONDO_0008315,INDICATION,
CHEMBL503,MONDO_0008948,INDICATION,
CHEMBL503,MONDO_0010383,INDICATION,
CHEMBL503,MONDO_0010726,INDICATION,
CHEMBL503,MONDO_0018975,INDICATION,
CHEMBL503,MONDO_0021187,INDICATION,
CHEMBL503,MONDO_0021661,INDICATION,
CHEMBL503,MP_0001845,INDICATION,
CHEMBL503,Orphanet_309005,INDICATION,
CHEMBL503,Orphanet_46724,INDICATION,
CHEMBL50300,EFO_0000763,INDICATION,
CHEMBL503160,EFO_0000676,INDICATION,
CHEMBL503160,EFO_0003834,INDICATION,
CHEMBL503481,EFO_0000546,INDICATION,
CHEMBL503481,EFO_0000729,INDICATION,
CHEMBL503481,EFO_0005676,INDICATION,
CHEMBL503481,MONDO_0005090,INDICATION,
CHEMBL504,EFO_0000389,INDICATION,
CHEMBL504,EFO_0000544,INDICATION,
CHEMBL504,EFO_0000764,INDICATION,
CHEMBL504,EFO_0003086,CONTRAINDICATION,
CHEMBL504,EFO_0003899,INDICATION,
CHEMBL504,EFO_0006865,INDICATION,
CHEMBL504,EFO_0008507,INDICATION,
CHEMBL504,EFO_1000025,INDICATION,
CHEMBL504,EFO_1000781,INDICATION,
CHEMBL504,MONDO_0004992,INDICATION,
CHEMBL504,MONDO_0005178,INDICATION,
CHEMBL504111,EFO_0000768,INDICATION,
CHEMBL50444,EFO_0000319,INDICATION,
CHEMBL504535,EFO_0004616,INDICATION,
CHEMBL504535,MONDO_0005178,INDICATION,
CHEMBL504652,EFO_0005230,INDICATION,
CHEMBL504652,MONDO_0002050,INDICATION,
CHEMBL504760,EFO_0000319,INDICATION,
CHEMBL504760,EFO_0003843,INDICATION,
CHEMBL504760,EFO_0003956,INDICATION,
CHEMBL504760,EFO_0005856,INDICATION,
CHEMBL504760,EFO_0007214,INDICATION,
CHEMBL504760,EFO_0009582,INDICATION,
CHEMBL504760,EFO_1001347,INDICATION,
CHEMBL504760,MP_0001845,INDICATION,
CHEMBL505,EFO_0000217,CONTRAINDICATION,
CHEMBL505,EFO_0000319,CONTRAINDICATION,
CHEMBL505,EFO_0000341,CONTRAINDICATION,
CHEMBL505,EFO_0000400,CONTRAINDICATION,
CHEMBL505,EFO_0000464,CONTRAINDICATION,
CHEMBL505,EFO_0000474,CONTRAINDICATION,
CHEMBL505,EFO_0000537,CONTRAINDICATION,
CHEMBL505,EFO_0000612,CONTRAINDICATION,
CHEMBL505,EFO_0000729,CONTRAINDICATION,
CHEMBL505,EFO_0001064,CONTRAINDICATION,
CHEMBL505,EFO_0001074,CONTRAINDICATION,
CHEMBL505,EFO_0001645,CONTRAINDICATION,
CHEMBL505,EFO_0003086,CONTRAINDICATION,
CHEMBL505,EFO_0003767,CONTRAINDICATION,
CHEMBL505,EFO_0003779,CONTRAINDICATION,
CHEMBL505,EFO_0003832,CONTRAINDICATION,
CHEMBL505,EFO_0003833,CONTRAINDICATION,
CHEMBL505,EFO_0003843,INDICATION,
CHEMBL505,EFO_0003890,CONTRAINDICATION,
CHEMBL505,EFO_0003928,CONTRAINDICATION,
CHEMBL505,EFO_0003948,CONTRAINDICATION,
CHEMBL505,EFO_0003956,INDICATION,
CHEMBL505,EFO_0003958,INDICATION,
CHEMBL505,EFO_0004239,INDICATION,
CHEMBL505,EFO_0004242,CONTRAINDICATION,
CHEMBL505,EFO_0004262,CONTRAINDICATION,
CHEMBL505,EFO_0004274,CONTRAINDICATION,
CHEMBL505,EFO_0004283,CONTRAINDICATION,
CHEMBL505,EFO_0004698,CONTRAINDICATION,
CHEMBL505,EFO_0004705,CONTRAINDICATION,
CHEMBL505,EFO_0004991,CONTRAINDICATION,
CHEMBL505,EFO_0005251,CONTRAINDICATION,
CHEMBL505,EFO_0005306,CONTRAINDICATION,
CHEMBL505,EFO_0005407,CONTRAINDICATION,
CHEMBL505,EFO_0005531,INDICATION,
CHEMBL505,EFO_0005854,INDICATION,
CHEMBL505,EFO_0007141,INDICATION,
CHEMBL505,EFO_0007214,INDICATION,
CHEMBL505,EFO_0007328,INDICATION,
CHEMBL505,EFO_0007467,CONTRAINDICATION,
CHEMBL505,EFO_0007486,INDICATION,
CHEMBL505,EFO_0007533,INDICATION,
CHEMBL505,EFO_0009086,CONTRAINDICATION,
CHEMBL505,EFO_0009189,CONTRAINDICATION,
CHEMBL505,EFO_0009190,CONTRAINDICATION,
CHEMBL505,EFO_0009314,CONTRAINDICATION,
CHEMBL505,EFO_0009454,CONTRAINDICATION,
CHEMBL505,EFO_0009532,CONTRAINDICATION,
CHEMBL505,EFO_0009571,CONTRAINDICATION,
CHEMBL505,EFO_0009661,CONTRAINDICATION,
CHEMBL505,EFO_0009910,CONTRAINDICATION,
CHEMBL505,EFO_1000014,CONTRAINDICATION,
CHEMBL505,EFO_1000391,CONTRAINDICATION,
CHEMBL505,EFO_1000652,CONTRAINDICATION,
CHEMBL505,EFO_1000684,CONTRAINDICATION,
CHEMBL505,EFO_1000800,CONTRAINDICATION,
CHEMBL505,EFO_1000902,CONTRAINDICATION,
CHEMBL505,EFO_1001069,CONTRAINDICATION,
CHEMBL505,EFO_1001095,CONTRAINDICATION,
CHEMBL505,EFO_1001132,CONTRAINDICATION,
CHEMBL505,EFO_1001375,CONTRAINDICATION,
CHEMBL505,EFO_1001872,CONTRAINDICATION,
CHEMBL505,MONDO_0001343,CONTRAINDICATION,
CHEMBL505,MONDO_0001744,CONTRAINDICATION,
CHEMBL505,MONDO_0002203,CONTRAINDICATION,
CHEMBL505,MONDO_0002258,INDICATION,
CHEMBL505,MONDO_0002277,CONTRAINDICATION,
CHEMBL505,MONDO_0002280,CONTRAINDICATION,
CHEMBL505,MONDO_0002491,CONTRAINDICATION,
CHEMBL505,MONDO_0004247,CONTRAINDICATION,
CHEMBL505,MONDO_0004596,CONTRAINDICATION,
CHEMBL505,MONDO_0005041,CONTRAINDICATION,
CHEMBL505,MONDO_0005271,INDICATION,
CHEMBL505,MONDO_0007079,CONTRAINDICATION,
CHEMBL505,MONDO_0015129,CONTRAINDICATION,
CHEMBL505,MONDO_0018660,CONTRAINDICATION,
CHEMBL505,MONDO_0018896,CONTRAINDICATION,
CHEMBL505,MONDO_0021661,CONTRAINDICATION,
CHEMBL505,MONDO_0024574,CONTRAINDICATION,
CHEMBL505,MONDO_0100192,CONTRAINDICATION,
CHEMBL505,Orphanet_903,CONTRAINDICATION,
CHEMBL50588,EFO_0007144,INDICATION,
CHEMBL50588,MONDO_0100096,INDICATION,
CHEMBL506,EFO_0001068,INDICATION,
CHEMBL506,EFO_0001073,INDICATION,
CHEMBL506,EFO_0007287,CONTRAINDICATION,
CHEMBL506,EFO_0007444,INDICATION,
CHEMBL506,EFO_0007445,INDICATION,
CHEMBL506,EFO_0007448,INDICATION,
CHEMBL506,MONDO_0100096,INDICATION,
CHEMBL506110,EFO_0000771,INDICATION,
CHEMBL506247,EFO_1001463,INDICATION,
CHEMBL506569,EFO_0000319,INDICATION,
CHEMBL506871,EFO_0000182,INDICATION,
CHEMBL506871,EFO_0000305,INDICATION,
CHEMBL506871,EFO_0000466,INDICATION,
CHEMBL506871,EFO_0000519,INDICATION,
CHEMBL506871,EFO_0000574,INDICATION,
CHEMBL506871,EFO_0000616,INDICATION,
CHEMBL506871,EFO_0000702,INDICATION,
CHEMBL506871,EFO_0000708,INDICATION,
CHEMBL506871,EFO_0001075,INDICATION,
CHEMBL506871,EFO_0001663,INDICATION,
CHEMBL506871,EFO_0002499,INDICATION,
CHEMBL506871,EFO_0002617,INDICATION,
CHEMBL506871,EFO_0002618,INDICATION,
CHEMBL506871,EFO_0003060,INDICATION,
CHEMBL506871,EFO_0003968,INDICATION,
CHEMBL506871,EFO_0005088,INDICATION,
CHEMBL506871,EFO_0005537,INDICATION,
CHEMBL506871,EFO_0005952,INDICATION,
CHEMBL506871,EFO_0006772,INDICATION,
CHEMBL506871,EFO_0006861,INDICATION,
CHEMBL506871,EFO_1000158,INDICATION,
CHEMBL506871,EFO_1000657,INDICATION,
CHEMBL506871,EFO_1001465,INDICATION,
CHEMBL506871,EFO_1001469,INDICATION,
CHEMBL506871,EFO_1001951,INDICATION,
CHEMBL506871,MONDO_0001056,INDICATION,
CHEMBL506871,MONDO_0002158,INDICATION,
CHEMBL506871,MONDO_0002898,INDICATION,
CHEMBL506871,MONDO_0004992,INDICATION,
CHEMBL506871,MONDO_0007254,INDICATION,
CHEMBL506871,MONDO_0008170,INDICATION,
CHEMBL506871,MONDO_0008315,INDICATION,
CHEMBL506871,MONDO_0015760,INDICATION,
CHEMBL506871,Orphanet_145,INDICATION,
CHEMBL506981,EFO_0000702,INDICATION,
CHEMBL507282,EFO_0005773,INDICATION,
CHEMBL507282,EFO_1001417,INDICATION,
CHEMBL507282,MONDO_0003005,INDICATION,
CHEMBL507282,MONDO_0009061,INDICATION,
CHEMBL5072826,EFO_0000537,INDICATION,
CHEMBL5072826,EFO_0000546,INDICATION,
CHEMBL5072826,EFO_0000565,INDICATION,
CHEMBL5072826,EFO_0000574,INDICATION,
CHEMBL5072826,EFO_0000660,INDICATION,
CHEMBL5072826,EFO_0000668,INDICATION,
CHEMBL5072826,EFO_0000764,INDICATION,
CHEMBL5072826,EFO_0001073,INDICATION,
CHEMBL5072826,EFO_0002609,INDICATION,
CHEMBL5072826,EFO_0002618,INDICATION,
CHEMBL5072826,EFO_0003144,INDICATION,
CHEMBL5072826,EFO_0003762,INDICATION,
CHEMBL5072826,EFO_0003777,INDICATION,
CHEMBL5072826,EFO_0003819,INDICATION,
CHEMBL5072826,EFO_0003843,INDICATION,
CHEMBL5072826,EFO_0003854,INDICATION,
CHEMBL5072826,EFO_0003869,INDICATION,
CHEMBL5072826,EFO_0003882,INDICATION,
CHEMBL5072826,EFO_0003884,INDICATION,
CHEMBL5072826,EFO_0003931,INDICATION,
CHEMBL5072826,EFO_0003940,INDICATION,
CHEMBL5072826,EFO_0003964,INDICATION,
CHEMBL5072826,EFO_0004142,INDICATION,
CHEMBL5072826,EFO_0004261,INDICATION,
CHEMBL5072826,EFO_0004288,INDICATION,
CHEMBL5072826,EFO_0005406,INDICATION,
CHEMBL5072826,EFO_0007176,INDICATION,
CHEMBL5072826,EFO_0007319,INDICATION,
CHEMBL5072826,EFO_0008519,INDICATION,
CHEMBL5072826,EFO_0009451,INDICATION,
CHEMBL5072826,EFO_1001375,INDICATION,
CHEMBL5072826,EFO_1001951,INDICATION,
CHEMBL5072826,MONDO_0002171,INDICATION,
CHEMBL5072826,MONDO_0004985,INDICATION,
CHEMBL5072826,MONDO_0004992,INDICATION,
CHEMBL5072826,MONDO_0005180,INDICATION,
CHEMBL5072826,MONDO_0005271,INDICATION,
CHEMBL5072826,MONDO_0007254,INDICATION,
CHEMBL5072826,MONDO_0008315,INDICATION,
CHEMBL5072826,MONDO_0011972,INDICATION,
CHEMBL5072826,MONDO_0019019,INDICATION,
CHEMBL507361,EFO_0000616,INDICATION,
CHEMBL507361,EFO_0003060,INDICATION,
CHEMBL507361,EFO_1001951,INDICATION,
CHEMBL507361,MONDO_0004992,INDICATION,
CHEMBL507361,MONDO_0018975,INDICATION,
CHEMBL507419,EFO_0000400,INDICATION,
CHEMBL507674,EFO_0000771,INDICATION,
CHEMBL507674,EFO_0003102,INDICATION,
CHEMBL507674,EFO_0009314,CONTRAINDICATION,
CHEMBL5077861,EFO_0000616,INDICATION,
CHEMBL5077861,EFO_0000702,INDICATION,
CHEMBL5077861,EFO_0003060,INDICATION,
CHEMBL5077961,EFO_0000616,INDICATION,
CHEMBL507870,EFO_0000400,CONTRAINDICATION,
CHEMBL507870,EFO_0000537,CONTRAINDICATION,
CHEMBL507870,EFO_0000544,INDICATION,
CHEMBL507870,EFO_0000771,INDICATION,
CHEMBL507870,EFO_0003033,INDICATION,
CHEMBL507870,EFO_0003086,CONTRAINDICATION,
CHEMBL507870,EFO_0003884,INDICATION,
CHEMBL507870,EFO_0005307,CONTRAINDICATION,
CHEMBL507870,EFO_1001272,INDICATION,
CHEMBL507870,EFO_1001849,INDICATION,
CHEMBL507870,MONDO_0001343,CONTRAINDICATION,
CHEMBL507870,MONDO_0019171,CONTRAINDICATION,
CHEMBL507870,MONDO_0021679,INDICATION,
CHEMBL508102,EFO_0004237,INDICATION,
CHEMBL508102,EFO_0009189,INDICATION,
CHEMBL508102,EFO_0009190,INDICATION,
CHEMBL508338,EFO_0004197,INDICATION,
CHEMBL5083772,MONDO_0005301,INDICATION,
CHEMBL508583,EFO_0001073,INDICATION,
CHEMBL5087025,EFO_0000616,INDICATION,
CHEMBL5087025,MONDO_0007254,INDICATION,
CHEMBL5087506,EFO_0000768,INDICATION,
CHEMBL5087506,EFO_0009448,INDICATION,
CHEMBL50882,EFO_0000181,INDICATION,
CHEMBL50882,EFO_0000182,INDICATION,
CHEMBL50882,EFO_0000616,INDICATION,
CHEMBL50882,EFO_0000702,INDICATION,
CHEMBL50882,EFO_0001416,INDICATION,
CHEMBL50882,EFO_0002918,INDICATION,
CHEMBL50882,EFO_0004284,INDICATION,
CHEMBL50882,MONDO_0002087,INDICATION,
CHEMBL50882,MONDO_0002974,INDICATION,
CHEMBL50882,MONDO_0008170,INDICATION,
CHEMBL50882,MONDO_0008903,INDICATION,
CHEMBL509,EFO_0000319,CONTRAINDICATION,
CHEMBL509,EFO_0000537,CONTRAINDICATION,
CHEMBL509,EFO_0000612,CONTRAINDICATION,
CHEMBL509,EFO_0000685,INDICATION,
CHEMBL509,EFO_0002609,INDICATION,
CHEMBL509,EFO_0003086,CONTRAINDICATION,
CHEMBL509,EFO_0003898,OFF_LABEL_USE,
CHEMBL509,EFO_0005755,INDICATION,
CHEMBL509,MONDO_0002280,CONTRAINDICATION,
CHEMBL509,MONDO_0004247,CONTRAINDICATION,
CHEMBL509,MONDO_0005178,INDICATION,
CHEMBL509,MONDO_0007079,CONTRAINDICATION,
CHEMBL5090754,EFO_0000702,INDICATION,
CHEMBL5090754,EFO_0002618,INDICATION,
CHEMBL5090754,MONDO_0007254,INDICATION,
CHEMBL5093566,EFO_0000544,INDICATION,
CHEMBL5095022,EFO_0000677,INDICATION,
CHEMBL5095022,EFO_1001176,INDICATION,
CHEMBL5095022,MONDO_0005090,INDICATION,
CHEMBL5095024,EFO_0000616,INDICATION,
CHEMBL5095024,MONDO_0004992,INDICATION,
CHEMBL5095025,EFO_0000616,INDICATION,
CHEMBL5095028,EFO_0000685,INDICATION,
CHEMBL5095029,EFO_0000401,INDICATION,
CHEMBL5095030,EFO_0000183,INDICATION,
CHEMBL5095030,EFO_0000198,INDICATION,
CHEMBL5095030,EFO_0000220,INDICATION,
CHEMBL5095030,EFO_0000222,INDICATION,
CHEMBL5095030,EFO_0000339,INDICATION,
CHEMBL5095030,EFO_0000503,INDICATION,
CHEMBL5095030,EFO_0000616,INDICATION,
CHEMBL5095030,EFO_0001378,INDICATION,
CHEMBL5095030,EFO_0002916,INDICATION,
CHEMBL5095030,MONDO_0000873,INDICATION,
CHEMBL5095030,MONDO_0011382,INDICATION,
CHEMBL5095031,EFO_0000684,INDICATION,
CHEMBL5095031,MONDO_0009061,INDICATION,
CHEMBL5095031,MONDO_0016575,INDICATION,
CHEMBL5095032,MONDO_0004975,INDICATION,
CHEMBL5095032,MONDO_0005090,INDICATION,
CHEMBL5095033,EFO_0000182,INDICATION,
CHEMBL5095033,EFO_0000616,INDICATION,
CHEMBL5095033,EFO_0000702,INDICATION,
CHEMBL5095033,EFO_0005537,INDICATION,
CHEMBL5095033,EFO_0005952,INDICATION,
CHEMBL5095033,EFO_1001968,INDICATION,
CHEMBL5095033,MONDO_0008170,INDICATION,
CHEMBL5095034,EFO_0000222,INDICATION,
CHEMBL5095034,EFO_0000574,INDICATION,
CHEMBL5095034,EFO_0000616,INDICATION,
CHEMBL5095034,EFO_0000685,INDICATION,
CHEMBL5095034,EFO_0005952,INDICATION,
CHEMBL5095034,EFO_0007160,INDICATION,
CHEMBL5095034,EFO_1001264,INDICATION,
CHEMBL5095034,MONDO_0004992,INDICATION,
CHEMBL5095036,EFO_0000222,INDICATION,
CHEMBL5095036,EFO_0000616,INDICATION,
CHEMBL5095036,EFO_0000637,INDICATION,
CHEMBL5095036,MONDO_0002158,INDICATION,
CHEMBL5095036,MONDO_0008170,INDICATION,
CHEMBL5095037,EFO_0000694,INDICATION,
CHEMBL5095037,EFO_0001421,INDICATION,
CHEMBL5095037,EFO_0003086,INDICATION,
CHEMBL5095037,EFO_0004220,INDICATION,
CHEMBL5095037,MONDO_0100096,INDICATION,
CHEMBL5095038,EFO_0000222,INDICATION,
CHEMBL5095038,EFO_0000616,INDICATION,
CHEMBL5095038,EFO_0004289,INDICATION,
CHEMBL5095039,EFO_0000673,INDICATION,
CHEMBL5095039,EFO_1001968,INDICATION,
CHEMBL5095039,MONDO_0008315,INDICATION,
CHEMBL5095040,EFO_0003843,INDICATION,
CHEMBL5095040,EFO_0004698,INDICATION,
CHEMBL5095041,EFO_0000616,INDICATION,
CHEMBL5095041,MONDO_0004992,INDICATION,
CHEMBL5095042,EFO_0005230,INDICATION,
CHEMBL5095042,EFO_0006788,INDICATION,
CHEMBL5095042,EFO_1001917,INDICATION,
CHEMBL5095042,MONDO_0003265,INDICATION,
CHEMBL5095043,EFO_0000616,INDICATION,
CHEMBL5095043,EFO_0003060,INDICATION,
CHEMBL5095044,EFO_0000574,INDICATION,
CHEMBL5095044,EFO_0000616,INDICATION,
CHEMBL5095044,EFO_0001378,INDICATION,
CHEMBL5095044,EFO_0005952,INDICATION,
CHEMBL5095044,EFO_0006859,INDICATION,
CHEMBL5095046,EFO_1001139,INDICATION,
CHEMBL5095049,EFO_0002429,INDICATION,
CHEMBL5095049,EFO_0002430,INDICATION,
CHEMBL5095051,EFO_0006788,INDICATION,
CHEMBL5095051,MONDO_0002009,INDICATION,
CHEMBL5095052,EFO_0003914,INDICATION,
CHEMBL5095052,EFO_0004911,INDICATION,
CHEMBL5095057,EFO_0000616,INDICATION,
CHEMBL5095059,MONDO_0019623,INDICATION,
CHEMBL5095060,EFO_0000616,INDICATION,
CHEMBL5095061,EFO_0000616,INDICATION,
CHEMBL5095062,EFO_0000616,INDICATION,
CHEMBL5095063,EFO_0000616,INDICATION,
CHEMBL5095064,MONDO_0015053,INDICATION,
CHEMBL5095064,MONDO_0019623,INDICATION,
CHEMBL5095066,EFO_0000616,INDICATION,
CHEMBL5095067,EFO_0000616,INDICATION,
CHEMBL5095068,EFO_0000616,INDICATION,
CHEMBL5095069,EFO_0000274,INDICATION,
CHEMBL5095069,MONDO_0002009,INDICATION,
CHEMBL5095070,MONDO_0002009,INDICATION,
CHEMBL5095071,EFO_0000763,INDICATION,
CHEMBL5095071,EFO_0004197,INDICATION,
CHEMBL5095071,EFO_0004239,INDICATION,
CHEMBL5095075,EFO_0000763,INDICATION,
CHEMBL5095076,EFO_0000616,INDICATION,
CHEMBL5095077,EFO_0000763,INDICATION,
CHEMBL5095078,MONDO_0002009,INDICATION,
CHEMBL5095079,EFO_0004208,INDICATION,
CHEMBL5095079,EFO_1000710,INDICATION,
CHEMBL5095079,MONDO_0004979,INDICATION,
CHEMBL5095079,MONDO_0021739,INDICATION,
CHEMBL5095080,EFO_0000771,INDICATION,
CHEMBL5095082,EFO_0004239,INDICATION,
CHEMBL5095086,EFO_0000771,INDICATION,
CHEMBL5095087,MP_0001845,INDICATION,
CHEMBL5095088,EFO_0000616,INDICATION,
CHEMBL5095091,EFO_0000616,INDICATION,
CHEMBL5095093,EFO_0000763,INDICATION,
CHEMBL5095094,EFO_0000616,INDICATION,
CHEMBL5095095,MONDO_0007739,INDICATION,
CHEMBL5095097,EFO_0003834,INDICATION,
CHEMBL5095097,MP_0001845,INDICATION,
CHEMBL5095099,EFO_0000616,INDICATION,
CHEMBL5095102,EFO_0000616,INDICATION,
CHEMBL5095106,EFO_0000616,INDICATION,
CHEMBL5095106,EFO_0000673,INDICATION,
CHEMBL5095106,MONDO_0008315,INDICATION,
CHEMBL5095107,EFO_0000616,INDICATION,
CHEMBL5095108,EFO_0000763,INDICATION,
CHEMBL5095109,EFO_0000616,INDICATION,
CHEMBL5095110,EFO_0000198,INDICATION,
CHEMBL5095110,MONDO_0011382,INDICATION,
CHEMBL5095110,MONDO_0018305,INDICATION,
CHEMBL5095110,MONDO_0019391,INDICATION,
CHEMBL5095110,Orphanet_848,INDICATION,
CHEMBL5095112,EFO_0000616,INDICATION,
CHEMBL5095114,EFO_0000616,INDICATION,
CHEMBL5095115,EFO_0001073,INDICATION,
CHEMBL5095115,MONDO_0005148,INDICATION,
CHEMBL5095120,EFO_0000616,INDICATION,
CHEMBL5095121,EFO_0000763,INDICATION,
CHEMBL5095122,EFO_0000699,INDICATION,
CHEMBL5095123,EFO_0001365,INDICATION,
CHEMBL5095123,EFO_0003770,INDICATION,
CHEMBL5095123,EFO_1001157,INDICATION,
CHEMBL5095125,EFO_0000616,INDICATION,
CHEMBL5095126,EFO_0000616,INDICATION,
CHEMBL5095127,EFO_0000616,INDICATION,
CHEMBL5095129,EFO_0000616,INDICATION,
CHEMBL5095131,EFO_0000616,INDICATION,
CHEMBL5095133,EFO_0000616,INDICATION,
CHEMBL5095134,EFO_0000616,INDICATION,
CHEMBL5095135,EFO_0000616,INDICATION,
CHEMBL5095136,MONDO_0011382,INDICATION,
CHEMBL5095137,EFO_0000616,INDICATION,
CHEMBL5095138,EFO_0000616,INDICATION,
CHEMBL5095139,EFO_0004272,INDICATION,
CHEMBL5095140,EFO_0000771,INDICATION,
CHEMBL5095141,EFO_0000616,INDICATION,
CHEMBL5095142,EFO_0001073,INDICATION,
CHEMBL5095142,EFO_0003095,INDICATION,
CHEMBL5095143,EFO_0000616,INDICATION,
CHEMBL5095144,MONDO_0002041,INDICATION,
CHEMBL5095145,EFO_0000616,INDICATION,
CHEMBL5095147,EFO_0000616,INDICATION,
CHEMBL5095150,EFO_0000616,INDICATION,
CHEMBL5095151,MP_0001845,INDICATION,
CHEMBL5095152,EFO_0001365,INDICATION,
CHEMBL5095152,EFO_0009606,INDICATION,
CHEMBL5095153,EFO_0000616,INDICATION,
CHEMBL5095154,EFO_0001365,INDICATION,
CHEMBL5095154,EFO_0003770,INDICATION,
CHEMBL5095154,EFO_0004264,INDICATION,
CHEMBL5095154,EFO_0004683,INDICATION,
CHEMBL5095155,EFO_0000616,INDICATION,
CHEMBL5095157,EFO_0000616,INDICATION,
CHEMBL5095158,EFO_0000616,INDICATION,
CHEMBL5095159,EFO_0000763,INDICATION,
CHEMBL5095161,EFO_0001060,INDICATION,
CHEMBL5095162,EFO_0000616,INDICATION,
CHEMBL5095164,EFO_0000616,INDICATION,
CHEMBL5095164,MONDO_0004992,INDICATION,
CHEMBL5095167,EFO_0003060,INDICATION,
CHEMBL5095168,EFO_1001141,INDICATION,
CHEMBL5095170,MONDO_0004992,INDICATION,
CHEMBL5095171,EFO_0001421,INDICATION,
CHEMBL5095171,EFO_0003086,INDICATION,
CHEMBL5095171,MONDO_0010679,INDICATION,
CHEMBL5095171,Orphanet_206966,INDICATION,
CHEMBL5095172,MONDO_0005090,INDICATION,
CHEMBL5095173,EFO_0000616,INDICATION,
CHEMBL5095173,EFO_1001968,INDICATION,
CHEMBL5095174,EFO_0000676,INDICATION,
CHEMBL5095174,EFO_0001421,INDICATION,
CHEMBL5095175,EFO_0803321,INDICATION,
CHEMBL5095176,EFO_0000768,INDICATION,
CHEMBL5095176,EFO_0006890,INDICATION,
CHEMBL5095176,MONDO_0100096,INDICATION,
CHEMBL5095176,MP_0001845,INDICATION,
CHEMBL5095177,EFO_0003060,INDICATION,
CHEMBL5095178,EFO_0003095,INDICATION,
CHEMBL5095178,MONDO_0011382,INDICATION,
CHEMBL5095179,EFO_0000182,INDICATION,
CHEMBL5095179,EFO_0005221,INDICATION,
CHEMBL5095179,MONDO_0002691,INDICATION,
CHEMBL5095179,MONDO_0100096,INDICATION,
CHEMBL5095180,MONDO_0009061,INDICATION,
CHEMBL5095183,EFO_0000616,INDICATION,
CHEMBL5095183,EFO_0003869,INDICATION,
CHEMBL5095183,MONDO_0007254,INDICATION,
CHEMBL5095184,EFO_0000616,INDICATION,
CHEMBL5095186,EFO_0000616,INDICATION,
CHEMBL5095187,EFO_0003948,INDICATION,
CHEMBL5095188,EFO_0000616,INDICATION,
CHEMBL5095189,EFO_0005687,INDICATION,
CHEMBL5095189,EFO_0005762,INDICATION,
CHEMBL5095189,EFO_1000783,INDICATION,
CHEMBL5095190,EFO_0000616,INDICATION,
CHEMBL5095193,MONDO_0005180,INDICATION,
CHEMBL5095194,MONDO_0100096,INDICATION,
CHEMBL5095196,EFO_0000616,INDICATION,
CHEMBL5095196,EFO_0003060,INDICATION,
CHEMBL5095198,EFO_0000660,INDICATION,
CHEMBL5095198,MONDO_0008728,INDICATION,
CHEMBL5095198,MONDO_0018479,INDICATION,
CHEMBL5095200,EFO_0000181,INDICATION,
CHEMBL5095200,EFO_0000574,INDICATION,
CHEMBL5095201,MONDO_0005180,INDICATION,
CHEMBL5095201,MONDO_0016158,INDICATION,
CHEMBL5095202,EFO_0000616,INDICATION,
CHEMBL5095203,EFO_0001421,INDICATION,
CHEMBL5095203,EFO_0003047,INDICATION,
CHEMBL5095203,EFO_0003086,INDICATION,
CHEMBL5095203,EFO_0004220,INDICATION,
CHEMBL5095204,EFO_0001421,INDICATION,
CHEMBL5095204,EFO_0003086,INDICATION,
CHEMBL5095209,EFO_0000198,INDICATION,
CHEMBL5095209,EFO_0000211,INDICATION,
CHEMBL5095209,EFO_0000222,INDICATION,
CHEMBL5095209,EFO_0000305,INDICATION,
CHEMBL5095209,EFO_0000616,INDICATION,
CHEMBL5095209,EFO_0000702,INDICATION,
CHEMBL5095209,EFO_0003060,INDICATION,
CHEMBL5095210,EFO_0000616,INDICATION,
CHEMBL5095210,EFO_0003869,INDICATION,
CHEMBL5095210,MONDO_0007254,INDICATION,
CHEMBL5095213,EFO_0006792,INDICATION,
CHEMBL5095213,MONDO_0004975,INDICATION,
CHEMBL5095213,MONDO_0005180,INDICATION,
CHEMBL5095214,EFO_0000763,INDICATION,
CHEMBL5095214,EFO_0004239,INDICATION,
CHEMBL5095215,EFO_0002496,INDICATION,
CHEMBL5095217,EFO_0000341,INDICATION,
CHEMBL5095217,EFO_1000710,INDICATION,
CHEMBL5095217,MONDO_0015597,INDICATION,
CHEMBL5095217,MONDO_0018088,INDICATION,
CHEMBL5095217,MP_0001845,INDICATION,
CHEMBL5095218,EFO_0000319,INDICATION,
CHEMBL5095218,EFO_0000341,INDICATION,
CHEMBL5095218,EFO_0001421,INDICATION,
CHEMBL5095218,EFO_0003086,INDICATION,
CHEMBL5095218,EFO_0003144,INDICATION,
CHEMBL5095220,EFO_0000196,INDICATION,
CHEMBL5095220,EFO_0000616,INDICATION,
CHEMBL5095220,MONDO_0004992,INDICATION,
CHEMBL5095223,MONDO_0004992,INDICATION,
CHEMBL5095224,EFO_0001065,INDICATION,
CHEMBL5095224,EFO_0005762,INDICATION,
CHEMBL5095224,EFO_1000781,INDICATION,
CHEMBL5095224,EFO_1000783,INDICATION,
CHEMBL5095225,EFO_0000768,INDICATION,
CHEMBL5095225,EFO_0006890,INDICATION,
CHEMBL5095225,MONDO_0100096,INDICATION,
CHEMBL5095226,EFO_0000403,INDICATION,
CHEMBL5095226,EFO_0000574,INDICATION,
CHEMBL5095226,EFO_0000616,INDICATION,
CHEMBL5095226,EFO_0005952,INDICATION,
CHEMBL5095226,EFO_1000630,INDICATION,
CHEMBL5095226,EFO_1001469,INDICATION,
CHEMBL5095226,MONDO_0018906,INDICATION,
CHEMBL5095227,EFO_0000616,INDICATION,
CHEMBL5095227,EFO_0001378,INDICATION,
CHEMBL5095228,EFO_0001376,INDICATION,
CHEMBL5095229,EFO_0000616,INDICATION,
CHEMBL5095229,MONDO_0011719,INDICATION,
CHEMBL5095229,MONDO_0016586,INDICATION,
CHEMBL5095230,MONDO_0004975,INDICATION,
CHEMBL5095231,EFO_0000403,INDICATION,
CHEMBL5095231,EFO_0000588,INDICATION,
CHEMBL5095231,EFO_0000616,INDICATION,
CHEMBL5095231,EFO_0000673,INDICATION,
CHEMBL5095232,EFO_0000555,INDICATION,
CHEMBL5095233,EFO_0000294,INDICATION,
CHEMBL5095233,EFO_0000574,INDICATION,
CHEMBL5095236,EFO_0000616,INDICATION,
CHEMBL5095236,EFO_0003060,INDICATION,
CHEMBL5095237,EFO_0000616,INDICATION,
CHEMBL5095239,EFO_0005044,INDICATION,
CHEMBL5095240,EFO_0000274,INDICATION,
CHEMBL5095240,EFO_0000676,INDICATION,
CHEMBL5095240,EFO_0000729,INDICATION,
CHEMBL5095240,EFO_0003780,INDICATION,
CHEMBL5095240,EFO_0003898,INDICATION,
CHEMBL5095241,EFO_0000616,INDICATION,
CHEMBL5095241,EFO_0000756,INDICATION,
CHEMBL5095241,EFO_0003060,INDICATION,
CHEMBL5095241,EFO_1001951,INDICATION,
CHEMBL5095242,EFO_0000538,INDICATION,
CHEMBL5095242,EFO_0003913,INDICATION,
CHEMBL5095242,EFO_1001375,INDICATION,
CHEMBL5095243,EFO_0000174,INDICATION,
CHEMBL5095243,MONDO_0011382,INDICATION,
CHEMBL5095243,MONDO_0044881,INDICATION,
CHEMBL5095244,EFO_0000095,INDICATION,
CHEMBL5095244,EFO_0000616,INDICATION,
CHEMBL5095245,EFO_0000616,INDICATION,
CHEMBL5095245,MONDO_0005184,INDICATION,
CHEMBL5095245,MONDO_0008170,INDICATION,
CHEMBL5095246,EFO_0000616,INDICATION,
CHEMBL5095246,MONDO_0003060,INDICATION,
CHEMBL5095248,EFO_0005532,INDICATION,
CHEMBL5095248,MONDO_0019623,INDICATION,
CHEMBL5095249,MONDO_0043771,INDICATION,
CHEMBL5095250,EFO_0000174,INDICATION,
CHEMBL5095251,MONDO_0004975,INDICATION,
CHEMBL5095253,EFO_0000180,INDICATION,
CHEMBL5095253,EFO_0000763,INDICATION,
CHEMBL5095255,EFO_0000616,INDICATION,
CHEMBL5095256,EFO_0000616,INDICATION,
CHEMBL5095257,EFO_0000768,INDICATION,
CHEMBL5095257,EFO_0004268,INDICATION,
CHEMBL5095257,MP_0001845,INDICATION,
CHEMBL5095259,EFO_0003756,INDICATION,
CHEMBL5095259,MONDO_0007113,INDICATION,
CHEMBL5095260,EFO_0000616,INDICATION,
CHEMBL5095260,EFO_0003060,INDICATION,
CHEMBL5095261,EFO_0005809,INDICATION,
CHEMBL5095262,EFO_0000400,INDICATION,
CHEMBL5095262,MONDO_0005147,INDICATION,
CHEMBL5095262,MONDO_0005148,INDICATION,
CHEMBL5095264,EFO_0004263,INDICATION,
CHEMBL5095264,MONDO_0002009,INDICATION,
CHEMBL5095265,EFO_1001157,INDICATION,
CHEMBL5095266,EFO_0004232,INDICATION,
CHEMBL5095266,EFO_0005531,INDICATION,
CHEMBL5095267,EFO_0000400,INDICATION,
CHEMBL5095268,EFO_0000729,INDICATION,
CHEMBL5095269,EFO_0000574,INDICATION,
CHEMBL5095270,EFO_0000673,INDICATION,
CHEMBL5095272,EFO_0000616,INDICATION,
CHEMBL5095273,EFO_0004142,INDICATION,
CHEMBL5095273,EFO_0008528,INDICATION,
CHEMBL5095273,EFO_1001951,INDICATION,
CHEMBL5095273,MONDO_0001056,INDICATION,
CHEMBL5095273,MONDO_0007254,INDICATION,
CHEMBL5095274,MONDO_0009735,INDICATION,
CHEMBL5095275,MONDO_0010602,INDICATION,
CHEMBL5095275,MONDO_0024574,INDICATION,
CHEMBL5095276,MONDO_0005178,INDICATION,
CHEMBL5095276,MONDO_0010679,INDICATION,
CHEMBL5095277,EFO_0002618,INDICATION,
CHEMBL5095277,EFO_1001951,INDICATION,
CHEMBL5095277,MONDO_0001056,INDICATION,
CHEMBL5095277,MONDO_0007576,INDICATION,
CHEMBL5095278,EFO_0000616,INDICATION,
CHEMBL5095278,EFO_0000673,INDICATION,
CHEMBL5095278,EFO_1001951,INDICATION,
CHEMBL5095279,EFO_0001378,INDICATION,
CHEMBL5095279,MONDO_0007254,INDICATION,
CHEMBL5095280,EFO_1001951,INDICATION,
CHEMBL5095280,MONDO_0001056,INDICATION,
CHEMBL5095282,EFO_0000616,INDICATION,
CHEMBL5095282,EFO_0009708,INDICATION,
CHEMBL5095283,EFO_0000181,INDICATION,
CHEMBL5095285,EFO_0000616,INDICATION,
CHEMBL5095285,MONDO_0008170,INDICATION,
CHEMBL5095287,EFO_0004192,INDICATION,
CHEMBL5095287,EFO_0005809,INDICATION,
CHEMBL5095289,MONDO_0019200,INDICATION,
CHEMBL5095291,MONDO_0100096,INDICATION,
CHEMBL5095292,EFO_0000616,INDICATION,
CHEMBL5095292,EFO_0000702,INDICATION,
CHEMBL5095292,MONDO_0008315,INDICATION,
CHEMBL5095293,EFO_0000699,INDICATION,
CHEMBL5095293,EFO_0002689,INDICATION,
CHEMBL5095293,EFO_0004194,INDICATION,
CHEMBL5095293,EFO_0004991,INDICATION,
CHEMBL5095293,EFO_0005761,INDICATION,
CHEMBL5095293,MONDO_0007915,INDICATION,
CHEMBL5095294,EFO_0000180,INDICATION,
CHEMBL5095294,EFO_0000764,INDICATION,
CHEMBL5095298,EFO_0000537,INDICATION,
CHEMBL5095299,EFO_0000616,INDICATION,
CHEMBL5095300,EFO_0000616,INDICATION,
CHEMBL5095301,EFO_0000274,INDICATION,
CHEMBL5095302,EFO_0000676,INDICATION,
CHEMBL5095302,EFO_0003898,INDICATION,
CHEMBL5095303,EFO_0004129,INDICATION,
CHEMBL5095303,EFO_0009562,INDICATION,
CHEMBL5095304,MONDO_0007915,INDICATION,
CHEMBL5095304,MONDO_0013730,INDICATION,
CHEMBL5095305,EFO_0000574,INDICATION,
CHEMBL5095305,EFO_0000616,INDICATION,
CHEMBL5095306,EFO_0007160,INDICATION,
CHEMBL5095306,MONDO_0018922,INDICATION,
CHEMBL5095306,MP_0001845,INDICATION,
CHEMBL5095307,EFO_0004991,INDICATION,
CHEMBL5095308,EFO_0000616,INDICATION,
CHEMBL5095310,EFO_0006318,INDICATION,
CHEMBL5095310,MONDO_0007254,INDICATION,
CHEMBL5095311,EFO_0009451,INDICATION,
CHEMBL5095312,EFO_0000616,INDICATION,
CHEMBL5095312,MONDO_0008170,INDICATION,
CHEMBL5095313,EFO_0003884,INDICATION,
CHEMBL5095313,EFO_0010690,INDICATION,
CHEMBL5095315,EFO_0000616,INDICATION,
CHEMBL5095316,EFO_0000616,INDICATION,
CHEMBL5095316,EFO_0001378,INDICATION,
CHEMBL5095316,EFO_0004194,INDICATION,
CHEMBL5095317,EFO_0007160,INDICATION,
CHEMBL5095318,MONDO_0100096,INDICATION,
CHEMBL5095319,MONDO_0100096,INDICATION,
CHEMBL5095320,EFO_0003917,INDICATION,
CHEMBL5095320,MONDO_0100096,INDICATION,
CHEMBL5095321,EFO_0000616,INDICATION,
CHEMBL5095323,EFO_0004701,INDICATION,
CHEMBL5095324,EFO_0000274,INDICATION,
CHEMBL5095324,EFO_0005854,INDICATION,
CHEMBL5095324,MONDO_0004979,INDICATION,
CHEMBL5095324,MP_0001845,INDICATION,
CHEMBL5095325,MONDO_0100339,INDICATION,
CHEMBL5095326,EFO_0000616,INDICATION,
CHEMBL5095328,EFO_0000519,INDICATION,
CHEMBL5095328,EFO_0000616,INDICATION,
CHEMBL5095329,EFO_0000616,INDICATION,
CHEMBL5095330,MONDO_0007606,INDICATION,
CHEMBL5095331,EFO_0000616,INDICATION,
CHEMBL5095331,EFO_0000702,INDICATION,
CHEMBL5095332,MONDO_0100096,INDICATION,
CHEMBL5095333,EFO_0004616,INDICATION,
CHEMBL5095334,EFO_0001663,INDICATION,
CHEMBL5095336,EFO_0001365,INDICATION,
CHEMBL5095336,EFO_1001492,INDICATION,
CHEMBL5095337,EFO_0000616,INDICATION,
CHEMBL5095337,EFO_0003060,INDICATION,
CHEMBL5095338,EFO_0000676,INDICATION,
CHEMBL5095338,EFO_0000685,INDICATION,
CHEMBL5095338,EFO_0000699,INDICATION,
CHEMBL5095338,EFO_0000729,INDICATION,
CHEMBL5095338,MONDO_0007915,INDICATION,
CHEMBL5095339,EFO_0003863,INDICATION,
CHEMBL5095339,EFO_1001951,INDICATION,
CHEMBL5095341,EFO_0000616,INDICATION,
CHEMBL5095341,EFO_0005952,INDICATION,
CHEMBL5095342,EFO_0000616,INDICATION,
CHEMBL5095343,EFO_0000558,INDICATION,
CHEMBL5095343,EFO_0000764,INDICATION,
CHEMBL5095343,EFO_0009429,INDICATION,
CHEMBL5095343,MONDO_0007254,INDICATION,
CHEMBL5095344,EFO_0000616,INDICATION,
CHEMBL5095344,MONDO_0018868,INDICATION,
CHEMBL5095345,EFO_0000389,INDICATION,
CHEMBL5095345,EFO_0000756,INDICATION,
CHEMBL5095345,EFO_0002617,INDICATION,
CHEMBL5095346,EFO_0000616,INDICATION,
CHEMBL5095348,MONDO_0100096,INDICATION,
CHEMBL5095349,MONDO_0004976,INDICATION,
CHEMBL5095350,EFO_0000537,INDICATION,
CHEMBL5095351,MP_0001845,INDICATION,
CHEMBL5095352,EFO_0000503,INDICATION,
CHEMBL5095352,EFO_0000574,INDICATION,
CHEMBL5095352,EFO_0003060,INDICATION,
CHEMBL5095352,EFO_0004252,INDICATION,
CHEMBL5095352,EFO_0005922,INDICATION,
CHEMBL5095352,MONDO_0002691,INDICATION,
CHEMBL5095352,MONDO_0002974,INDICATION,
CHEMBL5095352,MONDO_0005575,INDICATION,
CHEMBL5095352,MONDO_0008903,INDICATION,
CHEMBL5095353,MONDO_0004992,INDICATION,
CHEMBL5095354,MONDO_0004739,INDICATION,
CHEMBL5095356,EFO_0000182,INDICATION,
CHEMBL5095357,MONDO_0005147,INDICATION,
CHEMBL5095357,MONDO_0005148,INDICATION,
CHEMBL5095358,EFO_0000400,INDICATION,
CHEMBL5095358,EFO_0001073,INDICATION,
CHEMBL5095358,EFO_0003086,INDICATION,
CHEMBL5095358,EFO_0003095,INDICATION,
CHEMBL5095358,MONDO_0005148,INDICATION,
CHEMBL5095359,EFO_0000616,INDICATION,
CHEMBL5095359,MONDO_0004992,INDICATION,
CHEMBL5095360,EFO_0000676,INDICATION,
CHEMBL5095360,EFO_0000685,INDICATION,
CHEMBL5095361,EFO_0000756,INDICATION,
CHEMBL5095362,EFO_0000182,INDICATION,
CHEMBL5095362,EFO_0000616,INDICATION,
CHEMBL5095362,EFO_0000681,INDICATION,
CHEMBL5095362,EFO_0003060,INDICATION,
CHEMBL5095362,MONDO_0001056,INDICATION,
CHEMBL5095362,MONDO_0003060,INDICATION,
CHEMBL5095363,EFO_0001645,INDICATION,
CHEMBL5095363,EFO_0003914,INDICATION,
CHEMBL5095363,MP_0001845,INDICATION,
CHEMBL5095364,EFO_0000616,INDICATION,
CHEMBL5095364,EFO_0000702,INDICATION,
CHEMBL5095364,EFO_0003060,INDICATION,
CHEMBL5095364,EFO_0003869,INDICATION,
CHEMBL5095365,MONDO_0007254,INDICATION,
CHEMBL5095366,EFO_0000685,INDICATION,
CHEMBL5095366,EFO_1000637,INDICATION,
CHEMBL5095366,MP_0001845,INDICATION,
CHEMBL5095367,MONDO_0015183,INDICATION,
CHEMBL5095368,MONDO_0010679,INDICATION,
CHEMBL5095369,EFO_0000702,INDICATION,
CHEMBL5095369,MONDO_0004992,INDICATION,
CHEMBL5095370,EFO_0000384,INDICATION,
CHEMBL5095370,EFO_0000729,INDICATION,
CHEMBL5095370,MP_0001845,INDICATION,
CHEMBL5095371,MONDO_0004979,INDICATION,
CHEMBL5095373,EFO_0000200,INDICATION,
CHEMBL5095373,EFO_0000616,INDICATION,
CHEMBL5095373,EFO_0001378,INDICATION,
CHEMBL5095373,EFO_0003884,INDICATION,
CHEMBL5095374,MONDO_0005271,INDICATION,
CHEMBL5095376,EFO_0000729,INDICATION,
CHEMBL5095376,EFO_0005809,INDICATION,
CHEMBL5095377,MONDO_0004975,INDICATION,
CHEMBL5095378,EFO_0000616,INDICATION,
CHEMBL5095378,EFO_0005952,INDICATION,
CHEMBL5095379,EFO_0009606,INDICATION,
CHEMBL5095380,EFO_0003884,INDICATION,
CHEMBL5095381,MONDO_0021187,INDICATION,
CHEMBL5095381,Orphanet_309005,INDICATION,
CHEMBL5095382,EFO_0003882,INDICATION,
CHEMBL5095383,EFO_0000181,INDICATION,
CHEMBL5095383,EFO_0000183,INDICATION,
CHEMBL5095383,EFO_0000574,INDICATION,
CHEMBL5095383,EFO_0000616,INDICATION,
CHEMBL5095383,EFO_0000756,INDICATION,
CHEMBL5095383,EFO_0002618,INDICATION,
CHEMBL5095383,EFO_0003060,INDICATION,
CHEMBL5095383,EFO_0004252,INDICATION,
CHEMBL5095383,MONDO_0007254,INDICATION,
CHEMBL5095383,MONDO_0008903,INDICATION,
CHEMBL5095384,EFO_0000181,INDICATION,
CHEMBL5095384,EFO_0000616,INDICATION,
CHEMBL5095384,EFO_0003060,INDICATION,
CHEMBL5095384,EFO_0005922,INDICATION,
CHEMBL5095384,EFO_1001951,INDICATION,
CHEMBL5095385,EFO_0000616,INDICATION,
CHEMBL5095385,EFO_1001951,INDICATION,
CHEMBL5095387,EFO_0000694,INDICATION,
CHEMBL5095387,MONDO_0100096,INDICATION,
CHEMBL5095388,EFO_0000616,INDICATION,
CHEMBL5095388,EFO_0002618,INDICATION,
CHEMBL5095388,EFO_0003891,INDICATION,
CHEMBL5095388,MONDO_0001056,INDICATION,
CHEMBL5095388,MONDO_0004992,INDICATION,
CHEMBL5095388,MONDO_0007576,INDICATION,
CHEMBL5095389,EFO_0001358,INDICATION,
CHEMBL5095389,EFO_0006789,INDICATION,
CHEMBL5095389,MP_0001845,INDICATION,
CHEMBL5095391,EFO_0000182,INDICATION,
CHEMBL5095391,EFO_0000616,INDICATION,
CHEMBL5095391,EFO_0003060,INDICATION,
CHEMBL5095391,EFO_1001968,INDICATION,
CHEMBL5095392,EFO_0000616,INDICATION,
CHEMBL5095396,MONDO_0002009,INDICATION,
CHEMBL5095397,EFO_0000616,INDICATION,
CHEMBL5095398,EFO_0000211,INDICATION,
CHEMBL5095398,EFO_0000274,INDICATION,
CHEMBL5095398,EFO_0000384,INDICATION,
CHEMBL5095398,EFO_0000685,INDICATION,
CHEMBL5095398,EFO_0000729,INDICATION,
CHEMBL5095398,EFO_0001421,INDICATION,
CHEMBL5095398,EFO_0003898,INDICATION,
CHEMBL5095398,EFO_0004192,INDICATION,
CHEMBL5095398,EFO_0004208,INDICATION,
CHEMBL5095398,EFO_0005809,INDICATION,
CHEMBL5095398,MONDO_0013730,INDICATION,
CHEMBL5095398,MONDO_0020547,INDICATION,
CHEMBL5095398,MP_0001845,INDICATION,
CHEMBL5095399,EFO_0000211,INDICATION,
CHEMBL5095399,EFO_0000274,INDICATION,
CHEMBL5095399,EFO_0000384,INDICATION,
CHEMBL5095399,EFO_0000685,INDICATION,
CHEMBL5095399,EFO_0000729,INDICATION,
CHEMBL5095399,EFO_0001421,INDICATION,
CHEMBL5095399,EFO_0003898,INDICATION,
CHEMBL5095399,EFO_0004192,INDICATION,
CHEMBL5095399,EFO_0004208,INDICATION,
CHEMBL5095399,EFO_0005809,INDICATION,
CHEMBL5095399,MONDO_0013730,INDICATION,
CHEMBL5095399,MONDO_0020547,INDICATION,
CHEMBL5095399,MP_0001845,INDICATION,
CHEMBL5095400,MONDO_0010679,INDICATION,
CHEMBL5095400,Orphanet_206966,INDICATION,
CHEMBL5095401,MONDO_0002462,INDICATION,
CHEMBL5095401,MONDO_0100244,INDICATION,
CHEMBL5095402,EFO_0000616,INDICATION,
CHEMBL5095403,EFO_0005932,INDICATION,
CHEMBL5095404,EFO_0000694,INDICATION,
CHEMBL5095404,EFO_0001421,INDICATION,
CHEMBL5095404,EFO_0003086,INDICATION,
CHEMBL5095404,EFO_0004220,INDICATION,
CHEMBL5095404,MONDO_0100096,INDICATION,
CHEMBL5095405,EFO_0000616,INDICATION,
CHEMBL5095406,EFO_0008525,INDICATION,
CHEMBL5095406,MONDO_0007739,INDICATION,
CHEMBL5095407,EFO_0000616,INDICATION,
CHEMBL5095408,EFO_0000616,INDICATION,
CHEMBL5095409,EFO_0004698,INDICATION,
CHEMBL5095412,EFO_0005772,INDICATION,
CHEMBL5095412,MONDO_0004975,INDICATION,
CHEMBL5095412,MONDO_0005180,INDICATION,
CHEMBL5095414,EFO_0000616,INDICATION,
CHEMBL5095415,EFO_0000618,INDICATION,
CHEMBL5095416,EFO_0000685,INDICATION,
CHEMBL5095416,EFO_0003767,INDICATION,
CHEMBL5095416,EFO_0005809,INDICATION,
CHEMBL5095416,MONDO_0005301,INDICATION,
CHEMBL5095417,EFO_0003843,INDICATION,
CHEMBL5095417,MONDO_0005178,INDICATION,
CHEMBL5095418,EFO_0003843,INDICATION,
CHEMBL5095419,EFO_0006792,INDICATION,
CHEMBL5095419,MONDO_0004975,INDICATION,
CHEMBL5095419,MONDO_0005180,INDICATION,
CHEMBL5095420,MONDO_0010200,INDICATION,
CHEMBL5095421,EFO_0000616,INDICATION,
CHEMBL5095421,MONDO_0002334,INDICATION,
CHEMBL5095422,EFO_0000616,INDICATION,
CHEMBL5095422,EFO_0003860,INDICATION,
CHEMBL5095423,MONDO_0005180,INDICATION,
CHEMBL5095423,MP_0001845,INDICATION,
CHEMBL5095424,EFO_0000616,INDICATION,
CHEMBL5095425,EFO_0000616,INDICATION,
CHEMBL5095426,EFO_0000616,INDICATION,
CHEMBL5095426,EFO_1000158,INDICATION,
CHEMBL5095429,EFO_0000616,INDICATION,
CHEMBL5095430,EFO_0003095,INDICATION,
CHEMBL5095431,EFO_0003095,INDICATION,
CHEMBL5095432,EFO_0000616,INDICATION,
CHEMBL5095433,MONDO_0008752,INDICATION,
CHEMBL5095434,MONDO_0008752,INDICATION,
CHEMBL5095435,EFO_0001421,INDICATION,
CHEMBL5095435,Orphanet_60,INDICATION,
CHEMBL5095436,Orphanet_60,INDICATION,
CHEMBL5095437,EFO_1001459,INDICATION,
CHEMBL5095438,MONDO_0010006,INDICATION,
CHEMBL5095438,MONDO_0010100,INDICATION,
CHEMBL5095439,EFO_0000616,INDICATION,
CHEMBL5095439,EFO_0000756,INDICATION,
CHEMBL5095439,EFO_0003060,INDICATION,
CHEMBL5095439,EFO_0006859,INDICATION,
CHEMBL5095439,EFO_0009708,INDICATION,
CHEMBL5095439,MONDO_0001187,INDICATION,
CHEMBL5095440,EFO_0000220,INDICATION,
CHEMBL5095440,EFO_0000616,INDICATION,
CHEMBL5095441,EFO_1001459,INDICATION,
CHEMBL5095442,EFO_0004197,INDICATION,
CHEMBL5095443,EFO_0001365,INDICATION,
CHEMBL5095443,EFO_0004683,INDICATION,
CHEMBL5095444,MONDO_0002412,INDICATION,
CHEMBL5095444,Orphanet_364,INDICATION,
CHEMBL5095445,EFO_0004599,INDICATION,
CHEMBL5095446,MONDO_0009861,INDICATION,
CHEMBL5095447,EFO_0000616,INDICATION,
CHEMBL5095448,EFO_0000729,INDICATION,
CHEMBL5095449,EFO_0000616,INDICATION,
CHEMBL5095449,EFO_0001378,INDICATION,
CHEMBL5095450,Orphanet_848,INDICATION,
CHEMBL5095451,MONDO_0010604,INDICATION,
CHEMBL5095452,EFO_0000616,INDICATION,
CHEMBL5095453,EFO_0000616,INDICATION,
CHEMBL5095453,EFO_0002617,INDICATION,
CHEMBL5095454,EFO_0000616,INDICATION,
CHEMBL5095454,MONDO_0001187,INDICATION,
CHEMBL5095454,MONDO_0004986,INDICATION,
CHEMBL5095455,EFO_0004197,INDICATION,
CHEMBL5095456,EFO_0000537,INDICATION,
CHEMBL5095457,EFO_0000537,INDICATION,
CHEMBL5095458,EFO_0000274,INDICATION,
CHEMBL5095458,EFO_0000676,INDICATION,
CHEMBL5095458,EFO_0000729,INDICATION,
CHEMBL5095458,EFO_0005809,INDICATION,
CHEMBL5095458,MONDO_0007915,INDICATION,
CHEMBL5095459,EFO_0001645,INDICATION,
CHEMBL5095459,EFO_1000985,INDICATION,
CHEMBL5095460,EFO_0000616,INDICATION,
CHEMBL5095461,MONDO_0010006,INDICATION,
CHEMBL5095461,MONDO_0010100,INDICATION,
CHEMBL5095462,EFO_0000537,INDICATION,
CHEMBL5095463,MONDO_0004976,INDICATION,
CHEMBL5095464,EFO_0002618,INDICATION,
CHEMBL5095464,MP_0001845,INDICATION,
CHEMBL5095465,EFO_0000616,INDICATION,
CHEMBL5095466,EFO_0000616,INDICATION,
CHEMBL5095467,Orphanet_365,INDICATION,
CHEMBL5095468,EFO_1001919,INDICATION,
CHEMBL5095469,MONDO_0007113,INDICATION,
CHEMBL5095470,MONDO_0007113,INDICATION,
CHEMBL5095471,MONDO_0010526,INDICATION,
CHEMBL5095472,MONDO_0018896,INDICATION,
CHEMBL5095473,EFO_0000616,INDICATION,
CHEMBL5095474,MONDO_0011382,INDICATION,
CHEMBL5095474,Orphanet_848,INDICATION,
CHEMBL5095475,EFO_0009451,INDICATION,
CHEMBL5095476,EFO_0000537,INDICATION,
CHEMBL5095477,EFO_0000616,INDICATION,
CHEMBL5095477,EFO_0003859,INDICATION,
CHEMBL5095477,EFO_0005950,INDICATION,
CHEMBL5095477,MONDO_0002974,INDICATION,
CHEMBL5095478,EFO_0003884,INDICATION,
CHEMBL5095478,EFO_0010690,INDICATION,
CHEMBL5095479,EFO_0000616,INDICATION,
CHEMBL5095479,EFO_0003863,INDICATION,
CHEMBL5095479,EFO_0005950,INDICATION,
CHEMBL5095479,EFO_1000804,INDICATION,
CHEMBL5095479,EFO_1001094,INDICATION,
CHEMBL5095479,MONDO_0001402,INDICATION,
CHEMBL5095479,MONDO_0001528,INDICATION,
CHEMBL5095480,EFO_0000616,INDICATION,
CHEMBL5095480,EFO_0003060,INDICATION,
CHEMBL5095481,EFO_0000294,INDICATION,
CHEMBL5095481,EFO_0000616,INDICATION,
CHEMBL5095481,MONDO_0001187,INDICATION,
CHEMBL5095482,EFO_0003840,INDICATION,
CHEMBL5095482,MONDO_0004975,INDICATION,
CHEMBL5095482,MONDO_0004976,INDICATION,
CHEMBL5095482,MONDO_0005301,INDICATION,
CHEMBL5095483,EFO_0000616,INDICATION,
CHEMBL5095484,MONDO_0004975,INDICATION,
CHEMBL5095485,EFO_0000400,INDICATION,
CHEMBL5095485,EFO_0001073,INDICATION,
CHEMBL5095485,MONDO_0005148,INDICATION,
CHEMBL5095486,EFO_0000694,INDICATION,
CHEMBL5095486,EFO_0003106,INDICATION,
CHEMBL5095486,EFO_1000637,INDICATION,
CHEMBL5095486,MONDO_0100096,INDICATION,
CHEMBL5095487,EFO_0000616,INDICATION,
CHEMBL5095489,EFO_0000616,INDICATION,
CHEMBL5095490,EFO_1000811,INDICATION,
CHEMBL5095490,EFO_1000906,INDICATION,
CHEMBL5095490,EFO_1001231,INDICATION,
CHEMBL5095491,EFO_0000616,INDICATION,
CHEMBL5095492,EFO_0000616,INDICATION,
CHEMBL5095492,MONDO_0004992,INDICATION,
CHEMBL5095497,EFO_0000616,INDICATION,
CHEMBL5095497,MONDO_0004992,INDICATION,
CHEMBL5095506,MONDO_0019623,INDICATION,
CHEMBL5095509,EFO_0000555,INDICATION,
CHEMBL51,EFO_0000537,INDICATION,
CHEMBL51,EFO_1001459,INDICATION,
CHEMBL510095,EFO_0000400,INDICATION,
CHEMBL51085,EFO_0004238,INDICATION,
CHEMBL51085,EFO_0006862,INDICATION,
CHEMBL51085,EFO_0006951,INDICATION,
CHEMBL51085,MONDO_0002050,INDICATION,
CHEMBL51085,MONDO_0004985,INDICATION,
CHEMBL51085,MONDO_0005147,INDICATION,
CHEMBL51085,MONDO_0005148,INDICATION,
CHEMBL51085,MONDO_0100096,INDICATION,
CHEMBL511,EFO_0000319,CONTRAINDICATION,
CHEMBL511,EFO_0000341,CONTRAINDICATION,
CHEMBL511,EFO_0000400,CONTRAINDICATION,
CHEMBL511,EFO_0000464,CONTRAINDICATION,
CHEMBL511,EFO_0000474,CONTRAINDICATION,
CHEMBL511,EFO_0000537,CONTRAINDICATION,
CHEMBL511,EFO_0000612,CONTRAINDICATION,
CHEMBL511,EFO_0000729,CONTRAINDICATION,
CHEMBL511,EFO_0001074,CONTRAINDICATION,
CHEMBL511,EFO_0001645,CONTRAINDICATION,
CHEMBL511,EFO_0003086,CONTRAINDICATION,
CHEMBL511,EFO_0003767,CONTRAINDICATION,
CHEMBL511,EFO_0003832,CONTRAINDICATION,
CHEMBL511,EFO_0003833,CONTRAINDICATION,
CHEMBL511,EFO_0003890,CONTRAINDICATION,
CHEMBL511,EFO_0003928,CONTRAINDICATION,
CHEMBL511,EFO_0003956,INDICATION,
CHEMBL511,EFO_0004242,CONTRAINDICATION,
CHEMBL511,EFO_0004262,CONTRAINDICATION,
CHEMBL511,EFO_0004705,CONTRAINDICATION,
CHEMBL511,EFO_0005251,CONTRAINDICATION,
CHEMBL511,EFO_0005306,CONTRAINDICATION,
CHEMBL511,EFO_0005531,INDICATION,
CHEMBL511,EFO_0005854,INDICATION,
CHEMBL511,EFO_0007141,INDICATION,
CHEMBL511,EFO_0007214,INDICATION,
CHEMBL511,EFO_0007533,INDICATION,
CHEMBL511,EFO_0009086,CONTRAINDICATION,
CHEMBL511,EFO_0009189,CONTRAINDICATION,
CHEMBL511,EFO_1000014,CONTRAINDICATION,
CHEMBL511,EFO_1000652,CONTRAINDICATION,
CHEMBL511,EFO_1000800,CONTRAINDICATION,
CHEMBL511,EFO_1000902,CONTRAINDICATION,
CHEMBL511,EFO_1001069,CONTRAINDICATION,
CHEMBL511,EFO_1001132,CONTRAINDICATION,
CHEMBL511,EFO_1001375,CONTRAINDICATION,
CHEMBL511,EFO_1001872,CONTRAINDICATION,
CHEMBL511,MONDO_0000440,CONTRAINDICATION,
CHEMBL511,MONDO_0001343,CONTRAINDICATION,
CHEMBL511,MONDO_0001744,CONTRAINDICATION,
CHEMBL511,MONDO_0002203,CONTRAINDICATION,
CHEMBL511,MONDO_0002277,CONTRAINDICATION,
CHEMBL511,MONDO_0002491,CONTRAINDICATION,
CHEMBL511,MONDO_0004247,CONTRAINDICATION,
CHEMBL511,MONDO_0004596,CONTRAINDICATION,
CHEMBL511,MONDO_0005271,INDICATION,
CHEMBL511,MONDO_0007079,CONTRAINDICATION,
CHEMBL511,MONDO_0015129,CONTRAINDICATION,
CHEMBL511,MONDO_0021661,CONTRAINDICATION,
CHEMBL511,MONDO_0100192,CONTRAINDICATION,
CHEMBL511099,EFO_1000783,INDICATION,
CHEMBL511115,EFO_0000341,INDICATION,
CHEMBL511142,EFO_0000181,INDICATION,
CHEMBL511142,EFO_0000764,INDICATION,
CHEMBL511142,EFO_0001358,INDICATION,
CHEMBL511142,EFO_0002610,INDICATION,
CHEMBL511142,EFO_0003047,INDICATION,
CHEMBL511142,EFO_0003843,INDICATION,
CHEMBL511142,EFO_0003890,INDICATION,
CHEMBL511142,EFO_0004240,INDICATION,
CHEMBL511142,EFO_0004701,INDICATION,
CHEMBL511142,EFO_0005611,INDICATION,
CHEMBL511142,EFO_0005612,INDICATION,
CHEMBL511142,EFO_0005762,INDICATION,
CHEMBL511142,EFO_0005799,INDICATION,
CHEMBL511142,EFO_0005800,INDICATION,
CHEMBL511142,EFO_0010072,INDICATION,
CHEMBL511142,EFO_0010702,INDICATION,
CHEMBL511142,EFO_0020911,INDICATION,
CHEMBL511142,EFO_1001250,INDICATION,
CHEMBL511142,MONDO_0002009,INDICATION,
CHEMBL511142,MONDO_0002050,INDICATION,
CHEMBL511142,MONDO_0002491,INDICATION,
CHEMBL511142,MONDO_0005090,INDICATION,
CHEMBL511142,MONDO_0005178,INDICATION,
CHEMBL511142,MONDO_0011382,INDICATION,
CHEMBL51149,EFO_0000319,INDICATION,
CHEMBL51149,MONDO_0004979,INDICATION,
CHEMBL512306,EFO_0002615,INDICATION,
CHEMBL512351,EFO_0000275,INDICATION,
CHEMBL512351,EFO_0001421,INDICATION,
CHEMBL512351,EFO_0003086,INDICATION,
CHEMBL512351,EFO_0003911,INDICATION,
CHEMBL512351,EFO_0004286,INDICATION,
CHEMBL512351,MP_0001914,INDICATION,
CHEMBL513,EFO_0000095,INDICATION,
CHEMBL513,EFO_0000096,INDICATION,
CHEMBL513,EFO_0000183,INDICATION,
CHEMBL513,EFO_0000211,INDICATION,
CHEMBL513,EFO_0000216,INDICATION,
CHEMBL513,EFO_0000272,INDICATION,
CHEMBL513,EFO_0000305,INDICATION,
CHEMBL513,EFO_0000389,INDICATION,
CHEMBL513,EFO_0000403,INDICATION,
CHEMBL513,EFO_0000474,CONTRAINDICATION,
CHEMBL513,EFO_0000519,INDICATION,
CHEMBL513,EFO_0000565,INDICATION,
CHEMBL513,EFO_0000574,INDICATION,
CHEMBL513,EFO_0000616,INDICATION,
CHEMBL513,EFO_0000621,INDICATION,
CHEMBL513,EFO_0000691,INDICATION,
CHEMBL513,EFO_0000756,INDICATION,
CHEMBL513,EFO_0000771,CONTRAINDICATION,
CHEMBL513,EFO_0001378,INDICATION,
CHEMBL513,EFO_0002499,OFF_LABEL_USE,
CHEMBL513,EFO_0002501,INDICATION,
CHEMBL513,EFO_0002913,INDICATION,
CHEMBL513,EFO_0002939,INDICATION,
CHEMBL513,EFO_0003086,CONTRAINDICATION,
CHEMBL513,EFO_0003818,CONTRAINDICATION,
CHEMBL513,EFO_0003833,INDICATION,
CHEMBL513,EFO_0003929,INDICATION,
CHEMBL513,EFO_0004256,INDICATION,
CHEMBL513,EFO_0004599,INDICATION,
CHEMBL513,EFO_0004991,INDICATION,
CHEMBL513,EFO_0005543,INDICATION,
CHEMBL513,EFO_0005741,CONTRAINDICATION,
CHEMBL513,EFO_0005952,INDICATION,
CHEMBL513,EFO_0006475,INDICATION,
CHEMBL513,EFO_0006545,INDICATION,
CHEMBL513,EFO_0007498,INDICATION,
CHEMBL513,EFO_0009448,CONTRAINDICATION,
CHEMBL513,EFO_0009538,INDICATION,
CHEMBL513,EFO_1000028,INDICATION,
CHEMBL513,EFO_1000068,CONTRAINDICATION,
CHEMBL513,EFO_1000158,INDICATION,
CHEMBL513,EFO_1000785,INDICATION,
CHEMBL513,EFO_1000845,CONTRAINDICATION,
CHEMBL513,EFO_1001051,OFF_LABEL_USE,
CHEMBL513,EFO_1001383,INDICATION,
CHEMBL513,EFO_1001465,INDICATION,
CHEMBL513,EFO_1001469,INDICATION,
CHEMBL513,EFO_1001951,INDICATION,
CHEMBL513,MONDO_0001657,INDICATION,
CHEMBL513,MONDO_0001896,CONTRAINDICATION,
CHEMBL513,MONDO_0002041,CONTRAINDICATION,
CHEMBL513,MONDO_0002280,CONTRAINDICATION,
CHEMBL513,MONDO_0003268,INDICATION,
CHEMBL513,MONDO_0005184,INDICATION,
CHEMBL513,MONDO_0007254,INDICATION,
CHEMBL513,MONDO_0008170,INDICATION,
CHEMBL513,MONDO_0008315,INDICATION,
CHEMBL513,MONDO_0009348,INDICATION,
CHEMBL513,MONDO_0018906,INDICATION,
CHEMBL513,MONDO_0021108,CONTRAINDICATION,
CHEMBL513,MONDO_0100342,INDICATION,
CHEMBL513,Orphanet_145,INDICATION,
CHEMBL513301,EFO_0000537,INDICATION,
CHEMBL513521,EFO_0005411,INDICATION,
CHEMBL513521,MONDO_0005090,INDICATION,
CHEMBL513909,EFO_0000222,INDICATION,
CHEMBL513909,EFO_0000574,INDICATION,
CHEMBL513909,EFO_0000616,INDICATION,
CHEMBL513909,EFO_0000673,INDICATION,
CHEMBL513909,EFO_0000702,INDICATION,
CHEMBL513909,EFO_0003060,INDICATION,
CHEMBL513909,EFO_0003860,INDICATION,
CHEMBL513922,EFO_0005230,INDICATION,
CHEMBL514,EFO_0000183,INDICATION,
CHEMBL514,EFO_0000222,INDICATION,
CHEMBL514,EFO_0000389,INDICATION,
CHEMBL514,EFO_0000519,INDICATION,
CHEMBL514,EFO_0000574,INDICATION,
CHEMBL514,EFO_0000616,INDICATION,
CHEMBL514,EFO_0000691,INDICATION,
CHEMBL514,EFO_0000756,INDICATION,
CHEMBL514,EFO_0000771,CONTRAINDICATION,
CHEMBL514,EFO_0001378,INDICATION,
CHEMBL514,EFO_0002499,INDICATION,
CHEMBL514,EFO_0002939,INDICATION,
CHEMBL514,EFO_0003086,CONTRAINDICATION,
CHEMBL514,EFO_0003828,INDICATION,
CHEMBL514,EFO_0003833,INDICATION,
CHEMBL514,EFO_0003869,INDICATION,
CHEMBL514,EFO_0005543,INDICATION,
CHEMBL514,EFO_0009448,CONTRAINDICATION,
CHEMBL514,EFO_0009708,INDICATION,
CHEMBL514,EFO_1000158,INDICATION,
CHEMBL514,EFO_1000350,INDICATION,
CHEMBL514,EFO_1000905,CONTRAINDICATION,
CHEMBL514,EFO_1001365,INDICATION,
CHEMBL514,EFO_1001465,INDICATION,
CHEMBL514,MONDO_0001657,INDICATION,
CHEMBL514,MONDO_0002041,CONTRAINDICATION,
CHEMBL514,MONDO_0002367,INDICATION,
CHEMBL514,MONDO_0008903,INDICATION,
CHEMBL514,MONDO_0009348,INDICATION,
CHEMBL514,MONDO_0021117,INDICATION,
CHEMBL514,MONDO_0100342,INDICATION,
CHEMBL514201,EFO_0000685,INDICATION,
CHEMBL514201,EFO_0001378,INDICATION,
CHEMBL514215,EFO_0007191,INDICATION,
CHEMBL514270,EFO_0000555,INDICATION,
CHEMBL514270,EFO_1001917,INDICATION,
CHEMBL514446,EFO_0007149,CONTRAINDICATION,
CHEMBL514446,MONDO_0002203,INDICATION,
CHEMBL514800,EFO_0000274,INDICATION,
CHEMBL514800,EFO_0000398,INDICATION,
CHEMBL514800,EFO_0000540,INDICATION,
CHEMBL514800,EFO_0000676,INDICATION,
CHEMBL514800,EFO_0000685,INDICATION,
CHEMBL514800,EFO_0000729,INDICATION,
CHEMBL514800,EFO_0003106,INDICATION,
CHEMBL514800,EFO_0003778,INDICATION,
CHEMBL514800,EFO_0003780,INDICATION,
CHEMBL514800,EFO_0003830,INDICATION,
CHEMBL514800,EFO_0003894,INDICATION,
CHEMBL514800,EFO_0003898,INDICATION,
CHEMBL514800,EFO_0004208,INDICATION,
CHEMBL514800,EFO_0004274,INDICATION,
CHEMBL514800,EFO_0007328,INDICATION,
CHEMBL514800,EFO_0008517,INDICATION,
CHEMBL514800,EFO_1000668,INDICATION,
CHEMBL514800,EFO_1000694,INDICATION,
CHEMBL514800,EFO_1000710,INDICATION,
CHEMBL514800,EFO_1000726,INDICATION,
CHEMBL514800,EFO_1000760,INDICATION,
CHEMBL514800,EFO_1001231,INDICATION,
CHEMBL514800,MONDO_0002406,INDICATION,
CHEMBL514800,MONDO_0007079,INDICATION,
CHEMBL514800,MONDO_0015597,INDICATION,
CHEMBL514800,MONDO_0019558,INDICATION,
CHEMBL514800,MONDO_0100096,INDICATION,
CHEMBL51483,EFO_0003060,INDICATION,
CHEMBL515,EFO_0000095,INDICATION,
CHEMBL515,EFO_0000183,INDICATION,
CHEMBL515,EFO_0000191,INDICATION,
CHEMBL515,EFO_0000220,INDICATION,
CHEMBL515,EFO_0000474,CONTRAINDICATION,
CHEMBL515,EFO_0000565,INDICATION,
CHEMBL515,EFO_0000574,INDICATION,
CHEMBL515,EFO_0000616,INDICATION,
CHEMBL515,EFO_0004236,INDICATION,
CHEMBL515,EFO_0004254,INDICATION,
CHEMBL515,EFO_0004255,CONTRAINDICATION,
CHEMBL515,EFO_0009441,OFF_LABEL_USE,
CHEMBL515,EFO_0009448,CONTRAINDICATION,
CHEMBL515,EFO_1000068,CONTRAINDICATION,
CHEMBL515,EFO_1000905,CONTRAINDICATION,
CHEMBL515,EFO_1001051,OFF_LABEL_USE,
CHEMBL515,EFO_1001469,INDICATION,
CHEMBL515,MONDO_0001056,INDICATION,
CHEMBL515,MONDO_0002280,CONTRAINDICATION,
CHEMBL515,MONDO_0003783,CONTRAINDICATION,
CHEMBL515,MONDO_0005184,INDICATION,
CHEMBL515,MONDO_0009348,INDICATION,
CHEMBL515,MONDO_0015758,OFF_LABEL_USE,
CHEMBL515,MONDO_0018906,INDICATION,
CHEMBL515387,EFO_0003884,INDICATION,
CHEMBL515387,MONDO_0005148,INDICATION,
CHEMBL515408,EFO_0000763,INDICATION,
CHEMBL515408,EFO_0001062,INDICATION,
CHEMBL515564,EFO_0003086,INDICATION,
CHEMBL515564,EFO_0005741,INDICATION,
CHEMBL515606,EFO_0000319,INDICATION,
CHEMBL515606,EFO_0000537,INDICATION,
CHEMBL516,EFO_0000537,CONTRAINDICATION,
CHEMBL516,EFO_0000712,INDICATION,
CHEMBL516,EFO_0003956,INDICATION,
CHEMBL516,EFO_0005531,INDICATION,
CHEMBL516,EFO_0005854,INDICATION,
CHEMBL516,EFO_0007141,INDICATION,
CHEMBL516,EFO_0009189,CONTRAINDICATION,
CHEMBL516,EFO_1001069,CONTRAINDICATION,
CHEMBL516,EFO_1001842,OFF_LABEL_USE,
CHEMBL516,MONDO_0001744,CONTRAINDICATION,
CHEMBL516,MONDO_0004247,CONTRAINDICATION,
CHEMBL516,MONDO_0004992,INDICATION,
CHEMBL516,MONDO_0005271,INDICATION,
CHEMBL516,MONDO_0007079,INDICATION,
CHEMBL516,MONDO_0100096,INDICATION,
CHEMBL517,EFO_0000275,CONTRAINDICATION,
CHEMBL517,EFO_0000318,CONTRAINDICATION,
CHEMBL517,EFO_0003086,CONTRAINDICATION,
CHEMBL517,EFO_0003144,INDICATION,
CHEMBL517,EFO_0003911,CONTRAINDICATION,
CHEMBL517,EFO_0004269,INDICATION,
CHEMBL517,EFO_0004991,CONTRAINDICATION,
CHEMBL517,EFO_0005251,CONTRAINDICATION,
CHEMBL517,EFO_0009609,CONTRAINDICATION,
CHEMBL517,MONDO_0000468,CONTRAINDICATION,
CHEMBL517,MONDO_0001744,CONTRAINDICATION,
CHEMBL517,MONDO_0019171,CONTRAINDICATION,
CHEMBL5170587,EFO_0003964,INDICATION,
CHEMBL517140,MONDO_0021107,INDICATION,
CHEMBL517199,EFO_0000319,INDICATION,
CHEMBL517199,EFO_0000537,INDICATION,
CHEMBL517231,EFO_0000180,INDICATION,
CHEMBL517231,EFO_0000764,INDICATION,
CHEMBL517427,EFO_0000319,INDICATION,
CHEMBL517427,MONDO_0004975,INDICATION,
CHEMBL517712,EFO_0002614,INDICATION,
CHEMBL517712,EFO_0003843,INDICATION,
CHEMBL517712,EFO_0003956,INDICATION,
CHEMBL517712,EFO_0004207,INDICATION,
CHEMBL517712,EFO_0004209,INDICATION,
CHEMBL517712,EFO_0005252,INDICATION,
CHEMBL517712,EFO_0005323,INDICATION,
CHEMBL517712,EFO_0005854,INDICATION,
CHEMBL517712,EFO_0008546,INDICATION,
CHEMBL517712,EFO_0009314,INDICATION,
CHEMBL517712,EFO_0009492,INDICATION,
CHEMBL517712,EFO_0010282,INDICATION,
CHEMBL517712,EFO_0010581,INDICATION,
CHEMBL517712,EFO_1000645,INDICATION,
CHEMBL517712,EFO_1001109,INDICATION,
CHEMBL517712,EFO_1001121,INDICATION,
CHEMBL517712,EFO_1001865,INDICATION,
CHEMBL517712,MONDO_0001020,INDICATION,
CHEMBL517712,MONDO_0004976,INDICATION,
CHEMBL517712,MONDO_0005180,INDICATION,
CHEMBL517712,MONDO_0007254,INDICATION,
CHEMBL517712,MP_0001914,INDICATION,
CHEMBL5183847,EFO_0001421,INDICATION,
CHEMBL5183847,EFO_0003086,INDICATION,
CHEMBL5183847,MONDO_0100096,INDICATION,
CHEMBL518520,EFO_0000180,INDICATION,
CHEMBL518520,EFO_0000764,INDICATION,
CHEMBL518520,MONDO_0021094,INDICATION,
CHEMBL5185221,MONDO_0100096,INDICATION,
CHEMBL518924,EFO_0000349,INDICATION,
CHEMBL518924,EFO_0000616,INDICATION,
CHEMBL518924,EFO_0000756,INDICATION,
CHEMBL518924,EFO_0000764,INDICATION,
CHEMBL518924,EFO_0009441,INDICATION,
CHEMBL518924,MONDO_0001475,INDICATION,
CHEMBL518924,MONDO_0007254,INDICATION,
CHEMBL519260,EFO_0003894,INDICATION,
CHEMBL519364,EFO_0000684,INDICATION,
CHEMBL519504,MONDO_0005148,INDICATION,
CHEMBL519846,MONDO_0100096,INDICATION,
CHEMBL5199076,EFO_0000616,INDICATION,
CHEMBL5199076,MONDO_0004992,INDICATION,
CHEMBL5199076,MONDO_0007254,INDICATION,
CHEMBL5201510,EFO_0000764,INDICATION,
CHEMBL5201870,EFO_0000616,INDICATION,
CHEMBL520400,EFO_0005531,INDICATION,
CHEMBL520400,MONDO_0005271,INDICATION,
CHEMBL520613,EFO_0001068,INDICATION,
CHEMBL520642,EFO_0003106,INDICATION,
CHEMBL520733,MONDO_0004975,INDICATION,
CHEMBL521,EFO_0000319,INDICATION,
CHEMBL521,EFO_0000341,CONTRAINDICATION,
CHEMBL521,EFO_0000400,CONTRAINDICATION,
CHEMBL521,EFO_0000464,CONTRAINDICATION,
CHEMBL521,EFO_0000474,CONTRAINDICATION,
CHEMBL521,EFO_0000537,CONTRAINDICATION,
CHEMBL521,EFO_0000544,INDICATION,
CHEMBL521,EFO_0000546,INDICATION,
CHEMBL521,EFO_0000612,CONTRAINDICATION,
CHEMBL521,EFO_0000649,INDICATION,
CHEMBL521,EFO_0000668,INDICATION,
CHEMBL521,EFO_0000685,INDICATION,
CHEMBL521,EFO_0000706,INDICATION,
CHEMBL521,EFO_0000712,CONTRAINDICATION,
CHEMBL521,EFO_0000729,CONTRAINDICATION,
CHEMBL521,EFO_0000764,INDICATION,
CHEMBL521,EFO_0001068,INDICATION,
CHEMBL521,EFO_0001074,CONTRAINDICATION,
CHEMBL521,EFO_0002609,INDICATION,
CHEMBL521,EFO_0002970,INDICATION,
CHEMBL521,EFO_0003086,CONTRAINDICATION,
CHEMBL521,EFO_0003767,CONTRAINDICATION,
CHEMBL521,EFO_0003832,CONTRAINDICATION,
CHEMBL521,EFO_0003833,CONTRAINDICATION,
CHEMBL521,EFO_0003843,INDICATION,
CHEMBL521,EFO_0003869,INDICATION,
CHEMBL521,EFO_0003890,CONTRAINDICATION,
CHEMBL521,EFO_0003917,INDICATION,
CHEMBL521,EFO_0003918,INDICATION,
CHEMBL521,EFO_0003928,CONTRAINDICATION,
CHEMBL521,EFO_0003931,INDICATION,
CHEMBL521,EFO_0003938,INDICATION,
CHEMBL521,EFO_0003944,INDICATION,
CHEMBL521,EFO_0003958,INDICATION,
CHEMBL521,EFO_0004209,INDICATION,
CHEMBL521,EFO_0004242,CONTRAINDICATION,
CHEMBL521,EFO_0004262,CONTRAINDICATION,
CHEMBL521,EFO_0004263,INDICATION,
CHEMBL521,EFO_0004616,INDICATION,
CHEMBL521,EFO_0004705,CONTRAINDICATION,
CHEMBL521,EFO_0005251,CONTRAINDICATION,
CHEMBL521,EFO_0005252,INDICATION,
CHEMBL521,EFO_0005279,INDICATION,
CHEMBL521,EFO_0005755,INDICATION,
CHEMBL521,EFO_0005757,INDICATION,
CHEMBL521,EFO_0005854,INDICATION,
CHEMBL521,EFO_0005856,INDICATION,
CHEMBL521,EFO_0006803,INDICATION,
CHEMBL521,EFO_0006834,INDICATION,
CHEMBL521,EFO_0007214,INDICATION,
CHEMBL521,EFO_0007328,INDICATION,
CHEMBL521,EFO_0007486,INDICATION,
CHEMBL521,EFO_0009189,CONTRAINDICATION,
CHEMBL521,EFO_0009314,CONTRAINDICATION,
CHEMBL521,EFO_0009516,INDICATION,
CHEMBL521,EFO_0009550,INDICATION,
CHEMBL521,EFO_0009582,INDICATION,
CHEMBL521,EFO_0009610,INDICATION,
CHEMBL521,EFO_0009615,INDICATION,
CHEMBL521,EFO_0009846,INDICATION,
CHEMBL521,EFO_0010072,INDICATION,
CHEMBL521,EFO_1000632,INDICATION,
CHEMBL521,EFO_1000637,INDICATION,
CHEMBL521,EFO_1000652,INDICATION,
CHEMBL521,EFO_1000782,INDICATION,
CHEMBL521,EFO_1000800,CONTRAINDICATION,
CHEMBL521,EFO_1000826,CONTRAINDICATION,
CHEMBL521,EFO_1000843,INDICATION,
CHEMBL521,EFO_1000854,INDICATION,
CHEMBL521,EFO_1000902,CONTRAINDICATION,
CHEMBL521,EFO_1001069,CONTRAINDICATION,
CHEMBL521,EFO_1001132,CONTRAINDICATION,
CHEMBL521,EFO_1001139,INDICATION,
CHEMBL521,EFO_1001158,INDICATION,
CHEMBL521,EFO_1001216,INDICATION,
CHEMBL521,EFO_1001375,CONTRAINDICATION,
CHEMBL521,EFO_1001872,CONTRAINDICATION,
CHEMBL521,MONDO_0001343,CONTRAINDICATION,
CHEMBL521,MONDO_0001744,CONTRAINDICATION,
CHEMBL521,MONDO_0002009,INDICATION,
CHEMBL521,MONDO_0002203,CONTRAINDICATION,
CHEMBL521,MONDO_0002258,INDICATION,
CHEMBL521,MONDO_0002280,CONTRAINDICATION,
CHEMBL521,MONDO_0002367,INDICATION,
CHEMBL521,MONDO_0002491,CONTRAINDICATION,
CHEMBL521,MONDO_0004247,CONTRAINDICATION,
CHEMBL521,MONDO_0004596,CONTRAINDICATION,
CHEMBL521,MONDO_0004975,INDICATION,
CHEMBL521,MONDO_0005147,INDICATION,
CHEMBL521,MONDO_0005178,INDICATION,
CHEMBL521,MONDO_0005277,INDICATION,
CHEMBL521,MONDO_0005301,INDICATION,
CHEMBL521,MONDO_0007079,CONTRAINDICATION,
CHEMBL521,MONDO_0007254,INDICATION,
CHEMBL521,MONDO_0007915,CONTRAINDICATION,
CHEMBL521,MONDO_0009291,INDICATION,
CHEMBL521,MONDO_0010679,INDICATION,
CHEMBL521,MONDO_0010788,CONTRAINDICATION,
CHEMBL521,MONDO_0015129,CONTRAINDICATION,
CHEMBL521,MONDO_0018076,INDICATION,
CHEMBL521,MONDO_0018305,INDICATION,
CHEMBL521,MONDO_0019091,INDICATION,
CHEMBL521,MONDO_0021661,CONTRAINDICATION,
CHEMBL521,MONDO_0024290,INDICATION,
CHEMBL521,MONDO_0100192,CONTRAINDICATION,
CHEMBL521,MONDO_0100342,INDICATION,
CHEMBL521,MP_0001914,INDICATION,
CHEMBL521078,EFO_0000313,INDICATION,
CHEMBL521078,EFO_0004284,INDICATION,
CHEMBL521078,EFO_0006859,INDICATION,
CHEMBL52125,EFO_0005407,INDICATION,
CHEMBL521589,EFO_0001361,INDICATION,
CHEMBL521606,EFO_0000319,INDICATION,
CHEMBL521606,EFO_0000537,INDICATION,
CHEMBL521606,EFO_0000612,INDICATION,
CHEMBL521606,EFO_0000712,INDICATION,
CHEMBL521606,EFO_0003913,INDICATION,
CHEMBL521606,EFO_0004319,INDICATION,
CHEMBL521606,EFO_1000635,INDICATION,
CHEMBL521606,MONDO_0004979,INDICATION,
CHEMBL521686,EFO_0000095,INDICATION,
CHEMBL521686,EFO_0000174,INDICATION,
CHEMBL521686,EFO_0000181,INDICATION,
CHEMBL521686,EFO_0000196,INDICATION,
CHEMBL521686,EFO_0000216,INDICATION,
CHEMBL521686,EFO_0000294,INDICATION,
CHEMBL521686,EFO_0000305,INDICATION,
CHEMBL521686,EFO_0000313,INDICATION,
CHEMBL521686,EFO_0000389,INDICATION,
CHEMBL521686,EFO_0000503,INDICATION,
CHEMBL521686,EFO_0000514,INDICATION,
CHEMBL521686,EFO_0000519,INDICATION,
CHEMBL521686,EFO_0000574,INDICATION,
CHEMBL521686,EFO_0000588,INDICATION,
CHEMBL521686,EFO_0000616,INDICATION,
CHEMBL521686,EFO_0000637,INDICATION,
CHEMBL521686,EFO_0000673,INDICATION,
CHEMBL521686,EFO_0000681,INDICATION,
CHEMBL521686,EFO_0000691,INDICATION,
CHEMBL521686,EFO_0000702,INDICATION,
CHEMBL521686,EFO_0000707,INDICATION,
CHEMBL521686,EFO_0001061,INDICATION,
CHEMBL521686,EFO_0001075,INDICATION,
CHEMBL521686,EFO_0001361,INDICATION,
CHEMBL521686,EFO_0001663,INDICATION,
CHEMBL521686,EFO_0002617,INDICATION,
CHEMBL521686,EFO_0002618,INDICATION,
CHEMBL521686,EFO_0002918,INDICATION,
CHEMBL521686,EFO_0003060,INDICATION,
CHEMBL521686,EFO_0003825,INDICATION,
CHEMBL521686,EFO_0003860,INDICATION,
CHEMBL521686,EFO_0003869,INDICATION,
CHEMBL521686,EFO_0003893,INDICATION,
CHEMBL521686,EFO_0003968,INDICATION,
CHEMBL521686,EFO_0004230,INDICATION,
CHEMBL521686,EFO_0005221,INDICATION,
CHEMBL521686,EFO_0005537,INDICATION,
CHEMBL521686,EFO_0006859,INDICATION,
CHEMBL521686,EFO_0007532,INDICATION,
CHEMBL521686,EFO_0009708,INDICATION,
CHEMBL521686,EFO_1000158,INDICATION,
CHEMBL521686,EFO_1000251,INDICATION,
CHEMBL521686,EFO_1000984,INDICATION,
CHEMBL521686,EFO_1001100,INDICATION,
CHEMBL521686,EFO_1001512,INDICATION,
CHEMBL521686,EFO_1001901,INDICATION,
CHEMBL521686,EFO_1001951,INDICATION,
CHEMBL521686,EFO_1001968,INDICATION,
CHEMBL521686,MONDO_0001056,INDICATION,
CHEMBL521686,MONDO_0001187,INDICATION,
CHEMBL521686,MONDO_0002087,INDICATION,
CHEMBL521686,MONDO_0002158,INDICATION,
CHEMBL521686,MONDO_0002229,INDICATION,
CHEMBL521686,MONDO_0002715,INDICATION,
CHEMBL521686,MONDO_0002928,INDICATION,
CHEMBL521686,MONDO_0002974,INDICATION,
CHEMBL521686,MONDO_0003059,INDICATION,
CHEMBL521686,MONDO_0003060,INDICATION,
CHEMBL521686,MONDO_0004986,INDICATION,
CHEMBL521686,MONDO_0004992,INDICATION,
CHEMBL521686,MONDO_0005184,INDICATION,
CHEMBL521686,MONDO_0007254,INDICATION,
CHEMBL521686,MONDO_0008170,INDICATION,
CHEMBL521686,MONDO_0008315,INDICATION,
CHEMBL521686,MONDO_0008903,INDICATION,
CHEMBL521686,MONDO_0011962,INDICATION,
CHEMBL521686,MONDO_0018364,INDICATION,
CHEMBL521686,MONDO_0100342,INDICATION,
CHEMBL521686,Orphanet_145,INDICATION,
CHEMBL521851,EFO_0000616,INDICATION,
CHEMBL521851,EFO_0003060,INDICATION,
CHEMBL521851,EFO_0005952,INDICATION,
CHEMBL521851,MONDO_0004992,INDICATION,
CHEMBL521851,MONDO_0007254,INDICATION,
CHEMBL5219790,EFO_0000546,INDICATION,
CHEMBL522038,EFO_0000275,INDICATION,
CHEMBL522302,EFO_0001358,INDICATION,
CHEMBL522302,EFO_0008568,INDICATION,
CHEMBL522302,MONDO_0004985,INDICATION,
CHEMBL522892,EFO_0000182,INDICATION,
CHEMBL522892,EFO_0000222,INDICATION,
CHEMBL522892,EFO_0000231,INDICATION,
CHEMBL522892,EFO_0000349,INDICATION,
CHEMBL522892,EFO_0000519,INDICATION,
CHEMBL522892,EFO_0000616,INDICATION,
CHEMBL522892,EFO_0000681,INDICATION,
CHEMBL522892,EFO_0000756,INDICATION,
CHEMBL522892,EFO_0000770,INDICATION,
CHEMBL522892,EFO_0001378,INDICATION,
CHEMBL522892,EFO_0003060,INDICATION,
CHEMBL522892,EFO_0003863,INDICATION,
CHEMBL522892,EFO_1000796,INDICATION,
CHEMBL522892,EFO_1001465,INDICATION,
CHEMBL522892,MONDO_0001056,INDICATION,
CHEMBL522892,MONDO_0001187,INDICATION,
CHEMBL522892,MONDO_0002108,INDICATION,
CHEMBL522892,MONDO_0004992,INDICATION,
CHEMBL522892,MONDO_0005184,INDICATION,
CHEMBL522892,MONDO_0007254,INDICATION,
CHEMBL522892,MONDO_0008315,INDICATION,
CHEMBL522892,MONDO_0008667,INDICATION,
CHEMBL522892,MONDO_0011719,INDICATION,
CHEMBL522892,MONDO_0011962,INDICATION,
CHEMBL522987,EFO_0004888,INDICATION,
CHEMBL522987,EFO_0008568,INDICATION,
CHEMBL522987,EFO_1001917,INDICATION,
CHEMBL522987,MONDO_0002009,INDICATION,
CHEMBL522987,MONDO_0002050,INDICATION,
CHEMBL523,EFO_0005230,INDICATION,
CHEMBL523299,EFO_0000341,INDICATION,
CHEMBL523299,EFO_0000464,INDICATION,
CHEMBL523299,EFO_0006505,INDICATION,
CHEMBL523299,MONDO_0004979,INDICATION,
CHEMBL52333,EFO_0000373,INDICATION,
CHEMBL52333,EFO_0003144,INDICATION,
CHEMBL523367,MONDO_0004979,INDICATION,
CHEMBL524,EFO_0000319,INDICATION,
CHEMBL524,EFO_0005251,INDICATION,
CHEMBL524,EFO_0009523,INDICATION,
CHEMBL524004,EFO_0000537,CONTRAINDICATION,
CHEMBL524004,EFO_0000555,OFF_LABEL_USE,
CHEMBL524004,EFO_0000729,CONTRAINDICATION,
CHEMBL524004,EFO_0001645,CONTRAINDICATION,
CHEMBL524004,EFO_0003086,CONTRAINDICATION,
CHEMBL524004,EFO_0004991,CONTRAINDICATION,
CHEMBL524004,EFO_0009189,CONTRAINDICATION,
CHEMBL524004,EFO_0009454,INDICATION,
CHEMBL524004,EFO_0009532,CONTRAINDICATION,
CHEMBL524004,EFO_0009571,CONTRAINDICATION,
CHEMBL524004,EFO_0010282,INDICATION,
CHEMBL524004,EFO_1001095,CONTRAINDICATION,
CHEMBL524004,MONDO_0004247,INDICATION,
CHEMBL524004,MONDO_0005041,CONTRAINDICATION,
CHEMBL52440,EFO_0000319,CONTRAINDICATION,
CHEMBL52440,EFO_0000341,CONTRAINDICATION,
CHEMBL52440,EFO_0000384,INDICATION,
CHEMBL52440,EFO_0000400,CONTRAINDICATION,
CHEMBL52440,EFO_0000464,CONTRAINDICATION,
CHEMBL52440,EFO_0000474,CONTRAINDICATION,
CHEMBL52440,EFO_0000537,CONTRAINDICATION,
CHEMBL52440,EFO_0000555,INDICATION,
CHEMBL52440,EFO_0000612,CONTRAINDICATION,
CHEMBL52440,EFO_0000616,INDICATION,
CHEMBL52440,EFO_0000676,INDICATION,
CHEMBL52440,EFO_0000729,CONTRAINDICATION,
CHEMBL52440,EFO_0000756,INDICATION,
CHEMBL52440,EFO_0000764,INDICATION,
CHEMBL52440,EFO_0001062,INDICATION,
CHEMBL52440,EFO_0001064,CONTRAINDICATION,
CHEMBL52440,EFO_0001068,INDICATION,
CHEMBL52440,EFO_0001074,CONTRAINDICATION,
CHEMBL52440,EFO_0001645,CONTRAINDICATION,
CHEMBL52440,EFO_0001663,INDICATION,
CHEMBL52440,EFO_0002460,INDICATION,
CHEMBL52440,EFO_0002617,INDICATION,
CHEMBL52440,EFO_0003086,CONTRAINDICATION,
CHEMBL52440,EFO_0003100,INDICATION,
CHEMBL52440,EFO_0003756,INDICATION,
CHEMBL52440,EFO_0003758,INDICATION,
CHEMBL52440,EFO_0003767,CONTRAINDICATION,
CHEMBL52440,EFO_0003779,CONTRAINDICATION,
CHEMBL52440,EFO_0003832,CONTRAINDICATION,
CHEMBL52440,EFO_0003833,CONTRAINDICATION,
CHEMBL52440,EFO_0003843,INDICATION,
CHEMBL52440,EFO_0003877,CONTRAINDICATION,
CHEMBL52440,EFO_0003890,CONTRAINDICATION,
CHEMBL52440,EFO_0003929,INDICATION,
CHEMBL52440,EFO_0004283,CONTRAINDICATION,
CHEMBL52440,EFO_0004705,CONTRAINDICATION,
CHEMBL52440,EFO_0004991,CONTRAINDICATION,
CHEMBL52440,EFO_0005251,CONTRAINDICATION,
CHEMBL52440,EFO_0005306,CONTRAINDICATION,
CHEMBL52440,EFO_0005307,CONTRAINDICATION,
CHEMBL52440,EFO_0005611,INDICATION,
CHEMBL52440,EFO_0005687,INDICATION,
CHEMBL52440,EFO_0005762,INDICATION,
CHEMBL52440,EFO_0005772,INDICATION,
CHEMBL52440,EFO_0005774,CONTRAINDICATION,
CHEMBL52440,EFO_0005854,INDICATION,
CHEMBL52440,EFO_0007214,INDICATION,
CHEMBL52440,EFO_0007287,CONTRAINDICATION,
CHEMBL52440,EFO_0007486,INDICATION,
CHEMBL52440,EFO_0007533,INDICATION,
CHEMBL52440,EFO_0008521,INDICATION,
CHEMBL52440,EFO_0009086,CONTRAINDICATION,
CHEMBL52440,EFO_0009189,CONTRAINDICATION,
CHEMBL52440,EFO_0009430,INDICATION,
CHEMBL52440,EFO_0009454,CONTRAINDICATION,
CHEMBL52440,EFO_0009491,CONTRAINDICATION,
CHEMBL52440,EFO_0009530,CONTRAINDICATION,
CHEMBL52440,EFO_0009550,INDICATION,
CHEMBL52440,EFO_0009571,CONTRAINDICATION,
CHEMBL52440,EFO_0009661,CONTRAINDICATION,
CHEMBL52440,EFO_0009692,INDICATION,
CHEMBL52440,EFO_0009708,INDICATION,
CHEMBL52440,EFO_0009854,INDICATION,
CHEMBL52440,EFO_0009910,CONTRAINDICATION,
CHEMBL52440,EFO_1000014,CONTRAINDICATION,
CHEMBL52440,EFO_1000652,CONTRAINDICATION,
CHEMBL52440,EFO_1000684,CONTRAINDICATION,
CHEMBL52440,EFO_1000783,INDICATION,
CHEMBL52440,EFO_1000800,CONTRAINDICATION,
CHEMBL52440,EFO_1000902,CONTRAINDICATION,
CHEMBL52440,EFO_1001069,CONTRAINDICATION,
CHEMBL52440,EFO_1001095,CONTRAINDICATION,
CHEMBL52440,EFO_1001132,CONTRAINDICATION,
CHEMBL52440,EFO_1001134,CONTRAINDICATION,
CHEMBL52440,EFO_1001379,CONTRAINDICATION,
CHEMBL52440,MONDO_0000440,CONTRAINDICATION,
CHEMBL52440,MONDO_0000468,CONTRAINDICATION,
CHEMBL52440,MONDO_0001117,CONTRAINDICATION,
CHEMBL52440,MONDO_0001343,CONTRAINDICATION,
CHEMBL52440,MONDO_0001744,CONTRAINDICATION,
CHEMBL52440,MONDO_0002009,INDICATION,
CHEMBL52440,MONDO_0002050,INDICATION,
CHEMBL52440,MONDO_0002203,CONTRAINDICATION,
CHEMBL52440,MONDO_0002277,CONTRAINDICATION,
CHEMBL52440,MONDO_0002491,CONTRAINDICATION,
CHEMBL52440,MONDO_0004247,CONTRAINDICATION,
CHEMBL52440,MONDO_0004596,CONTRAINDICATION,
CHEMBL52440,MONDO_0004975,INDICATION,
CHEMBL52440,MONDO_0004976,INDICATION,
CHEMBL52440,MONDO_0004985,INDICATION,
CHEMBL52440,MONDO_0005090,INDICATION,
CHEMBL52440,MONDO_0005148,INDICATION,
CHEMBL52440,MONDO_0005180,INDICATION,
CHEMBL52440,MONDO_0005271,INDICATION,
CHEMBL52440,MONDO_0005277,INDICATION,
CHEMBL52440,MONDO_0005301,INDICATION,
CHEMBL52440,MONDO_0007079,CONTRAINDICATION,
CHEMBL52440,MONDO_0008224,CONTRAINDICATION,
CHEMBL52440,MONDO_0008315,INDICATION,
CHEMBL52440,MONDO_0010726,INDICATION,
CHEMBL52440,MONDO_0015129,CONTRAINDICATION,
CHEMBL52440,MONDO_0018100,CONTRAINDICATION,
CHEMBL52440,MONDO_0019171,CONTRAINDICATION,
CHEMBL52440,MONDO_0021661,CONTRAINDICATION,
CHEMBL52440,MONDO_0044970,INDICATION,
CHEMBL52440,MONDO_0100192,CONTRAINDICATION,
CHEMBL525028,EFO_0000211,INDICATION,
CHEMBL525076,EFO_0000180,INDICATION,
CHEMBL525076,EFO_0000763,INDICATION,
CHEMBL525076,EFO_0000764,INDICATION,
CHEMBL525076,EFO_0000765,INDICATION,
CHEMBL525610,EFO_0003854,INDICATION,
CHEMBL525610,EFO_0003882,INDICATION,
CHEMBL525610,EFO_0003931,INDICATION,
CHEMBL525610,EFO_0003957,INDICATION,
CHEMBL525610,EFO_0003964,INDICATION,
CHEMBL525610,EFO_0004616,INDICATION,
CHEMBL525610,EFO_0009451,INDICATION,
CHEMBL525610,EFO_1001378,INDICATION,
CHEMBL525610,MONDO_0019019,INDICATION,
CHEMBL526,EFO_0000474,CONTRAINDICATION,
CHEMBL526,EFO_0000537,INDICATION,
CHEMBL526,EFO_0000546,INDICATION,
CHEMBL526,EFO_0000565,INDICATION,
CHEMBL526,EFO_0000616,INDICATION,
CHEMBL526,EFO_0000662,INDICATION,
CHEMBL526,EFO_0000694,INDICATION,
CHEMBL526,EFO_0000712,INDICATION,
CHEMBL526,EFO_0000713,INDICATION,
CHEMBL526,EFO_0001073,INDICATION,
CHEMBL526,EFO_0001074,INDICATION,
CHEMBL526,EFO_0001422,INDICATION,
CHEMBL526,EFO_0001645,INDICATION,
CHEMBL526,EFO_0002618,INDICATION,
CHEMBL526,EFO_0002687,INDICATION,
CHEMBL526,EFO_0003777,INDICATION,
CHEMBL526,EFO_0003843,INDICATION,
CHEMBL526,EFO_0003855,INDICATION,
CHEMBL526,EFO_0003869,INDICATION,
CHEMBL526,EFO_0003870,INDICATION,
CHEMBL526,EFO_0003884,INDICATION,
CHEMBL526,EFO_0003917,INDICATION,
CHEMBL526,EFO_0003918,INDICATION,
CHEMBL526,EFO_0004259,INDICATION,
CHEMBL526,EFO_0004273,INDICATION,
CHEMBL526,EFO_0004698,INDICATION,
CHEMBL526,EFO_0004888,INDICATION,
CHEMBL526,EFO_0005251,CONTRAINDICATION,
CHEMBL526,EFO_0006834,INDICATION,
CHEMBL526,EFO_0007355,INDICATION,
CHEMBL526,EFO_0007490,INDICATION,
CHEMBL526,EFO_0008526,INDICATION,
CHEMBL526,EFO_0009267,INDICATION,
CHEMBL526,EFO_0009854,INDICATION,
CHEMBL526,EFO_1000637,INDICATION,
CHEMBL526,EFO_1000644,INDICATION,
CHEMBL526,EFO_1001210,INDICATION,
CHEMBL526,EFO_1001454,INDICATION,
CHEMBL526,EFO_1001951,INDICATION,
CHEMBL526,EFO_1002048,INDICATION,
CHEMBL526,MONDO_0002009,INDICATION,
CHEMBL526,MONDO_0002050,INDICATION,
CHEMBL526,MONDO_0002525,CONTRAINDICATION,
CHEMBL526,MONDO_0004992,INDICATION,
CHEMBL526,MONDO_0005277,INDICATION,
CHEMBL526,MONDO_0007576,INDICATION,
CHEMBL526,MONDO_0021117,INDICATION,
CHEMBL526,MONDO_0043510,INDICATION,
CHEMBL526,MP_0001845,INDICATION,
CHEMBL526,Orphanet_309005,CONTRAINDICATION,
CHEMBL52609,MONDO_0002087,INDICATION,
CHEMBL52609,MONDO_0002158,INDICATION,
CHEMBL52609,MONDO_0008170,INDICATION,
CHEMBL5267842,EFO_1000852,INDICATION,
CHEMBL5267842,EFO_1001485,INDICATION,
CHEMBL5267842,EFO_1001901,INDICATION,
CHEMBL527,EFO_0000319,CONTRAINDICATION,
CHEMBL527,EFO_0000537,CONTRAINDICATION,
CHEMBL527,EFO_0000612,CONTRAINDICATION,
CHEMBL527,EFO_0000685,INDICATION,
CHEMBL527,EFO_0000712,CONTRAINDICATION,
CHEMBL527,EFO_0003086,CONTRAINDICATION,
CHEMBL527,EFO_0003843,INDICATION,
CHEMBL527,EFO_0003898,OFF_LABEL_USE,
CHEMBL527,EFO_0004616,INDICATION,
CHEMBL527,EFO_0005752,INDICATION,
CHEMBL527,EFO_0005755,INDICATION,
CHEMBL527,EFO_0009314,CONTRAINDICATION,
CHEMBL527,EFO_1000905,CONTRAINDICATION,
CHEMBL527,EFO_1001412,INDICATION,
CHEMBL527,EFO_1001896,INDICATION,
CHEMBL527,MONDO_0000831,CONTRAINDICATION,
CHEMBL527,MONDO_0002280,CONTRAINDICATION,
CHEMBL527,MONDO_0005178,INDICATION,
CHEMBL527,MONDO_0007079,CONTRAINDICATION,
CHEMBL527,MONDO_0019542,CONTRAINDICATION,
CHEMBL528,DOID_7551,INDICATION,
CHEMBL528,EFO_0000771,INDICATION,
CHEMBL528,EFO_0002623,INDICATION,
CHEMBL528,EFO_0003086,CONTRAINDICATION,
CHEMBL528,EFO_0003102,INDICATION,
CHEMBL528,EFO_0003103,INDICATION,
CHEMBL528,EFO_0003106,INDICATION,
CHEMBL528,EFO_0005681,INDICATION,
CHEMBL528,EFO_0007470,INDICATION,
CHEMBL528,EFO_0007496,INDICATION,
CHEMBL528,EFO_0007499,INDICATION,
CHEMBL528,EFO_0009314,CONTRAINDICATION,
CHEMBL528,EFO_1001318,INDICATION,
CHEMBL528,MONDO_0001080,INDICATION,
CHEMBL528,MONDO_0001316,INDICATION,
CHEMBL528,MONDO_0005247,INDICATION,
CHEMBL528,MONDO_0021108,INDICATION,
CHEMBL5283463,EFO_0000616,INDICATION,
CHEMBL5283463,MONDO_0007254,INDICATION,
CHEMBL52885,EFO_0000616,INDICATION,
CHEMBL52885,EFO_0002618,INDICATION,
CHEMBL52885,EFO_0003060,INDICATION,
CHEMBL52885,EFO_1001951,INDICATION,
CHEMBL52885,MONDO_0004992,INDICATION,
CHEMBL52885,MONDO_0007254,INDICATION,
CHEMBL529,DOID_7551,INDICATION,
CHEMBL529,EFO_0000341,INDICATION,
CHEMBL529,EFO_0000384,INDICATION,
CHEMBL529,EFO_0000540,INDICATION,
CHEMBL529,EFO_0000544,INDICATION,
CHEMBL529,EFO_0000612,INDICATION,
CHEMBL529,EFO_0000649,INDICATION,
CHEMBL529,EFO_0000650,OFF_LABEL_USE,
CHEMBL529,EFO_0000694,INDICATION,
CHEMBL529,EFO_0000764,INDICATION,
CHEMBL529,EFO_0000771,INDICATION,
CHEMBL529,EFO_0001068,INDICATION,
CHEMBL529,EFO_0001073,INDICATION,
CHEMBL529,EFO_0001645,INDICATION,
CHEMBL529,EFO_0002950,INDICATION,
CHEMBL529,EFO_0003102,INDICATION,
CHEMBL529,EFO_0003106,INDICATION,
CHEMBL529,EFO_0003767,INDICATION,
CHEMBL529,EFO_0003818,INDICATION,
CHEMBL529,EFO_0003878,INDICATION,
CHEMBL529,EFO_0003894,INDICATION,
CHEMBL529,EFO_0003917,INDICATION,
CHEMBL529,EFO_0003966,INDICATION,
CHEMBL529,EFO_0004242,INDICATION,
CHEMBL529,EFO_0004991,CONTRAINDICATION,
CHEMBL529,EFO_0004992,INDICATION,
CHEMBL529,EFO_0005307,CONTRAINDICATION,
CHEMBL529,EFO_0005585,INDICATION,
CHEMBL529,EFO_0005681,INDICATION,
CHEMBL529,EFO_0006505,INDICATION,
CHEMBL529,EFO_0006890,INDICATION,
CHEMBL529,EFO_0007183,INDICATION,
CHEMBL529,EFO_0007200,INDICATION,
CHEMBL529,EFO_0007205,INDICATION,
CHEMBL529,EFO_0007224,INDICATION,
CHEMBL529,EFO_0007243,INDICATION,
CHEMBL529,EFO_0007315,INDICATION,
CHEMBL529,EFO_0007324,INDICATION,
CHEMBL529,EFO_0007361,INDICATION,
CHEMBL529,EFO_0007386,INDICATION,
CHEMBL529,EFO_0007387,INDICATION,
CHEMBL529,EFO_0007402,INDICATION,
CHEMBL529,EFO_0007444,INDICATION,
CHEMBL529,EFO_0007460,INDICATION,
CHEMBL529,EFO_0007486,INDICATION,
CHEMBL529,EFO_0007499,INDICATION,
CHEMBL529,EFO_0007503,INDICATION,
CHEMBL529,EFO_0007504,INDICATION,
CHEMBL529,EFO_0007541,INDICATION,
CHEMBL529,EFO_0007548,INDICATION,
CHEMBL529,EFO_0008572,INDICATION,
CHEMBL529,EFO_0009429,INDICATION,
CHEMBL529,EFO_0009536,INDICATION,
CHEMBL529,EFO_0009582,INDICATION,
CHEMBL529,EFO_0009686,INDICATION,
CHEMBL529,EFO_0010282,INDICATION,
CHEMBL529,EFO_1000637,INDICATION,
CHEMBL529,EFO_1000829,INDICATION,
CHEMBL529,EFO_1000948,INDICATION,
CHEMBL529,EFO_1001272,INDICATION,
CHEMBL529,EFO_1001388,INDICATION,
CHEMBL529,EFO_1001413,INDICATION,
CHEMBL529,EFO_1001466,INDICATION,
CHEMBL529,EFO_1001888,INDICATION,
CHEMBL529,EFO_1002018,INDICATION,
CHEMBL529,EFO_1002047,INDICATION,
CHEMBL529,MONDO_0001080,INDICATION,
CHEMBL529,MONDO_0002041,INDICATION,
CHEMBL529,MONDO_0002258,INDICATION,
CHEMBL529,MONDO_0004979,INDICATION,
CHEMBL529,MONDO_0004992,INDICATION,
CHEMBL529,MONDO_0005301,INDICATION,
CHEMBL529,MONDO_0009061,INDICATION,
CHEMBL529,MONDO_0011382,INDICATION,
CHEMBL529,MONDO_0018076,INDICATION,
CHEMBL529,MONDO_0019091,INDICATION,
CHEMBL529,MONDO_0019171,CONTRAINDICATION,
CHEMBL529,MONDO_0019338,INDICATION,
CHEMBL529,MONDO_0021945,CONTRAINDICATION,
CHEMBL529,MONDO_0025598,INDICATION,
CHEMBL529,MONDO_0043839,INDICATION,
CHEMBL529,MONDO_0100096,INDICATION,
CHEMBL529,MP_0001845,INDICATION,
CHEMBL52939,EFO_0004265,INDICATION,
CHEMBL52939,MONDO_0002679,INDICATION,
CHEMBL529437,EFO_0002610,INDICATION,
CHEMBL529888,EFO_0000400,INDICATION,
CHEMBL529888,MONDO_0005148,INDICATION,
CHEMBL53,EFO_0000616,INDICATION,
CHEMBL53,EFO_0001645,CONTRAINDICATION,
CHEMBL53,EFO_0003763,CONTRAINDICATION,
CHEMBL53,EFO_0003882,INDICATION,
CHEMBL53,EFO_0004234,INDICATION,
CHEMBL53,EFO_0005252,CONTRAINDICATION,
CHEMBL53,EFO_0005307,CONTRAINDICATION,
CHEMBL53,EFO_0005407,CONTRAINDICATION,
CHEMBL53,MONDO_0001343,CONTRAINDICATION,
CHEMBL53,MONDO_0005180,INDICATION,
CHEMBL53,MONDO_0007079,CONTRAINDICATION,
CHEMBL53,MONDO_0018100,CONTRAINDICATION,
CHEMBL53,MONDO_0019171,CONTRAINDICATION,
CHEMBL53,MONDO_0043510,INDICATION,
CHEMBL530,EFO_0000771,INDICATION,
CHEMBL5303393,EFO_0003768,INDICATION,
CHEMBL5303393,EFO_0004319,INDICATION,
CHEMBL5303393,EFO_1000906,INDICATION,
CHEMBL5303393,MONDO_0007079,INDICATION,
CHEMBL531,EFO_0002610,INDICATION,
CHEMBL531,EFO_0003086,CONTRAINDICATION,
CHEMBL531,EFO_0005252,CONTRAINDICATION,
CHEMBL531,EFO_0007427,CONTRAINDICATION,
CHEMBL531,EFO_0009551,CONTRAINDICATION,
CHEMBL531,EFO_1001517,CONTRAINDICATION,
CHEMBL531,EFO_1001825,CONTRAINDICATION,
CHEMBL531,MONDO_0001370,CONTRAINDICATION,
CHEMBL531,MONDO_0005180,INDICATION,
CHEMBL531,MONDO_0018848,CONTRAINDICATION,
CHEMBL531,MONDO_0021095,INDICATION,
CHEMBL531048,EFO_0007144,INDICATION,
CHEMBL5314341,EFO_0000400,INDICATION,
CHEMBL5314341,EFO_0001073,INDICATION,
CHEMBL5314341,EFO_0007214,INDICATION,
CHEMBL5314341,EFO_0007318,INDICATION,
CHEMBL5314341,MONDO_0005147,INDICATION,
CHEMBL5314341,MONDO_0005148,INDICATION,
CHEMBL5314341,MONDO_0017182,INDICATION,
CHEMBL5314342,EFO_0000400,INDICATION,
CHEMBL5314342,MONDO_0005147,INDICATION,
CHEMBL5314342,MONDO_0005148,INDICATION,
CHEMBL5314344,EFO_0000771,INDICATION,
CHEMBL5314346,EFO_0000389,INDICATION,
CHEMBL5314346,EFO_0000519,INDICATION,
CHEMBL5314346,EFO_0001365,INDICATION,
CHEMBL5314346,EFO_0002618,INDICATION,
CHEMBL5314346,EFO_0004193,INDICATION,
CHEMBL5314346,EFO_0004207,INDICATION,
CHEMBL5314346,EFO_0004683,INDICATION,
CHEMBL5314346,EFO_0005753,INDICATION,
CHEMBL5314346,EFO_0007310,INDICATION,
CHEMBL5314346,EFO_0009606,INDICATION,
CHEMBL5314346,EFO_0009637,INDICATION,
CHEMBL5314346,EFO_1000158,INDICATION,
CHEMBL5314346,MONDO_0007187,INDICATION,
CHEMBL5314346,MONDO_0007254,INDICATION,
CHEMBL5314346,MONDO_0008315,INDICATION,
CHEMBL5314347,EFO_0000180,INDICATION,
CHEMBL5314347,EFO_0000401,INDICATION,
CHEMBL5314347,EFO_0003884,INDICATION,
CHEMBL5314347,EFO_0010690,INDICATION,
CHEMBL5314347,EFO_1002048,INDICATION,
CHEMBL5314348,EFO_0000266,INDICATION,
CHEMBL5314348,EFO_0000319,INDICATION,
CHEMBL5314348,EFO_0000612,INDICATION,
CHEMBL5314348,EFO_0000713,INDICATION,
CHEMBL5314348,EFO_0001645,INDICATION,
CHEMBL5314348,EFO_0003777,INDICATION,
CHEMBL5314348,EFO_0003907,INDICATION,
CHEMBL5314348,EFO_0005672,INDICATION,
CHEMBL5314348,EFO_0008583,INDICATION,
CHEMBL5314348,EFO_1000985,INDICATION,
CHEMBL5314348,MONDO_0000831,INDICATION,
CHEMBL5314348,MP_0001914,INDICATION,
CHEMBL5314349,EFO_0000180,INDICATION,
CHEMBL5314349,EFO_0000401,INDICATION,
CHEMBL5314349,EFO_0003884,INDICATION,
CHEMBL5314349,EFO_0010690,INDICATION,
CHEMBL5314349,EFO_1002048,INDICATION,
CHEMBL5314354,EFO_0000544,INDICATION,
CHEMBL5314354,EFO_0000771,INDICATION,
CHEMBL5314354,EFO_0003033,INDICATION,
CHEMBL5314354,EFO_0003102,INDICATION,
CHEMBL5314354,EFO_0003106,INDICATION,
CHEMBL5314354,EFO_0004599,INDICATION,
CHEMBL5314354,EFO_0007315,INDICATION,
CHEMBL5314354,EFO_1001888,INDICATION,
CHEMBL5314354,MONDO_0018998,INDICATION,
CHEMBL5314354,MP_0001845,INDICATION,
CHEMBL5314355,EFO_0000544,INDICATION,
CHEMBL5314355,EFO_0003033,INDICATION,
CHEMBL5314355,EFO_0007315,INDICATION,
CHEMBL5314355,MP_0001845,INDICATION,
CHEMBL5314356,EFO_0003948,INDICATION,
CHEMBL5314356,EFO_0004607,INDICATION,
CHEMBL5314357,EFO_0000676,INDICATION,
CHEMBL5314357,EFO_0000681,INDICATION,
CHEMBL5314357,EFO_0000685,INDICATION,
CHEMBL5314357,EFO_0000756,INDICATION,
CHEMBL5314357,EFO_0002617,INDICATION,
CHEMBL5314357,EFO_1001951,INDICATION,
CHEMBL5314357,MONDO_0004992,INDICATION,
CHEMBL5314357,MONDO_0008315,INDICATION,
CHEMBL5314358,EFO_0000341,INDICATION,
CHEMBL5314358,EFO_0000649,INDICATION,
CHEMBL5314358,EFO_0001358,INDICATION,
CHEMBL5314358,EFO_0002610,INDICATION,
CHEMBL5314358,EFO_0003095,INDICATION,
CHEMBL5314358,EFO_0003762,INDICATION,
CHEMBL5314358,EFO_0003768,INDICATION,
CHEMBL5314358,EFO_0003843,INDICATION,
CHEMBL5314358,EFO_0003888,INDICATION,
CHEMBL5314358,EFO_0003931,INDICATION,
CHEMBL5314358,EFO_0003948,INDICATION,
CHEMBL5314358,EFO_0004610,INDICATION,
CHEMBL5314358,EFO_0005611,INDICATION,
CHEMBL5314358,EFO_0007183,INDICATION,
CHEMBL5314358,EFO_0007419,INDICATION,
CHEMBL5314358,EFO_1000637,INDICATION,
CHEMBL5314358,EFO_1000781,INDICATION,
CHEMBL5314358,EFO_1001145,INDICATION,
CHEMBL5314358,MONDO_0004979,INDICATION,
CHEMBL5314358,MONDO_0005148,INDICATION,
CHEMBL5314358,MONDO_0005277,INDICATION,
CHEMBL5314358,MONDO_0007079,INDICATION,
CHEMBL5314358,MONDO_0018076,INDICATION,
CHEMBL5314358,MONDO_0024290,INDICATION,
CHEMBL5314359,EFO_0000544,INDICATION,
CHEMBL5314359,EFO_0000771,INDICATION,
CHEMBL5314359,EFO_0003102,INDICATION,
CHEMBL5314359,EFO_0003103,INDICATION,
CHEMBL5314359,EFO_0003106,INDICATION,
CHEMBL5314359,EFO_1001459,INDICATION,
CHEMBL5314362,EFO_0000182,INDICATION,
CHEMBL5314362,EFO_0000763,INDICATION,
CHEMBL5314362,EFO_0001421,INDICATION,
CHEMBL5314362,EFO_0003897,INDICATION,
CHEMBL5314362,EFO_0004142,INDICATION,
CHEMBL5314362,EFO_0004197,INDICATION,
CHEMBL5314362,EFO_0004220,INDICATION,
CHEMBL5314362,EFO_0004239,INDICATION,
CHEMBL5314362,EFO_0007304,INDICATION,
CHEMBL5314362,EFO_0008496,INDICATION,
CHEMBL5314362,MONDO_0002691,INDICATION,
CHEMBL5314366,EFO_0000342,INDICATION,
CHEMBL5314366,EFO_0000685,INDICATION,
CHEMBL5314366,EFO_0003898,INDICATION,
CHEMBL5314366,EFO_0003948,INDICATION,
CHEMBL5314366,EFO_0004607,INDICATION,
CHEMBL5314366,EFO_0007549,INDICATION,
CHEMBL5314366,EFO_0008533,INDICATION,
CHEMBL5314366,EFO_0009454,INDICATION,
CHEMBL5314366,EFO_0010282,INDICATION,
CHEMBL5314366,MONDO_0004247,INDICATION,
CHEMBL5314366,MONDO_0005148,INDICATION,
CHEMBL5314366,MONDO_0005178,INDICATION,
CHEMBL5314367,EFO_0000319,INDICATION,
CHEMBL5314371,EFO_0000574,INDICATION,
CHEMBL5314371,EFO_0002618,INDICATION,
CHEMBL5314371,MONDO_0003060,INDICATION,
CHEMBL5314371,MONDO_0008170,INDICATION,
CHEMBL5314373,EFO_0000544,INDICATION,
CHEMBL5314373,EFO_0000771,INDICATION,
CHEMBL5314373,EFO_0003102,INDICATION,
CHEMBL5314373,EFO_0004992,INDICATION,
CHEMBL5314373,EFO_0006505,INDICATION,
CHEMBL5314373,EFO_0007486,INDICATION,
CHEMBL5314373,MONDO_0002258,INDICATION,
CHEMBL5314374,EFO_0000275,INDICATION,
CHEMBL5314374,EFO_0003827,INDICATION,
CHEMBL5314374,EFO_0003907,INDICATION,
CHEMBL5314375,EFO_0000544,INDICATION,
CHEMBL5314375,EFO_0000691,INDICATION,
CHEMBL5314375,EFO_0000763,INDICATION,
CHEMBL5314375,EFO_0000764,INDICATION,
CHEMBL5314375,EFO_0001062,INDICATION,
CHEMBL5314375,EFO_0003086,INDICATION,
CHEMBL5314375,EFO_0007147,INDICATION,
CHEMBL5314375,EFO_1000910,INDICATION,
CHEMBL5314375,EFO_1001302,INDICATION,
CHEMBL5314375,EFO_1002022,INDICATION,
CHEMBL5314375,MONDO_0001879,INDICATION,
CHEMBL5314375,MONDO_0002363,INDICATION,
CHEMBL5314375,MONDO_0002974,INDICATION,
CHEMBL5314375,MONDO_0003778,INDICATION,
CHEMBL5314376,EFO_0000341,INDICATION,
CHEMBL5314376,EFO_0000546,INDICATION,
CHEMBL5314376,EFO_0000649,INDICATION,
CHEMBL5314376,EFO_0003963,INDICATION,
CHEMBL5314376,EFO_0004143,INDICATION,
CHEMBL5314376,EFO_0004192,INDICATION,
CHEMBL5314376,EFO_0004616,INDICATION,
CHEMBL5314376,EFO_0005802,INDICATION,
CHEMBL5314376,EFO_0008507,INDICATION,
CHEMBL5314376,EFO_0009582,INDICATION,
CHEMBL5314376,EFO_0010822,INDICATION,
CHEMBL5314376,EFO_0803321,INDICATION,
CHEMBL5314376,EFO_1000786,INDICATION,
CHEMBL5314376,EFO_1000906,INDICATION,
CHEMBL5314376,EFO_1001178,INDICATION,
CHEMBL5314376,EFO_1001250,INDICATION,
CHEMBL5314376,EFO_1001345,INDICATION,
CHEMBL5314376,EFO_1001818,INDICATION,
CHEMBL5314376,MONDO_0001330,INDICATION,
CHEMBL5314376,MONDO_0004857,INDICATION,
CHEMBL5314376,MONDO_0004986,INDICATION,
CHEMBL5314376,MONDO_0005178,INDICATION,
CHEMBL5314376,MONDO_0008315,INDICATION,
CHEMBL5314377,EFO_0000545,INDICATION,
CHEMBL5314377,EFO_0000660,INDICATION,
CHEMBL5314377,EFO_1000645,INDICATION,
CHEMBL5314377,EFO_1000859,INDICATION,
CHEMBL5314378,EFO_0007157,INDICATION,
CHEMBL5314378,EFO_1001282,INDICATION,
CHEMBL5314378,EFO_1001283,INDICATION,
CHEMBL5314378,MONDO_0002026,INDICATION,
CHEMBL5314378,MONDO_0002041,INDICATION,
CHEMBL5314378,MONDO_0004992,INDICATION,
CHEMBL5314379,EFO_0000540,INDICATION,
CHEMBL5314379,EFO_0000676,INDICATION,
CHEMBL5314379,EFO_0003086,INDICATION,
CHEMBL5314379,EFO_0004236,INDICATION,
CHEMBL5314379,EFO_0005761,INDICATION,
CHEMBL5314379,EFO_1000811,INDICATION,
CHEMBL5314379,EFO_1000906,INDICATION,
CHEMBL5314379,EFO_1000986,INDICATION,
CHEMBL5314379,EFO_1001082,INDICATION,
CHEMBL5314379,EFO_1001119,INDICATION,
CHEMBL5314379,EFO_1001231,INDICATION,
CHEMBL5314379,MONDO_0007915,INDICATION,
CHEMBL5314381,EFO_0000616,INDICATION,
CHEMBL5314381,EFO_0002618,INDICATION,
CHEMBL5314381,EFO_1000657,INDICATION,
CHEMBL5314381,EFO_1001951,INDICATION,
CHEMBL5314381,MONDO_0004992,INDICATION,
CHEMBL5314382,EFO_1001485,INDICATION,
CHEMBL5314384,EFO_1000906,INDICATION,
CHEMBL5314384,MONDO_0020547,INDICATION,
CHEMBL5314385,Orphanet_309005,INDICATION,
CHEMBL5314386,EFO_0000305,INDICATION,
CHEMBL5314386,EFO_0000616,INDICATION,
CHEMBL5314386,EFO_1001951,INDICATION,
CHEMBL5314387,EFO_0000616,INDICATION,
CHEMBL5314388,EFO_0000616,INDICATION,
CHEMBL5314391,EFO_0000222,INDICATION,
CHEMBL5314391,EFO_0000681,INDICATION,
CHEMBL5314391,EFO_0001378,INDICATION,
CHEMBL5314391,EFO_0003060,INDICATION,
CHEMBL5314391,EFO_1001951,INDICATION,
CHEMBL5314391,MONDO_0004992,INDICATION,
CHEMBL5314391,MONDO_0008170,INDICATION,
CHEMBL5314392,EFO_0003144,INDICATION,
CHEMBL5314393,EFO_0004698,INDICATION,
CHEMBL5314393,EFO_0008568,INDICATION,
CHEMBL5314394,MONDO_0005090,INDICATION,
CHEMBL5314395,EFO_0005762,INDICATION,
CHEMBL5314396,EFO_0003956,INDICATION,
CHEMBL5314397,EFO_0000341,INDICATION,
CHEMBL5314400,MONDO_0041052,INDICATION,
CHEMBL5314401,EFO_1000783,INDICATION,
CHEMBL5314401,MONDO_0041052,INDICATION,
CHEMBL5314402,MONDO_0004979,INDICATION,
CHEMBL5314402,MONDO_0005148,INDICATION,
CHEMBL5314403,MONDO_0004979,INDICATION,
CHEMBL5314404,EFO_0004269,INDICATION,
CHEMBL5314406,EFO_0000222,INDICATION,
CHEMBL5314407,EFO_0000616,INDICATION,
CHEMBL5314408,EFO_0000616,INDICATION,
CHEMBL5314409,EFO_0000341,INDICATION,
CHEMBL5314409,MONDO_0004979,INDICATION,
CHEMBL5314410,MONDO_0004992,INDICATION,
CHEMBL5314411,EFO_0000519,INDICATION,
CHEMBL5314411,EFO_0000616,INDICATION,
CHEMBL5314412,EFO_0000616,INDICATION,
CHEMBL5314412,EFO_0003060,INDICATION,
CHEMBL5314413,EFO_0000616,INDICATION,
CHEMBL5314416,EFO_0000182,INDICATION,
CHEMBL5314416,EFO_0000616,INDICATION,
CHEMBL5314416,EFO_1001513,INDICATION,
CHEMBL5314417,EFO_0009851,INDICATION,
CHEMBL5314417,Orphanet_309005,INDICATION,
CHEMBL5314418,EFO_0000616,INDICATION,
CHEMBL5314418,EFO_0003869,INDICATION,
CHEMBL5314420,EFO_0000222,INDICATION,
CHEMBL5314421,EFO_0000712,INDICATION,
CHEMBL5314423,EFO_0000676,INDICATION,
CHEMBL5314423,EFO_0003778,INDICATION,
CHEMBL5314423,MP_0001845,INDICATION,
CHEMBL5314424,EFO_0003086,INDICATION,
CHEMBL5314424,MONDO_0011382,INDICATION,
CHEMBL5314425,EFO_0000616,INDICATION,
CHEMBL5314425,EFO_0002618,INDICATION,
CHEMBL5314426,EFO_0000537,INDICATION,
CHEMBL5314427,EFO_0000616,INDICATION,
CHEMBL5314427,EFO_0003060,INDICATION,
CHEMBL5314427,EFO_0009709,INDICATION,
CHEMBL5314428,EFO_0000616,INDICATION,
CHEMBL5314428,EFO_0000681,INDICATION,
CHEMBL5314428,EFO_0003060,INDICATION,
CHEMBL5314428,EFO_1001951,INDICATION,
CHEMBL5314429,EFO_0000198,INDICATION,
CHEMBL5314429,EFO_0000565,INDICATION,
CHEMBL5314429,EFO_0000616,INDICATION,
CHEMBL5314430,EFO_0000616,INDICATION,
CHEMBL5314430,EFO_0005221,INDICATION,
CHEMBL5314430,MONDO_0007254,INDICATION,
CHEMBL5314431,EFO_0000616,INDICATION,
CHEMBL5314432,EFO_0000763,INDICATION,
CHEMBL5314436,EFO_0000616,INDICATION,
CHEMBL5314439,EFO_0000771,INDICATION,
CHEMBL5314440,EFO_0000616,INDICATION,
CHEMBL5314443,MP_0001845,INDICATION,
CHEMBL5314447,EFO_0000616,INDICATION,
CHEMBL5314451,EFO_0000763,INDICATION,
CHEMBL5314452,EFO_0000616,INDICATION,
CHEMBL5314454,EFO_0000616,INDICATION,
CHEMBL5314455,EFO_0000616,INDICATION,
CHEMBL5314456,EFO_0000616,INDICATION,
CHEMBL5314458,EFO_0000616,INDICATION,
CHEMBL5314461,EFO_0000616,INDICATION,
CHEMBL5314463,EFO_0000616,INDICATION,
CHEMBL5314466,EFO_0000616,INDICATION,
CHEMBL5314468,EFO_0000616,INDICATION,
CHEMBL5314470,EFO_0000616,INDICATION,
CHEMBL5314471,EFO_0000616,INDICATION,
CHEMBL5314472,EFO_0000763,INDICATION,
CHEMBL5314475,EFO_0000616,INDICATION,
CHEMBL5314476,EFO_0000616,INDICATION,
CHEMBL5314478,MP_0001845,INDICATION,
CHEMBL5314480,EFO_0000616,INDICATION,
CHEMBL5314484,MONDO_0002041,INDICATION,
CHEMBL5314485,MP_0001845,INDICATION,
CHEMBL5314490,EFO_0000616,INDICATION,
CHEMBL5314491,EFO_0000771,INDICATION,
CHEMBL5314492,EFO_0005809,INDICATION,
CHEMBL5314494,EFO_0000616,INDICATION,
CHEMBL5314496,MP_0001845,INDICATION,
CHEMBL5314497,EFO_0000616,INDICATION,
CHEMBL5314498,EFO_0000616,INDICATION,
CHEMBL5314500,EFO_0000763,INDICATION,
CHEMBL5314501,EFO_0000616,INDICATION,
CHEMBL5314504,EFO_0000763,INDICATION,
CHEMBL5314510,EFO_0000616,INDICATION,
CHEMBL5314511,EFO_0000616,INDICATION,
CHEMBL5314512,EFO_0000616,INDICATION,
CHEMBL5314515,EFO_0000616,INDICATION,
CHEMBL5314517,EFO_0000616,INDICATION,
CHEMBL5314518,EFO_0000616,INDICATION,
CHEMBL5314520,EFO_0000616,INDICATION,
CHEMBL5314521,EFO_0000616,INDICATION,
CHEMBL5314523,EFO_0000616,INDICATION,
CHEMBL5314524,MP_0001845,INDICATION,
CHEMBL5314526,EFO_0000616,INDICATION,
CHEMBL5314528,EFO_0000616,INDICATION,
CHEMBL5314530,EFO_0000763,INDICATION,
CHEMBL5314531,EFO_0000616,INDICATION,
CHEMBL5314532,EFO_0006890,INDICATION,
CHEMBL5314535,EFO_0000616,INDICATION,
CHEMBL5314537,EFO_0000616,INDICATION,
CHEMBL5314538,EFO_0000616,INDICATION,
CHEMBL5314539,EFO_0000616,INDICATION,
CHEMBL5314540,EFO_0000616,INDICATION,
CHEMBL5314541,EFO_0000616,INDICATION,
CHEMBL5314543,EFO_0000616,INDICATION,
CHEMBL5314545,EFO_0000616,INDICATION,
CHEMBL5314547,EFO_0000616,INDICATION,
CHEMBL5314548,MP_0001845,INDICATION,
CHEMBL5314551,EFO_0000181,INDICATION,
CHEMBL5314551,EFO_0000182,INDICATION,
CHEMBL5314551,EFO_0000198,INDICATION,
CHEMBL5314551,EFO_0000616,INDICATION,
CHEMBL5314551,EFO_0000673,INDICATION,
CHEMBL5314551,EFO_0000756,INDICATION,
CHEMBL5314551,EFO_0002618,INDICATION,
CHEMBL5314551,EFO_1001950,INDICATION,
CHEMBL5314551,MONDO_0004992,INDICATION,
CHEMBL5314551,MONDO_0100096,INDICATION,
CHEMBL5314552,EFO_1000886,INDICATION,
CHEMBL5314552,MONDO_0016586,INDICATION,
CHEMBL5314553,EFO_0000182,INDICATION,
CHEMBL5314553,EFO_0000616,INDICATION,
CHEMBL5314553,EFO_1001513,INDICATION,
CHEMBL5314554,EFO_0000616,INDICATION,
CHEMBL5314555,EFO_0000616,INDICATION,
CHEMBL5314555,EFO_1001961,INDICATION,
CHEMBL5314556,EFO_0000616,INDICATION,
CHEMBL5314557,MONDO_0005090,INDICATION,
CHEMBL5314558,EFO_0000616,INDICATION,
CHEMBL5314558,MONDO_0008315,INDICATION,
CHEMBL5314559,EFO_0000616,INDICATION,
CHEMBL5314559,MONDO_0008315,INDICATION,
CHEMBL5314560,EFO_1000852,INDICATION,
CHEMBL5314560,EFO_1001485,INDICATION,
CHEMBL5314560,EFO_1001901,INDICATION,
CHEMBL5314561,MONDO_0002009,INDICATION,
CHEMBL5314561,MONDO_0005090,INDICATION,
CHEMBL5314561,MONDO_0005180,INDICATION,
CHEMBL5314561,MONDO_0016158,INDICATION,
CHEMBL5314562,EFO_0009851,INDICATION,
CHEMBL5314562,Orphanet_206966,INDICATION,
CHEMBL5314562,Orphanet_309005,INDICATION,
CHEMBL5314563,EFO_0000771,INDICATION,
CHEMBL5314564,EFO_0000096,INDICATION,
CHEMBL5314564,EFO_0003060,INDICATION,
CHEMBL5314565,EFO_0000618,INDICATION,
CHEMBL5314565,MONDO_0004976,INDICATION,
CHEMBL5314566,EFO_0003770,INDICATION,
CHEMBL5314566,EFO_0003843,INDICATION,
CHEMBL5314567,EFO_0005809,INDICATION,
CHEMBL5314567,MP_0001845,INDICATION,
CHEMBL5314568,MONDO_0100096,INDICATION,
CHEMBL5314569,EFO_0000616,INDICATION,
CHEMBL5314570,EFO_0000616,INDICATION,
CHEMBL5314571,EFO_0000616,INDICATION,
CHEMBL5314571,MONDO_0002334,INDICATION,
CHEMBL5314572,EFO_0000616,INDICATION,
CHEMBL5314572,MONDO_0002334,INDICATION,
CHEMBL5314573,EFO_0000616,INDICATION,
CHEMBL5314573,MONDO_0002334,INDICATION,
CHEMBL5314574,EFO_0000616,INDICATION,
CHEMBL5314574,MONDO_0002334,INDICATION,
CHEMBL5314575,EFO_0000764,INDICATION,
CHEMBL5314576,MONDO_0004975,INDICATION,
CHEMBL5314576,MONDO_0005090,INDICATION,
CHEMBL5314577,EFO_0001073,INDICATION,
CHEMBL5314577,MONDO_0005148,INDICATION,
CHEMBL5314578,EFO_0006788,INDICATION,
CHEMBL5314578,MONDO_0002009,INDICATION,
CHEMBL5314579,EFO_0003086,INDICATION,
CHEMBL5314579,EFO_0007388,INDICATION,
CHEMBL5314579,MONDO_0007606,INDICATION,
CHEMBL5314580,EFO_0007388,INDICATION,
CHEMBL5314580,MONDO_0007606,INDICATION,
CHEMBL5314581,EFO_0000616,INDICATION,
CHEMBL5314582,EFO_0000616,INDICATION,
CHEMBL5314585,EFO_0000685,INDICATION,
CHEMBL5314585,EFO_0003778,INDICATION,
CHEMBL5314585,EFO_0003898,INDICATION,
CHEMBL5314585,EFO_0005809,INDICATION,
CHEMBL5314586,MONDO_0005180,INDICATION,
CHEMBL5314587,EFO_0000616,INDICATION,
CHEMBL5314588,EFO_0007363,INDICATION,
CHEMBL5314588,EFO_1000906,INDICATION,
CHEMBL5314589,EFO_0001358,INDICATION,
CHEMBL5314589,EFO_0010702,INDICATION,
CHEMBL5314590,EFO_0000713,INDICATION,
CHEMBL5314591,MONDO_0019623,INDICATION,
CHEMBL5314592,EFO_0004208,INDICATION,
CHEMBL5314592,EFO_1000710,INDICATION,
CHEMBL5314592,MONDO_0021739,INDICATION,
CHEMBL5314593,EFO_0000174,INDICATION,
CHEMBL5314593,EFO_0000616,INDICATION,
CHEMBL5314594,EFO_0000616,INDICATION,
CHEMBL5314595,EFO_0000319,INDICATION,
CHEMBL5314595,MONDO_0100096,INDICATION,
CHEMBL5314595,MP_0001845,INDICATION,
CHEMBL5314596,EFO_0000319,INDICATION,
CHEMBL5314596,MONDO_0100096,INDICATION,
CHEMBL5314596,MP_0001845,INDICATION,
CHEMBL5314597,EFO_1001069,INDICATION,
CHEMBL5314597,MONDO_0005041,INDICATION,
CHEMBL5314598,EFO_0004616,INDICATION,
CHEMBL5314598,MONDO_0005178,INDICATION,
CHEMBL5314598,MP_0001845,INDICATION,
CHEMBL5314599,EFO_0004616,INDICATION,
CHEMBL5314599,MONDO_0005178,INDICATION,
CHEMBL5314599,MP_0001845,INDICATION,
CHEMBL5314600,EFO_0000616,INDICATION,
CHEMBL5314601,EFO_0000616,INDICATION,
CHEMBL5314602,MONDO_0015760,INDICATION,
CHEMBL5314603,EFO_0001361,INDICATION,
CHEMBL5314604,EFO_0000616,INDICATION,
CHEMBL5314605,EFO_0000616,INDICATION,
CHEMBL5314606,EFO_0004683,INDICATION,
CHEMBL5314606,EFO_1001492,INDICATION,
CHEMBL5314606,MONDO_0019353,INDICATION,
CHEMBL5314607,EFO_0004683,INDICATION,
CHEMBL5314607,EFO_1001492,INDICATION,
CHEMBL5314607,MONDO_0019353,INDICATION,
CHEMBL5314608,EFO_0000676,INDICATION,
CHEMBL5314612,EFO_0000616,INDICATION,
CHEMBL5314613,EFO_0000333,INDICATION,
CHEMBL5314613,EFO_0000616,INDICATION,
CHEMBL5314614,MONDO_0005277,INDICATION,
CHEMBL5314615,MONDO_0100096,INDICATION,
CHEMBL5314616,EFO_0000616,INDICATION,
CHEMBL5314617,EFO_0003770,INDICATION,
CHEMBL5314617,EFO_0004264,INDICATION,
CHEMBL5314617,EFO_0004683,INDICATION,
CHEMBL5314618,EFO_0003770,INDICATION,
CHEMBL5314618,EFO_0004264,INDICATION,
CHEMBL5314618,EFO_0004683,INDICATION,
CHEMBL5314619,EFO_0000222,INDICATION,
CHEMBL5314619,EFO_0000519,INDICATION,
CHEMBL5314620,EFO_0005772,INDICATION,
CHEMBL5314620,MONDO_0004069,INDICATION,
CHEMBL5314620,MONDO_0004975,INDICATION,
CHEMBL5314620,MONDO_0005090,INDICATION,
CHEMBL5314621,EFO_0004239,INDICATION,
CHEMBL5314621,EFO_0007304,INDICATION,
CHEMBL5314622,MONDO_0005301,INDICATION,
CHEMBL5314623,MONDO_0000831,INDICATION,
CHEMBL5314624,EFO_0005809,INDICATION,
CHEMBL5314625,EFO_0000763,INDICATION,
CHEMBL5314627,EFO_0000616,INDICATION,
CHEMBL5314628,EFO_0000676,INDICATION,
CHEMBL5314628,EFO_0000729,INDICATION,
CHEMBL5314628,EFO_1000710,INDICATION,
CHEMBL5314628,MP_0001845,INDICATION,
CHEMBL5314629,EFO_0000616,INDICATION,
CHEMBL5314630,EFO_0000616,INDICATION,
CHEMBL5314631,EFO_0001073,INDICATION,
CHEMBL5314631,EFO_0001421,INDICATION,
CHEMBL5314631,MONDO_0005148,INDICATION,
CHEMBL5314632,EFO_0003095,INDICATION,
CHEMBL5314632,EFO_1001249,INDICATION,
CHEMBL5314633,EFO_1001875,INDICATION,
CHEMBL5314635,EFO_0003095,INDICATION,
CHEMBL5314636,MONDO_0001576,INDICATION,
CHEMBL5314637,EFO_0008533,INDICATION,
CHEMBL5314637,EFO_1001355,INDICATION,
CHEMBL5314638,Orphanet_309005,INDICATION,
CHEMBL5314640,EFO_0000274,INDICATION,
CHEMBL5314640,EFO_0005531,INDICATION,
CHEMBL5314640,EFO_0005809,INDICATION,
CHEMBL5314640,MONDO_0005271,INDICATION,
CHEMBL5314642,EFO_0009314,INDICATION,
CHEMBL5314642,EFO_1000906,INDICATION,
CHEMBL5314642,MONDO_0010602,INDICATION,
CHEMBL5314642,Orphanet_903,INDICATION,
CHEMBL5314643,EFO_1000906,INDICATION,
CHEMBL5314644,EFO_0004197,INDICATION,
CHEMBL5314645,EFO_0004197,INDICATION,
CHEMBL5314646,MONDO_0002046,INDICATION,
CHEMBL5314647,MONDO_0002046,INDICATION,
CHEMBL5314648,MONDO_0018328,INDICATION,
CHEMBL5314649,EFO_0004192,INDICATION,
CHEMBL5314652,MP_0001845,INDICATION,
CHEMBL5314655,EFO_0000616,INDICATION,
CHEMBL5314657,MONDO_0005180,INDICATION,
CHEMBL5314660,EFO_0000771,INDICATION,
CHEMBL5314663,EFO_0000616,INDICATION,
CHEMBL5314665,EFO_0000616,INDICATION,
CHEMBL5314666,EFO_0000616,INDICATION,
CHEMBL5314667,EFO_0000616,INDICATION,
CHEMBL5314672,EFO_0000616,INDICATION,
CHEMBL5314673,EFO_0000763,INDICATION,
CHEMBL5314674,EFO_0000616,INDICATION,
CHEMBL5314676,EFO_0000616,INDICATION,
CHEMBL5314677,EFO_0000616,INDICATION,
CHEMBL5314680,EFO_0000616,INDICATION,
CHEMBL5314681,MONDO_0005271,INDICATION,
CHEMBL5314682,EFO_0000616,INDICATION,
CHEMBL5314683,EFO_0000616,INDICATION,
CHEMBL5314684,EFO_0000616,INDICATION,
CHEMBL5314685,EFO_0000616,INDICATION,
CHEMBL5314686,EFO_0000616,INDICATION,
CHEMBL5314687,MP_0001845,INDICATION,
CHEMBL5314688,EFO_0000616,INDICATION,
CHEMBL5314689,EFO_0000616,INDICATION,
CHEMBL5314691,MONDO_0005271,INDICATION,
CHEMBL5314693,EFO_0000616,INDICATION,
CHEMBL5314697,EFO_0000616,INDICATION,
CHEMBL5314698,EFO_0000616,INDICATION,
CHEMBL5314700,EFO_0000616,INDICATION,
CHEMBL5314701,EFO_0000616,INDICATION,
CHEMBL5314702,EFO_0000616,INDICATION,
CHEMBL5314703,EFO_0000616,INDICATION,
CHEMBL5314705,MP_0001845,INDICATION,
CHEMBL5314706,EFO_0000616,INDICATION,
CHEMBL5314708,EFO_0000616,INDICATION,
CHEMBL5314711,EFO_0000616,INDICATION,
CHEMBL5314712,EFO_0000616,INDICATION,
CHEMBL5314713,EFO_0000616,INDICATION,
CHEMBL5314714,EFO_0000616,INDICATION,
CHEMBL5314715,EFO_0000616,INDICATION,
CHEMBL5314716,EFO_0000616,INDICATION,
CHEMBL5314717,MP_0001845,INDICATION,
CHEMBL5314722,EFO_0000616,INDICATION,
CHEMBL5314723,EFO_0000616,INDICATION,
CHEMBL5314724,EFO_0000616,INDICATION,
CHEMBL5314726,EFO_0000616,INDICATION,
CHEMBL5314729,EFO_0000616,INDICATION,
CHEMBL5314730,EFO_0000616,INDICATION,
CHEMBL5314731,MP_0001845,INDICATION,
CHEMBL5314732,EFO_0000616,INDICATION,
CHEMBL5314733,MP_0001845,INDICATION,
CHEMBL5314734,EFO_0000616,INDICATION,
CHEMBL5314741,EFO_0000616,INDICATION,
CHEMBL5314742,EFO_0000616,INDICATION,
CHEMBL5314745,EFO_0000616,INDICATION,
CHEMBL5314746,EFO_0000616,INDICATION,
CHEMBL5314752,EFO_0000616,INDICATION,
CHEMBL5314753,EFO_0000616,INDICATION,
CHEMBL5314754,EFO_0000616,INDICATION,
CHEMBL5314755,EFO_0000616,INDICATION,
CHEMBL5314756,EFO_0000616,INDICATION,
CHEMBL5314757,EFO_0000616,INDICATION,
CHEMBL5314758,EFO_0000616,INDICATION,
CHEMBL5314764,EFO_0000616,INDICATION,
CHEMBL5314765,EFO_0000616,INDICATION,
CHEMBL5314766,EFO_0000616,INDICATION,
CHEMBL5314767,EFO_0000616,INDICATION,
CHEMBL5314768,MP_0001845,INDICATION,
CHEMBL5314770,EFO_0000616,INDICATION,
CHEMBL5314771,EFO_0000616,INDICATION,
CHEMBL5314772,EFO_0000616,INDICATION,
CHEMBL5314774,EFO_0000616,INDICATION,
CHEMBL5314775,EFO_0000616,INDICATION,
CHEMBL5314777,EFO_0000616,INDICATION,
CHEMBL5314778,MP_0001845,INDICATION,
CHEMBL5314779,EFO_0000616,INDICATION,
CHEMBL5314780,EFO_0000616,INDICATION,
CHEMBL5314781,MP_0001845,INDICATION,
CHEMBL5314782,EFO_0000616,INDICATION,
CHEMBL5314783,EFO_0000616,INDICATION,
CHEMBL5314785,EFO_0005809,INDICATION,
CHEMBL5314786,EFO_0000616,INDICATION,
CHEMBL5314787,EFO_0000616,INDICATION,
CHEMBL5314788,EFO_0000616,INDICATION,
CHEMBL5314789,EFO_0000616,INDICATION,
CHEMBL5314790,EFO_0000616,INDICATION,
CHEMBL5314791,MONDO_0100096,INDICATION,
CHEMBL5314792,EFO_0000763,INDICATION,
CHEMBL5314793,MONDO_0100096,INDICATION,
CHEMBL5314794,MONDO_0100096,INDICATION,
CHEMBL5314795,MONDO_0100096,INDICATION,
CHEMBL5314796,MONDO_0100096,INDICATION,
CHEMBL5314797,MONDO_0100096,INDICATION,
CHEMBL5314798,MONDO_0100096,INDICATION,
CHEMBL5314800,MONDO_0100096,INDICATION,
CHEMBL5314801,EFO_0000275,INDICATION,
CHEMBL5314801,EFO_0003827,INDICATION,
CHEMBL5314801,EFO_0003907,INDICATION,
CHEMBL5314802,MONDO_0100096,INDICATION,
CHEMBL5314803,MONDO_0100096,INDICATION,
CHEMBL5314804,MONDO_0100096,INDICATION,
CHEMBL5314805,MONDO_0100096,INDICATION,
CHEMBL5314806,MONDO_0100096,INDICATION,
CHEMBL5314807,EFO_0005809,INDICATION,
CHEMBL5314808,EFO_0000616,INDICATION,
CHEMBL5314811,EFO_0000616,INDICATION,
CHEMBL5314812,EFO_0000616,INDICATION,
CHEMBL5314815,EFO_0000616,INDICATION,
CHEMBL5314816,EFO_0000616,INDICATION,
CHEMBL5314817,EFO_0005809,INDICATION,
CHEMBL5314819,EFO_0000616,INDICATION,
CHEMBL5314824,MP_0001845,INDICATION,
CHEMBL5314826,EFO_0000616,INDICATION,
CHEMBL5314827,EFO_0000616,INDICATION,
CHEMBL5314828,EFO_0000616,INDICATION,
CHEMBL5314830,EFO_0000616,INDICATION,
CHEMBL5314831,EFO_0000616,INDICATION,
CHEMBL5314832,EFO_0000616,INDICATION,
CHEMBL5314833,EFO_0000616,INDICATION,
CHEMBL5314834,MP_0001845,INDICATION,
CHEMBL5314836,EFO_0000616,INDICATION,
CHEMBL5314837,EFO_0000616,INDICATION,
CHEMBL5314839,EFO_0000616,INDICATION,
CHEMBL5314841,EFO_0000616,INDICATION,
CHEMBL5314842,EFO_0000616,INDICATION,
CHEMBL5314843,EFO_0000616,INDICATION,
CHEMBL5314845,EFO_0000616,INDICATION,
CHEMBL5314846,EFO_0000616,INDICATION,
CHEMBL5314847,EFO_0000616,INDICATION,
CHEMBL5314848,MP_0001845,INDICATION,
CHEMBL5314852,EFO_0000616,INDICATION,
CHEMBL5314854,EFO_0005809,INDICATION,
CHEMBL5314855,EFO_0000616,INDICATION,
CHEMBL5314856,EFO_0000616,INDICATION,
CHEMBL5314857,EFO_0000616,INDICATION,
CHEMBL5314858,EFO_0000616,INDICATION,
CHEMBL5314859,EFO_0000616,INDICATION,
CHEMBL5314861,EFO_0000616,INDICATION,
CHEMBL5314862,EFO_0000616,INDICATION,
CHEMBL5314863,MP_0001845,INDICATION,
CHEMBL5314865,EFO_0000616,INDICATION,
CHEMBL5314867,EFO_0000616,INDICATION,
CHEMBL5314870,EFO_0000616,INDICATION,
CHEMBL5314871,EFO_0000616,INDICATION,
CHEMBL5314872,EFO_0000616,INDICATION,
CHEMBL5314873,EFO_0000616,INDICATION,
CHEMBL5314874,MP_0001845,INDICATION,
CHEMBL5314875,EFO_0000616,INDICATION,
CHEMBL5314876,EFO_0005809,INDICATION,
CHEMBL5314878,EFO_0000616,INDICATION,
CHEMBL5314879,EFO_0000616,INDICATION,
CHEMBL5314880,EFO_0000763,INDICATION,
CHEMBL5314882,MP_0001845,INDICATION,
CHEMBL5314883,EFO_0000616,INDICATION,
CHEMBL5314886,EFO_0000616,INDICATION,
CHEMBL5314887,EFO_0000763,INDICATION,
CHEMBL5314888,EFO_0000616,INDICATION,
CHEMBL5314889,EFO_0000616,INDICATION,
CHEMBL5314890,EFO_0000616,INDICATION,
CHEMBL5314892,EFO_0000616,INDICATION,
CHEMBL5314894,EFO_0000616,INDICATION,
CHEMBL5314896,EFO_0000616,INDICATION,
CHEMBL5314898,EFO_0000771,INDICATION,
CHEMBL5314907,EFO_0008496,INDICATION,
CHEMBL5314908,MONDO_0004976,INDICATION,
CHEMBL5314909,MONDO_0002009,INDICATION,
CHEMBL5314910,MONDO_0002009,INDICATION,
CHEMBL5314911,EFO_0000616,INDICATION,
CHEMBL5314911,MONDO_0004992,INDICATION,
CHEMBL5314912,EFO_0005669,INDICATION,
CHEMBL5314914,EFO_0000519,INDICATION,
CHEMBL5314915,EFO_0000220,INDICATION,
CHEMBL5314915,EFO_0000222,INDICATION,
CHEMBL5314918,EFO_0000339,INDICATION,
CHEMBL5314919,MONDO_0004992,INDICATION,
CHEMBL5314920,EFO_0000095,INDICATION,
CHEMBL5314922,EFO_0000768,INDICATION,
CHEMBL5314924,EFO_0001421,INDICATION,
CHEMBL5314924,MONDO_0004975,INDICATION,
CHEMBL5314924,MONDO_0005090,INDICATION,
CHEMBL5314926,EFO_0000519,INDICATION,
CHEMBL5314926,EFO_0000616,INDICATION,
CHEMBL5314927,MONDO_0005148,INDICATION,
CHEMBL5314929,MONDO_0002050,INDICATION,
CHEMBL5314930,EFO_0001073,INDICATION,
CHEMBL5314931,EFO_1000049,INDICATION,
CHEMBL5314931,MONDO_0018076,INDICATION,
CHEMBL5314932,EFO_0000616,INDICATION,
CHEMBL5314933,EFO_0000616,INDICATION,
CHEMBL5314933,EFO_0001663,INDICATION,
CHEMBL5314933,MONDO_0002334,INDICATION,
CHEMBL5314934,MONDO_0009061,INDICATION,
CHEMBL5314935,EFO_0003095,INDICATION,
CHEMBL5314936,MONDO_0008315,INDICATION,
CHEMBL5314938,EFO_0003060,INDICATION,
CHEMBL5314940,EFO_0000349,INDICATION,
CHEMBL5314940,EFO_0000503,INDICATION,
CHEMBL5314940,Orphanet_145,INDICATION,
CHEMBL5314943,EFO_0000673,INDICATION,
CHEMBL5314944,MONDO_0002009,INDICATION,
CHEMBL5314945,EFO_0000685,INDICATION,
CHEMBL5314947,EFO_0001073,INDICATION,
CHEMBL5314947,MONDO_0008300,INDICATION,
CHEMBL5314948,MONDO_0005090,INDICATION,
CHEMBL5314949,MONDO_0005148,INDICATION,
CHEMBL5314950,EFO_0004269,INDICATION,
CHEMBL5314951,EFO_0000095,INDICATION,
CHEMBL5314951,EFO_0000616,INDICATION,
CHEMBL5314951,EFO_0001378,INDICATION,
CHEMBL5314951,EFO_1001469,INDICATION,
CHEMBL5314951,MONDO_0004992,INDICATION,
CHEMBL5314952,EFO_0003060,INDICATION,
CHEMBL5314953,EFO_0003060,INDICATION,
CHEMBL5314954,EFO_0001378,INDICATION,
CHEMBL5314955,MONDO_0005148,INDICATION,
CHEMBL5314956,MONDO_0005090,INDICATION,
CHEMBL5314957,MONDO_0005148,INDICATION,
CHEMBL5314958,EFO_0003086,INDICATION,
CHEMBL5314958,EFO_1000783,INDICATION,
CHEMBL5314959,MONDO_0004975,INDICATION,
CHEMBL5314960,EFO_0000544,INDICATION,
CHEMBL5314961,EFO_0001421,INDICATION,
CHEMBL5314961,EFO_0003884,INDICATION,
CHEMBL5314962,EFO_0000544,INDICATION,
CHEMBL5314962,EFO_0000771,INDICATION,
CHEMBL5314963,EFO_0003770,INDICATION,
CHEMBL5314964,MONDO_0008315,INDICATION,
CHEMBL5314965,EFO_0007141,INDICATION,
CHEMBL5314965,EFO_1000906,INDICATION,
CHEMBL5314966,MONDO_0004976,INDICATION,
CHEMBL5314967,EFO_0007328,INDICATION,
CHEMBL5314968,EFO_0000616,INDICATION,
CHEMBL5314968,EFO_0003060,INDICATION,
CHEMBL5314968,MONDO_0004992,INDICATION,
CHEMBL5314969,MONDO_0004992,INDICATION,
CHEMBL5314970,MONDO_0019180,INDICATION,
CHEMBL5314973,EFO_0001378,INDICATION,
CHEMBL5314974,EFO_0003948,INDICATION,
CHEMBL5314974,EFO_0004244,INDICATION,
CHEMBL5314975,EFO_1001413,INDICATION,
CHEMBL5314977,EFO_0000729,INDICATION,
CHEMBL5314977,MP_0001845,INDICATION,
CHEMBL5314979,EFO_0000274,INDICATION,
CHEMBL5314981,EFO_0000717,INDICATION,
CHEMBL5314981,EFO_0004256,INDICATION,
CHEMBL5314982,EFO_0000616,INDICATION,
CHEMBL5314983,EFO_0000398,INDICATION,
CHEMBL5314984,EFO_0005952,INDICATION,
CHEMBL5314986,EFO_0000764,INDICATION,
CHEMBL5314986,EFO_1001475,INDICATION,
CHEMBL5314987,EFO_0000616,INDICATION,
CHEMBL5314987,EFO_0003060,INDICATION,
CHEMBL5314988,EFO_0000389,INDICATION,
CHEMBL5314988,EFO_0000574,INDICATION,
CHEMBL5314988,EFO_0000685,INDICATION,
CHEMBL5314988,EFO_0001378,INDICATION,
CHEMBL5314988,MONDO_0001187,INDICATION,
CHEMBL5314988,MONDO_0002367,INDICATION,
CHEMBL5314988,MONDO_0007254,INDICATION,
CHEMBL5314988,MONDO_0008315,INDICATION,
CHEMBL5314988,MONDO_0008903,INDICATION,
CHEMBL5314989,EFO_0000182,INDICATION,
CHEMBL5314990,EFO_1001466,INDICATION,
CHEMBL5314991,MONDO_0100096,INDICATION,
CHEMBL5314993,MONDO_0002171,INDICATION,
CHEMBL5314994,EFO_0000616,INDICATION,
CHEMBL5314995,EFO_0000764,INDICATION,
CHEMBL5314998,EFO_0000183,INDICATION,
CHEMBL5314998,EFO_0000616,INDICATION,
CHEMBL5314998,EFO_0002617,INDICATION,
CHEMBL5314999,EFO_0000681,INDICATION,
CHEMBL5315001,EFO_0000182,INDICATION,
CHEMBL5315001,EFO_0000616,INDICATION,
CHEMBL5315001,EFO_0003060,INDICATION,
CHEMBL5315001,EFO_0005922,INDICATION,
CHEMBL5315002,MONDO_0004979,INDICATION,
CHEMBL5315002,MP_0001845,INDICATION,
CHEMBL5315003,EFO_0003060,INDICATION,
CHEMBL5315003,EFO_0004193,INDICATION,
CHEMBL5315003,EFO_1001471,INDICATION,
CHEMBL5315003,MONDO_0007254,INDICATION,
CHEMBL5315005,EFO_1001012,INDICATION,
CHEMBL5315006,EFO_0000180,INDICATION,
CHEMBL5315006,EFO_0000763,INDICATION,
CHEMBL5315006,EFO_0000764,INDICATION,
CHEMBL5315006,EFO_0000765,INDICATION,
CHEMBL5315007,EFO_0000616,INDICATION,
CHEMBL5315008,EFO_0000183,INDICATION,
CHEMBL5315008,EFO_0000616,INDICATION,
CHEMBL5315008,EFO_0002913,INDICATION,
CHEMBL5315009,MONDO_0011382,INDICATION,
CHEMBL5315010,EFO_0000616,INDICATION,
CHEMBL5315010,EFO_0003060,INDICATION,
CHEMBL5315011,EFO_0000763,INDICATION,
CHEMBL5315011,MONDO_0100096,INDICATION,
CHEMBL5315013,EFO_0000616,INDICATION,
CHEMBL5315014,EFO_0000616,INDICATION,
CHEMBL5315015,EFO_1000906,INDICATION,
CHEMBL5315016,MONDO_0019438,INDICATION,
CHEMBL5315017,MONDO_0011382,INDICATION,
CHEMBL5315018,EFO_0000222,INDICATION,
CHEMBL5315019,EFO_0000616,INDICATION,
CHEMBL5315020,MP_0001845,INDICATION,
CHEMBL5315021,EFO_0000222,INDICATION,
CHEMBL5315021,EFO_0000403,INDICATION,
CHEMBL5315021,EFO_0001378,INDICATION,
CHEMBL5315022,EFO_0000616,INDICATION,
CHEMBL5315023,EFO_0000616,INDICATION,
CHEMBL5315023,EFO_0003060,INDICATION,
CHEMBL5315025,EFO_0000616,INDICATION,
CHEMBL5315027,MONDO_0005148,INDICATION,
CHEMBL5315028,EFO_0000400,INDICATION,
CHEMBL5315028,EFO_0001073,INDICATION,
CHEMBL5315028,MONDO_0005148,INDICATION,
CHEMBL5315029,EFO_1000710,INDICATION,
CHEMBL5315029,MONDO_0100096,INDICATION,
CHEMBL5315030,EFO_0000616,INDICATION,
CHEMBL5315030,EFO_0003060,INDICATION,
CHEMBL5315030,EFO_0008528,INDICATION,
CHEMBL5315030,MONDO_0003060,INDICATION,
CHEMBL5315030,MONDO_0007254,INDICATION,
CHEMBL5315031,EFO_0000181,INDICATION,
CHEMBL5315031,EFO_0000616,INDICATION,
CHEMBL5315031,EFO_0003060,INDICATION,
CHEMBL5315031,EFO_0004252,INDICATION,
CHEMBL5315031,MONDO_0003060,INDICATION,
CHEMBL5315033,MONDO_0016244,INDICATION,
CHEMBL5315033,MONDO_0100244,INDICATION,
CHEMBL5315034,MONDO_0100096,INDICATION,
CHEMBL5315035,EFO_0000544,INDICATION,
CHEMBL5315037,EFO_0000616,INDICATION,
CHEMBL5315038,EFO_0005809,INDICATION,
CHEMBL5315038,EFO_1001264,INDICATION,
CHEMBL5315039,EFO_0000616,INDICATION,
CHEMBL5315039,MONDO_0008170,INDICATION,
CHEMBL5315040,EFO_0000574,INDICATION,
CHEMBL5315040,EFO_0000588,INDICATION,
CHEMBL5315040,EFO_0000616,INDICATION,
CHEMBL5315040,EFO_0003060,INDICATION,
CHEMBL5315040,MONDO_0002974,INDICATION,
CHEMBL5315040,MONDO_0007254,INDICATION,
CHEMBL5315041,EFO_0000616,INDICATION,
CHEMBL5315042,EFO_0000096,INDICATION,
CHEMBL5315042,EFO_0000616,INDICATION,
CHEMBL5315042,EFO_0000702,INDICATION,
CHEMBL5315042,EFO_0003060,INDICATION,
CHEMBL5315042,EFO_0004252,INDICATION,
CHEMBL5315042,EFO_0005221,INDICATION,
CHEMBL5315042,MONDO_0002367,INDICATION,
CHEMBL5315042,MONDO_0002974,INDICATION,
CHEMBL5315042,MONDO_0004992,INDICATION,
CHEMBL5315042,MONDO_0008903,INDICATION,
CHEMBL5315042,MONDO_0011962,INDICATION,
CHEMBL5315044,EFO_0000763,INDICATION,
CHEMBL5315044,EFO_0003086,INDICATION,
CHEMBL5315044,EFO_0004239,INDICATION,
CHEMBL5315044,EFO_0007304,INDICATION,
CHEMBL5315045,MONDO_0004976,INDICATION,
CHEMBL5315046,EFO_0003770,INDICATION,
CHEMBL5315047,EFO_0000685,INDICATION,
CHEMBL5315048,EFO_0004991,INDICATION,
CHEMBL5315049,MONDO_0005148,INDICATION,
CHEMBL5315050,EFO_0003917,INDICATION,
CHEMBL5315051,EFO_0006887,INDICATION,
CHEMBL5315052,MONDO_0005180,INDICATION,
CHEMBL5315053,EFO_0000588,INDICATION,
CHEMBL5315053,EFO_0003060,INDICATION,
CHEMBL5315054,MONDO_0005148,INDICATION,
CHEMBL5315055,MONDO_0007079,INDICATION,
CHEMBL5315056,EFO_0005611,INDICATION,
CHEMBL5315061,EFO_0006887,INDICATION,
CHEMBL5315062,EFO_0006887,INDICATION,
CHEMBL5315064,MONDO_0002775,INDICATION,
CHEMBL5315067,MONDO_0008315,INDICATION,
CHEMBL5315068,EFO_0000621,INDICATION,
CHEMBL5315069,MONDO_0010602,INDICATION,
CHEMBL5315071,MONDO_0010602,INDICATION,
CHEMBL5315075,MONDO_0010602,INDICATION,
CHEMBL5315075,MP_0001914,INDICATION,
CHEMBL5315076,MONDO_0010604,INDICATION,
CHEMBL5315077,EFO_0006887,INDICATION,
CHEMBL5315078,MONDO_0010602,INDICATION,
CHEMBL5315078,MONDO_0010604,INDICATION,
CHEMBL5315079,EFO_0006887,INDICATION,
CHEMBL5315080,EFO_0007304,INDICATION,
CHEMBL5315084,MONDO_0001684,INDICATION,
CHEMBL5315086,EFO_0000546,INDICATION,
CHEMBL5315087,EFO_0009316,INDICATION,
CHEMBL5315087,EFO_1001913,INDICATION,
CHEMBL5315089,EFO_0007425,INDICATION,
CHEMBL5315092,EFO_0005802,INDICATION,
CHEMBL5315093,MONDO_0015974,INDICATION,
CHEMBL5315097,MONDO_0013730,INDICATION,
CHEMBL5315099,EFO_0009464,INDICATION,
CHEMBL5315113,EFO_0005802,INDICATION,
CHEMBL5315115,EFO_0003854,INDICATION,
CHEMBL5315119,EFO_0000685,INDICATION,
CHEMBL5315120,MONDO_0017290,INDICATION,
CHEMBL5315121,MONDO_0004651,INDICATION,
CHEMBL5315123,EFO_0003884,INDICATION,
CHEMBL5315124,EFO_0000284,INDICATION,
CHEMBL5315124,EFO_0000341,INDICATION,
CHEMBL5315124,EFO_0000544,INDICATION,
CHEMBL5315124,EFO_0000701,INDICATION,
CHEMBL5315124,EFO_0000764,INDICATION,
CHEMBL5315124,EFO_0000771,INDICATION,
CHEMBL5315124,EFO_0003035,INDICATION,
CHEMBL5315124,EFO_0003086,INDICATION,
CHEMBL5315124,EFO_0003103,INDICATION,
CHEMBL5315124,EFO_0003106,INDICATION,
CHEMBL5315124,EFO_0003830,INDICATION,
CHEMBL5315124,EFO_0004992,INDICATION,
CHEMBL5315124,EFO_0005681,INDICATION,
CHEMBL5315124,EFO_0005952,INDICATION,
CHEMBL5315124,EFO_0006505,INDICATION,
CHEMBL5315124,EFO_0007149,INDICATION,
CHEMBL5315124,EFO_0007328,INDICATION,
CHEMBL5315124,EFO_0007361,INDICATION,
CHEMBL5315124,EFO_0007381,INDICATION,
CHEMBL5315124,EFO_0007486,INDICATION,
CHEMBL5315124,EFO_0008533,INDICATION,
CHEMBL5315124,EFO_1000829,INDICATION,
CHEMBL5315124,EFO_1000961,INDICATION,
CHEMBL5315124,EFO_1001141,INDICATION,
CHEMBL5315124,EFO_1001272,INDICATION,
CHEMBL5315124,EFO_1001318,INDICATION,
CHEMBL5315124,EFO_1001388,INDICATION,
CHEMBL5315124,EFO_1001459,INDICATION,
CHEMBL5315124,EFO_1001888,INDICATION,
CHEMBL5315124,MONDO_0000565,INDICATION,
CHEMBL5315124,MONDO_0001475,INDICATION,
CHEMBL5315124,MONDO_0004992,INDICATION,
CHEMBL5315124,MONDO_0005129,INDICATION,
CHEMBL5315124,MONDO_0009061,INDICATION,
CHEMBL5315124,MONDO_0016047,INDICATION,
CHEMBL5315124,MONDO_0018076,INDICATION,
CHEMBL5315124,MONDO_0019338,INDICATION,
CHEMBL5315124,MONDO_0100096,INDICATION,
CHEMBL5315125,EFO_0000095,INDICATION,
CHEMBL5315125,EFO_0000096,INDICATION,
CHEMBL5315125,EFO_0000574,INDICATION,
CHEMBL5315125,MONDO_0018906,INDICATION,
CHEMBL5315126,EFO_0000545,INDICATION,
CHEMBL5315324,EFO_0000616,INDICATION,
CHEMBL5315324,MONDO_0007254,INDICATION,
CHEMBL5316153,EFO_0000616,INDICATION,
CHEMBL5316155,EFO_0000616,INDICATION,
CHEMBL5316155,MONDO_0008315,INDICATION,
CHEMBL5316156,EFO_0000616,INDICATION,
CHEMBL5316156,MONDO_0008315,INDICATION,
CHEMBL5316157,EFO_0000339,INDICATION,
CHEMBL5316158,MONDO_0004992,INDICATION,
CHEMBL5316161,EFO_0000673,INDICATION,
CHEMBL5316163,MONDO_0005090,INDICATION,
CHEMBL5316164,EFO_0006887,INDICATION,
CHEMBL5316165,EFO_0006887,INDICATION,
CHEMBL5316166,EFO_0001073,INDICATION,
CHEMBL5316167,EFO_0000616,INDICATION,
CHEMBL5316168,EFO_0000676,INDICATION,
CHEMBL532,DOID_7551,INDICATION,
CHEMBL532,EFO_0000095,INDICATION,
CHEMBL532,EFO_0000341,INDICATION,
CHEMBL532,EFO_0000365,INDICATION,
CHEMBL532,EFO_0000544,INDICATION,
CHEMBL532,EFO_0000650,INDICATION,
CHEMBL532,EFO_0000764,INDICATION,
CHEMBL532,EFO_0000771,INDICATION,
CHEMBL532,EFO_0000778,OFF_LABEL_USE,
CHEMBL532,EFO_0003047,INDICATION,
CHEMBL532,EFO_0003060,INDICATION,
CHEMBL532,EFO_0003086,CONTRAINDICATION,
CHEMBL532,EFO_0003102,INDICATION,
CHEMBL532,EFO_0003106,INDICATION,
CHEMBL532,EFO_0003894,INDICATION,
CHEMBL532,EFO_0003948,OFF_LABEL_USE,
CHEMBL532,EFO_0004234,INDICATION,
CHEMBL532,EFO_0004991,CONTRAINDICATION,
CHEMBL532,EFO_0005204,INDICATION,
CHEMBL532,EFO_0005307,CONTRAINDICATION,
CHEMBL532,EFO_0005549,INDICATION,
CHEMBL532,EFO_0005681,INDICATION,
CHEMBL532,EFO_0005803,CONTRAINDICATION,
CHEMBL532,EFO_0007128,OFF_LABEL_USE,
CHEMBL532,EFO_0007205,INDICATION,
CHEMBL532,EFO_0007291,OFF_LABEL_USE,
CHEMBL532,EFO_0007324,INDICATION,
CHEMBL532,EFO_0007347,INDICATION,
CHEMBL532,EFO_0007353,OFF_LABEL_USE,
CHEMBL532,EFO_0007387,INDICATION,
CHEMBL532,EFO_0007486,OFF_LABEL_USE,
CHEMBL532,EFO_0007499,INDICATION,
CHEMBL532,EFO_0007504,INDICATION,
CHEMBL532,EFO_0008510,OFF_LABEL_USE,
CHEMBL532,EFO_0009456,CONTRAINDICATION,
CHEMBL532,EFO_1000690,INDICATION,
CHEMBL532,EFO_1000829,OFF_LABEL_USE,
CHEMBL532,EFO_1000928,OFF_LABEL_USE,
CHEMBL532,EFO_1000948,OFF_LABEL_USE,
CHEMBL532,EFO_1001272,INDICATION,
CHEMBL532,EFO_1001462,OFF_LABEL_USE,
CHEMBL532,EFO_1001888,INDICATION,
CHEMBL532,MONDO_0001056,INDICATION,
CHEMBL532,MONDO_0001080,INDICATION,
CHEMBL532,MONDO_0001701,OFF_LABEL_USE,
CHEMBL532,MONDO_0002307,OFF_LABEL_USE,
CHEMBL532,MONDO_0002406,CONTRAINDICATION,
CHEMBL532,MONDO_0004215,OFF_LABEL_USE,
CHEMBL532,MONDO_0005147,INDICATION,
CHEMBL532,MONDO_0019171,CONTRAINDICATION,
CHEMBL532,MONDO_0021945,CONTRAINDICATION,
CHEMBL532,MONDO_0025598,INDICATION,
CHEMBL532,MONDO_0037821,CONTRAINDICATION,
CHEMBL533,EFO_0004269,INDICATION,
CHEMBL533,EFO_0005307,CONTRAINDICATION,
CHEMBL533,MONDO_0018100,CONTRAINDICATION,
CHEMBL533,MONDO_0019171,CONTRAINDICATION,
CHEMBL53366,EFO_1000781,INDICATION,
CHEMBL534,EFO_0000274,INDICATION,
CHEMBL534,EFO_0003931,INDICATION,
CHEMBL534,EFO_0004149,INDICATION,
CHEMBL534,EFO_0005687,INDICATION,
CHEMBL534,EFO_0005751,INDICATION,
CHEMBL534,EFO_0007141,INDICATION,
CHEMBL534,EFO_0007425,INDICATION,
CHEMBL534,EFO_0008533,INDICATION,
CHEMBL534,EFO_1001417,INDICATION,
CHEMBL534,MONDO_0002406,INDICATION,
CHEMBL534,MONDO_0005271,INDICATION,
CHEMBL534,MONDO_0100096,INDICATION,
CHEMBL53418,EFO_0007149,CONTRAINDICATION,
CHEMBL53418,MONDO_0002203,INDICATION,
CHEMBL53463,EFO_0000094,INDICATION,
CHEMBL53463,EFO_0000095,INDICATION,
CHEMBL53463,EFO_0000096,INDICATION,
CHEMBL53463,EFO_0000174,OFF_LABEL_USE,
CHEMBL53463,EFO_0000182,INDICATION,
CHEMBL53463,EFO_0000183,INDICATION,
CHEMBL53463,EFO_0000198,INDICATION,
CHEMBL53463,EFO_0000209,INDICATION,
CHEMBL53463,EFO_0000211,INDICATION,
CHEMBL53463,EFO_0000220,INDICATION,
CHEMBL53463,EFO_0000222,INDICATION,
CHEMBL53463,EFO_0000223,INDICATION,
CHEMBL53463,EFO_0000231,INDICATION,
CHEMBL53463,EFO_0000239,INDICATION,
CHEMBL53463,EFO_0000248,INDICATION,
CHEMBL53463,EFO_0000255,INDICATION,
CHEMBL53463,EFO_0000305,INDICATION,
CHEMBL53463,EFO_0000309,INDICATION,
CHEMBL53463,EFO_0000313,INDICATION,
CHEMBL53463,EFO_0000318,CONTRAINDICATION,
CHEMBL53463,EFO_0000389,INDICATION,
CHEMBL53463,EFO_0000403,INDICATION,
CHEMBL53463,EFO_0000432,INDICATION,
CHEMBL53463,EFO_0000437,INDICATION,
CHEMBL53463,EFO_0000502,INDICATION,
CHEMBL53463,EFO_0000503,INDICATION,
CHEMBL53463,EFO_0000519,INDICATION,
CHEMBL53463,EFO_0000558,INDICATION,
CHEMBL53463,EFO_0000564,INDICATION,
CHEMBL53463,EFO_0000565,INDICATION,
CHEMBL53463,EFO_0000569,INDICATION,
CHEMBL53463,EFO_0000574,INDICATION,
CHEMBL53463,EFO_0000588,INDICATION,
CHEMBL53463,EFO_0000616,INDICATION,
CHEMBL53463,EFO_0000621,INDICATION,
CHEMBL53463,EFO_0000630,INDICATION,
CHEMBL53463,EFO_0000632,INDICATION,
CHEMBL53463,EFO_0000637,INDICATION,
CHEMBL53463,EFO_0000673,INDICATION,
CHEMBL53463,EFO_0000681,INDICATION,
CHEMBL53463,EFO_0000691,INDICATION,
CHEMBL53463,EFO_0000702,INDICATION,
CHEMBL53463,EFO_0000760,INDICATION,
CHEMBL53463,EFO_0000765,INDICATION,
CHEMBL53463,EFO_0000770,INDICATION,
CHEMBL53463,EFO_0000771,CONTRAINDICATION,
CHEMBL53463,EFO_0001075,INDICATION,
CHEMBL53463,EFO_0001376,INDICATION,
CHEMBL53463,EFO_0001378,INDICATION,
CHEMBL53463,EFO_0002499,INDICATION,
CHEMBL53463,EFO_0002617,INDICATION,
CHEMBL53463,EFO_0002618,INDICATION,
CHEMBL53463,EFO_0002913,INDICATION,
CHEMBL53463,EFO_0002918,INDICATION,
CHEMBL53463,EFO_0003032,INDICATION,
CHEMBL53463,EFO_0003060,INDICATION,
CHEMBL53463,EFO_0003085,INDICATION,
CHEMBL53463,EFO_0003144,CONTRAINDICATION,
CHEMBL53463,EFO_0003777,CONTRAINDICATION,
CHEMBL53463,EFO_0003833,INDICATION,
CHEMBL53463,EFO_0003868,INDICATION,
CHEMBL53463,EFO_0003869,INDICATION,
CHEMBL53463,EFO_0003893,INDICATION,
CHEMBL53463,EFO_0003968,INDICATION,
CHEMBL53463,EFO_0004230,INDICATION,
CHEMBL53463,EFO_0004252,INDICATION,
CHEMBL53463,EFO_0004289,INDICATION,
CHEMBL53463,EFO_0005221,INDICATION,
CHEMBL53463,EFO_0005537,INDICATION,
CHEMBL53463,EFO_0005561,INDICATION,
CHEMBL53463,EFO_0005952,INDICATION,
CHEMBL53463,EFO_0006475,INDICATION,
CHEMBL53463,EFO_0006859,OFF_LABEL_USE,
CHEMBL53463,EFO_0006861,INDICATION,
CHEMBL53463,EFO_0007143,INDICATION,
CHEMBL53463,EFO_0007160,INDICATION,
CHEMBL53463,EFO_0007287,CONTRAINDICATION,
CHEMBL53463,EFO_0007532,INDICATION,
CHEMBL53463,EFO_0008528,INDICATION,
CHEMBL53463,EFO_0009254,INDICATION,
CHEMBL53463,EFO_0009609,CONTRAINDICATION,
CHEMBL53463,EFO_0009708,INDICATION,
CHEMBL53463,EFO_0009907,INDICATION,
CHEMBL53463,EFO_1000044,OFF_LABEL_USE,
CHEMBL53463,EFO_1000131,INDICATION,
CHEMBL53463,EFO_1000158,INDICATION,
CHEMBL53463,EFO_1000251,INDICATION,
CHEMBL53463,EFO_1000292,INDICATION,
CHEMBL53463,EFO_1000294,INDICATION,
CHEMBL53463,EFO_1000350,INDICATION,
CHEMBL53463,EFO_1000576,INDICATION,
CHEMBL53463,EFO_1000581,INDICATION,
CHEMBL53463,EFO_1000595,INDICATION,
CHEMBL53463,EFO_1000796,INDICATION,
CHEMBL53463,EFO_1000852,OFF_LABEL_USE,
CHEMBL53463,EFO_1000984,INDICATION,
CHEMBL53463,EFO_1001042,INDICATION,
CHEMBL53463,EFO_1001100,INDICATION,
CHEMBL53463,EFO_1001365,INDICATION,
CHEMBL53463,EFO_1001469,INDICATION,
CHEMBL53463,EFO_1001512,OFF_LABEL_USE,
CHEMBL53463,EFO_1001901,INDICATION,
CHEMBL53463,EFO_1001951,INDICATION,
CHEMBL53463,EFO_1001968,INDICATION,
CHEMBL53463,EFO_1002017,INDICATION,
CHEMBL53463,MONDO_0000430,INDICATION,
CHEMBL53463,MONDO_0000432,INDICATION,
CHEMBL53463,MONDO_0000465,CONTRAINDICATION,
CHEMBL53463,MONDO_0000870,INDICATION,
CHEMBL53463,MONDO_0000873,INDICATION,
CHEMBL53463,MONDO_0001056,INDICATION,
CHEMBL53463,MONDO_0001187,INDICATION,
CHEMBL53463,MONDO_0001475,INDICATION,
CHEMBL53463,MONDO_0001657,INDICATION,
CHEMBL53463,MONDO_0002041,CONTRAINDICATION,
CHEMBL53463,MONDO_0002087,INDICATION,
CHEMBL53463,MONDO_0002108,INDICATION,
CHEMBL53463,MONDO_0002158,INDICATION,
CHEMBL53463,MONDO_0002280,CONTRAINDICATION,
CHEMBL53463,MONDO_0002367,INDICATION,
CHEMBL53463,MONDO_0002629,INDICATION,
CHEMBL53463,MONDO_0002678,INDICATION,
CHEMBL53463,MONDO_0002691,OFF_LABEL_USE,
CHEMBL53463,MONDO_0002730,INDICATION,
CHEMBL53463,MONDO_0002928,INDICATION,
CHEMBL53463,MONDO_0002974,INDICATION,
CHEMBL53463,MONDO_0003175,INDICATION,
CHEMBL53463,MONDO_0004095,INDICATION,
CHEMBL53463,MONDO_0004192,INDICATION,
CHEMBL53463,MONDO_0004658,INDICATION,
CHEMBL53463,MONDO_0004669,INDICATION,
CHEMBL53463,MONDO_0004986,INDICATION,
CHEMBL53463,MONDO_0004992,INDICATION,
CHEMBL53463,MONDO_0005094,INDICATION,
CHEMBL53463,MONDO_0005184,INDICATION,
CHEMBL53463,MONDO_0006058,INDICATION,
CHEMBL53463,MONDO_0007254,INDICATION,
CHEMBL53463,MONDO_0007576,INDICATION,
CHEMBL53463,MONDO_0008170,INDICATION,
CHEMBL53463,MONDO_0008315,INDICATION,
CHEMBL53463,MONDO_0008380,INDICATION,
CHEMBL53463,MONDO_0008903,INDICATION,
CHEMBL53463,MONDO_0009348,INDICATION,
CHEMBL53463,MONDO_0011934,INDICATION,
CHEMBL53463,MONDO_0011962,INDICATION,
CHEMBL53463,MONDO_0015540,INDICATION,
CHEMBL53463,MONDO_0015564,INDICATION,
CHEMBL53463,MONDO_0015758,OFF_LABEL_USE,
CHEMBL53463,MONDO_0015760,INDICATION,
CHEMBL53463,MONDO_0016691,INDICATION,
CHEMBL53463,MONDO_0016717,INDICATION,
CHEMBL53463,MONDO_0017387,INDICATION,
CHEMBL53463,MONDO_0017816,INDICATION,
CHEMBL53463,MONDO_0018364,INDICATION,
CHEMBL53463,MONDO_0018531,INDICATION,
CHEMBL53463,MONDO_0018906,INDICATION,
CHEMBL53463,MONDO_0019004,INDICATION,
CHEMBL53463,MONDO_0019460,INDICATION,
CHEMBL53463,MONDO_0019471,INDICATION,
CHEMBL53463,MONDO_0019472,INDICATION,
CHEMBL53463,MONDO_0020077,INDICATION,
CHEMBL53463,MONDO_0021054,INDICATION,
CHEMBL53463,MONDO_0021117,INDICATION,
CHEMBL53463,MONDO_0044881,INDICATION,
CHEMBL53463,MONDO_0044917,INDICATION,
CHEMBL53463,MONDO_0100192,CONTRAINDICATION,
CHEMBL53463,MONDO_0100342,INDICATION,
CHEMBL53463,Orphanet_145,INDICATION,
CHEMBL535,EFO_0000095,INDICATION,
CHEMBL535,EFO_0000181,INDICATION,
CHEMBL535,EFO_0000182,INDICATION,
CHEMBL535,EFO_0000196,INDICATION,
CHEMBL535,EFO_0000220,INDICATION,
CHEMBL535,EFO_0000222,INDICATION,
CHEMBL535,EFO_0000228,INDICATION,
CHEMBL535,EFO_0000239,INDICATION,
CHEMBL535,EFO_0000278,CONTRAINDICATION,
CHEMBL535,EFO_0000294,INDICATION,
CHEMBL535,EFO_0000313,INDICATION,
CHEMBL535,EFO_0000349,INDICATION,
CHEMBL535,EFO_0000403,INDICATION,
CHEMBL535,EFO_0000474,CONTRAINDICATION,
CHEMBL535,EFO_0000501,INDICATION,
CHEMBL535,EFO_0000514,INDICATION,
CHEMBL535,EFO_0000519,INDICATION,
CHEMBL535,EFO_0000558,INDICATION,
CHEMBL535,EFO_0000588,INDICATION,
CHEMBL535,EFO_0000616,INDICATION,
CHEMBL535,EFO_0000632,INDICATION,
CHEMBL535,EFO_0000637,INDICATION,
CHEMBL535,EFO_0000640,INDICATION,
CHEMBL535,EFO_0000641,INDICATION,
CHEMBL535,EFO_0000673,INDICATION,
CHEMBL535,EFO_0000681,INDICATION,
CHEMBL535,EFO_0000691,INDICATION,
CHEMBL535,EFO_0000702,INDICATION,
CHEMBL535,EFO_0000756,INDICATION,
CHEMBL535,EFO_0001378,INDICATION,
CHEMBL535,EFO_0002499,INDICATION,
CHEMBL535,EFO_0002617,INDICATION,
CHEMBL535,EFO_0002618,INDICATION,
CHEMBL535,EFO_0002892,INDICATION,
CHEMBL535,EFO_0002938,INDICATION,
CHEMBL535,EFO_0003060,INDICATION,
CHEMBL535,EFO_0003144,CONTRAINDICATION,
CHEMBL535,EFO_0003833,INDICATION,
CHEMBL535,EFO_0003863,INDICATION,
CHEMBL535,EFO_0003865,INDICATION,
CHEMBL535,EFO_0003869,INDICATION,
CHEMBL535,EFO_0003897,INDICATION,
CHEMBL535,EFO_0004142,INDICATION,
CHEMBL535,EFO_0004243,INDICATION,
CHEMBL535,EFO_0004252,INDICATION,
CHEMBL535,EFO_0004705,CONTRAINDICATION,
CHEMBL535,EFO_0005221,INDICATION,
CHEMBL535,EFO_0005307,CONTRAINDICATION,
CHEMBL535,EFO_0006352,INDICATION,
CHEMBL535,EFO_0006861,INDICATION,
CHEMBL535,EFO_0007143,INDICATION,
CHEMBL535,EFO_0007243,INDICATION,
CHEMBL535,EFO_0007331,INDICATION,
CHEMBL535,EFO_0007416,INDICATION,
CHEMBL535,EFO_0008528,INDICATION,
CHEMBL535,EFO_0009189,CONTRAINDICATION,
CHEMBL535,EFO_0009491,CONTRAINDICATION,
CHEMBL535,EFO_1000045,INDICATION,
CHEMBL535,EFO_1000251,INDICATION,
CHEMBL535,EFO_1000576,INDICATION,
CHEMBL535,EFO_1000581,INDICATION,
CHEMBL535,EFO_1000796,INDICATION,
CHEMBL535,EFO_1000905,CONTRAINDICATION,
CHEMBL535,EFO_1000984,INDICATION,
CHEMBL535,EFO_1001465,INDICATION,
CHEMBL535,EFO_1001901,INDICATION,
CHEMBL535,EFO_1001951,INDICATION,
CHEMBL535,EFO_1001968,INDICATION,
CHEMBL535,MONDO_0001056,INDICATION,
CHEMBL535,MONDO_0001187,INDICATION,
CHEMBL535,MONDO_0002087,INDICATION,
CHEMBL535,MONDO_0002158,INDICATION,
CHEMBL535,MONDO_0002280,CONTRAINDICATION,
CHEMBL535,MONDO_0002367,INDICATION,
CHEMBL535,MONDO_0002691,INDICATION,
CHEMBL535,MONDO_0003268,INDICATION,
CHEMBL535,MONDO_0004192,INDICATION,
CHEMBL535,MONDO_0004986,INDICATION,
CHEMBL535,MONDO_0004992,INDICATION,
CHEMBL535,MONDO_0007254,INDICATION,
CHEMBL535,MONDO_0007576,INDICATION,
CHEMBL535,MONDO_0008170,INDICATION,
CHEMBL535,MONDO_0008315,INDICATION,
CHEMBL535,MONDO_0008667,INDICATION,
CHEMBL535,MONDO_0008903,INDICATION,
CHEMBL535,MONDO_0011719,INDICATION,
CHEMBL535,MONDO_0015277,INDICATION,
CHEMBL535,MONDO_0018100,CONTRAINDICATION,
CHEMBL535,MONDO_0018364,INDICATION,
CHEMBL535,MONDO_0019171,CONTRAINDICATION,
CHEMBL535,MONDO_0044926,INDICATION,
CHEMBL535,MONDO_0100192,CONTRAINDICATION,
CHEMBL535396,EFO_0000544,INDICATION,
CHEMBL535396,EFO_0007328,INDICATION,
CHEMBL535607,EFO_0001065,INDICATION,
CHEMBL535650,EFO_0001068,INDICATION,
CHEMBL535650,EFO_0007444,INDICATION,
CHEMBL535650,EFO_0007445,INDICATION,
CHEMBL537,EFO_0003875,CONTRAINDICATION,
CHEMBL537,EFO_0003963,INDICATION,
CHEMBL537,EFO_0009491,CONTRAINDICATION,
CHEMBL537,EFO_1000766,CONTRAINDICATION,
CHEMBL537,MONDO_0001576,CONTRAINDICATION,
CHEMBL537,MONDO_0019289,INDICATION,
CHEMBL537669,EFO_0003768,INDICATION,
CHEMBL537669,EFO_1001917,INDICATION,
CHEMBL537669,MONDO_0002050,INDICATION,
CHEMBL538867,EFO_0000333,INDICATION,
CHEMBL538867,EFO_0000616,INDICATION,
CHEMBL538867,EFO_0002618,INDICATION,
CHEMBL538867,EFO_0004193,INDICATION,
CHEMBL538867,MONDO_0007187,INDICATION,
CHEMBL538943,EFO_0000183,INDICATION,
CHEMBL538943,EFO_0000211,INDICATION,
CHEMBL538943,EFO_0000248,INDICATION,
CHEMBL538943,EFO_0000313,INDICATION,
CHEMBL538943,EFO_0000437,INDICATION,
CHEMBL538943,EFO_0000565,INDICATION,
CHEMBL538943,EFO_0000571,INDICATION,
CHEMBL538943,EFO_0000574,INDICATION,
CHEMBL538943,EFO_0000588,INDICATION,
CHEMBL538943,EFO_0000616,INDICATION,
CHEMBL538943,EFO_0000621,INDICATION,
CHEMBL538943,EFO_0000691,INDICATION,
CHEMBL538943,EFO_0001416,INDICATION,
CHEMBL538943,EFO_0003060,INDICATION,
CHEMBL538943,EFO_0003869,INDICATION,
CHEMBL538943,EFO_0005952,INDICATION,
CHEMBL538943,EFO_0006861,INDICATION,
CHEMBL538943,EFO_1000158,INDICATION,
CHEMBL538943,MONDO_0001187,INDICATION,
CHEMBL538943,MONDO_0001402,INDICATION,
CHEMBL538943,MONDO_0002367,INDICATION,
CHEMBL538943,MONDO_0002974,INDICATION,
CHEMBL538943,MONDO_0004992,INDICATION,
CHEMBL538943,MONDO_0007254,INDICATION,
CHEMBL538943,MONDO_0008315,INDICATION,
CHEMBL538943,MONDO_0008903,INDICATION,
CHEMBL538943,MONDO_0011962,INDICATION,
CHEMBL538943,MONDO_0021063,INDICATION,
CHEMBL539,EFO_0000182,INDICATION,
CHEMBL539,EFO_0004228,INDICATION,
CHEMBL539,EFO_0007281,CONTRAINDICATION,
CHEMBL539,EFO_0009560,INDICATION,
CHEMBL539,EFO_1002022,CONTRAINDICATION,
CHEMBL539,MONDO_0037821,CONTRAINDICATION,
CHEMBL539,MP_0001845,INDICATION,
CHEMBL53904,EFO_0005230,INDICATION,
CHEMBL53904,EFO_0005407,INDICATION,
CHEMBL53904,MONDO_0002050,INDICATION,
CHEMBL53904,MONDO_0005090,INDICATION,
CHEMBL53929,EFO_0000319,INDICATION,
CHEMBL539378,MONDO_0007254,INDICATION,
CHEMBL539423,EFO_0000537,INDICATION,
CHEMBL539423,EFO_0004194,INDICATION,
CHEMBL539423,EFO_0004236,INDICATION,
CHEMBL53950,EFO_0003882,INDICATION,
CHEMBL539666,EFO_0001068,INDICATION,
CHEMBL539666,EFO_0007444,INDICATION,
CHEMBL539697,EFO_0000275,INDICATION,
CHEMBL539697,EFO_0000673,INDICATION,
CHEMBL539697,EFO_0000712,INDICATION,
CHEMBL539697,EFO_0001645,INDICATION,
CHEMBL539697,EFO_0003095,INDICATION,
CHEMBL539697,EFO_0003827,INDICATION,
CHEMBL539697,EFO_0003884,INDICATION,
CHEMBL539697,EFO_0003907,INDICATION,
CHEMBL539697,EFO_0004286,INDICATION,
CHEMBL539697,EFO_0005669,CONTRAINDICATION,
CHEMBL539697,EFO_0009314,CONTRAINDICATION,
CHEMBL539697,EFO_0010726,INDICATION,
CHEMBL539697,EFO_1000652,INDICATION,
CHEMBL539697,MONDO_0000831,INDICATION,
CHEMBL539697,MONDO_0002280,CONTRAINDICATION,
CHEMBL539934,EFO_0000756,INDICATION,
CHEMBL54,EFO_0000474,CONTRAINDICATION,
CHEMBL54,EFO_0000677,INDICATION,
CHEMBL54,EFO_0003015,INDICATION,
CHEMBL54,EFO_0003768,INDICATION,
CHEMBL54,EFO_0004216,INDICATION,
CHEMBL54,EFO_0004247,INDICATION,
CHEMBL54,EFO_0004701,INDICATION,
CHEMBL54,EFO_0004705,CONTRAINDICATION,
CHEMBL54,EFO_0004895,INDICATION,
CHEMBL54,EFO_0005230,INDICATION,
CHEMBL54,EFO_0005251,CONTRAINDICATION,
CHEMBL54,EFO_0005307,CONTRAINDICATION,
CHEMBL54,EFO_0005323,INDICATION,
CHEMBL54,EFO_0005407,INDICATION,
CHEMBL54,EFO_0005411,INDICATION,
CHEMBL54,EFO_0006788,OFF_LABEL_USE,
CHEMBL54,EFO_0009267,OFF_LABEL_USE,
CHEMBL54,EFO_0009550,OFF_LABEL_USE,
CHEMBL54,EFO_0009954,INDICATION,
CHEMBL54,EFO_1000948,OFF_LABEL_USE,
CHEMBL54,EFO_1001212,CONTRAINDICATION,
CHEMBL54,EFO_1001379,CONTRAINDICATION,
CHEMBL54,MONDO_0002050,INDICATION,
CHEMBL54,MONDO_0004975,INDICATION,
CHEMBL54,MONDO_0004985,INDICATION,
CHEMBL54,MONDO_0005090,INDICATION,
CHEMBL54,MONDO_0007739,INDICATION,
CHEMBL54,MONDO_0018100,CONTRAINDICATION,
CHEMBL54,MONDO_0019171,CONTRAINDICATION,
CHEMBL54,MONDO_0021095,CONTRAINDICATION,
CHEMBL541,EFO_0000217,CONTRAINDICATION,
CHEMBL541,EFO_0000319,CONTRAINDICATION,
CHEMBL541,EFO_0000398,INDICATION,
CHEMBL541,EFO_0000400,CONTRAINDICATION,
CHEMBL541,EFO_0000537,CONTRAINDICATION,
CHEMBL541,EFO_0001645,CONTRAINDICATION,
CHEMBL541,EFO_0003086,CONTRAINDICATION,
CHEMBL541,EFO_0003103,INDICATION,
CHEMBL541,EFO_0003948,CONTRAINDICATION,
CHEMBL541,EFO_0004991,CONTRAINDICATION,
CHEMBL541,EFO_0007287,CONTRAINDICATION,
CHEMBL541,EFO_0009189,CONTRAINDICATION,
CHEMBL541,EFO_0009190,CONTRAINDICATION,
CHEMBL541,EFO_0009314,CONTRAINDICATION,
CHEMBL541,EFO_0009532,CONTRAINDICATION,
CHEMBL541,EFO_1000391,CONTRAINDICATION,
CHEMBL541,EFO_1000749,INDICATION,
CHEMBL541,EFO_1001993,INDICATION,
CHEMBL541,MONDO_0002280,CONTRAINDICATION,
CHEMBL541,MONDO_0005041,CONTRAINDICATION,
CHEMBL541,MONDO_0005351,CONTRAINDICATION,
CHEMBL541,MONDO_0008231,INDICATION,
CHEMBL541,MONDO_0018660,CONTRAINDICATION,
CHEMBL541,MONDO_0018896,CONTRAINDICATION,
CHEMBL541,MONDO_0100192,CONTRAINDICATION,
CHEMBL541388,EFO_0000319,INDICATION,
CHEMBL541388,EFO_0002615,INDICATION,
CHEMBL542,EFO_0000398,INDICATION,
CHEMBL542,EFO_0003086,CONTRAINDICATION,
CHEMBL542,EFO_1000749,INDICATION,
CHEMBL542,EFO_1001993,INDICATION,
CHEMBL542,MONDO_0005351,CONTRAINDICATION,
CHEMBL542,MONDO_0008231,INDICATION,
CHEMBL542103,EFO_0003099,INDICATION,
CHEMBL542103,EFO_1000796,INDICATION,
CHEMBL542103,MONDO_0018479,INDICATION,
CHEMBL542541,EFO_0000373,INDICATION,
CHEMBL542541,EFO_0000537,INDICATION,
CHEMBL542541,EFO_0001365,INDICATION,
CHEMBL542541,EFO_0005669,INDICATION,
CHEMBL542541,MONDO_0004975,INDICATION,
CHEMBL544,EFO_0004208,CONTRAINDICATION,
CHEMBL544665,EFO_0000305,INDICATION,
CHEMBL544665,EFO_0003929,INDICATION,
CHEMBL544665,MONDO_0004976,INDICATION,
CHEMBL544665,MONDO_0005301,INDICATION,
CHEMBL545,EFO_0000216,INDICATION,
CHEMBL545,EFO_0000275,INDICATION,
CHEMBL545,EFO_0000284,INDICATION,
CHEMBL545,EFO_0000537,INDICATION,
CHEMBL545,EFO_0000544,INDICATION,
CHEMBL545,EFO_0000621,INDICATION,
CHEMBL545,EFO_0001065,INDICATION,
CHEMBL545,EFO_0001073,INDICATION,
CHEMBL545,EFO_0001422,INDICATION,
CHEMBL545,EFO_0003033,INDICATION,
CHEMBL545,EFO_0003884,INDICATION,
CHEMBL545,EFO_0003894,INDICATION,
CHEMBL545,EFO_0004234,INDICATION,
CHEMBL545,EFO_0004329,INDICATION,
CHEMBL545,EFO_0004364,INDICATION,
CHEMBL545,EFO_0005306,INDICATION,
CHEMBL545,EFO_0007191,INDICATION,
CHEMBL545,EFO_0009516,INDICATION,
CHEMBL545,EFO_1000158,INDICATION,
CHEMBL545,EFO_1000889,INDICATION,
CHEMBL545,EFO_1001121,INDICATION,
CHEMBL545,EFO_1001139,INDICATION,
CHEMBL545,EFO_1001347,INDICATION,
CHEMBL545,EFO_1001436,INDICATION,
CHEMBL545,MONDO_0001134,INDICATION,
CHEMBL545,MONDO_0001475,INDICATION,
CHEMBL545,MONDO_0002009,INDICATION,
CHEMBL545,MONDO_0002046,INDICATION,
CHEMBL545,MONDO_0004907,INDICATION,
CHEMBL545,MONDO_0004938,INDICATION,
CHEMBL545,MONDO_0005148,INDICATION,
CHEMBL545,MONDO_0005184,INDICATION,
CHEMBL545,MONDO_0007079,INDICATION,
CHEMBL545,MONDO_0021201,INDICATION,
CHEMBL545,MONDO_0021698,INDICATION,
CHEMBL545,MONDO_0044792,INDICATION,
CHEMBL545,MONDO_0100096,INDICATION,
CHEMBL545,Orphanet_145,INDICATION,
CHEMBL545315,EFO_0003060,INDICATION,
CHEMBL545315,EFO_0003869,INDICATION,
CHEMBL545315,MONDO_0021117,INDICATION,
CHEMBL546,EFO_0000319,INDICATION,
CHEMBL546,EFO_0000537,INDICATION,
CHEMBL5465559,EFO_0000180,INDICATION,
CHEMBL5465559,EFO_0000198,INDICATION,
CHEMBL5465559,EFO_0000544,INDICATION,
CHEMBL5465559,EFO_0000565,INDICATION,
CHEMBL5465559,EFO_0000764,INDICATION,
CHEMBL5465559,EFO_0001378,INDICATION,
CHEMBL5465559,EFO_0002428,INDICATION,
CHEMBL5465559,EFO_0003033,INDICATION,
CHEMBL5465559,EFO_0003086,INDICATION,
CHEMBL5465559,EFO_0003106,INDICATION,
CHEMBL5465559,EFO_0003768,INDICATION,
CHEMBL5465559,EFO_0003819,INDICATION,
CHEMBL5465559,EFO_0003932,INDICATION,
CHEMBL5465559,EFO_0007406,INDICATION,
CHEMBL5465559,EFO_0009516,INDICATION,
CHEMBL5465559,EFO_0009688,INDICATION,
CHEMBL5465559,EFO_1000893,INDICATION,
CHEMBL5465559,EFO_1001904,INDICATION,
CHEMBL5465559,MONDO_0002026,INDICATION,
CHEMBL5465559,MONDO_0013730,INDICATION,
CHEMBL54661,EFO_0005230,INDICATION,
CHEMBL54661,EFO_0005407,INDICATION,
CHEMBL54661,MONDO_0002050,INDICATION,
CHEMBL54661,MONDO_0005090,INDICATION,
CHEMBL547,EFO_0000180,INDICATION,
CHEMBL547,EFO_0000183,INDICATION,
CHEMBL547,EFO_0000198,INDICATION,
CHEMBL547,EFO_0000222,INDICATION,
CHEMBL547,EFO_0000224,INDICATION,
CHEMBL547,EFO_0000279,INDICATION,
CHEMBL547,EFO_0000309,INDICATION,
CHEMBL547,EFO_0000319,CONTRAINDICATION,
CHEMBL547,EFO_0000339,INDICATION,
CHEMBL547,EFO_0000400,CONTRAINDICATION,
CHEMBL547,EFO_0000403,INDICATION,
CHEMBL547,EFO_0000464,INDICATION,
CHEMBL547,EFO_0000502,INDICATION,
CHEMBL547,EFO_0000519,INDICATION,
CHEMBL547,EFO_0000537,INDICATION,
CHEMBL547,EFO_0000544,INDICATION,
CHEMBL547,EFO_0000565,INDICATION,
CHEMBL547,EFO_0000616,INDICATION,
CHEMBL547,EFO_0000621,INDICATION,
CHEMBL547,EFO_0000632,INDICATION,
CHEMBL547,EFO_0000681,INDICATION,
CHEMBL547,EFO_0001073,CONTRAINDICATION,
CHEMBL547,EFO_0001378,INDICATION,
CHEMBL547,EFO_0002496,INDICATION,
CHEMBL547,EFO_0002499,INDICATION,
CHEMBL547,EFO_0002501,INDICATION,
CHEMBL547,EFO_0002939,INDICATION,
CHEMBL547,EFO_0003086,CONTRAINDICATION,
CHEMBL547,EFO_0003767,CONTRAINDICATION,
CHEMBL547,EFO_0003833,INDICATION,
CHEMBL547,EFO_0003882,CONTRAINDICATION,
CHEMBL547,EFO_0003894,INDICATION,
CHEMBL547,EFO_0004236,INDICATION,
CHEMBL547,EFO_0004238,CONTRAINDICATION,
CHEMBL547,EFO_0004260,CONTRAINDICATION,
CHEMBL547,EFO_0004274,CONTRAINDICATION,
CHEMBL547,EFO_0005251,CONTRAINDICATION,
CHEMBL547,EFO_0005407,CONTRAINDICATION,
CHEMBL547,EFO_0005532,CONTRAINDICATION,
CHEMBL547,EFO_0006859,INDICATION,
CHEMBL547,EFO_0007512,INDICATION,
CHEMBL547,EFO_0008506,CONTRAINDICATION,
CHEMBL547,EFO_0009530,CONTRAINDICATION,
CHEMBL547,EFO_1000158,INDICATION,
CHEMBL547,EFO_1000309,INDICATION,
CHEMBL547,EFO_1000652,CONTRAINDICATION,
CHEMBL547,EFO_1000690,INDICATION,
CHEMBL547,EFO_1000760,INDICATION,
CHEMBL547,EFO_1000910,INDICATION,
CHEMBL547,EFO_1001006,INDICATION,
CHEMBL547,EFO_1001051,INDICATION,
CHEMBL547,EFO_1001132,CONTRAINDICATION,
CHEMBL547,EFO_1001375,CONTRAINDICATION,
CHEMBL547,EFO_1001465,INDICATION,
CHEMBL547,EFO_1001986,CONTRAINDICATION,
CHEMBL547,MONDO_0000870,INDICATION,
CHEMBL547,MONDO_0000873,INDICATION,
CHEMBL547,MONDO_0001566,CONTRAINDICATION,
CHEMBL547,MONDO_0002050,CONTRAINDICATION,
CHEMBL547,MONDO_0002367,INDICATION,
CHEMBL547,MONDO_0002974,INDICATION,
CHEMBL547,MONDO_0003268,INDICATION,
CHEMBL547,MONDO_0004975,INDICATION,
CHEMBL547,MONDO_0005351,CONTRAINDICATION,
CHEMBL547,MONDO_0006058,INDICATION,
CHEMBL547,MONDO_0007079,CONTRAINDICATION,
CHEMBL547,MONDO_0007254,INDICATION,
CHEMBL547,MONDO_0007915,CONTRAINDICATION,
CHEMBL547,MONDO_0008315,INDICATION,
CHEMBL547,MONDO_0008903,INDICATION,
CHEMBL547,MONDO_0015758,OFF_LABEL_USE,
CHEMBL547,MONDO_0018100,CONTRAINDICATION,
CHEMBL547,MONDO_0019269,INDICATION,
CHEMBL547,MONDO_0019623,CONTRAINDICATION,
CHEMBL547,MONDO_0100096,INDICATION,
CHEMBL547,Orphanet_98702,CONTRAINDICATION,
CHEMBL548,EFO_0000319,CONTRAINDICATION,
CHEMBL548,EFO_0000400,CONTRAINDICATION,
CHEMBL548,EFO_0000474,CONTRAINDICATION,
CHEMBL548,EFO_0000495,INDICATION,
CHEMBL548,EFO_0000537,CONTRAINDICATION,
CHEMBL548,EFO_0002950,INDICATION,
CHEMBL548,EFO_0003086,CONTRAINDICATION,
CHEMBL548,EFO_0003818,CONTRAINDICATION,
CHEMBL548,EFO_0003843,INDICATION,
CHEMBL548,EFO_0005251,CONTRAINDICATION,
CHEMBL548,EFO_0007282,CONTRAINDICATION,
CHEMBL548,EFO_0007442,CONTRAINDICATION,
CHEMBL548,EFO_1001069,CONTRAINDICATION,
CHEMBL548,EFO_1001799,INDICATION,
CHEMBL548,MONDO_0002280,CONTRAINDICATION,
CHEMBL548,MONDO_0002345,CONTRAINDICATION,
CHEMBL548,MONDO_0003061,INDICATION,
CHEMBL548,MONDO_0004979,CONTRAINDICATION,
CHEMBL548,MONDO_0005041,CONTRAINDICATION,
CHEMBL5482975,EFO_0000544,INDICATION,
CHEMBL5482975,EFO_0003106,INDICATION,
CHEMBL5483015,EFO_0000095,INDICATION,
CHEMBL5483015,EFO_0000182,INDICATION,
CHEMBL5483015,EFO_0000198,INDICATION,
CHEMBL5483015,EFO_0000222,INDICATION,
CHEMBL5483015,EFO_0000224,INDICATION,
CHEMBL5483015,EFO_0000339,INDICATION,
CHEMBL5483015,EFO_0000479,INDICATION,
CHEMBL5483015,EFO_0000565,INDICATION,
CHEMBL5483015,EFO_0000574,INDICATION,
CHEMBL5483015,EFO_0000616,INDICATION,
CHEMBL5483015,EFO_0000621,INDICATION,
CHEMBL5483015,EFO_0000702,INDICATION,
CHEMBL5483015,EFO_0000765,INDICATION,
CHEMBL5483015,EFO_0001378,INDICATION,
CHEMBL5483015,EFO_0002429,INDICATION,
CHEMBL5483015,EFO_0002430,INDICATION,
CHEMBL5483015,EFO_0002617,INDICATION,
CHEMBL5483015,EFO_0002618,INDICATION,
CHEMBL5483015,EFO_0003060,INDICATION,
CHEMBL5483015,EFO_1000158,INDICATION,
CHEMBL5483015,EFO_1001465,INDICATION,
CHEMBL5483015,EFO_1001512,INDICATION,
CHEMBL5483015,EFO_1001951,INDICATION,
CHEMBL5483015,MONDO_0001657,INDICATION,
CHEMBL5483015,MONDO_0002367,INDICATION,
CHEMBL5483015,MONDO_0002691,INDICATION,
CHEMBL5483015,MONDO_0002974,INDICATION,
CHEMBL5483015,MONDO_0004192,INDICATION,
CHEMBL5483015,MONDO_0004986,INDICATION,
CHEMBL5483015,MONDO_0004992,INDICATION,
CHEMBL5483015,MONDO_0005341,INDICATION,
CHEMBL5483015,MONDO_0007254,INDICATION,
CHEMBL5483015,MONDO_0007915,INDICATION,
CHEMBL5483015,MONDO_0008315,INDICATION,
CHEMBL5483015,MONDO_0008627,INDICATION,
CHEMBL5483015,MONDO_0008903,INDICATION,
CHEMBL5483015,MONDO_0020547,INDICATION,
CHEMBL5483015,MONDO_0044903,INDICATION,
CHEMBL54893,EFO_0000764,INDICATION,
CHEMBL549,EFO_0000474,CONTRAINDICATION,
CHEMBL549,EFO_0000555,INDICATION,
CHEMBL549,EFO_0000712,INDICATION,
CHEMBL549,EFO_0001358,OFF_LABEL_USE,
CHEMBL549,EFO_0002610,INDICATION,
CHEMBL549,EFO_0003756,INDICATION,
CHEMBL549,EFO_0003758,INDICATION,
CHEMBL549,EFO_0003777,CONTRAINDICATION,
CHEMBL549,EFO_0004242,OFF_LABEL_USE,
CHEMBL549,EFO_0004262,OFF_LABEL_USE,
CHEMBL549,EFO_0005230,INDICATION,
CHEMBL549,EFO_0005307,CONTRAINDICATION,
CHEMBL549,EFO_0005611,INDICATION,
CHEMBL549,EFO_0005672,INDICATION,
CHEMBL549,EFO_0009314,CONTRAINDICATION,
CHEMBL549,EFO_1000982,CONTRAINDICATION,
CHEMBL549,EFO_1001379,CONTRAINDICATION,
CHEMBL549,EFO_1001842,CONTRAINDICATION,
CHEMBL549,EFO_1001892,INDICATION,
CHEMBL549,MONDO_0002009,INDICATION,
CHEMBL549,MONDO_0002046,INDICATION,
CHEMBL549,MONDO_0002050,INDICATION,
CHEMBL549,MONDO_0004985,CONTRAINDICATION,
CHEMBL549,MONDO_0005090,INDICATION,
CHEMBL549,MONDO_0005180,INDICATION,
CHEMBL549,MONDO_0007079,INDICATION,
CHEMBL549,MONDO_0018100,CONTRAINDICATION,
CHEMBL549,MONDO_0019171,CONTRAINDICATION,
CHEMBL54918,EFO_0000616,INDICATION,
CHEMBL54922,EFO_0003086,CONTRAINDICATION,
CHEMBL54922,EFO_0003777,CONTRAINDICATION,
CHEMBL54922,EFO_0004287,CONTRAINDICATION,
CHEMBL54922,MONDO_0001566,CONTRAINDICATION,
CHEMBL54922,MONDO_0019259,CONTRAINDICATION,
CHEMBL54922,MONDO_0019338,CONTRAINDICATION,
CHEMBL54922,MONDO_0024327,CONTRAINDICATION,
CHEMBL54922,Orphanet_79254,CONTRAINDICATION,
CHEMBL549344,EFO_0000389,INDICATION,
CHEMBL549344,EFO_0000616,INDICATION,
CHEMBL549344,EFO_0000756,INDICATION,
CHEMBL549386,EFO_0000389,INDICATION,
CHEMBL549386,EFO_0000519,INDICATION,
CHEMBL549386,EFO_0000616,INDICATION,
CHEMBL549386,EFO_0000756,INDICATION,
CHEMBL54976,EFO_0000616,INDICATION,
CHEMBL54976,EFO_0001073,INDICATION,
CHEMBL54976,EFO_0002610,INDICATION,
CHEMBL54976,EFO_0005207,INDICATION,
CHEMBL54976,EFO_0005809,CONTRAINDICATION,
CHEMBL54976,EFO_0006861,INDICATION,
CHEMBL54976,EFO_0009954,INDICATION,
CHEMBL54976,EFO_1001316,CONTRAINDICATION,
CHEMBL54976,MONDO_0002009,INDICATION,
CHEMBL54976,MONDO_0002050,CONTRAINDICATION,
CHEMBL54976,MONDO_0005090,CONTRAINDICATION,
CHEMBL54976,MONDO_0007915,CONTRAINDICATION,
CHEMBL54976,MONDO_0019259,CONTRAINDICATION,
CHEMBL54976,Orphanet_79254,CONTRAINDICATION,
CHEMBL5498481,EFO_0003047,INDICATION,
CHEMBL5498481,EFO_0004197,INDICATION,
CHEMBL5498481,EFO_0007303,INDICATION,
CHEMBL5498481,EFO_0007305,INDICATION,
CHEMBL5498481,EFO_0007328,INDICATION,
CHEMBL5498481,MONDO_0002050,INDICATION,
CHEMBL5498481,MONDO_0100096,INDICATION,
CHEMBL549963,MONDO_0004975,INDICATION,
CHEMBL549963,MONDO_0017276,INDICATION,
CHEMBL55,DOID_10113,INDICATION,
CHEMBL55,EFO_0000182,INDICATION,
CHEMBL55,EFO_0000183,INDICATION,
CHEMBL55,EFO_0000389,INDICATION,
CHEMBL55,EFO_0000400,CONTRAINDICATION,
CHEMBL55,EFO_0000537,CONTRAINDICATION,
CHEMBL55,EFO_0000544,INDICATION,
CHEMBL55,EFO_0000764,INDICATION,
CHEMBL55,EFO_0002618,INDICATION,
CHEMBL55,EFO_0003060,INDICATION,
CHEMBL55,EFO_0003086,CONTRAINDICATION,
CHEMBL55,EFO_0003106,INDICATION,
CHEMBL55,EFO_0005044,INDICATION,
CHEMBL55,EFO_0005045,OFF_LABEL_USE,
CHEMBL55,EFO_0005046,OFF_LABEL_USE,
CHEMBL55,EFO_0005225,INDICATION,
CHEMBL55,EFO_0005251,CONTRAINDICATION,
CHEMBL55,EFO_0005307,CONTRAINDICATION,
CHEMBL55,EFO_0006346,INDICATION,
CHEMBL55,EFO_0007448,INDICATION,
CHEMBL55,EFO_1000652,CONTRAINDICATION,
CHEMBL55,EFO_1001365,INDICATION,
CHEMBL55,EFO_1001951,INDICATION,
CHEMBL55,MONDO_0002280,CONTRAINDICATION,
CHEMBL55,MONDO_0004979,CONTRAINDICATION,
CHEMBL55,MONDO_0005147,INDICATION,
CHEMBL55,MONDO_0018100,CONTRAINDICATION,
CHEMBL550,EFO_0000341,CONTRAINDICATION,
CHEMBL550,EFO_0000699,INDICATION,
CHEMBL550,EFO_0004190,INDICATION,
CHEMBL550,EFO_0004799,CONTRAINDICATION,
CHEMBL550,EFO_0005773,CONTRAINDICATION,
CHEMBL550,EFO_0006859,INDICATION,
CHEMBL550,EFO_0009449,CONTRAINDICATION,
CHEMBL550,EFO_0009869,INDICATION,
CHEMBL550,EFO_1000811,CONTRAINDICATION,
CHEMBL550,EFO_1000906,INDICATION,
CHEMBL550,EFO_1000997,CONTRAINDICATION,
CHEMBL550,EFO_1001069,INDICATION,
CHEMBL550,MONDO_0001330,INDICATION,
CHEMBL550,MONDO_0001744,CONTRAINDICATION,
CHEMBL550,MONDO_0005041,INDICATION,
CHEMBL550,MONDO_0100192,CONTRAINDICATION,
CHEMBL550348,EFO_0000198,INDICATION,
CHEMBL550348,EFO_0000220,INDICATION,
CHEMBL550348,EFO_0000222,INDICATION,
CHEMBL550348,EFO_0001421,INDICATION,
CHEMBL550348,EFO_0001422,CONTRAINDICATION,
CHEMBL550348,EFO_0003086,CONTRAINDICATION,
CHEMBL550348,EFO_0003854,INDICATION,
CHEMBL550348,EFO_0004238,CONTRAINDICATION,
CHEMBL550348,EFO_0004272,INDICATION,
CHEMBL550348,EFO_0007380,INDICATION,
CHEMBL550348,EFO_1000642,INDICATION,
CHEMBL550348,EFO_1001069,CONTRAINDICATION,
CHEMBL550348,EFO_1001996,INDICATION,
CHEMBL550348,MONDO_0001343,CONTRAINDICATION,
CHEMBL550348,MONDO_0001436,INDICATION,
CHEMBL550348,MONDO_0002280,CONTRAINDICATION,
CHEMBL550348,MONDO_0006507,INDICATION,
CHEMBL550348,MONDO_0011382,INDICATION,
CHEMBL550348,MONDO_0015104,INDICATION,
CHEMBL550348,MONDO_0016486,INDICATION,
CHEMBL550348,MONDO_0019402,INDICATION,
CHEMBL550348,MONDO_0100192,CONTRAINDICATION,
CHEMBL550348,Orphanet_848,INDICATION,
CHEMBL550495,EFO_0000546,INDICATION,
CHEMBL550495,EFO_0000694,INDICATION,
CHEMBL550495,EFO_0001068,INDICATION,
CHEMBL550495,EFO_0001358,INDICATION,
CHEMBL550495,EFO_0003030,INDICATION,
CHEMBL550495,EFO_0003103,INDICATION,
CHEMBL550495,EFO_0003901,INDICATION,
CHEMBL550495,EFO_0006834,INDICATION,
CHEMBL550495,EFO_0007287,INDICATION,
CHEMBL550495,EFO_0007444,INDICATION,
CHEMBL550495,EFO_1001216,INDICATION,
CHEMBL550495,MONDO_0004975,INDICATION,
CHEMBL550495,MONDO_0004985,INDICATION,
CHEMBL550495,MONDO_0100096,INDICATION,
CHEMBL550755,EFO_0000095,INDICATION,
CHEMBL550755,EFO_0000574,INDICATION,
CHEMBL550755,EFO_0004289,INDICATION,
CHEMBL550755,MONDO_0000430,INDICATION,
CHEMBL550755,MONDO_0004992,INDICATION,
CHEMBL550781,EFO_0000555,INDICATION,
CHEMBL550781,EFO_0008533,INDICATION,
CHEMBL550936,EFO_0004220,INDICATION,
CHEMBL550936,EFO_0004227,INDICATION,
CHEMBL550961,EFO_0000519,INDICATION,
CHEMBL551466,EFO_0000341,INDICATION,
CHEMBL551466,EFO_0000464,INDICATION,
CHEMBL551466,EFO_0003768,INDICATION,
CHEMBL551466,EFO_0006505,INDICATION,
CHEMBL551466,MONDO_0004979,INDICATION,
CHEMBL551813,MONDO_0004979,INDICATION,
CHEMBL551978,EFO_0010282,INDICATION,
CHEMBL551978,MONDO_0002887,INDICATION,
CHEMBL55214,EFO_0003882,INDICATION,
CHEMBL55214,EFO_0004616,INDICATION,
CHEMBL55214,EFO_1001998,INDICATION,
CHEMBL552212,EFO_0000519,INDICATION,
CHEMBL552212,EFO_0001378,INDICATION,
CHEMBL553,EFO_0000181,INDICATION,
CHEMBL553,EFO_0000182,INDICATION,
CHEMBL553,EFO_0000198,INDICATION,
CHEMBL553,EFO_0000222,INDICATION,
CHEMBL553,EFO_0000305,INDICATION,
CHEMBL553,EFO_0000308,INDICATION,
CHEMBL553,EFO_0000313,INDICATION,
CHEMBL553,EFO_0000349,INDICATION,
CHEMBL553,EFO_0000365,INDICATION,
CHEMBL553,EFO_0000514,INDICATION,
CHEMBL553,EFO_0000519,INDICATION,
CHEMBL553,EFO_0000565,INDICATION,
CHEMBL553,EFO_0000571,INDICATION,
CHEMBL553,EFO_0000588,INDICATION,
CHEMBL553,EFO_0000612,CONTRAINDICATION,
CHEMBL553,EFO_0000616,INDICATION,
CHEMBL553,EFO_0000632,INDICATION,
CHEMBL553,EFO_0000640,INDICATION,
CHEMBL553,EFO_0000676,INDICATION,
CHEMBL553,EFO_0000681,INDICATION,
CHEMBL553,EFO_0000691,INDICATION,
CHEMBL553,EFO_0000707,INDICATION,
CHEMBL553,EFO_0000708,INDICATION,
CHEMBL553,EFO_0000712,CONTRAINDICATION,
CHEMBL553,EFO_0000756,INDICATION,
CHEMBL553,EFO_0001378,INDICATION,
CHEMBL553,EFO_0001422,INDICATION,
CHEMBL553,EFO_0002429,INDICATION,
CHEMBL553,EFO_0002499,INDICATION,
CHEMBL553,EFO_0002501,INDICATION,
CHEMBL553,EFO_0002618,INDICATION,
CHEMBL553,EFO_0002916,INDICATION,
CHEMBL553,EFO_0003050,INDICATION,
CHEMBL553,EFO_0003060,INDICATION,
CHEMBL553,EFO_0003086,CONTRAINDICATION,
CHEMBL553,EFO_0003833,INDICATION,
CHEMBL553,EFO_0003860,INDICATION,
CHEMBL553,EFO_0003868,INDICATION,
CHEMBL553,EFO_0003893,INDICATION,
CHEMBL553,EFO_0004220,INDICATION,
CHEMBL553,EFO_0004252,INDICATION,
CHEMBL553,EFO_0005221,INDICATION,
CHEMBL553,EFO_0005537,INDICATION,
CHEMBL553,EFO_0005567,INDICATION,
CHEMBL553,EFO_0005577,INDICATION,
CHEMBL553,EFO_0006859,INDICATION,
CHEMBL553,EFO_0007243,INDICATION,
CHEMBL553,EFO_0009314,CONTRAINDICATION,
CHEMBL553,EFO_0009448,CONTRAINDICATION,
CHEMBL553,EFO_0009708,INDICATION,
CHEMBL553,EFO_0010282,INDICATION,
CHEMBL553,EFO_1000026,INDICATION,
CHEMBL553,EFO_1000028,INDICATION,
CHEMBL553,EFO_1000044,INDICATION,
CHEMBL553,EFO_1000158,INDICATION,
CHEMBL553,EFO_1000359,INDICATION,
CHEMBL553,EFO_1000581,INDICATION,
CHEMBL553,EFO_1000657,INDICATION,
CHEMBL553,EFO_1001375,CONTRAINDICATION,
CHEMBL553,EFO_1001465,INDICATION,
CHEMBL553,EFO_1001901,INDICATION,
CHEMBL553,EFO_1001951,INDICATION,
CHEMBL553,MONDO_0000521,INDICATION,
CHEMBL553,MONDO_0001187,INDICATION,
CHEMBL553,MONDO_0001382,CONTRAINDICATION,
CHEMBL553,MONDO_0001657,INDICATION,
CHEMBL553,MONDO_0002087,INDICATION,
CHEMBL553,MONDO_0002158,INDICATION,
CHEMBL553,MONDO_0002367,INDICATION,
CHEMBL553,MONDO_0002691,CONTRAINDICATION,
CHEMBL553,MONDO_0002898,INDICATION,
CHEMBL553,MONDO_0002974,INDICATION,
CHEMBL553,MONDO_0003060,INDICATION,
CHEMBL553,MONDO_0003268,INDICATION,
CHEMBL553,MONDO_0003478,INDICATION,
CHEMBL553,MONDO_0004577,CONTRAINDICATION,
CHEMBL553,MONDO_0004986,INDICATION,
CHEMBL553,MONDO_0004992,INDICATION,
CHEMBL553,MONDO_0005411,INDICATION,
CHEMBL553,MONDO_0007254,INDICATION,
CHEMBL553,MONDO_0007576,INDICATION,
CHEMBL553,MONDO_0008170,INDICATION,
CHEMBL553,MONDO_0008315,INDICATION,
CHEMBL553,MONDO_0008903,INDICATION,
CHEMBL553,MONDO_0011962,INDICATION,
CHEMBL553,MONDO_0016691,INDICATION,
CHEMBL553,MONDO_0016693,INDICATION,
CHEMBL553,MONDO_0018531,INDICATION,
CHEMBL553,MONDO_0018896,CONTRAINDICATION,
CHEMBL553,MONDO_0020634,INDICATION,
CHEMBL553,MONDO_0021063,INDICATION,
CHEMBL553,MONDO_0021117,INDICATION,
CHEMBL553,MONDO_0044881,INDICATION,
CHEMBL553,MONDO_0044926,INDICATION,
CHEMBL553,MONDO_0100130,CONTRAINDICATION,
CHEMBL553,Orphanet_733,INDICATION,
CHEMBL553025,EFO_0000183,INDICATION,
CHEMBL553025,EFO_0000211,INDICATION,
CHEMBL553025,EFO_0000248,INDICATION,
CHEMBL553025,EFO_0000313,INDICATION,
CHEMBL553025,EFO_0000389,INDICATION,
CHEMBL553025,EFO_0000403,INDICATION,
CHEMBL553025,EFO_0000437,INDICATION,
CHEMBL553025,EFO_0000558,OFF_LABEL_USE,
CHEMBL553025,EFO_0000565,INDICATION,
CHEMBL553025,EFO_0000571,INDICATION,
CHEMBL553025,EFO_0000574,INDICATION,
CHEMBL553025,EFO_0000588,INDICATION,
CHEMBL553025,EFO_0000616,INDICATION,
CHEMBL553025,EFO_0000621,INDICATION,
CHEMBL553025,EFO_0000691,INDICATION,
CHEMBL553025,EFO_0000702,OFF_LABEL_USE,
CHEMBL553025,EFO_0000770,INDICATION,
CHEMBL553025,EFO_0001071,INDICATION,
CHEMBL553025,EFO_0001378,INDICATION,
CHEMBL553025,EFO_0001416,INDICATION,
CHEMBL553025,EFO_0002617,INDICATION,
CHEMBL553025,EFO_0002918,INDICATION,
CHEMBL553025,EFO_0003032,INDICATION,
CHEMBL553025,EFO_0003050,INDICATION,
CHEMBL553025,EFO_0003060,INDICATION,
CHEMBL553025,EFO_0003818,CONTRAINDICATION,
CHEMBL553025,EFO_0003869,INDICATION,
CHEMBL553025,EFO_0004284,INDICATION,
CHEMBL553025,EFO_0005537,INDICATION,
CHEMBL553025,EFO_0005741,CONTRAINDICATION,
CHEMBL553025,EFO_0005922,INDICATION,
CHEMBL553025,EFO_0005952,INDICATION,
CHEMBL553025,EFO_0006861,INDICATION,
CHEMBL553025,EFO_1000026,INDICATION,
CHEMBL553025,EFO_1000158,INDICATION,
CHEMBL553025,EFO_1000294,INDICATION,
CHEMBL553025,EFO_1000895,INDICATION,
CHEMBL553025,MONDO_0001187,INDICATION,
CHEMBL553025,MONDO_0001402,INDICATION,
CHEMBL553025,MONDO_0002158,INDICATION,
CHEMBL553025,MONDO_0002367,INDICATION,
CHEMBL553025,MONDO_0002974,INDICATION,
CHEMBL553025,MONDO_0004567,CONTRAINDICATION,
CHEMBL553025,MONDO_0004992,INDICATION,
CHEMBL553025,MONDO_0007254,INDICATION,
CHEMBL553025,MONDO_0008170,INDICATION,
CHEMBL553025,MONDO_0008315,INDICATION,
CHEMBL553025,MONDO_0008903,INDICATION,
CHEMBL553025,MONDO_0009348,INDICATION,
CHEMBL553025,MONDO_0011962,INDICATION,
CHEMBL553025,MONDO_0021063,INDICATION,
CHEMBL553025,MONDO_0021117,INDICATION,
CHEMBL553025,MONDO_0021251,OFF_LABEL_USE,
CHEMBL553025,MONDO_0100192,CONTRAINDICATION,
CHEMBL554,EFO_0000181,INDICATION,
CHEMBL554,EFO_0000228,INDICATION,
CHEMBL554,EFO_0000305,INDICATION,
CHEMBL554,EFO_0000365,INDICATION,
CHEMBL554,EFO_0000574,INDICATION,
CHEMBL554,EFO_0000616,INDICATION,
CHEMBL554,EFO_0000681,INDICATION,
CHEMBL554,EFO_0000707,INDICATION,
CHEMBL554,EFO_0000756,INDICATION,
CHEMBL554,EFO_0002618,INDICATION,
CHEMBL554,EFO_0002892,INDICATION,
CHEMBL554,EFO_0002938,INDICATION,
CHEMBL554,EFO_0003060,INDICATION,
CHEMBL554,EFO_0003869,INDICATION,
CHEMBL554,EFO_0003884,INDICATION,
CHEMBL554,EFO_0005307,CONTRAINDICATION,
CHEMBL554,EFO_0005543,INDICATION,
CHEMBL554,EFO_0005774,INDICATION,
CHEMBL554,EFO_0005922,INDICATION,
CHEMBL554,EFO_0005950,INDICATION,
CHEMBL554,EFO_0006318,INDICATION,
CHEMBL554,EFO_0006352,INDICATION,
CHEMBL554,EFO_0006859,INDICATION,
CHEMBL554,EFO_0006861,INDICATION,
CHEMBL554,EFO_1000158,INDICATION,
CHEMBL554,EFO_1000294,INDICATION,
CHEMBL554,EFO_1000478,INDICATION,
CHEMBL554,EFO_1000905,CONTRAINDICATION,
CHEMBL554,EFO_1001465,INDICATION,
CHEMBL554,EFO_1001512,INDICATION,
CHEMBL554,EFO_1001951,INDICATION,
CHEMBL554,EFO_1001968,INDICATION,
CHEMBL554,MONDO_0001056,INDICATION,
CHEMBL554,MONDO_0001187,INDICATION,
CHEMBL554,MONDO_0001657,INDICATION,
CHEMBL554,MONDO_0002087,INDICATION,
CHEMBL554,MONDO_0002974,INDICATION,
CHEMBL554,MONDO_0004986,INDICATION,
CHEMBL554,MONDO_0004992,INDICATION,
CHEMBL554,MONDO_0007254,INDICATION,
CHEMBL554,MONDO_0007576,INDICATION,
CHEMBL554,MONDO_0008170,INDICATION,
CHEMBL554,MONDO_0008315,INDICATION,
CHEMBL554,MONDO_0011962,INDICATION,
CHEMBL554,MONDO_0018100,CONTRAINDICATION,
CHEMBL554,MONDO_0019171,CONTRAINDICATION,
CHEMBL554,MONDO_0044926,INDICATION,
CHEMBL554,MONDO_0100192,CONTRAINDICATION,
CHEMBL55400,EFO_0000280,INDICATION,
CHEMBL55400,EFO_0000707,INDICATION,
CHEMBL55400,EFO_1001331,INDICATION,
CHEMBL55400,MONDO_0000879,OFF_LABEL_USE,
CHEMBL55400,MONDO_0002715,INDICATION,
CHEMBL55400,MONDO_0021400,INDICATION,
CHEMBL55400,MONDO_0024475,INDICATION,
CHEMBL554230,EFO_0003890,INDICATION,
CHEMBL556,EFO_0000182,INDICATION,
CHEMBL556,EFO_0000713,INDICATION,
CHEMBL556,EFO_0005669,INDICATION,
CHEMBL556,EFO_1000642,INDICATION,
CHEMBL556,EFO_1001012,INDICATION,
CHEMBL556,EFO_1001459,INDICATION,
CHEMBL556,EFO_1001996,INDICATION,
CHEMBL556,MONDO_0005147,INDICATION,
CHEMBL556,MONDO_0007254,INDICATION,
CHEMBL556,MONDO_0011382,INDICATION,
CHEMBL556,MONDO_0100096,INDICATION,
CHEMBL556,Orphanet_848,INDICATION,
CHEMBL556262,EFO_0000771,INDICATION,
CHEMBL556262,EFO_0003106,INDICATION,
CHEMBL556262,EFO_1000049,INDICATION,
CHEMBL556262,MONDO_0018076,INDICATION,
CHEMBL55643,EFO_0000519,INDICATION,
CHEMBL55643,EFO_0000691,INDICATION,
CHEMBL55643,EFO_0001378,INDICATION,
CHEMBL55643,EFO_0002618,INDICATION,
CHEMBL55643,EFO_0003932,INDICATION,
CHEMBL55643,MONDO_0004975,INDICATION,
CHEMBL55643,MONDO_0004976,INDICATION,
CHEMBL55643,MONDO_0004992,INDICATION,
CHEMBL55643,MONDO_0007254,INDICATION,
CHEMBL55643,MONDO_0008315,INDICATION,
CHEMBL556578,EFO_0000341,INDICATION,
CHEMBL556578,EFO_0000768,INDICATION,
CHEMBL556578,EFO_0003843,INDICATION,
CHEMBL556578,EFO_0005611,INDICATION,
CHEMBL557,EFO_0003144,INDICATION,
CHEMBL557217,EFO_1000829,INDICATION,
CHEMBL557217,MONDO_0002307,INDICATION,
CHEMBL557555,EFO_0000319,INDICATION,
CHEMBL558,EFO_0000474,CONTRAINDICATION,
CHEMBL558,EFO_0000555,INDICATION,
CHEMBL558,EFO_0000612,CONTRAINDICATION,
CHEMBL558,EFO_0004269,INDICATION,
CHEMBL558,EFO_0004278,INDICATION,
CHEMBL558,EFO_0004287,INDICATION,
CHEMBL558,EFO_0005251,CONTRAINDICATION,
CHEMBL558,EFO_0009387,INDICATION,
CHEMBL558,MONDO_0000468,CONTRAINDICATION,
CHEMBL558,MONDO_0001823,CONTRAINDICATION,
CHEMBL558,MONDO_0011728,INDICATION,
CHEMBL558,MONDO_0015626,INDICATION,
CHEMBL558,MONDO_0016107,INDICATION,
CHEMBL558,MONDO_0016120,INDICATION,
CHEMBL558,Orphanet_273,INDICATION,
CHEMBL558752,EFO_0000616,INDICATION,
CHEMBL558752,EFO_0002617,INDICATION,
CHEMBL559,EFO_0000319,INDICATION,
CHEMBL559,EFO_0000612,INDICATION,
CHEMBL559,EFO_0001064,INDICATION,
CHEMBL559,EFO_1001375,INDICATION,
CHEMBL559,MONDO_0021187,INDICATION,
CHEMBL559180,MONDO_0005301,INDICATION,
CHEMBL559288,EFO_0003843,INDICATION,
CHEMBL559362,EFO_0000558,INDICATION,
CHEMBL559362,EFO_0000616,INDICATION,
CHEMBL559478,MONDO_0004975,INDICATION,
CHEMBL56021,MONDO_0018982,INDICATION,
CHEMBL560511,EFO_0000341,CONTRAINDICATION,
CHEMBL560511,EFO_0003890,CONTRAINDICATION,
CHEMBL560511,EFO_0004239,CONTRAINDICATION,
CHEMBL560511,EFO_0004705,CONTRAINDICATION,
CHEMBL560511,EFO_0005252,CONTRAINDICATION,
CHEMBL560511,EFO_0005307,CONTRAINDICATION,
CHEMBL560511,EFO_0005611,INDICATION,
CHEMBL560511,EFO_0009491,CONTRAINDICATION,
CHEMBL560511,EFO_1000800,CONTRAINDICATION,
CHEMBL560511,EFO_1000902,CONTRAINDICATION,
CHEMBL560511,EFO_1001132,CONTRAINDICATION,
CHEMBL560511,MONDO_0004596,CONTRAINDICATION,
CHEMBL560511,MONDO_0019171,CONTRAINDICATION,
CHEMBL560592,EFO_0004269,INDICATION,
CHEMBL560592,EFO_0008585,INDICATION,
CHEMBL560739,EFO_0000474,CONTRAINDICATION,
CHEMBL560739,EFO_0003086,CONTRAINDICATION,
CHEMBL560739,EFO_0003948,INDICATION,
CHEMBL560739,EFO_1000948,OFF_LABEL_USE,
CHEMBL560739,EFO_1001375,CONTRAINDICATION,
CHEMBL560739,MONDO_0000313,CONTRAINDICATION,
CHEMBL560739,MONDO_0018100,CONTRAINDICATION,
CHEMBL560739,MONDO_0019171,CONTRAINDICATION,
CHEMBL560976,EFO_0000771,INDICATION,
CHEMBL560976,EFO_1001888,INDICATION,
CHEMBL560993,EFO_0000274,INDICATION,
CHEMBL560993,EFO_0004232,INDICATION,
CHEMBL560993,EFO_0005854,INDICATION,
CHEMBL560993,MONDO_0004979,INDICATION,
CHEMBL561,EFO_0000771,INDICATION,
CHEMBL561,EFO_0003102,INDICATION,
CHEMBL561,EFO_0003103,INDICATION,
CHEMBL561,EFO_0009661,INDICATION,
CHEMBL561,EFO_1001888,INDICATION,
CHEMBL561057,EFO_1000961,INDICATION,
CHEMBL561057,MONDO_0018076,INDICATION,
CHEMBL561157,MONDO_0005149,INDICATION,
CHEMBL561339,EFO_0004616,INDICATION,
CHEMBL561339,MONDO_0041052,INDICATION,
CHEMBL561371,EFO_0001361,INDICATION,
CHEMBL561371,EFO_0004236,INDICATION,
CHEMBL561371,MONDO_0004979,INDICATION,
CHEMBL562,EFO_0000544,INDICATION,
CHEMBL562,EFO_0007510,INDICATION,
CHEMBL562,EFO_0007512,INDICATION,
CHEMBL562,MONDO_0001628,INDICATION,
CHEMBL562,MONDO_0002026,INDICATION,
CHEMBL562,MONDO_0007079,CONTRAINDICATION,
CHEMBL562,MONDO_0007915,CONTRAINDICATION,
CHEMBL562,MONDO_0037821,CONTRAINDICATION,
CHEMBL562,MONDO_0100192,CONTRAINDICATION,
CHEMBL562318,MONDO_0005090,INDICATION,
CHEMBL562318,MONDO_0007739,INDICATION,
CHEMBL562668,EFO_0001073,INDICATION,
CHEMBL562967,EFO_0003047,INDICATION,
CHEMBL562967,EFO_0004220,INDICATION,
CHEMBL563,EFO_0000319,CONTRAINDICATION,
CHEMBL563,EFO_0000537,CONTRAINDICATION,
CHEMBL563,EFO_0000612,CONTRAINDICATION,
CHEMBL563,EFO_0000649,INDICATION,
CHEMBL563,EFO_0000685,INDICATION,
CHEMBL563,EFO_0000764,INDICATION,
CHEMBL563,EFO_0003086,CONTRAINDICATION,
CHEMBL563,EFO_0003843,INDICATION,
CHEMBL563,EFO_0003931,INDICATION,
CHEMBL563,EFO_0004272,INDICATION,
CHEMBL563,EFO_0005752,INDICATION,
CHEMBL563,EFO_0005755,INDICATION,
CHEMBL563,EFO_0009314,CONTRAINDICATION,
CHEMBL563,MONDO_0002258,INDICATION,
CHEMBL563,MONDO_0004247,CONTRAINDICATION,
CHEMBL563,MONDO_0005148,INDICATION,
CHEMBL563,MONDO_0005178,INDICATION,
CHEMBL563,MONDO_0007079,CONTRAINDICATION,
CHEMBL563,MONDO_0044970,INDICATION,
CHEMBL563251,MONDO_0005090,INDICATION,
CHEMBL56337,EFO_1000783,INDICATION,
CHEMBL56337,MONDO_0007254,INDICATION,
CHEMBL56337,MONDO_0015626,INDICATION,
CHEMBL563646,EFO_0003944,INDICATION,
CHEMBL56367,EFO_0003843,INDICATION,
CHEMBL56367,EFO_0005755,INDICATION,
CHEMBL56367,MONDO_0007254,INDICATION,
CHEMBL564,EFO_0000474,CONTRAINDICATION,
CHEMBL564,EFO_0000612,CONTRAINDICATION,
CHEMBL564,EFO_0001073,CONTRAINDICATION,
CHEMBL564,EFO_0005252,CONTRAINDICATION,
CHEMBL564,EFO_0005307,CONTRAINDICATION,
CHEMBL564,EFO_0005407,INDICATION,
CHEMBL564,EFO_0005531,INDICATION,
CHEMBL564,EFO_0005532,INDICATION,
CHEMBL564,EFO_0005854,INDICATION,
CHEMBL564,EFO_0007141,INDICATION,
CHEMBL564,EFO_0007319,CONTRAINDICATION,
CHEMBL564,EFO_1001375,CONTRAINDICATION,
CHEMBL564,EFO_1001379,CONTRAINDICATION,
CHEMBL564,MONDO_0002280,CONTRAINDICATION,
CHEMBL564,MONDO_0005041,CONTRAINDICATION,
CHEMBL564,MONDO_0005090,INDICATION,
CHEMBL564,MONDO_0007079,CONTRAINDICATION,
CHEMBL564,MONDO_0008294,INDICATION,
CHEMBL564,MONDO_0019171,CONTRAINDICATION,
CHEMBL564,MONDO_0021095,CONTRAINDICATION,
CHEMBL564085,EFO_0000771,INDICATION,
CHEMBL564085,EFO_0003102,INDICATION,
CHEMBL564085,EFO_0007499,INDICATION,
CHEMBL564085,MONDO_0004979,OFF_LABEL_USE,
CHEMBL564829,EFO_0000182,INDICATION,
CHEMBL564829,EFO_0000616,INDICATION,
CHEMBL564829,EFO_1000576,INDICATION,
CHEMBL564829,EFO_1000581,INDICATION,
CHEMBL565,EFO_0000319,INDICATION,
CHEMBL565,EFO_0000612,INDICATION,
CHEMBL565,EFO_1001375,INDICATION,
CHEMBL565,MONDO_0021187,INDICATION,
CHEMBL565612,EFO_0000403,INDICATION,
CHEMBL565612,EFO_0000574,INDICATION,
CHEMBL565612,EFO_0000676,INDICATION,
CHEMBL565612,EFO_0000729,INDICATION,
CHEMBL565612,EFO_1001119,INDICATION,
CHEMBL56564,EFO_0003843,INDICATION,
CHEMBL56564,EFO_0006911,INDICATION,
CHEMBL566,EFO_0000182,INDICATION,
CHEMBL566,EFO_0000199,INDICATION,
CHEMBL566,EFO_0000616,INDICATION,
CHEMBL566,EFO_0003060,INDICATION,
CHEMBL566,EFO_0003869,INDICATION,
CHEMBL566,EFO_0006859,INDICATION,
CHEMBL566,EFO_1000657,INDICATION,
CHEMBL566,EFO_1001951,INDICATION,
CHEMBL566,MONDO_0001056,INDICATION,
CHEMBL566,MONDO_0001187,INDICATION,
CHEMBL566,MONDO_0004992,INDICATION,
CHEMBL566,MONDO_0007254,INDICATION,
CHEMBL566,MONDO_0021355,INDICATION,
CHEMBL566315,EFO_0000280,INDICATION,
CHEMBL566315,EFO_0001073,INDICATION,
CHEMBL566315,EFO_0001421,INDICATION,
CHEMBL566315,EFO_0003095,INDICATION,
CHEMBL566315,EFO_0004267,INDICATION,
CHEMBL566315,EFO_0004268,INDICATION,
CHEMBL566315,EFO_1001249,INDICATION,
CHEMBL566315,EFO_1001345,INDICATION,
CHEMBL566315,EFO_1001486,INDICATION,
CHEMBL566315,MONDO_0001751,INDICATION,
CHEMBL566315,MONDO_0020088,INDICATION,
CHEMBL566315,Orphanet_733,INDICATION,
CHEMBL566534,EFO_0000616,INDICATION,
CHEMBL566534,EFO_0000764,INDICATION,
CHEMBL566534,EFO_0001068,INDICATION,
CHEMBL566534,EFO_0005307,CONTRAINDICATION,
CHEMBL566534,EFO_0007444,INDICATION,
CHEMBL566534,EFO_0007445,INDICATION,
CHEMBL566534,EFO_0007530,INDICATION,
CHEMBL566534,MONDO_0018100,CONTRAINDICATION,
CHEMBL566534,MONDO_0019171,CONTRAINDICATION,
CHEMBL566752,EFO_0006887,INDICATION,
CHEMBL566752,MONDO_0004975,INDICATION,
CHEMBL566757,EFO_0000095,INDICATION,
CHEMBL566757,EFO_0000756,INDICATION,
CHEMBL566757,EFO_0002913,INDICATION,
CHEMBL567,EFO_0000474,CONTRAINDICATION,
CHEMBL567,EFO_0000612,CONTRAINDICATION,
CHEMBL567,EFO_0001073,CONTRAINDICATION,
CHEMBL567,EFO_0002610,INDICATION,
CHEMBL567,EFO_0004190,CONTRAINDICATION,
CHEMBL567,EFO_0005230,INDICATION,
CHEMBL567,EFO_0005252,CONTRAINDICATION,
CHEMBL567,EFO_0005307,CONTRAINDICATION,
CHEMBL567,EFO_0005407,INDICATION,
CHEMBL567,EFO_0007319,CONTRAINDICATION,
CHEMBL567,EFO_0009189,CONTRAINDICATION,
CHEMBL567,EFO_1001375,CONTRAINDICATION,
CHEMBL567,EFO_1001379,CONTRAINDICATION,
CHEMBL567,MONDO_0001744,CONTRAINDICATION,
CHEMBL567,MONDO_0002050,INDICATION,
CHEMBL567,MONDO_0002280,CONTRAINDICATION,
CHEMBL567,MONDO_0005041,CONTRAINDICATION,
CHEMBL567,MONDO_0005090,INDICATION,
CHEMBL567,MONDO_0007079,CONTRAINDICATION,
CHEMBL567,MONDO_0019171,CONTRAINDICATION,
CHEMBL567,MONDO_0021095,CONTRAINDICATION,
CHEMBL567,MONDO_0041086,INDICATION,
CHEMBL567597,EFO_0001068,INDICATION,
CHEMBL567597,MONDO_0005090,INDICATION,
CHEMBL567597,MONDO_0100096,INDICATION,
CHEMBL568,EFO_0000764,INDICATION,
CHEMBL568,EFO_0003086,CONTRAINDICATION,
CHEMBL568,EFO_0003768,INDICATION,
CHEMBL568,EFO_0003818,CONTRAINDICATION,
CHEMBL568,EFO_0003877,CONTRAINDICATION,
CHEMBL568,EFO_0005230,INDICATION,
CHEMBL568,EFO_0005251,CONTRAINDICATION,
CHEMBL568,EFO_0005407,CONTRAINDICATION,
CHEMBL568,EFO_0006788,INDICATION,
CHEMBL568,EFO_1000800,INDICATION,
CHEMBL568,MONDO_0002050,CONTRAINDICATION,
CHEMBL568,MONDO_0002491,CONTRAINDICATION,
CHEMBL568,MONDO_0005090,INDICATION,
CHEMBL568,MONDO_0037821,CONTRAINDICATION,
CHEMBL569,EFO_0000319,CONTRAINDICATION,
CHEMBL569,EFO_0000764,INDICATION,
CHEMBL569,EFO_0003086,CONTRAINDICATION,
CHEMBL569,EFO_0003102,INDICATION,
CHEMBL569,EFO_0004991,CONTRAINDICATION,
CHEMBL569,EFO_0005251,CONTRAINDICATION,
CHEMBL569,EFO_0005307,CONTRAINDICATION,
CHEMBL569,EFO_0007326,CONTRAINDICATION,
CHEMBL569,EFO_0009552,INDICATION,
CHEMBL569,MONDO_0000468,CONTRAINDICATION,
CHEMBL569,MONDO_0007915,CONTRAINDICATION,
CHEMBL569,MONDO_0019171,CONTRAINDICATION,
CHEMBL569713,EFO_0000341,CONTRAINDICATION,
CHEMBL569713,EFO_0000400,CONTRAINDICATION,
CHEMBL569713,EFO_0000474,CONTRAINDICATION,
CHEMBL569713,EFO_0000537,CONTRAINDICATION,
CHEMBL569713,EFO_0000544,INDICATION,
CHEMBL569713,EFO_0000555,INDICATION,
CHEMBL569713,EFO_0000612,CONTRAINDICATION,
CHEMBL569713,EFO_0000729,CONTRAINDICATION,
CHEMBL569713,EFO_0001064,CONTRAINDICATION,
CHEMBL569713,EFO_0001645,CONTRAINDICATION,
CHEMBL569713,EFO_0003086,CONTRAINDICATION,
CHEMBL569713,EFO_0003777,CONTRAINDICATION,
CHEMBL569713,EFO_0003818,CONTRAINDICATION,
CHEMBL569713,EFO_0003843,INDICATION,
CHEMBL569713,EFO_0003877,CONTRAINDICATION,
CHEMBL569713,EFO_0003948,CONTRAINDICATION,
CHEMBL569713,EFO_0003956,OFF_LABEL_USE,
CHEMBL569713,EFO_0004190,CONTRAINDICATION,
CHEMBL569713,EFO_0004888,INDICATION,
CHEMBL569713,EFO_0004991,CONTRAINDICATION,
CHEMBL569713,EFO_0005306,CONTRAINDICATION,
CHEMBL569713,EFO_0005407,CONTRAINDICATION,
CHEMBL569713,EFO_0005758,INDICATION,
CHEMBL569713,EFO_0005854,INDICATION,
CHEMBL569713,EFO_0006928,INDICATION,
CHEMBL569713,EFO_0007214,INDICATION,
CHEMBL569713,EFO_0007533,INDICATION,
CHEMBL569713,EFO_0008521,OFF_LABEL_USE,
CHEMBL569713,EFO_0009086,CONTRAINDICATION,
CHEMBL569713,EFO_0009189,CONTRAINDICATION,
CHEMBL569713,EFO_0009454,CONTRAINDICATION,
CHEMBL569713,EFO_0009532,CONTRAINDICATION,
CHEMBL569713,EFO_0009571,CONTRAINDICATION,
CHEMBL569713,EFO_0009910,CONTRAINDICATION,
CHEMBL569713,EFO_1000014,CONTRAINDICATION,
CHEMBL569713,EFO_1000652,CONTRAINDICATION,
CHEMBL569713,EFO_1001069,CONTRAINDICATION,
CHEMBL569713,EFO_1001095,CONTRAINDICATION,
CHEMBL569713,EFO_1001231,INDICATION,
CHEMBL569713,EFO_1001412,INDICATION,
CHEMBL569713,EFO_1001917,INDICATION,
CHEMBL569713,MONDO_0001744,CONTRAINDICATION,
CHEMBL569713,MONDO_0002009,INDICATION,
CHEMBL569713,MONDO_0002050,CONTRAINDICATION,
CHEMBL569713,MONDO_0002277,CONTRAINDICATION,
CHEMBL569713,MONDO_0002280,CONTRAINDICATION,
CHEMBL569713,MONDO_0002491,CONTRAINDICATION,
CHEMBL569713,MONDO_0004247,INDICATION,
CHEMBL569713,MONDO_0004773,INDICATION,
CHEMBL569713,MONDO_0004975,INDICATION,
CHEMBL569713,MONDO_0004976,INDICATION,
CHEMBL569713,MONDO_0004985,INDICATION,
CHEMBL569713,MONDO_0005041,CONTRAINDICATION,
CHEMBL569713,MONDO_0007079,CONTRAINDICATION,
CHEMBL569713,MONDO_0021661,CONTRAINDICATION,
CHEMBL569713,MONDO_0037821,CONTRAINDICATION,
CHEMBL569713,MONDO_0100192,CONTRAINDICATION,
CHEMBL57,EFO_0000180,INDICATION,
CHEMBL57,EFO_0000544,INDICATION,
CHEMBL57,EFO_0000763,INDICATION,
CHEMBL57,EFO_0000764,INDICATION,
CHEMBL57,EFO_0000765,INDICATION,
CHEMBL57,EFO_0003047,CONTRAINDICATION,
CHEMBL57,EFO_0004239,CONTRAINDICATION,
CHEMBL57,EFO_0004276,CONTRAINDICATION,
CHEMBL57,EFO_0004775,CONTRAINDICATION,
CHEMBL57,EFO_1000697,CONTRAINDICATION,
CHEMBL57,EFO_1000905,CONTRAINDICATION,
CHEMBL57,MONDO_0018076,INDICATION,
CHEMBL57,MONDO_0100192,CONTRAINDICATION,
CHEMBL570,EFO_0000474,CONTRAINDICATION,
CHEMBL570,EFO_0000612,CONTRAINDICATION,
CHEMBL570,EFO_0001073,CONTRAINDICATION,
CHEMBL570,EFO_0005252,CONTRAINDICATION,
CHEMBL570,EFO_0005307,CONTRAINDICATION,
CHEMBL570,EFO_0005407,INDICATION,
CHEMBL570,EFO_0007319,CONTRAINDICATION,
CHEMBL570,EFO_1001375,CONTRAINDICATION,
CHEMBL570,EFO_1001379,CONTRAINDICATION,
CHEMBL570,MONDO_0002280,CONTRAINDICATION,
CHEMBL570,MONDO_0005041,CONTRAINDICATION,
CHEMBL570,MONDO_0007079,CONTRAINDICATION,
CHEMBL570,MONDO_0019171,CONTRAINDICATION,
CHEMBL570,MONDO_0021095,CONTRAINDICATION,
CHEMBL570015,EFO_0000341,INDICATION,
CHEMBL570015,EFO_0003956,INDICATION,
CHEMBL570015,MONDO_0004979,INDICATION,
CHEMBL57004,EFO_0005044,INDICATION,
CHEMBL570680,EFO_0007444,INDICATION,
CHEMBL571,EFO_0000319,CONTRAINDICATION,
CHEMBL571,EFO_0000512,INDICATION,
CHEMBL571,EFO_0000537,CONTRAINDICATION,
CHEMBL571,EFO_0000546,INDICATION,
CHEMBL571,EFO_0000612,CONTRAINDICATION,
CHEMBL571,EFO_0000649,INDICATION,
CHEMBL571,EFO_0000685,INDICATION,
CHEMBL571,EFO_0002970,INDICATION,
CHEMBL571,EFO_0003086,CONTRAINDICATION,
CHEMBL571,EFO_0003843,INDICATION,
CHEMBL571,EFO_0003898,OFF_LABEL_USE,
CHEMBL571,EFO_0004253,INDICATION,
CHEMBL571,EFO_0004274,OFF_LABEL_USE,
CHEMBL571,EFO_0004616,INDICATION,
CHEMBL571,EFO_0004888,INDICATION,
CHEMBL571,EFO_0005755,INDICATION,
CHEMBL571,EFO_0009314,CONTRAINDICATION,
CHEMBL571,EFO_0009582,INDICATION,
CHEMBL571,EFO_1001412,INDICATION,
CHEMBL571,MONDO_0002471,INDICATION,
CHEMBL571,MONDO_0004247,CONTRAINDICATION,
CHEMBL571,MONDO_0004857,INDICATION,
CHEMBL571,MONDO_0005178,INDICATION,
CHEMBL571,MONDO_0005277,INDICATION,
CHEMBL571,MONDO_0100192,CONTRAINDICATION,
CHEMBL571,MP_0001845,INDICATION,
CHEMBL571209,EFO_0000196,INDICATION,
CHEMBL571209,EFO_0000222,INDICATION,
CHEMBL571209,EFO_0000616,INDICATION,
CHEMBL571209,EFO_0000756,INDICATION,
CHEMBL571209,EFO_0002617,INDICATION,
CHEMBL571209,EFO_0002939,INDICATION,
CHEMBL571209,EFO_0003060,INDICATION,
CHEMBL571209,EFO_1000028,INDICATION,
CHEMBL571209,EFO_1001465,INDICATION,
CHEMBL571209,MONDO_0007254,INDICATION,
CHEMBL571546,EFO_0000222,INDICATION,
CHEMBL571546,EFO_0000574,INDICATION,
CHEMBL571546,EFO_0000616,INDICATION,
CHEMBL571546,EFO_0002496,INDICATION,
CHEMBL571546,EFO_0004193,INDICATION,
CHEMBL571546,MONDO_0008315,INDICATION,
CHEMBL571987,EFO_0000180,INDICATION,
CHEMBL572,EFO_0000400,CONTRAINDICATION,
CHEMBL572,EFO_0000734,CONTRAINDICATION,
CHEMBL572,EFO_0000771,INDICATION,
CHEMBL572,EFO_0003100,CONTRAINDICATION,
CHEMBL572,EFO_0003102,INDICATION,
CHEMBL572,EFO_0003103,INDICATION,
CHEMBL572,EFO_0007287,CONTRAINDICATION,
CHEMBL572,EFO_0007405,CONTRAINDICATION,
CHEMBL572,EFO_0008496,CONTRAINDICATION,
CHEMBL572,EFO_0009448,CONTRAINDICATION,
CHEMBL572,EFO_0009530,CONTRAINDICATION,
CHEMBL572,EFO_1000025,INDICATION,
CHEMBL572,EFO_1000905,CONTRAINDICATION,
CHEMBL572,EFO_1001068,CONTRAINDICATION,
CHEMBL572,MONDO_0001343,CONTRAINDICATION,
CHEMBL572,MONDO_0042976,CONTRAINDICATION,
CHEMBL572284,EFO_0000616,INDICATION,
CHEMBL572284,EFO_0000691,INDICATION,
CHEMBL572284,EFO_0003060,INDICATION,
CHEMBL572284,MONDO_0008170,INDICATION,
CHEMBL57242,EFO_0000400,INDICATION,
CHEMBL57242,EFO_0000537,INDICATION,
CHEMBL57242,EFO_0000694,INDICATION,
CHEMBL57242,MONDO_0001134,INDICATION,
CHEMBL57242,MONDO_0005148,INDICATION,
CHEMBL57242,MONDO_0100096,INDICATION,
CHEMBL572878,EFO_0000198,INDICATION,
CHEMBL572878,EFO_0000220,INDICATION,
CHEMBL572878,EFO_0000339,INDICATION,
CHEMBL572878,EFO_0000565,INDICATION,
CHEMBL572878,EFO_0003060,INDICATION,
CHEMBL572878,EFO_0004289,INDICATION,
CHEMBL572878,EFO_1001951,INDICATION,
CHEMBL572878,MONDO_0004992,INDICATION,
CHEMBL572881,EFO_0000574,INDICATION,
CHEMBL572881,EFO_0000616,INDICATION,
CHEMBL572881,EFO_0002618,INDICATION,
CHEMBL572881,EFO_0003060,INDICATION,
CHEMBL572881,EFO_0004243,INDICATION,
CHEMBL572881,EFO_0007331,INDICATION,
CHEMBL572881,EFO_1000657,INDICATION,
CHEMBL572881,MONDO_0002087,INDICATION,
CHEMBL572881,MONDO_0002108,INDICATION,
CHEMBL572881,MONDO_0002158,INDICATION,
CHEMBL572881,MONDO_0007254,INDICATION,
CHEMBL572881,MONDO_0007576,INDICATION,
CHEMBL572881,MONDO_0008170,INDICATION,
CHEMBL572881,MONDO_0008903,INDICATION,
CHEMBL572881,MONDO_0011719,INDICATION,
CHEMBL572881,MONDO_0016537,INDICATION,
CHEMBL572881,MONDO_0021063,INDICATION,
CHEMBL573,EFO_0000180,INDICATION,
CHEMBL573,EFO_0000195,INDICATION,
CHEMBL573,EFO_0000266,INDICATION,
CHEMBL573,EFO_0000319,INDICATION,
CHEMBL573,EFO_0000519,INDICATION,
CHEMBL573,EFO_0000612,INDICATION,
CHEMBL573,EFO_0000712,INDICATION,
CHEMBL573,EFO_0000764,INDICATION,
CHEMBL573,EFO_0001073,INDICATION,
CHEMBL573,EFO_0001358,INDICATION,
CHEMBL573,EFO_0001645,INDICATION,
CHEMBL573,EFO_0003144,INDICATION,
CHEMBL573,EFO_0003768,INDICATION,
CHEMBL573,EFO_0003781,INDICATION,
CHEMBL573,EFO_0003876,INDICATION,
CHEMBL573,EFO_0003884,INDICATION,
CHEMBL573,EFO_0003894,INDICATION,
CHEMBL573,EFO_0003914,INDICATION,
CHEMBL573,EFO_0004242,INDICATION,
CHEMBL573,EFO_0004272,INDICATION,
CHEMBL573,EFO_0004911,INDICATION,
CHEMBL573,EFO_0005407,INDICATION,
CHEMBL573,EFO_0005672,INDICATION,
CHEMBL573,EFO_0005952,INDICATION,
CHEMBL573,EFO_0009783,INDICATION,
CHEMBL573,EFO_1000860,INDICATION,
CHEMBL573,EFO_1001157,INDICATION,
CHEMBL573,EFO_1001207,INDICATION,
CHEMBL573,EFO_1001375,INDICATION,
CHEMBL573,MONDO_0002009,INDICATION,
CHEMBL573,MONDO_0004992,INDICATION,
CHEMBL573,MONDO_0005148,INDICATION,
CHEMBL573,MONDO_0005277,INDICATION,
CHEMBL573,MONDO_0011382,INDICATION,
CHEMBL573,MONDO_0018076,INDICATION,
CHEMBL573,MONDO_0021187,INDICATION,
CHEMBL573,MONDO_0024298,INDICATION,
CHEMBL573,Orphanet_309005,INDICATION,
CHEMBL573,Orphanet_79211,INDICATION,
CHEMBL573352,EFO_0006859,INDICATION,
CHEMBL573352,MONDO_0004992,INDICATION,
CHEMBL573448,EFO_0001069,INDICATION,
CHEMBL573677,EFO_0000616,INDICATION,
CHEMBL573677,EFO_0003060,INDICATION,
CHEMBL573677,MONDO_0011962,INDICATION,
CHEMBL574,EFO_0000182,INDICATION,
CHEMBL574,EFO_0000616,INDICATION,
CHEMBL574,EFO_0003060,INDICATION,
CHEMBL574737,EFO_0000198,INDICATION,
CHEMBL574737,EFO_0000209,INDICATION,
CHEMBL574737,EFO_0000218,INDICATION,
CHEMBL574737,EFO_0000221,INDICATION,
CHEMBL574737,EFO_0000223,INDICATION,
CHEMBL574737,EFO_0000224,INDICATION,
CHEMBL574737,EFO_0000339,INDICATION,
CHEMBL574737,EFO_0000565,INDICATION,
CHEMBL574737,EFO_0000574,INDICATION,
CHEMBL574737,EFO_0000616,INDICATION,
CHEMBL574737,EFO_0000673,INDICATION,
CHEMBL574737,EFO_0000702,INDICATION,
CHEMBL574737,EFO_0000756,INDICATION,
CHEMBL574737,EFO_0002618,INDICATION,
CHEMBL574737,EFO_0002938,INDICATION,
CHEMBL574737,EFO_0003025,INDICATION,
CHEMBL574737,EFO_0003027,INDICATION,
CHEMBL574737,EFO_0003028,INDICATION,
CHEMBL574737,EFO_0003060,INDICATION,
CHEMBL574737,EFO_0004193,INDICATION,
CHEMBL574737,EFO_0005537,INDICATION,
CHEMBL574737,EFO_0006352,INDICATION,
CHEMBL574737,EFO_0007535,INDICATION,
CHEMBL574737,EFO_1000407,INDICATION,
CHEMBL574737,EFO_1001013,INDICATION,
CHEMBL574737,EFO_1001512,INDICATION,
CHEMBL574737,MONDO_0001056,INDICATION,
CHEMBL574737,MONDO_0001879,INDICATION,
CHEMBL574737,MONDO_0002087,INDICATION,
CHEMBL574737,MONDO_0002158,INDICATION,
CHEMBL574737,MONDO_0002367,INDICATION,
CHEMBL574737,MONDO_0002537,INDICATION,
CHEMBL574737,MONDO_0002974,INDICATION,
CHEMBL574737,MONDO_0003196,INDICATION,
CHEMBL574737,MONDO_0004669,INDICATION,
CHEMBL574737,MONDO_0005411,INDICATION,
CHEMBL574737,MONDO_0007254,INDICATION,
CHEMBL574737,MONDO_0007576,INDICATION,
CHEMBL574737,MONDO_0008170,INDICATION,
CHEMBL574737,MONDO_0008315,INDICATION,
CHEMBL574737,MONDO_0011719,INDICATION,
CHEMBL574737,MONDO_0018364,INDICATION,
CHEMBL574737,MONDO_0044926,INDICATION,
CHEMBL575,EFO_0000771,INDICATION,
CHEMBL575,EFO_0003086,CONTRAINDICATION,
CHEMBL575,EFO_0003102,INDICATION,
CHEMBL575,EFO_0007326,CONTRAINDICATION,
CHEMBL575,EFO_0007486,INDICATION,
CHEMBL575,EFO_0007496,INDICATION,
CHEMBL575,EFO_1000830,OFF_LABEL_USE,
CHEMBL575,MONDO_0004789,OFF_LABEL_USE,
CHEMBL575060,EFO_0003086,CONTRAINDICATION,
CHEMBL575060,EFO_0003777,CONTRAINDICATION,
CHEMBL575060,EFO_0004287,CONTRAINDICATION,
CHEMBL575060,EFO_0008506,CONTRAINDICATION,
CHEMBL575060,EFO_0008568,INDICATION,
CHEMBL575060,MONDO_0001566,CONTRAINDICATION,
CHEMBL575060,MONDO_0019259,CONTRAINDICATION,
CHEMBL575060,MONDO_0019338,CONTRAINDICATION,
CHEMBL575060,MONDO_0024327,CONTRAINDICATION,
CHEMBL575060,Orphanet_79254,CONTRAINDICATION,
CHEMBL575448,EFO_0000616,INDICATION,
CHEMBL575448,MONDO_0007254,INDICATION,
CHEMBL576,EFO_0000729,CONTRAINDICATION,
CHEMBL576,EFO_1000783,INDICATION,
CHEMBL576,EFO_1001463,CONTRAINDICATION,
CHEMBL576,MONDO_0001436,CONTRAINDICATION,
CHEMBL576,MONDO_0002474,CONTRAINDICATION,
CHEMBL576,MONDO_0004247,CONTRAINDICATION,
CHEMBL576,MONDO_0011382,CONTRAINDICATION,
CHEMBL576982,EFO_0000198,INDICATION,
CHEMBL576982,EFO_0000220,INDICATION,
CHEMBL576982,EFO_0000222,INDICATION,
CHEMBL576982,EFO_0000616,INDICATION,
CHEMBL576982,EFO_0001421,INDICATION,
CHEMBL577,EFO_0000373,INDICATION,
CHEMBL577,EFO_0000407,INDICATION,
CHEMBL577,EFO_0000537,INDICATION,
CHEMBL577,EFO_0005532,CONTRAINDICATION,
CHEMBL577,EFO_0006346,INDICATION,
CHEMBL577,MONDO_0019623,CONTRAINDICATION,
CHEMBL577294,EFO_1001347,INDICATION,
CHEMBL577294,MONDO_0004975,INDICATION,
CHEMBL577294,MONDO_0018982,INDICATION,
CHEMBL577711,EFO_0000616,INDICATION,
CHEMBL577711,EFO_0009709,INDICATION,
CHEMBL577736,EFO_1001888,INDICATION,
CHEMBL578,EFO_0000222,INDICATION,
CHEMBL578,EFO_0000280,INDICATION,
CHEMBL578,EFO_0000318,INDICATION,
CHEMBL578,EFO_0000319,INDICATION,
CHEMBL578,EFO_0000373,INDICATION,
CHEMBL578,EFO_0000537,INDICATION,
CHEMBL578,EFO_0000556,INDICATION,
CHEMBL578,EFO_0000668,INDICATION,
CHEMBL578,EFO_0000685,INDICATION,
CHEMBL578,EFO_0000712,INDICATION,
CHEMBL578,EFO_0000756,INDICATION,
CHEMBL578,EFO_0001378,INDICATION,
CHEMBL578,EFO_0003106,INDICATION,
CHEMBL578,EFO_0003144,INDICATION,
CHEMBL578,EFO_0003777,INDICATION,
CHEMBL578,EFO_0003884,INDICATION,
CHEMBL578,EFO_0004194,INDICATION,
CHEMBL578,EFO_0004234,INDICATION,
CHEMBL578,EFO_0004289,INDICATION,
CHEMBL578,EFO_0005529,INDICATION,
CHEMBL578,EFO_0005532,CONTRAINDICATION,
CHEMBL578,EFO_0005669,INDICATION,
CHEMBL578,EFO_0007328,INDICATION,
CHEMBL578,EFO_0008585,INDICATION,
CHEMBL578,EFO_1001375,INDICATION,
CHEMBL578,EFO_1001482,INDICATION,
CHEMBL578,MONDO_0001134,INDICATION,
CHEMBL578,MONDO_0004992,INDICATION,
CHEMBL578,MONDO_0005147,INDICATION,
CHEMBL578,MONDO_0018638,INDICATION,
CHEMBL578,MONDO_0019623,CONTRAINDICATION,
CHEMBL578,MONDO_0100096,INDICATION,
CHEMBL578211,EFO_0003768,INDICATION,
CHEMBL578390,MONDO_0004992,INDICATION,
CHEMBL579205,EFO_0000318,INDICATION,
CHEMBL579205,EFO_0006887,INDICATION,
CHEMBL579205,MONDO_0004975,INDICATION,
CHEMBL579217,MONDO_0005147,INDICATION,
CHEMBL57997,MONDO_0041052,INDICATION,
CHEMBL58,EFO_0000095,INDICATION,
CHEMBL58,EFO_0000178,INDICATION,
CHEMBL58,EFO_0000182,INDICATION,
CHEMBL58,EFO_0000196,INDICATION,
CHEMBL58,EFO_0000198,INDICATION,
CHEMBL58,EFO_0000211,INDICATION,
CHEMBL58,EFO_0000220,INDICATION,
CHEMBL58,EFO_0000221,INDICATION,
CHEMBL58,EFO_0000222,INDICATION,
CHEMBL58,EFO_0000224,INDICATION,
CHEMBL58,EFO_0000326,INDICATION,
CHEMBL58,EFO_0000339,INDICATION,
CHEMBL58,EFO_0000403,INDICATION,
CHEMBL58,EFO_0000474,CONTRAINDICATION,
CHEMBL58,EFO_0000565,INDICATION,
CHEMBL58,EFO_0000574,INDICATION,
CHEMBL58,EFO_0000616,INDICATION,
CHEMBL58,EFO_0000673,INDICATION,
CHEMBL58,EFO_0000771,CONTRAINDICATION,
CHEMBL58,EFO_0001378,INDICATION,
CHEMBL58,EFO_0001663,INDICATION,
CHEMBL58,EFO_0003843,INDICATION,
CHEMBL58,EFO_0003929,INDICATION,
CHEMBL58,EFO_0004251,INDICATION,
CHEMBL58,EFO_0004252,INDICATION,
CHEMBL58,EFO_0004256,INDICATION,
CHEMBL58,EFO_0004289,INDICATION,
CHEMBL58,EFO_0005952,INDICATION,
CHEMBL58,EFO_0006859,INDICATION,
CHEMBL58,EFO_0008522,INDICATION,
CHEMBL58,EFO_1000286,INDICATION,
CHEMBL58,EFO_1000359,INDICATION,
CHEMBL58,EFO_1001052,INDICATION,
CHEMBL58,EFO_1001469,INDICATION,
CHEMBL58,EFO_1001830,INDICATION,
CHEMBL58,EFO_1001968,INDICATION,
CHEMBL58,MONDO_0000873,INDICATION,
CHEMBL58,MONDO_0001023,INDICATION,
CHEMBL58,MONDO_0002041,CONTRAINDICATION,
CHEMBL58,MONDO_0002280,CONTRAINDICATION,
CHEMBL58,MONDO_0004992,INDICATION,
CHEMBL58,MONDO_0005301,INDICATION,
CHEMBL58,MONDO_0007254,INDICATION,
CHEMBL58,MONDO_0008170,INDICATION,
CHEMBL58,MONDO_0008315,INDICATION,
CHEMBL58,MONDO_0015760,INDICATION,
CHEMBL58,MONDO_0018906,OFF_LABEL_USE,
CHEMBL58,MONDO_0019460,INDICATION,
CHEMBL58,MONDO_0019472,INDICATION,
CHEMBL58,MONDO_0100192,CONTRAINDICATION,
CHEMBL580,EFO_0000474,OFF_LABEL_USE,
CHEMBL580,EFO_0001064,INDICATION,
CHEMBL580,EFO_0002610,INDICATION,
CHEMBL580,EFO_0003086,CONTRAINDICATION,
CHEMBL580,EFO_0003843,INDICATION,
CHEMBL580,EFO_0003877,CONTRAINDICATION,
CHEMBL580,EFO_0003890,INDICATION,
CHEMBL580,EFO_0004190,CONTRAINDICATION,
CHEMBL580,EFO_0004242,INDICATION,
CHEMBL580,EFO_0004262,INDICATION,
CHEMBL580,EFO_0004698,OFF_LABEL_USE,
CHEMBL580,EFO_0004701,INDICATION,
CHEMBL580,EFO_0004777,OFF_LABEL_USE,
CHEMBL580,EFO_0005230,INDICATION,
CHEMBL580,EFO_0005411,INDICATION,
CHEMBL580,EFO_0006788,INDICATION,
CHEMBL580,EFO_0008526,INDICATION,
CHEMBL580,EFO_0009267,OFF_LABEL_USE,
CHEMBL580,EFO_0009692,INDICATION,
CHEMBL580,EFO_0009910,CONTRAINDICATION,
CHEMBL580,EFO_1000690,INDICATION,
CHEMBL580,EFO_1000800,OFF_LABEL_USE,
CHEMBL580,EFO_1000924,INDICATION,
CHEMBL580,EFO_1001146,INDICATION,
CHEMBL580,MONDO_0001744,CONTRAINDICATION,
CHEMBL580,MONDO_0002009,INDICATION,
CHEMBL580,MONDO_0002050,CONTRAINDICATION,
CHEMBL580,MONDO_0002491,CONTRAINDICATION,
CHEMBL580,MONDO_0004900,INDICATION,
CHEMBL580,MONDO_0004975,INDICATION,
CHEMBL580,MONDO_0005090,INDICATION,
CHEMBL580,MONDO_0007079,INDICATION,
CHEMBL580,MONDO_0016532,INDICATION,
CHEMBL580,MONDO_0037821,CONTRAINDICATION,
CHEMBL580,MONDO_0100192,CONTRAINDICATION,
CHEMBL580,MONDO_0850093,INDICATION,
CHEMBL58061,EFO_0000771,INDICATION,
CHEMBL58061,EFO_0007448,INDICATION,
CHEMBL58061,EFO_0008588,INDICATION,
CHEMBL58061,MONDO_0018076,INDICATION,
CHEMBL58061,MONDO_0100096,INDICATION,
CHEMBL582,EFO_0000544,INDICATION,
CHEMBL582,EFO_0000676,INDICATION,
CHEMBL582,EFO_0000685,INDICATION,
CHEMBL582,EFO_0000729,INDICATION,
CHEMBL582,EFO_0001663,INDICATION,
CHEMBL582,EFO_0003778,INDICATION,
CHEMBL582,EFO_0003898,INDICATION,
CHEMBL582,EFO_0004272,INDICATION,
CHEMBL582,EFO_0005741,INDICATION,
CHEMBL582,EFO_0009516,INDICATION,
CHEMBL582,MONDO_0021201,INDICATION,
CHEMBL582857,EFO_0005230,INDICATION,
CHEMBL582857,MONDO_0002050,INDICATION,
CHEMBL582912,EFO_0000771,INDICATION,
CHEMBL583,DOID_7551,INDICATION,
CHEMBL583,EFO_0000771,INDICATION,
CHEMBL583,EFO_0003102,INDICATION,
CHEMBL583,EFO_0007387,INDICATION,
CHEMBL583,EFO_0007499,INDICATION,
CHEMBL583,MONDO_0001080,INDICATION,
CHEMBL58323,EFO_0000275,CONTRAINDICATION,
CHEMBL58323,EFO_0000326,INDICATION,
CHEMBL58323,EFO_0000474,INDICATION,
CHEMBL58323,EFO_0001645,CONTRAINDICATION,
CHEMBL58323,EFO_0003086,INDICATION,
CHEMBL58323,EFO_0003833,INDICATION,
CHEMBL58323,EFO_0003911,CONTRAINDICATION,
CHEMBL58323,EFO_0004263,INDICATION,
CHEMBL58323,EFO_0005230,INDICATION,
CHEMBL58323,EFO_0005252,CONTRAINDICATION,
CHEMBL58323,EFO_0005543,INDICATION,
CHEMBL58323,EFO_0005687,INDICATION,
CHEMBL58323,EFO_0005762,INDICATION,
CHEMBL58323,EFO_0005917,INDICATION,
CHEMBL58323,EFO_0007262,INDICATION,
CHEMBL58323,EFO_0008526,INDICATION,
CHEMBL58323,EFO_1000783,INDICATION,
CHEMBL58323,EFO_1001375,CONTRAINDICATION,
CHEMBL58323,MONDO_0000468,CONTRAINDICATION,
CHEMBL58323,MONDO_0001823,CONTRAINDICATION,
CHEMBL58323,MONDO_0002050,INDICATION,
CHEMBL58323,MONDO_0004976,INDICATION,
CHEMBL58323,MONDO_0005090,INDICATION,
CHEMBL58323,MONDO_0005178,INDICATION,
CHEMBL58323,MONDO_0005277,INDICATION,
CHEMBL58323,MONDO_0007079,INDICATION,
CHEMBL58323,MONDO_0007571,INDICATION,
CHEMBL58323,MONDO_0041052,INDICATION,
CHEMBL583912,EFO_0001361,INDICATION,
CHEMBL583912,MONDO_0010311,INDICATION,
CHEMBL584,EFO_0000180,INDICATION,
CHEMBL584,EFO_0000313,INDICATION,
CHEMBL584,EFO_0000365,INDICATION,
CHEMBL584,EFO_0000400,CONTRAINDICATION,
CHEMBL584,EFO_0000519,INDICATION,
CHEMBL584,EFO_0000558,INDICATION,
CHEMBL584,EFO_0000569,INDICATION,
CHEMBL584,EFO_0000574,INDICATION,
CHEMBL584,EFO_0000616,INDICATION,
CHEMBL584,EFO_0000681,INDICATION,
CHEMBL584,EFO_0000691,INDICATION,
CHEMBL584,EFO_0000763,INDICATION,
CHEMBL584,EFO_0000764,INDICATION,
CHEMBL584,EFO_0000765,INDICATION,
CHEMBL584,EFO_0001378,INDICATION,
CHEMBL584,EFO_0003060,INDICATION,
CHEMBL584,EFO_0003860,INDICATION,
CHEMBL584,EFO_0005543,INDICATION,
CHEMBL584,EFO_0007313,INDICATION,
CHEMBL584,EFO_1000158,INDICATION,
CHEMBL584,EFO_1000910,INDICATION,
CHEMBL584,MONDO_0001528,INDICATION,
CHEMBL584,MONDO_0002050,CONTRAINDICATION,
CHEMBL584,MONDO_0002974,INDICATION,
CHEMBL584,MONDO_0007915,INDICATION,
CHEMBL584,MONDO_0008903,INDICATION,
CHEMBL584,MONDO_0018660,CONTRAINDICATION,
CHEMBL585,EFO_0000319,INDICATION,
CHEMBL585,EFO_0000373,INDICATION,
CHEMBL585,EFO_0000400,CONTRAINDICATION,
CHEMBL585,EFO_0000537,INDICATION,
CHEMBL585,EFO_0000668,INDICATION,
CHEMBL585,EFO_0001422,INDICATION,
CHEMBL585,EFO_0001645,INDICATION,
CHEMBL585,EFO_0003086,CONTRAINDICATION,
CHEMBL585,EFO_0003914,INDICATION,
CHEMBL585,EFO_0004255,INDICATION,
CHEMBL585,EFO_0004274,CONTRAINDICATION,
CHEMBL585,EFO_0004278,INDICATION,
CHEMBL585,EFO_0008506,CONTRAINDICATION,
CHEMBL585,EFO_0009373,INDICATION,
CHEMBL585,EFO_0009452,INDICATION,
CHEMBL585,EFO_0009530,CONTRAINDICATION,
CHEMBL585,EFO_1000014,CONTRAINDICATION,
CHEMBL585,EFO_1000652,CONTRAINDICATION,
CHEMBL585,MONDO_0001566,CONTRAINDICATION,
CHEMBL585,MONDO_0005147,CONTRAINDICATION,
CHEMBL585,MONDO_0005148,CONTRAINDICATION,
CHEMBL585,MONDO_0007915,CONTRAINDICATION,
CHEMBL585,MONDO_0018100,CONTRAINDICATION,
CHEMBL585,MONDO_0100192,CONTRAINDICATION,
CHEMBL58510,EFO_0000275,INDICATION,
CHEMBL58510,EFO_0000685,INDICATION,
CHEMBL58510,EFO_0000694,INDICATION,
CHEMBL58510,EFO_0000764,INDICATION,
CHEMBL58510,EFO_0001068,INDICATION,
CHEMBL58510,EFO_0007541,INDICATION,
CHEMBL58510,MONDO_0007915,INDICATION,
CHEMBL58510,MONDO_0100096,INDICATION,
CHEMBL58547,MONDO_0004567,INDICATION,
CHEMBL586702,EFO_0000616,INDICATION,
CHEMBL58752,EFO_0004282,INDICATION,
CHEMBL58752,EFO_1000049,INDICATION,
CHEMBL58752,MONDO_0008315,INDICATION,
CHEMBL587723,EFO_0000519,INDICATION,
CHEMBL587723,EFO_1000158,INDICATION,
CHEMBL587723,MONDO_0004992,INDICATION,
CHEMBL58792,EFO_0005407,INDICATION,
CHEMBL588,EFO_0000319,INDICATION,
CHEMBL588,EFO_0000537,INDICATION,
CHEMBL588,EFO_0004190,CONTRAINDICATION,
CHEMBL588,EFO_1002048,INDICATION,
CHEMBL588046,EFO_0001073,INDICATION,
CHEMBL589,EFO_0000712,INDICATION,
CHEMBL589,EFO_0002610,INDICATION,
CHEMBL589,EFO_0004270,INDICATION,
CHEMBL589,EFO_0005251,CONTRAINDICATION,
CHEMBL589,EFO_0005252,CONTRAINDICATION,
CHEMBL589,EFO_0005407,CONTRAINDICATION,
CHEMBL589,EFO_0005687,INDICATION,
CHEMBL589,EFO_0007319,INDICATION,
CHEMBL589,MONDO_0005180,INDICATION,
CHEMBL589,MONDO_0009698,INDICATION,
CHEMBL589,MONDO_0100192,CONTRAINDICATION,
CHEMBL589092,EFO_0005755,INDICATION,
CHEMBL589390,MONDO_0004975,INDICATION,
CHEMBL589390,MONDO_0007739,INDICATION,
CHEMBL589583,EFO_0000319,INDICATION,
CHEMBL589583,EFO_0000537,INDICATION,
CHEMBL589586,EFO_0003929,INDICATION,
CHEMBL589586,MONDO_0005301,INDICATION,
CHEMBL59,EFO_0000319,INDICATION,
CHEMBL59,EFO_0000373,INDICATION,
CHEMBL59,EFO_0000400,INDICATION,
CHEMBL59,EFO_0000612,INDICATION,
CHEMBL59,EFO_0003144,INDICATION,
CHEMBL59,EFO_0003917,INDICATION,
CHEMBL59,EFO_0005207,INDICATION,
CHEMBL59,EFO_0005251,INDICATION,
CHEMBL59,EFO_0006834,INDICATION,
CHEMBL59,EFO_1000014,CONTRAINDICATION,
CHEMBL59,EFO_1002048,INDICATION,
CHEMBL59,MONDO_0002050,INDICATION,
CHEMBL59,MONDO_0005180,INDICATION,
CHEMBL59,MONDO_0008233,CONTRAINDICATION,
CHEMBL590,MP_0001914,INDICATION,
CHEMBL590799,EFO_0000694,INDICATION,
CHEMBL590799,MONDO_0100096,INDICATION,
CHEMBL590799,MP_0001914,INDICATION,
CHEMBL590985,EFO_0000565,INDICATION,
CHEMBL590985,EFO_0000616,INDICATION,
CHEMBL590985,EFO_0003060,INDICATION,
CHEMBL591,EFO_0004698,INDICATION,
CHEMBL591118,MONDO_0005148,INDICATION,
CHEMBL591429,EFO_0000519,INDICATION,
CHEMBL591429,EFO_0002499,INDICATION,
CHEMBL591429,EFO_1000045,INDICATION,
CHEMBL591665,EFO_0001065,INDICATION,
CHEMBL591665,EFO_0001070,INDICATION,
CHEMBL591665,EFO_0004272,INDICATION,
CHEMBL591665,MONDO_0008170,INDICATION,
CHEMBL592,EFO_0000464,CONTRAINDICATION,
CHEMBL592,EFO_0000474,CONTRAINDICATION,
CHEMBL592,EFO_0000729,CONTRAINDICATION,
CHEMBL592,EFO_0001074,CONTRAINDICATION,
CHEMBL592,EFO_0003086,CONTRAINDICATION,
CHEMBL592,EFO_0003767,CONTRAINDICATION,
CHEMBL592,EFO_0003832,CONTRAINDICATION,
CHEMBL592,EFO_0003833,CONTRAINDICATION,
CHEMBL592,EFO_0003843,INDICATION,
CHEMBL592,EFO_0003890,CONTRAINDICATION,
CHEMBL592,EFO_0004705,CONTRAINDICATION,
CHEMBL592,EFO_0005251,CONTRAINDICATION,
CHEMBL592,EFO_1000800,CONTRAINDICATION,
CHEMBL592,EFO_1000902,CONTRAINDICATION,
CHEMBL592,EFO_1001132,CONTRAINDICATION,
CHEMBL592,MONDO_0002203,CONTRAINDICATION,
CHEMBL592,MONDO_0002491,CONTRAINDICATION,
CHEMBL592,MONDO_0004596,CONTRAINDICATION,
CHEMBL592,MONDO_0015129,CONTRAINDICATION,
CHEMBL592054,EFO_0000400,INDICATION,
CHEMBL592374,MONDO_0002009,INDICATION,
CHEMBL592435,EFO_0000373,INDICATION,
CHEMBL592445,EFO_0000198,INDICATION,
CHEMBL592445,EFO_0000222,INDICATION,
CHEMBL592445,EFO_0000616,INDICATION,
CHEMBL592445,EFO_0003060,INDICATION,
CHEMBL592445,EFO_0004230,INDICATION,
CHEMBL592445,EFO_0005537,INDICATION,
CHEMBL592445,MONDO_0004992,INDICATION,
CHEMBL592445,MONDO_0007254,INDICATION,
CHEMBL592868,EFO_0001072,INDICATION,
CHEMBL592868,EFO_0003777,INDICATION,
CHEMBL592868,EFO_0003869,INDICATION,
CHEMBL592868,MONDO_0004975,INDICATION,
CHEMBL593,EFO_0000763,INDICATION,
CHEMBL593,EFO_0000764,INDICATION,
CHEMBL593019,EFO_0000401,INDICATION,
CHEMBL593019,EFO_0004253,INDICATION,
CHEMBL593429,EFO_0000676,INDICATION,
CHEMBL593429,EFO_0003086,CONTRAINDICATION,
CHEMBL593429,EFO_0005803,CONTRAINDICATION,
CHEMBL593429,EFO_0007287,CONTRAINDICATION,
CHEMBL593429,EFO_1000690,INDICATION,
CHEMBL593429,EFO_1000702,CONTRAINDICATION,
CHEMBL593429,EFO_1000764,INDICATION,
CHEMBL593429,MONDO_0002406,CONTRAINDICATION,
CHEMBL593429,MONDO_0037821,CONTRAINDICATION,
CHEMBL593430,EFO_0004698,INDICATION,
CHEMBL59356,EFO_0001645,INDICATION,
CHEMBL59356,EFO_0003914,INDICATION,
CHEMBL59356,EFO_0005672,INDICATION,
CHEMBL594,EFO_0005531,INDICATION,
CHEMBL594,EFO_0005751,INDICATION,
CHEMBL594,EFO_0007141,INDICATION,
CHEMBL595,EFO_0000195,INDICATION,
CHEMBL595,EFO_0000222,INDICATION,
CHEMBL595,EFO_0000319,INDICATION,
CHEMBL595,EFO_0000339,INDICATION,
CHEMBL595,EFO_0000384,INDICATION,
CHEMBL595,EFO_0000400,INDICATION,
CHEMBL595,EFO_0000519,INDICATION,
CHEMBL595,EFO_0000537,INDICATION,
CHEMBL595,EFO_0000544,INDICATION,
CHEMBL595,EFO_0000612,CONTRAINDICATION,
CHEMBL595,EFO_0000613,INDICATION,
CHEMBL595,EFO_0000616,INDICATION,
CHEMBL595,EFO_0000660,INDICATION,
CHEMBL595,EFO_0000673,INDICATION,
CHEMBL595,EFO_0000676,INDICATION,
CHEMBL595,EFO_0000685,INDICATION,
CHEMBL595,EFO_0000707,INDICATION,
CHEMBL595,EFO_0000708,INDICATION,
CHEMBL595,EFO_0000712,INDICATION,
CHEMBL595,EFO_0000734,CONTRAINDICATION,
CHEMBL595,EFO_0000756,INDICATION,
CHEMBL595,EFO_0001073,INDICATION,
CHEMBL595,EFO_0001361,INDICATION,
CHEMBL595,EFO_0001378,INDICATION,
CHEMBL595,EFO_0001380,CONTRAINDICATION,
CHEMBL595,EFO_0001421,INDICATION,
CHEMBL595,EFO_0001645,INDICATION,
CHEMBL595,EFO_0002499,INDICATION,
CHEMBL595,EFO_0002546,INDICATION,
CHEMBL595,EFO_0002614,INDICATION,
CHEMBL595,EFO_0002618,INDICATION,
CHEMBL595,EFO_0003047,INDICATION,
CHEMBL595,EFO_0003060,INDICATION,
CHEMBL595,EFO_0003085,INDICATION,
CHEMBL595,EFO_0003086,CONTRAINDICATION,
CHEMBL595,EFO_0003095,INDICATION,
CHEMBL595,EFO_0003756,INDICATION,
CHEMBL595,EFO_0003884,INDICATION,
CHEMBL595,EFO_0003914,INDICATION,
CHEMBL595,EFO_0003929,INDICATION,
CHEMBL595,EFO_0004220,INDICATION,
CHEMBL595,EFO_0004265,INDICATION,
CHEMBL595,EFO_0004272,INDICATION,
CHEMBL595,EFO_0005611,INDICATION,
CHEMBL595,EFO_0005669,INDICATION,
CHEMBL595,EFO_0005741,CONTRAINDICATION,
CHEMBL595,EFO_0008620,INDICATION,
CHEMBL595,EFO_0009491,CONTRAINDICATION,
CHEMBL595,EFO_1000036,CONTRAINDICATION,
CHEMBL595,EFO_1000948,INDICATION,
CHEMBL595,EFO_1001249,INDICATION,
CHEMBL595,EFO_1001348,INDICATION,
CHEMBL595,MONDO_0000440,CONTRAINDICATION,
CHEMBL595,MONDO_0001187,CONTRAINDICATION,
CHEMBL595,MONDO_0001437,INDICATION,
CHEMBL595,MONDO_0001657,INDICATION,
CHEMBL595,MONDO_0002009,INDICATION,
CHEMBL595,MONDO_0002108,INDICATION,
CHEMBL595,MONDO_0002520,CONTRAINDICATION,
CHEMBL595,MONDO_0003005,CONTRAINDICATION,
CHEMBL595,MONDO_0004975,INDICATION,
CHEMBL595,MONDO_0004976,INDICATION,
CHEMBL595,MONDO_0004979,INDICATION,
CHEMBL595,MONDO_0005147,INDICATION,
CHEMBL595,MONDO_0005148,INDICATION,
CHEMBL595,MONDO_0005180,INDICATION,
CHEMBL595,MONDO_0005301,INDICATION,
CHEMBL595,MONDO_0007079,CONTRAINDICATION,
CHEMBL595,MONDO_0007915,INDICATION,
CHEMBL595,MONDO_0008315,INDICATION,
CHEMBL595,MONDO_0008903,INDICATION,
CHEMBL595,MONDO_0009061,INDICATION,
CHEMBL595,MONDO_0015129,CONTRAINDICATION,
CHEMBL595,MONDO_0015339,INDICATION,
CHEMBL595,MONDO_0016642,INDICATION,
CHEMBL595,MONDO_0018305,INDICATION,
CHEMBL595,MONDO_0100339,INDICATION,
CHEMBL595,MP_0001845,INDICATION,
CHEMBL595,Orphanet_43,INDICATION,
CHEMBL595573,EFO_0001073,INDICATION,
CHEMBL595573,MONDO_0005090,INDICATION,
CHEMBL596,EFO_0000232,INDICATION,
CHEMBL596,EFO_0000319,CONTRAINDICATION,
CHEMBL596,EFO_0000341,CONTRAINDICATION,
CHEMBL596,EFO_0000537,CONTRAINDICATION,
CHEMBL596,EFO_0000546,INDICATION,
CHEMBL596,EFO_0000555,INDICATION,
CHEMBL596,EFO_0000616,INDICATION,
CHEMBL596,EFO_0000713,INDICATION,
CHEMBL596,EFO_0001073,INDICATION,
CHEMBL596,EFO_0001074,INDICATION,
CHEMBL596,EFO_0001421,INDICATION,
CHEMBL596,EFO_0002618,INDICATION,
CHEMBL596,EFO_0002950,INDICATION,
CHEMBL596,EFO_0003030,INDICATION,
CHEMBL596,EFO_0003086,CONTRAINDICATION,
CHEMBL596,EFO_0003767,CONTRAINDICATION,
CHEMBL596,EFO_0003843,INDICATION,
CHEMBL596,EFO_0003884,INDICATION,
CHEMBL596,EFO_0003918,INDICATION,
CHEMBL596,EFO_0003931,INDICATION,
CHEMBL596,EFO_0004209,INDICATION,
CHEMBL596,EFO_0004244,INDICATION,
CHEMBL596,EFO_0004273,INDICATION,
CHEMBL596,EFO_0004991,CONTRAINDICATION,
CHEMBL596,EFO_0005251,CONTRAINDICATION,
CHEMBL596,EFO_0005252,CONTRAINDICATION,
CHEMBL596,EFO_0005307,CONTRAINDICATION,
CHEMBL596,EFO_0005611,INDICATION,
CHEMBL596,EFO_0005762,INDICATION,
CHEMBL596,EFO_0009267,INDICATION,
CHEMBL596,EFO_0009550,CONTRAINDICATION,
CHEMBL596,EFO_0009727,INDICATION,
CHEMBL596,EFO_0009842,INDICATION,
CHEMBL596,EFO_0009870,INDICATION,
CHEMBL596,EFO_0801084,INDICATION,
CHEMBL596,EFO_1000637,INDICATION,
CHEMBL596,EFO_1000652,CONTRAINDICATION,
CHEMBL596,EFO_1000783,INDICATION,
CHEMBL596,EFO_1001132,CONTRAINDICATION,
CHEMBL596,EFO_1001139,INDICATION,
CHEMBL596,EFO_1001267,INDICATION,
CHEMBL596,EFO_1001379,CONTRAINDICATION,
CHEMBL596,MONDO_0000468,CONTRAINDICATION,
CHEMBL596,MONDO_0001056,INDICATION,
CHEMBL596,MONDO_0002050,CONTRAINDICATION,
CHEMBL596,MONDO_0002491,CONTRAINDICATION,
CHEMBL596,MONDO_0004596,CONTRAINDICATION,
CHEMBL596,MONDO_0004979,CONTRAINDICATION,
CHEMBL596,MONDO_0004992,INDICATION,
CHEMBL596,MONDO_0005178,INDICATION,
CHEMBL596,MONDO_0005277,CONTRAINDICATION,
CHEMBL596,MONDO_0007079,CONTRAINDICATION,
CHEMBL596,MONDO_0007254,INDICATION,
CHEMBL596,MONDO_0008233,CONTRAINDICATION,
CHEMBL596,MONDO_0018100,CONTRAINDICATION,
CHEMBL596,MONDO_0019171,CONTRAINDICATION,
CHEMBL596,MONDO_0043510,INDICATION,
CHEMBL596,MONDO_0100096,INDICATION,
CHEMBL596,MONDO_0100192,CONTRAINDICATION,
CHEMBL596186,EFO_0000220,INDICATION,
CHEMBL596186,EFO_0000222,INDICATION,
CHEMBL596802,MONDO_0004976,INDICATION,
CHEMBL596802,MONDO_0005180,INDICATION,
CHEMBL596802,MONDO_0007739,INDICATION,
CHEMBL597,EFO_0000239,INDICATION,
CHEMBL597,EFO_0000319,INDICATION,
CHEMBL597,EFO_0000612,CONTRAINDICATION,
CHEMBL597,EFO_0001073,INDICATION,
CHEMBL597,EFO_0001645,CONTRAINDICATION,
CHEMBL597,EFO_0003875,INDICATION,
CHEMBL597,EFO_0004234,OFF_LABEL_USE,
CHEMBL597,EFO_0005251,CONTRAINDICATION,
CHEMBL597,MONDO_0000468,CONTRAINDICATION,
CHEMBL597,MONDO_0001330,INDICATION,
CHEMBL597,MONDO_0005041,CONTRAINDICATION,
CHEMBL597,MONDO_0005299,INDICATION,
CHEMBL597,MONDO_0008233,INDICATION,
CHEMBL597,MONDO_0008315,INDICATION,
CHEMBL598172,EFO_0004698,INDICATION,
CHEMBL598172,EFO_0006792,INDICATION,
CHEMBL598797,EFO_0000616,INDICATION,
CHEMBL598797,EFO_0003060,INDICATION,
CHEMBL598797,EFO_0006859,INDICATION,
CHEMBL598797,MONDO_0001056,INDICATION,
CHEMBL598797,MONDO_0002691,INDICATION,
CHEMBL598797,MONDO_0004992,INDICATION,
CHEMBL598797,MONDO_0007254,INDICATION,
CHEMBL599,EFO_0000217,CONTRAINDICATION,
CHEMBL599,EFO_0000319,CONTRAINDICATION,
CHEMBL599,EFO_0000400,CONTRAINDICATION,
CHEMBL599,EFO_0000537,CONTRAINDICATION,
CHEMBL599,EFO_0000612,CONTRAINDICATION,
CHEMBL599,EFO_0000673,INDICATION,
CHEMBL599,EFO_0000685,INDICATION,
CHEMBL599,EFO_0000712,CONTRAINDICATION,
CHEMBL599,EFO_0002609,INDICATION,
CHEMBL599,EFO_0002950,INDICATION,
CHEMBL599,EFO_0003086,CONTRAINDICATION,
CHEMBL599,EFO_0003843,INDICATION,
CHEMBL599,EFO_0003898,OFF_LABEL_USE,
CHEMBL599,EFO_0004616,INDICATION,
CHEMBL599,EFO_0005755,INDICATION,
CHEMBL599,EFO_0009314,CONTRAINDICATION,
CHEMBL599,EFO_0010072,INDICATION,
CHEMBL599,MONDO_0001343,CONTRAINDICATION,
CHEMBL599,MONDO_0002258,INDICATION,
CHEMBL599,MONDO_0002280,CONTRAINDICATION,
CHEMBL599,MONDO_0005178,INDICATION,
CHEMBL599,MONDO_0005277,INDICATION,
CHEMBL599,MONDO_0007079,CONTRAINDICATION,
CHEMBL599,MONDO_0007915,INDICATION,
CHEMBL599,MONDO_0018076,INDICATION,
CHEMBL599,MONDO_0021187,CONTRAINDICATION,
CHEMBL599552,EFO_0000222,INDICATION,
CHEMBL599552,EFO_0000224,INDICATION,
CHEMBL599552,EFO_0000274,INDICATION,
CHEMBL599552,EFO_0000676,INDICATION,
CHEMBL599552,EFO_0003835,INDICATION,
CHEMBL599552,EFO_1001494,INDICATION,
CHEMBL59990,EFO_0000565,INDICATION,
CHEMBL59990,EFO_0000574,INDICATION,
CHEMBL59990,EFO_0003851,INDICATION,
CHEMBL59990,EFO_1000158,INDICATION,
CHEMBL59990,MONDO_0021322,INDICATION,
CHEMBL6,EFO_0000181,INDICATION,
CHEMBL6,EFO_0000196,INDICATION,
CHEMBL6,EFO_0000199,INDICATION,
CHEMBL6,EFO_0000278,INDICATION,
CHEMBL6,EFO_0000319,CONTRAINDICATION,
CHEMBL6,EFO_0000342,INDICATION,
CHEMBL6,EFO_0000389,INDICATION,
CHEMBL6,EFO_0000474,CONTRAINDICATION,
CHEMBL6,EFO_0000537,CONTRAINDICATION,
CHEMBL6,EFO_0000612,CONTRAINDICATION,
CHEMBL6,EFO_0000673,INDICATION,
CHEMBL6,EFO_0000685,INDICATION,
CHEMBL6,EFO_0000729,CONTRAINDICATION,
CHEMBL6,EFO_0000771,CONTRAINDICATION,
CHEMBL6,EFO_0003086,CONTRAINDICATION,
CHEMBL6,EFO_0003144,CONTRAINDICATION,
CHEMBL6,EFO_0003843,INDICATION,
CHEMBL6,EFO_0003898,INDICATION,
CHEMBL6,EFO_0003917,INDICATION,
CHEMBL6,EFO_0003928,CONTRAINDICATION,
CHEMBL6,EFO_0004274,INDICATION,
CHEMBL6,EFO_0004607,CONTRAINDICATION,
CHEMBL6,EFO_0005252,INDICATION,
CHEMBL6,EFO_0005628,CONTRAINDICATION,
CHEMBL6,EFO_0005669,CONTRAINDICATION,
CHEMBL6,EFO_0005752,INDICATION,
CHEMBL6,EFO_0005755,INDICATION,
CHEMBL6,EFO_0007427,OFF_LABEL_USE,
CHEMBL6,EFO_0008997,INDICATION,
CHEMBL6,EFO_0009314,CONTRAINDICATION,
CHEMBL6,EFO_0009454,CONTRAINDICATION,
CHEMBL6,EFO_0009552,CONTRAINDICATION,
CHEMBL6,EFO_0009688,CONTRAINDICATION,
CHEMBL6,EFO_0010072,INDICATION,
CHEMBL6,EFO_1000318,INDICATION,
CHEMBL6,EFO_1000652,INDICATION,
CHEMBL6,EFO_1001412,INDICATION,
CHEMBL6,EFO_1001435,INDICATION,
CHEMBL6,MONDO_0001308,CONTRAINDICATION,
CHEMBL6,MONDO_0002050,CONTRAINDICATION,
CHEMBL6,MONDO_0002471,INDICATION,
CHEMBL6,MONDO_0003937,INDICATION,
CHEMBL6,MONDO_0004857,INDICATION,
CHEMBL6,MONDO_0004975,INDICATION,
CHEMBL6,MONDO_0004979,CONTRAINDICATION,
CHEMBL6,MONDO_0005178,INDICATION,
CHEMBL6,MONDO_0007254,INDICATION,
CHEMBL6,MONDO_0008315,INDICATION,
CHEMBL6,MONDO_0015231,OFF_LABEL_USE,
CHEMBL6,MONDO_0016383,OFF_LABEL_USE,
CHEMBL6,MONDO_0021063,CONTRAINDICATION,
CHEMBL6,MONDO_0021095,CONTRAINDICATION,
CHEMBL6,MONDO_0024475,INDICATION,
CHEMBL6,MONDO_0100096,INDICATION,
CHEMBL6,MP_0001845,INDICATION,
CHEMBL6,MP_0001914,INDICATION,
CHEMBL6,Orphanet_79292,INDICATION,
CHEMBL600,EFO_0000275,INDICATION,
CHEMBL600,EFO_0000341,INDICATION,
CHEMBL600,EFO_0000389,INDICATION,
CHEMBL600,EFO_0000404,INDICATION,
CHEMBL600,EFO_0000474,INDICATION,
CHEMBL600,EFO_0000479,INDICATION,
CHEMBL600,EFO_0000537,INDICATION,
CHEMBL600,EFO_0000538,INDICATION,
CHEMBL600,EFO_0000545,INDICATION,
CHEMBL600,EFO_0000546,INDICATION,
CHEMBL600,EFO_0000555,INDICATION,
CHEMBL600,EFO_0000574,INDICATION,
CHEMBL600,EFO_0000612,INDICATION,
CHEMBL600,EFO_0000660,INDICATION,
CHEMBL600,EFO_0000677,INDICATION,
CHEMBL600,EFO_0000684,INDICATION,
CHEMBL600,EFO_0000712,INDICATION,
CHEMBL600,EFO_0000756,INDICATION,
CHEMBL600,EFO_0000768,INDICATION,
CHEMBL600,EFO_0001358,INDICATION,
CHEMBL600,EFO_0001645,INDICATION,
CHEMBL600,EFO_0002429,INDICATION,
CHEMBL600,EFO_0002610,INDICATION,
CHEMBL600,EFO_0002687,INDICATION,
CHEMBL600,EFO_0003033,INDICATION,
CHEMBL600,EFO_0003086,INDICATION,
CHEMBL600,EFO_0003756,INDICATION,
CHEMBL600,EFO_0003757,INDICATION,
CHEMBL600,EFO_0003758,INDICATION,
CHEMBL600,EFO_0003768,INDICATION,
CHEMBL600,EFO_0003840,INDICATION,
CHEMBL600,EFO_0003843,INDICATION,
CHEMBL600,EFO_0003867,INDICATION,
CHEMBL600,EFO_0003884,INDICATION,
CHEMBL600,EFO_0003917,INDICATION,
CHEMBL600,EFO_0003966,INDICATION,
CHEMBL600,EFO_0004145,INDICATION,
CHEMBL600,EFO_0004228,INDICATION,
CHEMBL600,EFO_0004238,INDICATION,
CHEMBL600,EFO_0004242,INDICATION,
CHEMBL600,EFO_0004269,INDICATION,
CHEMBL600,EFO_0004329,INDICATION,
CHEMBL600,EFO_0004610,INDICATION,
CHEMBL600,EFO_0004699,INDICATION,
CHEMBL600,EFO_0004701,INDICATION,
CHEMBL600,EFO_0004895,INDICATION,
CHEMBL600,EFO_0005204,INDICATION,
CHEMBL600,EFO_0005251,CONTRAINDICATION,
CHEMBL600,EFO_0005407,INDICATION,
CHEMBL600,EFO_0005687,INDICATION,
CHEMBL600,EFO_0005762,INDICATION,
CHEMBL600,EFO_0006505,INDICATION,
CHEMBL600,EFO_0007160,INDICATION,
CHEMBL600,EFO_0007191,INDICATION,
CHEMBL600,EFO_0007214,INDICATION,
CHEMBL600,EFO_0007328,INDICATION,
CHEMBL600,EFO_0007430,INDICATION,
CHEMBL600,EFO_0007456,INDICATION,
CHEMBL600,EFO_0007486,INDICATION,
CHEMBL600,EFO_0008560,INDICATION,
CHEMBL600,EFO_0008583,INDICATION,
CHEMBL600,EFO_0008585,INDICATION,
CHEMBL600,EFO_0009448,INDICATION,
CHEMBL600,EFO_0009545,CONTRAINDICATION,
CHEMBL600,EFO_0009661,INDICATION,
CHEMBL600,EFO_0009963,INDICATION,
CHEMBL600,EFO_1000637,INDICATION,
CHEMBL600,EFO_1000782,INDICATION,
CHEMBL600,EFO_1000905,INDICATION,
CHEMBL600,EFO_1000906,INDICATION,
CHEMBL600,EFO_1001141,INDICATION,
CHEMBL600,EFO_1001254,INDICATION,
CHEMBL600,EFO_1001345,INDICATION,
CHEMBL600,EFO_1001459,INDICATION,
CHEMBL600,EFO_1001494,INDICATION,
CHEMBL600,EFO_1001875,INDICATION,
CHEMBL600,EFO_1001898,INDICATION,
CHEMBL600,EFO_1001902,INDICATION,
CHEMBL600,EFO_1002048,INDICATION,
CHEMBL600,MONDO_0000153,INDICATION,
CHEMBL600,MONDO_0000831,INDICATION,
CHEMBL600,MONDO_0002009,INDICATION,
CHEMBL600,MONDO_0002050,INDICATION,
CHEMBL600,MONDO_0002491,INDICATION,
CHEMBL600,MONDO_0002492,INDICATION,
CHEMBL600,MONDO_0004247,CONTRAINDICATION,
CHEMBL600,MONDO_0004737,INDICATION,
CHEMBL600,MONDO_0004822,INDICATION,
CHEMBL600,MONDO_0004975,INDICATION,
CHEMBL600,MONDO_0004985,INDICATION,
CHEMBL600,MONDO_0005090,INDICATION,
CHEMBL600,MONDO_0005148,INDICATION,
CHEMBL600,MONDO_0005180,INDICATION,
CHEMBL600,MONDO_0005301,INDICATION,
CHEMBL600,MONDO_0007079,INDICATION,
CHEMBL600,MONDO_0007254,INDICATION,
CHEMBL600,MONDO_0007739,INDICATION,
CHEMBL600,MONDO_0007915,INDICATION,
CHEMBL600,MONDO_0008867,INDICATION,
CHEMBL600,MONDO_0009061,INDICATION,
CHEMBL600,MONDO_0011382,INDICATION,
CHEMBL600,MONDO_0013730,INDICATION,
CHEMBL600,MONDO_0015339,INDICATION,
CHEMBL600,MONDO_0016033,INDICATION,
CHEMBL600,MONDO_0016486,INDICATION,
CHEMBL600,MONDO_0018076,INDICATION,
CHEMBL600,MONDO_0018896,INDICATION,
CHEMBL600,MONDO_0018975,INDICATION,
CHEMBL600,MONDO_0018982,INDICATION,
CHEMBL600,MONDO_0019200,INDICATION,
CHEMBL600,MONDO_0019514,INDICATION,
CHEMBL600,MONDO_0024355,INDICATION,
CHEMBL600,MONDO_0043510,INDICATION,
CHEMBL600,MONDO_0044903,INDICATION,
CHEMBL600,MONDO_0044970,INDICATION,
CHEMBL600,MONDO_0100096,INDICATION,
CHEMBL600,Orphanet_77259,INDICATION,
CHEMBL600,Orphanet_98974,INDICATION,
CHEMBL600325,EFO_0000319,INDICATION,
CHEMBL601,EFO_0000384,INDICATION,
CHEMBL601,EFO_0000519,INDICATION,
CHEMBL601,EFO_0000544,INDICATION,
CHEMBL601,EFO_0000565,INDICATION,
CHEMBL601,EFO_0000574,INDICATION,
CHEMBL601,EFO_0000616,INDICATION,
CHEMBL601,EFO_0000729,INDICATION,
CHEMBL601,EFO_0002496,INDICATION,
CHEMBL601,EFO_0002499,INDICATION,
CHEMBL601,EFO_0002501,INDICATION,
CHEMBL601,EFO_0003833,INDICATION,
CHEMBL601,EFO_0003894,INDICATION,
CHEMBL601,EFO_0004193,INDICATION,
CHEMBL601,EFO_0004795,CONTRAINDICATION,
CHEMBL601,EFO_0005543,INDICATION,
CHEMBL601,EFO_0006859,INDICATION,
CHEMBL601,EFO_0009907,INDICATION,
CHEMBL601,EFO_1000764,INDICATION,
CHEMBL601,EFO_1001051,INDICATION,
CHEMBL601,EFO_1001465,INDICATION,
CHEMBL601,MONDO_0001657,INDICATION,
CHEMBL601,MONDO_0003268,INDICATION,
CHEMBL601,MONDO_0004647,INDICATION,
CHEMBL601,MONDO_0007187,INDICATION,
CHEMBL601,MONDO_0007254,INDICATION,
CHEMBL601,MONDO_0018975,INDICATION,
CHEMBL601,MONDO_0021063,INDICATION,
CHEMBL601,MONDO_0021632,INDICATION,
CHEMBL601,MONDO_0100342,INDICATION,
CHEMBL601719,EFO_0000222,INDICATION,
CHEMBL601719,EFO_0000228,INDICATION,
CHEMBL601719,EFO_0000403,INDICATION,
CHEMBL601719,EFO_0000519,INDICATION,
CHEMBL601719,EFO_0000571,INDICATION,
CHEMBL601719,EFO_0000616,INDICATION,
CHEMBL601719,EFO_0000640,INDICATION,
CHEMBL601719,EFO_0000707,INDICATION,
CHEMBL601719,EFO_0001378,INDICATION,
CHEMBL601719,EFO_0003032,INDICATION,
CHEMBL601719,EFO_0003060,INDICATION,
CHEMBL601719,EFO_0003086,INDICATION,
CHEMBL601719,EFO_1000026,INDICATION,
CHEMBL601719,EFO_1001951,INDICATION,
CHEMBL601719,MONDO_0001056,INDICATION,
CHEMBL601719,MONDO_0004992,INDICATION,
CHEMBL601719,MONDO_0007039,INDICATION,
CHEMBL601719,MONDO_0007254,INDICATION,
CHEMBL601719,MONDO_0008315,INDICATION,
CHEMBL601719,MONDO_0008903,INDICATION,
CHEMBL601719,MONDO_0011962,INDICATION,
CHEMBL601719,MONDO_0015798,INDICATION,
CHEMBL601773,EFO_0000319,INDICATION,
CHEMBL602,EFO_0000474,CONTRAINDICATION,
CHEMBL602,EFO_0000701,CONTRAINDICATION,
CHEMBL602,EFO_0000764,INDICATION,
CHEMBL602,EFO_0003095,INDICATION,
CHEMBL602,EFO_0003106,INDICATION,
CHEMBL602,EFO_0003966,INDICATION,
CHEMBL602,EFO_0005774,CONTRAINDICATION,
CHEMBL602,EFO_0007328,INDICATION,
CHEMBL602,EFO_1001132,CONTRAINDICATION,
CHEMBL602,MONDO_0002050,CONTRAINDICATION,
CHEMBL602,MONDO_0004979,INDICATION,
CHEMBL602,MONDO_0009061,INDICATION,
CHEMBL602,MONDO_0016239,INDICATION,
CHEMBL602,MONDO_0044970,INDICATION,
CHEMBL602,MONDO_0100096,INDICATION,
CHEMBL602,MONDO_0100151,INDICATION,
CHEMBL603,EFO_0001422,CONTRAINDICATION,
CHEMBL603,EFO_0004698,CONTRAINDICATION,
CHEMBL603,MONDO_0002050,CONTRAINDICATION,
CHEMBL603,MONDO_0004979,INDICATION,
CHEMBL603,MONDO_0007254,INDICATION,
CHEMBL603,MONDO_0008170,INDICATION,
CHEMBL603469,EFO_0000222,INDICATION,
CHEMBL603469,EFO_0000479,INDICATION,
CHEMBL603469,EFO_0000565,INDICATION,
CHEMBL603469,EFO_0000621,INDICATION,
CHEMBL603469,EFO_0000676,INDICATION,
CHEMBL603469,EFO_0001378,INDICATION,
CHEMBL603469,EFO_0002429,INDICATION,
CHEMBL603469,MONDO_0008315,INDICATION,
CHEMBL603469,MONDO_0044903,INDICATION,
CHEMBL604,EFO_0001070,INDICATION,
CHEMBL604,EFO_0004272,INDICATION,
CHEMBL604608,EFO_0000389,INDICATION,
CHEMBL604608,EFO_0001073,INDICATION,
CHEMBL604608,EFO_0003095,INDICATION,
CHEMBL604710,MONDO_0002959,INDICATION,
CHEMBL604710,MONDO_0041052,INDICATION,
CHEMBL605,EFO_0000275,INDICATION,
CHEMBL605,EFO_0003144,INDICATION,
CHEMBL605,EFO_0004269,INDICATION,
CHEMBL605525,EFO_0003854,INDICATION,
CHEMBL605525,EFO_0003882,INDICATION,
CHEMBL605525,EFO_1001173,INDICATION,
CHEMBL605846,EFO_0000341,INDICATION,
CHEMBL605846,EFO_0000464,INDICATION,
CHEMBL605846,EFO_0001421,INDICATION,
CHEMBL605846,EFO_0006505,INDICATION,
CHEMBL605846,MONDO_0004979,INDICATION,
CHEMBL606,EFO_0000319,CONTRAINDICATION,
CHEMBL606,EFO_0000537,CONTRAINDICATION,
CHEMBL606,EFO_0000544,INDICATION,
CHEMBL606,EFO_0000612,CONTRAINDICATION,
CHEMBL606,EFO_0000668,INDICATION,
CHEMBL606,EFO_0000712,CONTRAINDICATION,
CHEMBL606,EFO_0000731,INDICATION,
CHEMBL606,EFO_0001073,INDICATION,
CHEMBL606,EFO_0002950,INDICATION,
CHEMBL606,EFO_0003767,CONTRAINDICATION,
CHEMBL606,EFO_0003843,INDICATION,
CHEMBL606,EFO_0003898,OFF_LABEL_USE,
CHEMBL606,EFO_0003917,INDICATION,
CHEMBL606,EFO_0003948,INDICATION,
CHEMBL606,EFO_0004607,OFF_LABEL_USE,
CHEMBL606,EFO_0009314,CONTRAINDICATION,
CHEMBL606,EFO_0009454,OFF_LABEL_USE,
CHEMBL606,EFO_0009579,INDICATION,
CHEMBL606,EFO_0009846,INDICATION,
CHEMBL606,EFO_1000874,INDICATION,
CHEMBL606,EFO_1000905,CONTRAINDICATION,
CHEMBL606,EFO_1001249,INDICATION,
CHEMBL606,EFO_1001255,INDICATION,
CHEMBL606,EFO_1001799,INDICATION,
CHEMBL606,MONDO_0000931,INDICATION,
CHEMBL606,MONDO_0001572,INDICATION,
CHEMBL606,MONDO_0002280,CONTRAINDICATION,
CHEMBL606,MONDO_0003061,INDICATION,
CHEMBL606,MONDO_0004247,OFF_LABEL_USE,
CHEMBL606,MONDO_0004979,CONTRAINDICATION,
CHEMBL606,MONDO_0005178,INDICATION,
CHEMBL606,MONDO_0007079,CONTRAINDICATION,
CHEMBL606,MONDO_0100192,CONTRAINDICATION,
CHEMBL606,MP_0001914,INDICATION,
CHEMBL606258,EFO_0000771,INDICATION,
CHEMBL606258,EFO_0007499,INDICATION,
CHEMBL606258,MONDO_0004979,OFF_LABEL_USE,
CHEMBL606260,EFO_0003102,INDICATION,
CHEMBL607,EFO_0000319,CONTRAINDICATION,
CHEMBL607,EFO_0000341,CONTRAINDICATION,
CHEMBL607,EFO_0000474,CONTRAINDICATION,
CHEMBL607,EFO_0003843,INDICATION,
CHEMBL607,EFO_0003877,CONTRAINDICATION,
CHEMBL607,EFO_0003890,CONTRAINDICATION,
CHEMBL607,EFO_0004273,INDICATION,
CHEMBL607,EFO_0004705,CONTRAINDICATION,
CHEMBL607,EFO_0005251,CONTRAINDICATION,
CHEMBL607,EFO_0005774,CONTRAINDICATION,
CHEMBL607,EFO_0008574,CONTRAINDICATION,
CHEMBL607,EFO_1000902,CONTRAINDICATION,
CHEMBL607,EFO_1001055,CONTRAINDICATION,
CHEMBL607,EFO_1001132,CONTRAINDICATION,
CHEMBL607,EFO_1001379,CONTRAINDICATION,
CHEMBL607,MONDO_0001744,CONTRAINDICATION,
CHEMBL607,MONDO_0002491,CONTRAINDICATION,
CHEMBL607,MONDO_0004247,CONTRAINDICATION,
CHEMBL607,MONDO_0004596,CONTRAINDICATION,
CHEMBL607,MONDO_0007079,CONTRAINDICATION,
CHEMBL607,MONDO_0008233,CONTRAINDICATION,
CHEMBL607,MONDO_0011382,CONTRAINDICATION,
CHEMBL607,MONDO_0015129,CONTRAINDICATION,
CHEMBL607,MONDO_0100192,CONTRAINDICATION,
CHEMBL607023,EFO_0000319,INDICATION,
CHEMBL607023,EFO_0000519,INDICATION,
CHEMBL607023,MONDO_0001879,INDICATION,
CHEMBL607023,MONDO_0004907,INDICATION,
CHEMBL607023,MONDO_0008315,INDICATION,
CHEMBL607023,MONDO_0100096,INDICATION,
CHEMBL607048,EFO_0005044,INDICATION,
CHEMBL607400,EFO_0000474,INDICATION,
CHEMBL607400,EFO_0003833,INDICATION,
CHEMBL607400,EFO_0004263,INDICATION,
CHEMBL607400,EFO_1001919,INDICATION,
CHEMBL607400,MONDO_0041052,INDICATION,
CHEMBL607400,Orphanet_308,INDICATION,
CHEMBL607707,EFO_0000616,INDICATION,
CHEMBL607707,EFO_0003060,INDICATION,
CHEMBL607707,EFO_0004288,INDICATION,
CHEMBL607707,EFO_1000657,INDICATION,
CHEMBL607710,EFO_0002618,INDICATION,
CHEMBL608,EFO_0000319,INDICATION,
CHEMBL608,EFO_0000401,INDICATION,
CHEMBL608,EFO_0004265,INDICATION,
CHEMBL608,MONDO_0021187,INDICATION,
CHEMBL608533,EFO_0000198,INDICATION,
CHEMBL608533,EFO_0000220,INDICATION,
CHEMBL608533,EFO_0000222,INDICATION,
CHEMBL608533,EFO_0000565,INDICATION,
CHEMBL608533,EFO_0000616,INDICATION,
CHEMBL608533,EFO_0001421,INDICATION,
CHEMBL608533,EFO_0007359,INDICATION,
CHEMBL608533,EFO_0009001,INDICATION,
CHEMBL608533,EFO_1000131,INDICATION,
CHEMBL608533,EFO_1000657,INDICATION,
CHEMBL608533,MONDO_0016586,INDICATION,
CHEMBL608806,EFO_0002610,INDICATION,
CHEMBL60889,EFO_0000217,INDICATION,
CHEMBL60889,EFO_0000555,INDICATION,
CHEMBL60889,EFO_0008533,INDICATION,
CHEMBL60889,EFO_0010282,INDICATION,
CHEMBL60889,MONDO_0004567,INDICATION,
CHEMBL609,EFO_0000278,CONTRAINDICATION,
CHEMBL609,EFO_0000537,CONTRAINDICATION,
CHEMBL609,EFO_0000538,INDICATION,
CHEMBL609,EFO_0000612,CONTRAINDICATION,
CHEMBL609,EFO_0000676,OFF_LABEL_USE,
CHEMBL609,EFO_0000681,INDICATION,
CHEMBL609,EFO_0000685,INDICATION,
CHEMBL609,EFO_0000756,INDICATION,
CHEMBL609,EFO_0003875,CONTRAINDICATION,
CHEMBL609,EFO_0004267,INDICATION,
CHEMBL609,EFO_0004280,INDICATION,
CHEMBL609,EFO_0004705,CONTRAINDICATION,
CHEMBL609,EFO_0005307,CONTRAINDICATION,
CHEMBL609,EFO_0005669,CONTRAINDICATION,
CHEMBL609,EFO_0005769,CONTRAINDICATION,
CHEMBL609,EFO_0009491,CONTRAINDICATION,
CHEMBL609,EFO_1000766,CONTRAINDICATION,
CHEMBL609,EFO_1000905,CONTRAINDICATION,
CHEMBL609,MONDO_0001566,CONTRAINDICATION,
CHEMBL609,MONDO_0001576,CONTRAINDICATION,
CHEMBL609,MONDO_0003005,INDICATION,
CHEMBL609,MONDO_0004992,INDICATION,
CHEMBL609,MONDO_0010200,INDICATION,
CHEMBL609,MONDO_0018100,CONTRAINDICATION,
CHEMBL609,MONDO_0019171,CONTRAINDICATION,
CHEMBL609,MONDO_0023297,CONTRAINDICATION,
CHEMBL609,MONDO_0100192,CONTRAINDICATION,
CHEMBL609109,EFO_0005407,INDICATION,
CHEMBL609583,EFO_0000616,INDICATION,
CHEMBL609980,EFO_0000319,INDICATION,
CHEMBL61,EFO_0000707,INDICATION,
CHEMBL61,EFO_0000763,INDICATION,
CHEMBL61,EFO_0007147,INDICATION,
CHEMBL611,EFO_0000284,INDICATION,
CHEMBL611,EFO_0000537,INDICATION,
CHEMBL611,EFO_0001645,INDICATION,
CHEMBL611,EFO_0002615,INDICATION,
CHEMBL611,EFO_0003914,INDICATION,
CHEMBL611,EFO_0005252,CONTRAINDICATION,
CHEMBL611,MONDO_0005148,INDICATION,
CHEMBL611,MONDO_0005180,INDICATION,
CHEMBL612,EFO_0000318,CONTRAINDICATION,
CHEMBL612,EFO_0000319,CONTRAINDICATION,
CHEMBL612,EFO_0000474,CONTRAINDICATION,
CHEMBL612,EFO_0000537,CONTRAINDICATION,
CHEMBL612,EFO_0000612,CONTRAINDICATION,
CHEMBL612,EFO_0000712,CONTRAINDICATION,
CHEMBL612,EFO_0001358,INDICATION,
CHEMBL612,EFO_0001645,CONTRAINDICATION,
CHEMBL612,EFO_0002610,INDICATION,
CHEMBL612,EFO_0003888,INDICATION,
CHEMBL612,EFO_0003890,CONTRAINDICATION,
CHEMBL612,EFO_0004701,INDICATION,
CHEMBL612,EFO_0004895,CONTRAINDICATION,
CHEMBL612,EFO_0005407,CONTRAINDICATION,
CHEMBL612,EFO_0005543,INDICATION,
CHEMBL612,EFO_0005611,INDICATION,
CHEMBL612,EFO_0009086,CONTRAINDICATION,
CHEMBL612,EFO_0009189,CONTRAINDICATION,
CHEMBL612,MONDO_0002277,CONTRAINDICATION,
CHEMBL612,MONDO_0002491,CONTRAINDICATION,
CHEMBL612,MONDO_0004985,CONTRAINDICATION,
CHEMBL612,MONDO_0005041,CONTRAINDICATION,
CHEMBL612,MONDO_0005090,INDICATION,
CHEMBL612,MONDO_0005301,INDICATION,
CHEMBL612,MONDO_0005351,CONTRAINDICATION,
CHEMBL612,MONDO_0016158,INDICATION,
CHEMBL612,MONDO_0021107,INDICATION,
CHEMBL614,EFO_0000400,CONTRAINDICATION,
CHEMBL614,EFO_0000764,INDICATION,
CHEMBL614,EFO_0000765,INDICATION,
CHEMBL614,EFO_0003100,CONTRAINDICATION,
CHEMBL614,EFO_0003102,INDICATION,
CHEMBL614,EFO_0004274,CONTRAINDICATION,
CHEMBL614,EFO_0007381,INDICATION,
CHEMBL614,EFO_1000039,INDICATION,
CHEMBL614,EFO_1000049,INDICATION,
CHEMBL614,MONDO_0007079,CONTRAINDICATION,
CHEMBL614,MONDO_0018076,INDICATION,
CHEMBL614,MONDO_0019542,CONTRAINDICATION,
CHEMBL614,MONDO_0021108,INDICATION,
CHEMBL614,MONDO_0037821,CONTRAINDICATION,
CHEMBL614,MONDO_0041806,INDICATION,
CHEMBL614,MONDO_0100192,CONTRAINDICATION,
CHEMBL615,EFO_0000544,INDICATION,
CHEMBL615,EFO_0000584,INDICATION,
CHEMBL615,EFO_0000771,INDICATION,
CHEMBL615,EFO_0003033,INDICATION,
CHEMBL615,EFO_0003086,CONTRAINDICATION,
CHEMBL615,EFO_0003102,INDICATION,
CHEMBL615,EFO_0003106,INDICATION,
CHEMBL615,EFO_0005681,INDICATION,
CHEMBL615,EFO_0005856,INDICATION,
CHEMBL615,EFO_0007128,OFF_LABEL_USE,
CHEMBL615,EFO_0007326,CONTRAINDICATION,
CHEMBL615,EFO_0007477,INDICATION,
CHEMBL615,EFO_0008510,OFF_LABEL_USE,
CHEMBL615,EFO_1000830,INDICATION,
CHEMBL615,EFO_1001161,INDICATION,
CHEMBL615,EFO_1001462,INDICATION,
CHEMBL615,MONDO_0002258,INDICATION,
CHEMBL615,MONDO_0024389,OFF_LABEL_USE,
CHEMBL61511,EFO_0000621,INDICATION,
CHEMBL61511,EFO_0001378,INDICATION,
CHEMBL61593,EFO_0000319,INDICATION,
CHEMBL617,EFO_0000771,INDICATION,
CHEMBL617,EFO_0003103,INDICATION,
CHEMBL617,EFO_0003106,INDICATION,
CHEMBL617,EFO_0007499,INDICATION,
CHEMBL61780,EFO_0001361,INDICATION,
CHEMBL61780,EFO_0003144,INDICATION,
CHEMBL61872,EFO_0000474,INDICATION,
CHEMBL61872,EFO_0000519,INDICATION,
CHEMBL61872,EFO_0000630,INDICATION,
CHEMBL61872,EFO_0002499,INDICATION,
CHEMBL61872,EFO_0002501,INDICATION,
CHEMBL61872,EFO_1000158,INDICATION,
CHEMBL61872,MONDO_0004976,INDICATION,
CHEMBL61872,MONDO_0005180,INDICATION,
CHEMBL620,EFO_0010282,INDICATION,
CHEMBL621,EFO_0003777,CONTRAINDICATION,
CHEMBL621,EFO_0003918,INDICATION,
CHEMBL621,EFO_0004698,OFF_LABEL_USE,
CHEMBL621,EFO_0005230,INDICATION,
CHEMBL621,EFO_0005252,CONTRAINDICATION,
CHEMBL621,EFO_0005307,CONTRAINDICATION,
CHEMBL621,EFO_0007453,INDICATION,
CHEMBL621,EFO_0008568,INDICATION,
CHEMBL621,EFO_0009314,CONTRAINDICATION,
CHEMBL621,EFO_1000783,INDICATION,
CHEMBL621,EFO_1000982,CONTRAINDICATION,
CHEMBL621,MONDO_0002009,INDICATION,
CHEMBL621,MONDO_0002050,INDICATION,
CHEMBL621,MONDO_0004975,INDICATION,
CHEMBL621,MONDO_0004976,INDICATION,
CHEMBL621,MONDO_0005090,INDICATION,
CHEMBL621,MONDO_0007079,INDICATION,
CHEMBL621,MONDO_0018100,CONTRAINDICATION,
CHEMBL621,MONDO_0019171,CONTRAINDICATION,
CHEMBL62193,EFO_0000771,INDICATION,
CHEMBL622,EFO_0000182,INDICATION,
CHEMBL622,EFO_0000319,CONTRAINDICATION,
CHEMBL622,EFO_0000537,CONTRAINDICATION,
CHEMBL622,EFO_0000612,CONTRAINDICATION,
CHEMBL622,EFO_0000685,INDICATION,
CHEMBL622,EFO_0002609,INDICATION,
CHEMBL622,EFO_0002970,INDICATION,
CHEMBL622,EFO_0003086,CONTRAINDICATION,
CHEMBL622,EFO_0003843,INDICATION,
CHEMBL622,EFO_0003860,INDICATION,
CHEMBL622,EFO_0003898,OFF_LABEL_USE,
CHEMBL622,EFO_0004142,INDICATION,
CHEMBL622,EFO_0004274,OFF_LABEL_USE,
CHEMBL622,EFO_0005755,INDICATION,
CHEMBL622,EFO_0009314,CONTRAINDICATION,
CHEMBL622,EFO_0009582,INDICATION,
CHEMBL622,MONDO_0002471,OFF_LABEL_USE,
CHEMBL622,MONDO_0004247,CONTRAINDICATION,
CHEMBL622,MONDO_0004857,OFF_LABEL_USE,
CHEMBL622,MONDO_0005178,INDICATION,
CHEMBL622,Orphanet_79292,INDICATION,
CHEMBL623,EFO_0000319,CONTRAINDICATION,
CHEMBL623,EFO_0000474,CONTRAINDICATION,
CHEMBL623,EFO_0000612,CONTRAINDICATION,
CHEMBL623,EFO_0000712,CONTRAINDICATION,
CHEMBL623,EFO_0002610,INDICATION,
CHEMBL623,EFO_0003763,CONTRAINDICATION,
CHEMBL623,EFO_0005251,CONTRAINDICATION,
CHEMBL623,EFO_0007191,INDICATION,
CHEMBL623,MONDO_0002009,INDICATION,
CHEMBL623,MONDO_0002491,CONTRAINDICATION,
CHEMBL62381,EFO_0000537,INDICATION,
CHEMBL62381,EFO_0000685,INDICATION,
CHEMBL62381,EFO_0005585,INDICATION,
CHEMBL62381,MONDO_0013730,INDICATION,
CHEMBL62382,EFO_0000574,INDICATION,
CHEMBL62382,EFO_0001663,INDICATION,
CHEMBL62382,EFO_0005406,INDICATION,
CHEMBL6246,EFO_0000195,INDICATION,
CHEMBL6246,MONDO_0018906,INDICATION,
CHEMBL625,EFO_0003086,CONTRAINDICATION,
CHEMBL625,EFO_0007154,INDICATION,
CHEMBL625,EFO_0007241,OFF_LABEL_USE,
CHEMBL625,EFO_0007254,INDICATION,
CHEMBL625,EFO_0007501,INDICATION,
CHEMBL625,EFO_0007516,INDICATION,
CHEMBL625,EFO_0007523,OFF_LABEL_USE,
CHEMBL625,EFO_1001342,INDICATION,
CHEMBL625,MONDO_0100192,CONTRAINDICATION,
CHEMBL626,EFO_0007510,INDICATION,
CHEMBL626,EFO_0007512,INDICATION,
CHEMBL6273,EFO_0000771,INDICATION,
CHEMBL628,DOID_13406,INDICATION,
CHEMBL628,EFO_0000220,INDICATION,
CHEMBL628,EFO_0000278,INDICATION,
CHEMBL628,EFO_0000319,INDICATION,
CHEMBL628,EFO_0000384,INDICATION,
CHEMBL628,EFO_0000401,INDICATION,
CHEMBL628,EFO_0000474,INDICATION,
CHEMBL628,EFO_0000545,INDICATION,
CHEMBL628,EFO_0000546,INDICATION,
CHEMBL628,EFO_0000764,INDICATION,
CHEMBL628,EFO_0001065,INDICATION,
CHEMBL628,EFO_0001422,INDICATION,
CHEMBL628,EFO_0001645,INDICATION,
CHEMBL628,EFO_0003060,INDICATION,
CHEMBL628,EFO_0003086,CONTRAINDICATION,
CHEMBL628,EFO_0003767,INDICATION,
CHEMBL628,EFO_0003780,INDICATION,
CHEMBL628,EFO_0003869,INDICATION,
CHEMBL628,EFO_0003875,INDICATION,
CHEMBL628,EFO_0003884,INDICATION,
CHEMBL628,EFO_0003928,INDICATION,
CHEMBL628,EFO_0004255,INDICATION,
CHEMBL628,EFO_0004259,INDICATION,
CHEMBL628,EFO_0004272,INDICATION,
CHEMBL628,EFO_0004284,INDICATION,
CHEMBL628,EFO_0005044,INDICATION,
CHEMBL628,EFO_0005046,INDICATION,
CHEMBL628,EFO_0005672,INDICATION,
CHEMBL628,EFO_0005774,INDICATION,
CHEMBL628,EFO_0006890,INDICATION,
CHEMBL628,EFO_0007444,INDICATION,
CHEMBL628,EFO_0009314,CONTRAINDICATION,
CHEMBL628,EFO_1000158,INDICATION,
CHEMBL628,EFO_1000652,INDICATION,
CHEMBL628,EFO_1000844,INDICATION,
CHEMBL628,EFO_1001249,INDICATION,
CHEMBL628,EFO_1001345,OFF_LABEL_USE,
CHEMBL628,EFO_1001346,INDICATION,
CHEMBL628,EFO_1001486,INDICATION,
CHEMBL628,MONDO_0002009,INDICATION,
CHEMBL628,MONDO_0002050,INDICATION,
CHEMBL628,MONDO_0002462,INDICATION,
CHEMBL628,MONDO_0004985,INDICATION,
CHEMBL628,MONDO_0004992,INDICATION,
CHEMBL628,MONDO_0005090,INDICATION,
CHEMBL628,MONDO_0008867,INDICATION,
CHEMBL628,MONDO_0010679,INDICATION,
CHEMBL628,MONDO_0018373,INDICATION,
CHEMBL628,MONDO_0021681,INDICATION,
CHEMBL628,MONDO_0100096,INDICATION,
CHEMBL629,EFO_0000400,INDICATION,
CHEMBL629,EFO_0000474,CONTRAINDICATION,
CHEMBL629,EFO_0000512,INDICATION,
CHEMBL629,EFO_0000612,CONTRAINDICATION,
CHEMBL629,EFO_0001073,CONTRAINDICATION,
CHEMBL629,EFO_0001358,OFF_LABEL_USE,
CHEMBL629,EFO_0003086,CONTRAINDICATION,
CHEMBL629,EFO_0003818,CONTRAINDICATION,
CHEMBL629,EFO_0003843,INDICATION,
CHEMBL629,EFO_0003877,CONTRAINDICATION,
CHEMBL629,EFO_0004149,INDICATION,
CHEMBL629,EFO_0004190,CONTRAINDICATION,
CHEMBL629,EFO_0004244,INDICATION,
CHEMBL629,EFO_0004698,INDICATION,
CHEMBL629,EFO_0005204,OFF_LABEL_USE,
CHEMBL629,EFO_0005230,INDICATION,
CHEMBL629,EFO_0005252,CONTRAINDICATION,
CHEMBL629,EFO_0005307,CONTRAINDICATION,
CHEMBL629,EFO_0005407,CONTRAINDICATION,
CHEMBL629,EFO_0005687,OFF_LABEL_USE,
CHEMBL629,EFO_0005762,INDICATION,
CHEMBL629,EFO_0007169,INDICATION,
CHEMBL629,EFO_0007319,CONTRAINDICATION,
CHEMBL629,EFO_0008507,INDICATION,
CHEMBL629,EFO_0009189,CONTRAINDICATION,
CHEMBL629,EFO_0009387,INDICATION,
CHEMBL629,EFO_0009430,OFF_LABEL_USE,
CHEMBL629,EFO_0010282,INDICATION,
CHEMBL629,EFO_1000941,INDICATION,
CHEMBL629,EFO_1001375,CONTRAINDICATION,
CHEMBL629,EFO_1001379,CONTRAINDICATION,
CHEMBL629,EFO_1001800,INDICATION,
CHEMBL629,MONDO_0001744,CONTRAINDICATION,
CHEMBL629,MONDO_0002009,INDICATION,
CHEMBL629,MONDO_0002050,INDICATION,
CHEMBL629,MONDO_0002280,CONTRAINDICATION,
CHEMBL629,MONDO_0002491,CONTRAINDICATION,
CHEMBL629,MONDO_0005041,CONTRAINDICATION,
CHEMBL629,MONDO_0005090,INDICATION,
CHEMBL629,MONDO_0005277,INDICATION,
CHEMBL629,MONDO_0007079,CONTRAINDICATION,
CHEMBL629,MONDO_0016028,INDICATION,
CHEMBL629,MONDO_0019171,CONTRAINDICATION,
CHEMBL629,MONDO_0021095,CONTRAINDICATION,
CHEMBL629,MONDO_0037821,CONTRAINDICATION,
CHEMBL629,MONDO_0041086,INDICATION,
CHEMBL63,EFO_0000618,INDICATION,
CHEMBL63,MONDO_0002009,INDICATION,
CHEMBL63,MONDO_0005301,INDICATION,
CHEMBL63,MONDO_0007739,INDICATION,
CHEMBL631,EFO_0000275,INDICATION,
CHEMBL631,EFO_0000612,CONTRAINDICATION,
CHEMBL631,EFO_0003086,CONTRAINDICATION,
CHEMBL631,EFO_0003144,INDICATION,
CHEMBL631,EFO_0004269,INDICATION,
CHEMBL631,EFO_0004278,INDICATION,
CHEMBL631,EFO_0004287,INDICATION,
CHEMBL631,EFO_0004991,CONTRAINDICATION,
CHEMBL631,EFO_0005251,CONTRAINDICATION,
CHEMBL631,EFO_0005307,CONTRAINDICATION,
CHEMBL631,MONDO_0000465,CONTRAINDICATION,
CHEMBL631,MONDO_0001823,CONTRAINDICATION,
CHEMBL631,MONDO_0019171,CONTRAINDICATION,
CHEMBL631,MONDO_0021661,CONTRAINDICATION,
CHEMBL632,EFO_0000217,CONTRAINDICATION,
CHEMBL632,EFO_0000220,INDICATION,
CHEMBL632,EFO_0000232,INDICATION,
CHEMBL632,EFO_0000274,INDICATION,
CHEMBL632,EFO_0000341,OFF_LABEL_USE,
CHEMBL632,EFO_0000384,INDICATION,
CHEMBL632,EFO_0000400,CONTRAINDICATION,
CHEMBL632,EFO_0000474,CONTRAINDICATION,
CHEMBL632,EFO_0000537,CONTRAINDICATION,
CHEMBL632,EFO_0000676,INDICATION,
CHEMBL632,EFO_0000685,INDICATION,
CHEMBL632,EFO_0000701,INDICATION,
CHEMBL632,EFO_0000756,INDICATION,
CHEMBL632,EFO_0001060,OFF_LABEL_USE,
CHEMBL632,EFO_0001378,OFF_LABEL_USE,
CHEMBL632,EFO_0001380,CONTRAINDICATION,
CHEMBL632,EFO_0001422,CONTRAINDICATION,
CHEMBL632,EFO_0002950,INDICATION,
CHEMBL632,EFO_0003767,INDICATION,
CHEMBL632,EFO_0003778,INDICATION,
CHEMBL632,EFO_0003875,CONTRAINDICATION,
CHEMBL632,EFO_0003882,CONTRAINDICATION,
CHEMBL632,EFO_0003898,INDICATION,
CHEMBL632,EFO_0003917,INDICATION,
CHEMBL632,EFO_0003966,INDICATION,
CHEMBL632,EFO_0004143,INDICATION,
CHEMBL632,EFO_0004145,CONTRAINDICATION,
CHEMBL632,EFO_0004190,CONTRAINDICATION,
CHEMBL632,EFO_0004209,INDICATION,
CHEMBL632,EFO_0004255,INDICATION,
CHEMBL632,EFO_0004274,INDICATION,
CHEMBL632,EFO_0004705,CONTRAINDICATION,
CHEMBL632,EFO_0005319,INDICATION,
CHEMBL632,EFO_0005407,CONTRAINDICATION,
CHEMBL632,EFO_0005532,INDICATION,
CHEMBL632,EFO_0005741,CONTRAINDICATION,
CHEMBL632,EFO_0005752,INDICATION,
CHEMBL632,EFO_0005769,CONTRAINDICATION,
CHEMBL632,EFO_0005809,INDICATION,
CHEMBL632,EFO_0005854,INDICATION,
CHEMBL632,EFO_0005952,INDICATION,
CHEMBL632,EFO_0006509,CONTRAINDICATION,
CHEMBL632,EFO_0006803,OFF_LABEL_USE,
CHEMBL632,EFO_0006857,CONTRAINDICATION,
CHEMBL632,EFO_0007187,OFF_LABEL_USE,
CHEMBL632,EFO_0007308,CONTRAINDICATION,
CHEMBL632,EFO_0007368,INDICATION,
CHEMBL632,EFO_0007409,CONTRAINDICATION,
CHEMBL632,EFO_0007427,OFF_LABEL_USE,
CHEMBL632,EFO_0007501,CONTRAINDICATION,
CHEMBL632,EFO_0007512,INDICATION,
CHEMBL632,EFO_0008496,OFF_LABEL_USE,
CHEMBL632,EFO_0008517,INDICATION,
CHEMBL632,EFO_0008518,OFF_LABEL_USE,
CHEMBL632,EFO_0008997,INDICATION,
CHEMBL632,EFO_0009012,OFF_LABEL_USE,
CHEMBL632,EFO_0009456,INDICATION,
CHEMBL632,EFO_0009491,INDICATION,
CHEMBL632,EFO_0009552,INDICATION,
CHEMBL632,EFO_0009661,OFF_LABEL_USE,
CHEMBL632,EFO_0009676,INDICATION,
CHEMBL632,EFO_0009840,INDICATION,
CHEMBL632,EFO_1000391,OFF_LABEL_USE,
CHEMBL632,EFO_1000637,INDICATION,
CHEMBL632,EFO_1000644,INDICATION,
CHEMBL632,EFO_1000684,INDICATION,
CHEMBL632,EFO_1000694,INDICATION,
CHEMBL632,EFO_1000697,INDICATION,
CHEMBL632,EFO_1000704,INDICATION,
CHEMBL632,EFO_1000749,INDICATION,
CHEMBL632,EFO_1000761,INDICATION,
CHEMBL632,EFO_1000764,INDICATION,
CHEMBL632,EFO_1000766,CONTRAINDICATION,
CHEMBL632,EFO_1000845,INDICATION,
CHEMBL632,EFO_1000906,INDICATION,
CHEMBL632,EFO_1001051,INDICATION,
CHEMBL632,EFO_1001077,INDICATION,
CHEMBL632,EFO_1001157,INDICATION,
CHEMBL632,EFO_1001160,OFF_LABEL_USE,
CHEMBL632,EFO_1001161,INDICATION,
CHEMBL632,EFO_1001264,INDICATION,
CHEMBL632,EFO_1001399,INDICATION,
CHEMBL632,EFO_1001435,INDICATION,
CHEMBL632,EFO_1001494,INDICATION,
CHEMBL632,EFO_1001887,INDICATION,
CHEMBL632,EFO_1002022,CONTRAINDICATION,
CHEMBL632,EFO_1002025,CONTRAINDICATION,
CHEMBL632,MONDO_0001198,INDICATION,
CHEMBL632,MONDO_0001566,CONTRAINDICATION,
CHEMBL632,MONDO_0001576,CONTRAINDICATION,
CHEMBL632,MONDO_0002041,CONTRAINDICATION,
CHEMBL632,MONDO_0002258,INDICATION,
CHEMBL632,MONDO_0002471,INDICATION,
CHEMBL632,MONDO_0003005,INDICATION,
CHEMBL632,MONDO_0004126,INDICATION,
CHEMBL632,MONDO_0004247,CONTRAINDICATION,
CHEMBL632,MONDO_0004857,INDICATION,
CHEMBL632,MONDO_0004979,INDICATION,
CHEMBL632,MONDO_0005041,INDICATION,
CHEMBL632,MONDO_0005271,INDICATION,
CHEMBL632,MONDO_0005301,INDICATION,
CHEMBL632,MONDO_0007915,INDICATION,
CHEMBL632,MONDO_0008814,CONTRAINDICATION,
CHEMBL632,MONDO_0009348,INDICATION,
CHEMBL632,MONDO_0009971,INDICATION,
CHEMBL632,MONDO_0015129,INDICATION,
CHEMBL632,MONDO_0015253,INDICATION,
CHEMBL632,MONDO_0015758,INDICATION,
CHEMBL632,MONDO_0015991,CONTRAINDICATION,
CHEMBL632,MONDO_0018076,CONTRAINDICATION,
CHEMBL632,MONDO_0018097,OFF_LABEL_USE,
CHEMBL632,MONDO_0018373,CONTRAINDICATION,
CHEMBL632,MONDO_0018479,INDICATION,
CHEMBL632,MONDO_0018906,INDICATION,
CHEMBL632,MONDO_0019170,OFF_LABEL_USE,
CHEMBL632,MONDO_0019338,INDICATION,
CHEMBL632,MONDO_0019801,INDICATION,
CHEMBL632,MONDO_0023297,CONTRAINDICATION,
CHEMBL632,MONDO_0024636,OFF_LABEL_USE,
CHEMBL632,Orphanet_124,INDICATION,
CHEMBL632,Orphanet_90,CONTRAINDICATION,
CHEMBL633,EFO_0000275,OFF_LABEL_USE,
CHEMBL633,EFO_0000318,INDICATION,
CHEMBL633,EFO_0000373,INDICATION,
CHEMBL633,EFO_0000612,INDICATION,
CHEMBL633,EFO_0001645,INDICATION,
CHEMBL633,EFO_0003100,CONTRAINDICATION,
CHEMBL633,EFO_0003144,INDICATION,
CHEMBL633,EFO_0003911,INDICATION,
CHEMBL633,EFO_0004269,INDICATION,
CHEMBL633,EFO_0004278,INDICATION,
CHEMBL633,EFO_0004287,INDICATION,
CHEMBL633,EFO_0004705,CONTRAINDICATION,
CHEMBL633,EFO_0005306,INDICATION,
CHEMBL633,EFO_0005307,CONTRAINDICATION,
CHEMBL633,EFO_0005529,INDICATION,
CHEMBL633,EFO_0007243,INDICATION,
CHEMBL633,EFO_0007257,CONTRAINDICATION,
CHEMBL633,EFO_0007405,CONTRAINDICATION,
CHEMBL633,EFO_0009189,CONTRAINDICATION,
CHEMBL633,EFO_0009190,CONTRAINDICATION,
CHEMBL633,EFO_0009492,INDICATION,
CHEMBL633,EFO_0009910,CONTRAINDICATION,
CHEMBL633,EFO_1000905,CONTRAINDICATION,
CHEMBL633,MONDO_0000468,CONTRAINDICATION,
CHEMBL633,MONDO_0000469,CONTRAINDICATION,
CHEMBL633,MONDO_0001308,CONTRAINDICATION,
CHEMBL633,MONDO_0017853,CONTRAINDICATION,
CHEMBL633,MONDO_0018100,CONTRAINDICATION,
CHEMBL633,MONDO_0019171,CONTRAINDICATION,
CHEMBL633,MONDO_0019438,INDICATION,
CHEMBL633,MONDO_0100096,INDICATION,
CHEMBL63323,EFO_0005755,INDICATION,
CHEMBL634,EFO_0003086,CONTRAINDICATION,
CHEMBL634,EFO_0005251,CONTRAINDICATION,
CHEMBL634,EFO_1001132,CONTRAINDICATION,
CHEMBL635,DOID_13406,INDICATION,
CHEMBL635,EFO_0000094,INDICATION,
CHEMBL635,EFO_0000095,INDICATION,
CHEMBL635,EFO_0000096,INDICATION,
CHEMBL635,EFO_0000182,INDICATION,
CHEMBL635,EFO_0000183,INDICATION,
CHEMBL635,EFO_0000196,INDICATION,
CHEMBL635,EFO_0000198,INDICATION,
CHEMBL635,EFO_0000209,INDICATION,
CHEMBL635,EFO_0000211,INDICATION,
CHEMBL635,EFO_0000217,CONTRAINDICATION,
CHEMBL635,EFO_0000220,INDICATION,
CHEMBL635,EFO_0000222,INDICATION,
CHEMBL635,EFO_0000255,INDICATION,
CHEMBL635,EFO_0000274,INDICATION,
CHEMBL635,EFO_0000309,INDICATION,
CHEMBL635,EFO_0000318,INDICATION,
CHEMBL635,EFO_0000341,OFF_LABEL_USE,
CHEMBL635,EFO_0000373,INDICATION,
CHEMBL635,EFO_0000384,INDICATION,
CHEMBL635,EFO_0000398,INDICATION,
CHEMBL635,EFO_0000400,CONTRAINDICATION,
CHEMBL635,EFO_0000403,INDICATION,
CHEMBL635,EFO_0000474,CONTRAINDICATION,
CHEMBL635,EFO_0000479,INDICATION,
CHEMBL635,EFO_0000537,CONTRAINDICATION,
CHEMBL635,EFO_0000557,INDICATION,
CHEMBL635,EFO_0000565,INDICATION,
CHEMBL635,EFO_0000574,INDICATION,
CHEMBL635,EFO_0000616,INDICATION,
CHEMBL635,EFO_0000621,INDICATION,
CHEMBL635,EFO_0000673,INDICATION,
CHEMBL635,EFO_0000676,INDICATION,
CHEMBL635,EFO_0000685,INDICATION,
CHEMBL635,EFO_0000691,INDICATION,
CHEMBL635,EFO_0000701,INDICATION,
CHEMBL635,EFO_0000729,INDICATION,
CHEMBL635,EFO_0000756,INDICATION,
CHEMBL635,EFO_0000764,INDICATION,
CHEMBL635,EFO_0000765,INDICATION,
CHEMBL635,EFO_0000768,INDICATION,
CHEMBL635,EFO_0001060,OFF_LABEL_USE,
CHEMBL635,EFO_0001063,INDICATION,
CHEMBL635,EFO_0001378,OFF_LABEL_USE,
CHEMBL635,EFO_0001379,INDICATION,
CHEMBL635,EFO_0001380,CONTRAINDICATION,
CHEMBL635,EFO_0001422,CONTRAINDICATION,
CHEMBL635,EFO_0001663,INDICATION,
CHEMBL635,EFO_0002428,INDICATION,
CHEMBL635,EFO_0002429,INDICATION,
CHEMBL635,EFO_0002430,INDICATION,
CHEMBL635,EFO_0002609,INDICATION,
CHEMBL635,EFO_0002626,INDICATION,
CHEMBL635,EFO_0003032,INDICATION,
CHEMBL635,EFO_0003047,INDICATION,
CHEMBL635,EFO_0003060,INDICATION,
CHEMBL635,EFO_0003063,INDICATION,
CHEMBL635,EFO_0003086,INDICATION,
CHEMBL635,EFO_0003106,INDICATION,
CHEMBL635,EFO_0003144,INDICATION,
CHEMBL635,EFO_0003767,INDICATION,
CHEMBL635,EFO_0003777,INDICATION,
CHEMBL635,EFO_0003778,INDICATION,
CHEMBL635,EFO_0003818,INDICATION,
CHEMBL635,EFO_0003833,INDICATION,
CHEMBL635,EFO_0003843,INDICATION,
CHEMBL635,EFO_0003882,CONTRAINDICATION,
CHEMBL635,EFO_0003884,INDICATION,
CHEMBL635,EFO_0003898,INDICATION,
CHEMBL635,EFO_0003929,INDICATION,
CHEMBL635,EFO_0003956,INDICATION,
CHEMBL635,EFO_0004145,CONTRAINDICATION,
CHEMBL635,EFO_0004190,CONTRAINDICATION,
CHEMBL635,EFO_0004194,INDICATION,
CHEMBL635,EFO_0004228,INDICATION,
CHEMBL635,EFO_0004236,INDICATION,
CHEMBL635,EFO_0004238,INDICATION,
CHEMBL635,EFO_0004251,INDICATION,
CHEMBL635,EFO_0004254,INDICATION,
CHEMBL635,EFO_0004255,INDICATION,
CHEMBL635,EFO_0004256,INDICATION,
CHEMBL635,EFO_0004274,INDICATION,
CHEMBL635,EFO_0004276,INDICATION,
CHEMBL635,EFO_0004289,INDICATION,
CHEMBL635,EFO_0004599,INDICATION,
CHEMBL635,EFO_0004705,CONTRAINDICATION,
CHEMBL635,EFO_0004719,INDICATION,
CHEMBL635,EFO_0004826,INDICATION,
CHEMBL635,EFO_0004991,OFF_LABEL_USE,
CHEMBL635,EFO_0005140,INDICATION,
CHEMBL635,EFO_0005297,INDICATION,
CHEMBL635,EFO_0005319,INDICATION,
CHEMBL635,EFO_0005407,CONTRAINDICATION,
CHEMBL635,EFO_0005531,INDICATION,
CHEMBL635,EFO_0005532,INDICATION,
CHEMBL635,EFO_0005539,INDICATION,
CHEMBL635,EFO_0005558,INDICATION,
CHEMBL635,EFO_0005676,INDICATION,
CHEMBL635,EFO_0005741,CONTRAINDICATION,
CHEMBL635,EFO_0005761,INDICATION,
CHEMBL635,EFO_0005801,INDICATION,
CHEMBL635,EFO_0005809,INDICATION,
CHEMBL635,EFO_0005854,INDICATION,
CHEMBL635,EFO_0005856,INDICATION,
CHEMBL635,EFO_0005952,INDICATION,
CHEMBL635,EFO_0006509,CONTRAINDICATION,
CHEMBL635,EFO_0006803,OFF_LABEL_USE,
CHEMBL635,EFO_0006857,CONTRAINDICATION,
CHEMBL635,EFO_0007141,INDICATION,
CHEMBL635,EFO_0007160,INDICATION,
CHEMBL635,EFO_0007167,OFF_LABEL_USE,
CHEMBL635,EFO_0007168,INDICATION,
CHEMBL635,EFO_0007187,OFF_LABEL_USE,
CHEMBL635,EFO_0007208,INDICATION,
CHEMBL635,EFO_0007257,INDICATION,
CHEMBL635,EFO_0007308,CONTRAINDICATION,
CHEMBL635,EFO_0007313,INDICATION,
CHEMBL635,EFO_0007403,INDICATION,
CHEMBL635,EFO_0007405,INDICATION,
CHEMBL635,EFO_0007409,CONTRAINDICATION,
CHEMBL635,EFO_0007427,OFF_LABEL_USE,
CHEMBL635,EFO_0007486,INDICATION,
CHEMBL635,EFO_0007498,INDICATION,
CHEMBL635,EFO_0007501,CONTRAINDICATION,
CHEMBL635,EFO_0007520,INDICATION,
CHEMBL635,EFO_0007537,INDICATION,
CHEMBL635,EFO_0007541,INDICATION,
CHEMBL635,EFO_0008517,INDICATION,
CHEMBL635,EFO_0008518,OFF_LABEL_USE,
CHEMBL635,EFO_0008590,INDICATION,
CHEMBL635,EFO_0008997,INDICATION,
CHEMBL635,EFO_0009012,OFF_LABEL_USE,
CHEMBL635,EFO_0009448,INDICATION,
CHEMBL635,EFO_0009449,INDICATION,
CHEMBL635,EFO_0009456,INDICATION,
CHEMBL635,EFO_0009491,INDICATION,
CHEMBL635,EFO_0009538,INDICATION,
CHEMBL635,EFO_0009609,INDICATION,
CHEMBL635,EFO_0009676,INDICATION,
CHEMBL635,EFO_1000039,INDICATION,
CHEMBL635,EFO_1000049,INDICATION,
CHEMBL635,EFO_1000131,INDICATION,
CHEMBL635,EFO_1000158,INDICATION,
CHEMBL635,EFO_1000318,INDICATION,
CHEMBL635,EFO_1000391,OFF_LABEL_USE,
CHEMBL635,EFO_1000635,INDICATION,
CHEMBL635,EFO_1000684,INDICATION,
CHEMBL635,EFO_1000694,INDICATION,
CHEMBL635,EFO_1000749,INDICATION,
CHEMBL635,EFO_1000764,INDICATION,
CHEMBL635,EFO_1000784,INDICATION,
CHEMBL635,EFO_1000941,INDICATION,
CHEMBL635,EFO_1000965,INDICATION,
CHEMBL635,EFO_1000986,INDICATION,
CHEMBL635,EFO_1000997,INDICATION,
CHEMBL635,EFO_1001051,INDICATION,
CHEMBL635,EFO_1001119,INDICATION,
CHEMBL635,EFO_1001160,OFF_LABEL_USE,
CHEMBL635,EFO_1001161,INDICATION,
CHEMBL635,EFO_1001176,INDICATION,
CHEMBL635,EFO_1001194,INDICATION,
CHEMBL635,EFO_1001205,INDICATION,
CHEMBL635,EFO_1001209,INDICATION,
CHEMBL635,EFO_1001222,INDICATION,
CHEMBL635,EFO_1001231,INDICATION,
CHEMBL635,EFO_1001264,INDICATION,
CHEMBL635,EFO_1001345,INDICATION,
CHEMBL635,EFO_1001365,INDICATION,
CHEMBL635,EFO_1001383,INDICATION,
CHEMBL635,EFO_1001413,INDICATION,
CHEMBL635,EFO_1001417,INDICATION,
CHEMBL635,EFO_1001435,INDICATION,
CHEMBL635,EFO_1001466,INDICATION,
CHEMBL635,EFO_1001467,INDICATION,
CHEMBL635,EFO_1001469,INDICATION,
CHEMBL635,EFO_1001492,INDICATION,
CHEMBL635,EFO_1001857,INDICATION,
CHEMBL635,EFO_1001887,INDICATION,
CHEMBL635,EFO_1001896,INDICATION,
CHEMBL635,EFO_1001968,INDICATION,
CHEMBL635,EFO_1002022,CONTRAINDICATION,
CHEMBL635,EFO_1002025,CONTRAINDICATION,
CHEMBL635,MONDO_0000430,INDICATION,
CHEMBL635,MONDO_0000432,INDICATION,
CHEMBL635,MONDO_0000870,INDICATION,
CHEMBL635,MONDO_0000873,INDICATION,
CHEMBL635,MONDO_0001085,INDICATION,
CHEMBL635,MONDO_0001198,INDICATION,
CHEMBL635,MONDO_0001280,INDICATION,
CHEMBL635,MONDO_0002041,CONTRAINDICATION,
CHEMBL635,MONDO_0002280,INDICATION,
CHEMBL635,MONDO_0002367,INDICATION,
CHEMBL635,MONDO_0002471,INDICATION,
CHEMBL635,MONDO_0003937,INDICATION,
CHEMBL635,MONDO_0004095,INDICATION,
CHEMBL635,MONDO_0004126,INDICATION,
CHEMBL635,MONDO_0004247,CONTRAINDICATION,
CHEMBL635,MONDO_0004975,INDICATION,
CHEMBL635,MONDO_0004976,INDICATION,
CHEMBL635,MONDO_0004979,INDICATION,
CHEMBL635,MONDO_0004992,INDICATION,
CHEMBL635,MONDO_0005148,INDICATION,
CHEMBL635,MONDO_0005178,INDICATION,
CHEMBL635,MONDO_0005271,INDICATION,
CHEMBL635,MONDO_0005301,INDICATION,
CHEMBL635,MONDO_0007254,INDICATION,
CHEMBL635,MONDO_0007915,INDICATION,
CHEMBL635,MONDO_0008315,INDICATION,
CHEMBL635,MONDO_0008728,INDICATION,
CHEMBL635,MONDO_0008814,CONTRAINDICATION,
CHEMBL635,MONDO_0008903,INDICATION,
CHEMBL635,MONDO_0009061,INDICATION,
CHEMBL635,MONDO_0009348,INDICATION,
CHEMBL635,MONDO_0010079,INDICATION,
CHEMBL635,MONDO_0010602,INDICATION,
CHEMBL635,MONDO_0010679,INDICATION,
CHEMBL635,MONDO_0011719,INDICATION,
CHEMBL635,MONDO_0013730,INDICATION,
CHEMBL635,MONDO_0015128,INDICATION,
CHEMBL635,MONDO_0015129,INDICATION,
CHEMBL635,MONDO_0015253,INDICATION,
CHEMBL635,MONDO_0015540,INDICATION,
CHEMBL635,MONDO_0015564,INDICATION,
CHEMBL635,MONDO_0015758,INDICATION,
CHEMBL635,MONDO_0015760,INDICATION,
CHEMBL635,MONDO_0015991,CONTRAINDICATION,
CHEMBL635,MONDO_0016537,INDICATION,
CHEMBL635,MONDO_0017276,INDICATION,
CHEMBL635,MONDO_0017287,INDICATION,
CHEMBL635,MONDO_0017719,INDICATION,
CHEMBL635,MONDO_0018076,CONTRAINDICATION,
CHEMBL635,MONDO_0018097,OFF_LABEL_USE,
CHEMBL635,MONDO_0018150,INDICATION,
CHEMBL635,MONDO_0018373,CONTRAINDICATION,
CHEMBL635,MONDO_0018848,INDICATION,
CHEMBL635,MONDO_0018896,INDICATION,
CHEMBL635,MONDO_0018906,INDICATION,
CHEMBL635,MONDO_0018998,INDICATION,
CHEMBL635,MONDO_0019170,OFF_LABEL_USE,
CHEMBL635,MONDO_0019338,INDICATION,
CHEMBL635,MONDO_0019391,INDICATION,
CHEMBL635,MONDO_0019471,INDICATION,
CHEMBL635,MONDO_0020547,INDICATION,
CHEMBL635,MONDO_0024636,OFF_LABEL_USE,
CHEMBL635,MONDO_0044881,INDICATION,
CHEMBL635,MONDO_0044903,INDICATION,
CHEMBL635,MONDO_0044917,INDICATION,
CHEMBL635,MONDO_0100096,INDICATION,
CHEMBL635,MP_0001845,INDICATION,
CHEMBL635,Orphanet_124,INDICATION,
CHEMBL635,Orphanet_77260,INDICATION,
CHEMBL635,Orphanet_90,CONTRAINDICATION,
CHEMBL636,EFO_0000341,CONTRAINDICATION,
CHEMBL636,EFO_0000474,CONTRAINDICATION,
CHEMBL636,EFO_0001064,INDICATION,
CHEMBL636,EFO_0002610,INDICATION,
CHEMBL636,EFO_0003890,INDICATION,
CHEMBL636,EFO_0004364,INDICATION,
CHEMBL636,EFO_0004701,INDICATION,
CHEMBL636,EFO_0004718,INDICATION,
CHEMBL636,EFO_0005230,INDICATION,
CHEMBL636,EFO_0005252,INDICATION,
CHEMBL636,EFO_0006792,OFF_LABEL_USE,
CHEMBL636,EFO_0009267,INDICATION,
CHEMBL636,EFO_0009571,CONTRAINDICATION,
CHEMBL636,MONDO_0000465,CONTRAINDICATION,
CHEMBL636,MONDO_0001823,CONTRAINDICATION,
CHEMBL636,MONDO_0002050,INDICATION,
CHEMBL636,MONDO_0002491,INDICATION,
CHEMBL636,MONDO_0004975,INDICATION,
CHEMBL636,MONDO_0004979,CONTRAINDICATION,
CHEMBL636,MONDO_0005090,INDICATION,
CHEMBL636,MONDO_0005180,INDICATION,
CHEMBL636,MONDO_0005351,CONTRAINDICATION,
CHEMBL636,MONDO_0019037,INDICATION,
CHEMBL636,MONDO_0021095,CONTRAINDICATION,
CHEMBL636,MONDO_0043510,INDICATION,
CHEMBL637,EFO_0000319,CONTRAINDICATION,
CHEMBL637,EFO_0000474,CONTRAINDICATION,
CHEMBL637,EFO_0000537,CONTRAINDICATION,
CHEMBL637,EFO_0000673,INDICATION,
CHEMBL637,EFO_0001358,OFF_LABEL_USE,
CHEMBL637,EFO_0001422,CONTRAINDICATION,
CHEMBL637,EFO_0002610,INDICATION,
CHEMBL637,EFO_0003763,CONTRAINDICATION,
CHEMBL637,EFO_0003843,INDICATION,
CHEMBL637,EFO_0003890,CONTRAINDICATION,
CHEMBL637,EFO_0003918,INDICATION,
CHEMBL637,EFO_0004242,INDICATION,
CHEMBL637,EFO_0004262,INDICATION,
CHEMBL637,EFO_0005230,INDICATION,
CHEMBL637,EFO_0005687,INDICATION,
CHEMBL637,EFO_0005762,INDICATION,
CHEMBL637,EFO_0006788,INDICATION,
CHEMBL637,EFO_0006862,INDICATION,
CHEMBL637,EFO_0009189,CONTRAINDICATION,
CHEMBL637,EFO_0009314,CONTRAINDICATION,
CHEMBL637,EFO_0009430,OFF_LABEL_USE,
CHEMBL637,EFO_0009854,INDICATION,
CHEMBL637,EFO_1000982,CONTRAINDICATION,
CHEMBL637,EFO_1001069,CONTRAINDICATION,
CHEMBL637,EFO_1001379,CONTRAINDICATION,
CHEMBL637,EFO_1001842,CONTRAINDICATION,
CHEMBL637,EFO_1001892,INDICATION,
CHEMBL637,EFO_1001917,INDICATION,
CHEMBL637,EFO_1001919,INDICATION,
CHEMBL637,EFO_1002014,INDICATION,
CHEMBL637,MONDO_0001343,CONTRAINDICATION,
CHEMBL637,MONDO_0001744,CONTRAINDICATION,
CHEMBL637,MONDO_0002009,INDICATION,
CHEMBL637,MONDO_0002050,INDICATION,
CHEMBL637,MONDO_0002491,CONTRAINDICATION,
CHEMBL637,MONDO_0004975,INDICATION,
CHEMBL637,MONDO_0004985,CONTRAINDICATION,
CHEMBL637,MONDO_0005090,INDICATION,
CHEMBL637,MONDO_0005180,INDICATION,
CHEMBL637,MONDO_0007254,INDICATION,
CHEMBL637,MONDO_0008315,INDICATION,
CHEMBL637,MONDO_0019171,CONTRAINDICATION,
CHEMBL637,MONDO_0100192,CONTRAINDICATION,
CHEMBL638,EFO_0000095,INDICATION,
CHEMBL638,EFO_0000198,INDICATION,
CHEMBL638,EFO_0000222,INDICATION,
CHEMBL638,EFO_0000318,CONTRAINDICATION,
CHEMBL638,EFO_0000544,INDICATION,
CHEMBL638,EFO_0000565,INDICATION,
CHEMBL638,EFO_0000764,INDICATION,
CHEMBL638,EFO_0001642,INDICATION,
CHEMBL638,EFO_0005044,INDICATION,
CHEMBL638,EFO_0005307,CONTRAINDICATION,
CHEMBL638,EFO_0007140,INDICATION,
CHEMBL638,EFO_0007157,INDICATION,
CHEMBL638,EFO_0007393,INDICATION,
CHEMBL638,EFO_0009449,INDICATION,
CHEMBL638,EFO_1001282,INDICATION,
CHEMBL638,EFO_1001283,INDICATION,
CHEMBL638,EFO_1001795,INDICATION,
CHEMBL638,MONDO_0001343,CONTRAINDICATION,
CHEMBL638,MONDO_0001475,INDICATION,
CHEMBL638,MONDO_0002026,INDICATION,
CHEMBL638,MONDO_0002041,INDICATION,
CHEMBL638,MONDO_0004979,INDICATION,
CHEMBL638,MONDO_0004992,INDICATION,
CHEMBL638,MONDO_0013730,INDICATION,
CHEMBL638,MONDO_0018100,CONTRAINDICATION,
CHEMBL638,MONDO_0019171,CONTRAINDICATION,
CHEMBL638,MONDO_0042233,INDICATION,
CHEMBL63857,EFO_0007149,CONTRAINDICATION,
CHEMBL63857,MONDO_0002203,OFF_LABEL_USE,
CHEMBL639,EFO_0003086,CONTRAINDICATION,
CHEMBL639,EFO_0003956,INDICATION,
CHEMBL639,EFO_0005751,INDICATION,
CHEMBL639,EFO_0005854,INDICATION,
CHEMBL639,EFO_0007141,INDICATION,
CHEMBL639,EFO_0007533,INDICATION,
CHEMBL639,EFO_0009364,INDICATION,
CHEMBL639,EFO_1001417,INDICATION,
CHEMBL639,MONDO_0005271,INDICATION,
CHEMBL64,EFO_0000400,CONTRAINDICATION,
CHEMBL64,EFO_0000764,INDICATION,
CHEMBL64,EFO_0000765,INDICATION,
CHEMBL64,EFO_0002617,INDICATION,
CHEMBL64,EFO_0003100,CONTRAINDICATION,
CHEMBL64,EFO_0003102,INDICATION,
CHEMBL64,EFO_0004274,CONTRAINDICATION,
CHEMBL64,EFO_0007381,INDICATION,
CHEMBL64,EFO_0007485,INDICATION,
CHEMBL64,EFO_1000039,OFF_LABEL_USE,
CHEMBL64,EFO_1000049,INDICATION,
CHEMBL64,EFO_1001459,INDICATION,
CHEMBL64,MONDO_0007079,CONTRAINDICATION,
CHEMBL64,MONDO_0018076,INDICATION,
CHEMBL64,MONDO_0019542,CONTRAINDICATION,
CHEMBL64,MONDO_0021108,INDICATION,
CHEMBL64,MONDO_0037821,CONTRAINDICATION,
CHEMBL64,MONDO_0041806,INDICATION,
CHEMBL64,MONDO_0043839,INDICATION,
CHEMBL64,MONDO_0100192,CONTRAINDICATION,
CHEMBL640,EFO_0000275,INDICATION,
CHEMBL640,EFO_0000612,INDICATION,
CHEMBL640,EFO_0003086,CONTRAINDICATION,
CHEMBL640,EFO_0003144,INDICATION,
CHEMBL640,EFO_0004269,INDICATION,
CHEMBL640,EFO_0004278,INDICATION,
CHEMBL640,EFO_0004287,INDICATION,
CHEMBL640,EFO_0004991,CONTRAINDICATION,
CHEMBL640,EFO_0005251,CONTRAINDICATION,
CHEMBL640,EFO_0005307,CONTRAINDICATION,
CHEMBL640,MONDO_0000468,CONTRAINDICATION,
CHEMBL640,MONDO_0007915,CONTRAINDICATION,
CHEMBL640,MONDO_0019171,CONTRAINDICATION,
CHEMBL641,EFO_0000318,CONTRAINDICATION,
CHEMBL641,EFO_0000474,CONTRAINDICATION,
CHEMBL641,EFO_0000537,CONTRAINDICATION,
CHEMBL641,EFO_0000612,CONTRAINDICATION,
CHEMBL641,EFO_0000712,CONTRAINDICATION,
CHEMBL641,EFO_0001645,CONTRAINDICATION,
CHEMBL641,EFO_0002610,INDICATION,
CHEMBL641,EFO_0003758,INDICATION,
CHEMBL641,EFO_0003763,CONTRAINDICATION,
CHEMBL641,EFO_0003768,INDICATION,
CHEMBL641,EFO_0003877,INDICATION,
CHEMBL641,EFO_0003888,INDICATION,
CHEMBL641,EFO_0003918,INDICATION,
CHEMBL641,EFO_0004701,INDICATION,
CHEMBL641,EFO_0004895,INDICATION,
CHEMBL641,EFO_0005251,CONTRAINDICATION,
CHEMBL641,EFO_0005252,CONTRAINDICATION,
CHEMBL641,EFO_0005407,CONTRAINDICATION,
CHEMBL641,EFO_0005611,INDICATION,
CHEMBL641,EFO_0007191,INDICATION,
CHEMBL641,EFO_1000645,INDICATION,
CHEMBL641,EFO_1001917,INDICATION,
CHEMBL641,MONDO_0001744,CONTRAINDICATION,
CHEMBL641,MONDO_0002491,INDICATION,
CHEMBL641,MONDO_0004975,INDICATION,
CHEMBL641,MONDO_0004985,CONTRAINDICATION,
CHEMBL641,MONDO_0004992,INDICATION,
CHEMBL641,MONDO_0005090,INDICATION,
CHEMBL641,MONDO_0005147,INDICATION,
CHEMBL641,MONDO_0005180,INDICATION,
CHEMBL641,MONDO_0007079,INDICATION,
CHEMBL641,MONDO_0008233,CONTRAINDICATION,
CHEMBL64130,EFO_0000182,INDICATION,
CHEMBL64130,EFO_0000519,INDICATION,
CHEMBL64130,EFO_0002618,INDICATION,
CHEMBL64130,EFO_0003060,INDICATION,
CHEMBL64130,EFO_1001951,INDICATION,
CHEMBL64130,MONDO_0004992,INDICATION,
CHEMBL64130,MONDO_0005184,INDICATION,
CHEMBL64130,MONDO_0044881,INDICATION,
CHEMBL64195,EFO_0000474,INDICATION,
CHEMBL642,EFO_0000319,INDICATION,
CHEMBL642,EFO_0000400,CONTRAINDICATION,
CHEMBL642,EFO_0000464,CONTRAINDICATION,
CHEMBL642,EFO_0000537,INDICATION,
CHEMBL642,EFO_0000676,CONTRAINDICATION,
CHEMBL642,EFO_0003086,CONTRAINDICATION,
CHEMBL642,EFO_0003777,INDICATION,
CHEMBL642,EFO_0003875,CONTRAINDICATION,
CHEMBL642,EFO_0004991,CONTRAINDICATION,
CHEMBL642,EFO_0009190,OFF_LABEL_USE,
CHEMBL642,EFO_1000635,INDICATION,
CHEMBL642,MONDO_0000468,CONTRAINDICATION,
CHEMBL642,MONDO_0001823,CONTRAINDICATION,
CHEMBL642,MONDO_0002050,CONTRAINDICATION,
CHEMBL642,MONDO_0004910,OFF_LABEL_USE,
CHEMBL642,MONDO_0004979,CONTRAINDICATION,
CHEMBL642,MONDO_0008233,CONTRAINDICATION,
CHEMBL643,EFO_0000274,INDICATION,
CHEMBL643,EFO_0000384,INDICATION,
CHEMBL643,EFO_0003843,INDICATION,
CHEMBL643,EFO_0003956,INDICATION,
CHEMBL643,EFO_0004698,INDICATION,
CHEMBL643,EFO_0005230,INDICATION,
CHEMBL643,EFO_0005531,INDICATION,
CHEMBL643,EFO_0006928,INDICATION,
CHEMBL643,EFO_0007141,INDICATION,
CHEMBL643,EFO_0007533,INDICATION,
CHEMBL643,EFO_0009868,INDICATION,
CHEMBL643,EFO_1000948,INDICATION,
CHEMBL643,EFO_1000971,INDICATION,
CHEMBL643,MONDO_0002050,INDICATION,
CHEMBL643,MONDO_0004900,INDICATION,
CHEMBL643,MONDO_0005090,INDICATION,
CHEMBL643,MONDO_0005271,INDICATION,
CHEMBL643,MONDO_0005475,INDICATION,
CHEMBL643,MONDO_0100431,INDICATION,
CHEMBL6437,EFO_0005230,INDICATION,
CHEMBL6437,MONDO_0002009,INDICATION,
CHEMBL6437,MONDO_0002050,INDICATION,
CHEMBL6437,MONDO_0005090,INDICATION,
CHEMBL64391,EFO_0000198,INDICATION,
CHEMBL64391,EFO_0000222,INDICATION,
CHEMBL64391,EFO_0000341,INDICATION,
CHEMBL64391,EFO_0000384,INDICATION,
CHEMBL64391,EFO_0000519,INDICATION,
CHEMBL64391,EFO_0000544,INDICATION,
CHEMBL64391,EFO_0000574,INDICATION,
CHEMBL64391,EFO_0000616,INDICATION,
CHEMBL64391,EFO_0000660,INDICATION,
CHEMBL64391,EFO_0000673,INDICATION,
CHEMBL64391,EFO_0000771,INDICATION,
CHEMBL64391,EFO_0001060,INDICATION,
CHEMBL64391,EFO_0001068,INDICATION,
CHEMBL64391,EFO_0001378,INDICATION,
CHEMBL64391,EFO_0002617,INDICATION,
CHEMBL64391,EFO_0003060,INDICATION,
CHEMBL64391,EFO_0003144,INDICATION,
CHEMBL64391,EFO_0003767,INDICATION,
CHEMBL64391,EFO_0003818,INDICATION,
CHEMBL64391,EFO_0003843,INDICATION,
CHEMBL64391,EFO_0004193,INDICATION,
CHEMBL64391,EFO_0004197,INDICATION,
CHEMBL64391,EFO_0004220,INDICATION,
CHEMBL64391,EFO_0004239,INDICATION,
CHEMBL64391,EFO_0005762,INDICATION,
CHEMBL64391,EFO_0005952,INDICATION,
CHEMBL64391,EFO_0007140,INDICATION,
CHEMBL64391,EFO_0007157,INDICATION,
CHEMBL64391,EFO_0007174,INDICATION,
CHEMBL64391,EFO_0007211,INDICATION,
CHEMBL64391,EFO_0007228,INDICATION,
CHEMBL64391,EFO_0007229,INDICATION,
CHEMBL64391,EFO_0007265,INDICATION,
CHEMBL64391,EFO_0007310,INDICATION,
CHEMBL64391,EFO_0007439,INDICATION,
CHEMBL64391,EFO_0007486,INDICATION,
CHEMBL64391,EFO_0007494,INDICATION,
CHEMBL64391,EFO_0007510,INDICATION,
CHEMBL64391,EFO_0007512,INDICATION,
CHEMBL64391,EFO_0008525,INDICATION,
CHEMBL64391,EFO_0009516,INDICATION,
CHEMBL64391,EFO_0009708,INDICATION,
CHEMBL64391,EFO_1001413,INDICATION,
CHEMBL64391,EFO_1001459,INDICATION,
CHEMBL64391,MONDO_0000831,INDICATION,
CHEMBL64391,MONDO_0002026,INDICATION,
CHEMBL64391,MONDO_0002041,INDICATION,
CHEMBL64391,MONDO_0004975,INDICATION,
CHEMBL64391,MONDO_0004976,INDICATION,
CHEMBL64391,MONDO_0004979,INDICATION,
CHEMBL64391,MONDO_0004992,INDICATION,
CHEMBL64391,MONDO_0005341,INDICATION,
CHEMBL64391,MONDO_0007576,INDICATION,
CHEMBL64391,MONDO_0008170,INDICATION,
CHEMBL64391,MONDO_0008315,INDICATION,
CHEMBL64391,MONDO_0008903,INDICATION,
CHEMBL64391,MONDO_0009061,INDICATION,
CHEMBL64391,MONDO_0100096,INDICATION,
CHEMBL644,EFO_0000319,CONTRAINDICATION,
CHEMBL644,EFO_0000474,CONTRAINDICATION,
CHEMBL644,EFO_0000712,CONTRAINDICATION,
CHEMBL644,EFO_0001645,CONTRAINDICATION,
CHEMBL644,EFO_0003086,CONTRAINDICATION,
CHEMBL644,EFO_0005230,INDICATION,
CHEMBL644,EFO_0009189,CONTRAINDICATION,
CHEMBL644,EFO_0009430,OFF_LABEL_USE,
CHEMBL644,EFO_1001069,CONTRAINDICATION,
CHEMBL644,MONDO_0001744,CONTRAINDICATION,
CHEMBL644,MONDO_0002009,INDICATION,
CHEMBL644,MONDO_0002050,INDICATION,
CHEMBL644,MONDO_0004985,CONTRAINDICATION,
CHEMBL644,MONDO_0005090,CONTRAINDICATION,
CHEMBL644,MONDO_0007079,CONTRAINDICATION,
CHEMBL645,EFO_0000275,INDICATION,
CHEMBL645,EFO_0000319,INDICATION,
CHEMBL645,EFO_0000400,CONTRAINDICATION,
CHEMBL645,EFO_0000464,CONTRAINDICATION,
CHEMBL645,EFO_0000537,INDICATION,
CHEMBL645,EFO_0000676,CONTRAINDICATION,
CHEMBL645,EFO_0001645,INDICATION,
CHEMBL645,EFO_0003086,CONTRAINDICATION,
CHEMBL645,EFO_0003875,CONTRAINDICATION,
CHEMBL645,EFO_0004274,CONTRAINDICATION,
CHEMBL645,EFO_0004991,CONTRAINDICATION,
CHEMBL645,EFO_0005672,INDICATION,
CHEMBL645,EFO_0008506,CONTRAINDICATION,
CHEMBL645,EFO_0009530,CONTRAINDICATION,
CHEMBL645,EFO_1000652,CONTRAINDICATION,
CHEMBL645,EFO_1000899,OFF_LABEL_USE,
CHEMBL645,MONDO_0000468,CONTRAINDICATION,
CHEMBL645,MONDO_0001566,CONTRAINDICATION,
CHEMBL645,MONDO_0001823,CONTRAINDICATION,
CHEMBL645,MONDO_0002050,CONTRAINDICATION,
CHEMBL645,MONDO_0004979,CONTRAINDICATION,
CHEMBL645,MONDO_0007254,INDICATION,
CHEMBL645,MONDO_0007915,CONTRAINDICATION,
CHEMBL645,MONDO_0008233,CONTRAINDICATION,
CHEMBL645,MONDO_0010679,INDICATION,
CHEMBL645,MONDO_0017147,INDICATION,
CHEMBL645,MONDO_0018100,CONTRAINDICATION,
CHEMBL645,MP_0001914,INDICATION,
CHEMBL645,Orphanet_79292,INDICATION,
CHEMBL64545,EFO_0003888,INDICATION,
CHEMBL646,EFO_0003086,CONTRAINDICATION,
CHEMBL646,EFO_0003877,CONTRAINDICATION,
CHEMBL646,EFO_0003890,INDICATION,
CHEMBL646,EFO_0004698,INDICATION,
CHEMBL646,EFO_0004991,CONTRAINDICATION,
CHEMBL646,EFO_0005230,INDICATION,
CHEMBL646,EFO_0005407,CONTRAINDICATION,
CHEMBL646,EFO_0009910,CONTRAINDICATION,
CHEMBL646,MONDO_0002050,CONTRAINDICATION,
CHEMBL646,MONDO_0002491,CONTRAINDICATION,
CHEMBL646,MONDO_0005090,INDICATION,
CHEMBL64677,EFO_0004698,INDICATION,
CHEMBL647,EFO_0000537,CONTRAINDICATION,
CHEMBL647,EFO_0000565,CONTRAINDICATION,
CHEMBL647,EFO_0004190,INDICATION,
CHEMBL647,EFO_0004991,INDICATION,
CHEMBL647,EFO_0005669,CONTRAINDICATION,
CHEMBL647,EFO_0009314,CONTRAINDICATION,
CHEMBL647,EFO_1001069,OFF_LABEL_USE,
CHEMBL647,MONDO_0001751,CONTRAINDICATION,
CHEMBL647,MONDO_0005041,INDICATION,
CHEMBL647,MONDO_0015253,CONTRAINDICATION,
CHEMBL647,MONDO_0018896,CONTRAINDICATION,
CHEMBL647,MONDO_0021187,CONTRAINDICATION,
CHEMBL647,Orphanet_124,CONTRAINDICATION,
CHEMBL648,EFO_0000400,CONTRAINDICATION,
CHEMBL648,EFO_0000474,CONTRAINDICATION,
CHEMBL648,EFO_0000537,CONTRAINDICATION,
CHEMBL648,EFO_0000612,CONTRAINDICATION,
CHEMBL648,EFO_0001645,CONTRAINDICATION,
CHEMBL648,EFO_0003086,CONTRAINDICATION,
CHEMBL648,EFO_0003767,CONTRAINDICATION,
CHEMBL648,EFO_0003832,CONTRAINDICATION,
CHEMBL648,EFO_0003875,CONTRAINDICATION,
CHEMBL648,EFO_0003890,CONTRAINDICATION,
CHEMBL648,EFO_0003956,INDICATION,
CHEMBL648,EFO_0004705,CONTRAINDICATION,
CHEMBL648,EFO_0005251,CONTRAINDICATION,
CHEMBL648,EFO_0005306,CONTRAINDICATION,
CHEMBL648,EFO_0005854,INDICATION,
CHEMBL648,EFO_0007141,INDICATION,
CHEMBL648,EFO_0007214,INDICATION,
CHEMBL648,EFO_0007533,INDICATION,
CHEMBL648,EFO_0009086,CONTRAINDICATION,
CHEMBL648,EFO_0009189,CONTRAINDICATION,
CHEMBL648,EFO_0009491,CONTRAINDICATION,
CHEMBL648,EFO_1000014,CONTRAINDICATION,
CHEMBL648,EFO_1000652,CONTRAINDICATION,
CHEMBL648,EFO_1000766,CONTRAINDICATION,
CHEMBL648,EFO_1001069,CONTRAINDICATION,
CHEMBL648,EFO_1001132,CONTRAINDICATION,
CHEMBL648,MONDO_0001576,CONTRAINDICATION,
CHEMBL648,MONDO_0001744,CONTRAINDICATION,
CHEMBL648,MONDO_0002277,CONTRAINDICATION,
CHEMBL648,MONDO_0002491,CONTRAINDICATION,
CHEMBL648,MONDO_0004247,CONTRAINDICATION,
CHEMBL648,MONDO_0005271,INDICATION,
CHEMBL648,MONDO_0015129,CONTRAINDICATION,
CHEMBL648,MONDO_0021661,CONTRAINDICATION,
CHEMBL64894,EFO_0000180,INDICATION,
CHEMBL64894,EFO_0007406,INDICATION,
CHEMBL64894,EFO_1000710,INDICATION,
CHEMBL649,EFO_0000400,CONTRAINDICATION,
CHEMBL649,EFO_0000464,CONTRAINDICATION,
CHEMBL649,EFO_0000537,INDICATION,
CHEMBL649,EFO_0003086,CONTRAINDICATION,
CHEMBL649,EFO_0004274,CONTRAINDICATION,
CHEMBL649,EFO_0004991,CONTRAINDICATION,
CHEMBL649,EFO_0008506,CONTRAINDICATION,
CHEMBL649,EFO_0009190,OFF_LABEL_USE,
CHEMBL649,EFO_0009530,CONTRAINDICATION,
CHEMBL649,EFO_1000652,CONTRAINDICATION,
CHEMBL649,MONDO_0000468,CONTRAINDICATION,
CHEMBL649,MONDO_0001566,CONTRAINDICATION,
CHEMBL649,MONDO_0002050,CONTRAINDICATION,
CHEMBL649,MONDO_0004910,OFF_LABEL_USE,
CHEMBL649,MONDO_0007915,CONTRAINDICATION,
CHEMBL649,MONDO_0018100,CONTRAINDICATION,
CHEMBL650,EFO_0000095,INDICATION,
CHEMBL650,EFO_0000196,INDICATION,
CHEMBL650,EFO_0000198,INDICATION,
CHEMBL650,EFO_0000209,INDICATION,
CHEMBL650,EFO_0000211,INDICATION,
CHEMBL650,EFO_0000217,CONTRAINDICATION,
CHEMBL650,EFO_0000220,INDICATION,
CHEMBL650,EFO_0000255,INDICATION,
CHEMBL650,EFO_0000274,INDICATION,
CHEMBL650,EFO_0000309,INDICATION,
CHEMBL650,EFO_0000341,OFF_LABEL_USE,
CHEMBL650,EFO_0000384,INDICATION,
CHEMBL650,EFO_0000400,CONTRAINDICATION,
CHEMBL650,EFO_0000403,INDICATION,
CHEMBL650,EFO_0000474,CONTRAINDICATION,
CHEMBL650,EFO_0000537,CONTRAINDICATION,
CHEMBL650,EFO_0000540,INDICATION,
CHEMBL650,EFO_0000546,INDICATION,
CHEMBL650,EFO_0000557,INDICATION,
CHEMBL650,EFO_0000565,INDICATION,
CHEMBL650,EFO_0000574,INDICATION,
CHEMBL650,EFO_0000616,INDICATION,
CHEMBL650,EFO_0000662,INDICATION,
CHEMBL650,EFO_0000676,INDICATION,
CHEMBL650,EFO_0000684,INDICATION,
CHEMBL650,EFO_0000685,INDICATION,
CHEMBL650,EFO_0000694,INDICATION,
CHEMBL650,EFO_0000701,INDICATION,
CHEMBL650,EFO_0000706,INDICATION,
CHEMBL650,EFO_0000712,INDICATION,
CHEMBL650,EFO_0000717,INDICATION,
CHEMBL650,EFO_0000729,INDICATION,
CHEMBL650,EFO_0000756,INDICATION,
CHEMBL650,EFO_0000768,INDICATION,
CHEMBL650,EFO_0001060,OFF_LABEL_USE,
CHEMBL650,EFO_0001378,OFF_LABEL_USE,
CHEMBL650,EFO_0001379,INDICATION,
CHEMBL650,EFO_0001380,CONTRAINDICATION,
CHEMBL650,EFO_0001422,CONTRAINDICATION,
CHEMBL650,EFO_0001642,INDICATION,
CHEMBL650,EFO_0002428,INDICATION,
CHEMBL650,EFO_0002609,INDICATION,
CHEMBL650,EFO_0003032,INDICATION,
CHEMBL650,EFO_0003060,INDICATION,
CHEMBL650,EFO_0003086,INDICATION,
CHEMBL650,EFO_0003103,INDICATION,
CHEMBL650,EFO_0003106,INDICATION,
CHEMBL650,EFO_0003767,INDICATION,
CHEMBL650,EFO_0003777,INDICATION,
CHEMBL650,EFO_0003778,INDICATION,
CHEMBL650,EFO_0003840,INDICATION,
CHEMBL650,EFO_0003843,INDICATION,
CHEMBL650,EFO_0003872,INDICATION,
CHEMBL650,EFO_0003882,CONTRAINDICATION,
CHEMBL650,EFO_0003884,INDICATION,
CHEMBL650,EFO_0003894,INDICATION,
CHEMBL650,EFO_0003898,INDICATION,
CHEMBL650,EFO_0003914,INDICATION,
CHEMBL650,EFO_0003929,INDICATION,
CHEMBL650,EFO_0003957,INDICATION,
CHEMBL650,EFO_0003966,INDICATION,
CHEMBL650,EFO_0004143,INDICATION,
CHEMBL650,EFO_0004145,CONTRAINDICATION,
CHEMBL650,EFO_0004190,CONTRAINDICATION,
CHEMBL650,EFO_0004194,INDICATION,
CHEMBL650,EFO_0004246,INDICATION,
CHEMBL650,EFO_0004251,INDICATION,
CHEMBL650,EFO_0004254,INDICATION,
CHEMBL650,EFO_0004255,INDICATION,
CHEMBL650,EFO_0004256,INDICATION,
CHEMBL650,EFO_0004278,INDICATION,
CHEMBL650,EFO_0004599,INDICATION,
CHEMBL650,EFO_0004705,CONTRAINDICATION,
CHEMBL650,EFO_0004826,INDICATION,
CHEMBL650,EFO_0004991,INDICATION,
CHEMBL650,EFO_0005297,INDICATION,
CHEMBL650,EFO_0005319,INDICATION,
CHEMBL650,EFO_0005407,CONTRAINDICATION,
CHEMBL650,EFO_0005532,INDICATION,
CHEMBL650,EFO_0005741,CONTRAINDICATION,
CHEMBL650,EFO_0005761,INDICATION,
CHEMBL650,EFO_0005809,INDICATION,
CHEMBL650,EFO_0005854,INDICATION,
CHEMBL650,EFO_0005952,INDICATION,
CHEMBL650,EFO_0006509,CONTRAINDICATION,
CHEMBL650,EFO_0006803,OFF_LABEL_USE,
CHEMBL650,EFO_0006857,CONTRAINDICATION,
CHEMBL650,EFO_0006862,INDICATION,
CHEMBL650,EFO_0007149,INDICATION,
CHEMBL650,EFO_0007160,INDICATION,
CHEMBL650,EFO_0007167,INDICATION,
CHEMBL650,EFO_0007187,OFF_LABEL_USE,
CHEMBL650,EFO_0007224,INDICATION,
CHEMBL650,EFO_0007295,INDICATION,
CHEMBL650,EFO_0007308,CONTRAINDICATION,
CHEMBL650,EFO_0007368,INDICATION,
CHEMBL650,EFO_0007405,INDICATION,
CHEMBL650,EFO_0007409,CONTRAINDICATION,
CHEMBL650,EFO_0007427,OFF_LABEL_USE,
CHEMBL650,EFO_0007448,INDICATION,
CHEMBL650,EFO_0007486,INDICATION,
CHEMBL650,EFO_0007498,INDICATION,
CHEMBL650,EFO_0007501,CONTRAINDICATION,
CHEMBL650,EFO_0007537,INDICATION,
CHEMBL650,EFO_0008496,OFF_LABEL_USE,
CHEMBL650,EFO_0008518,OFF_LABEL_USE,
CHEMBL650,EFO_0008520,INDICATION,
CHEMBL650,EFO_0008997,INDICATION,
CHEMBL650,EFO_0009012,OFF_LABEL_USE,
CHEMBL650,EFO_0009104,INDICATION,
CHEMBL650,EFO_0009373,INDICATION,
CHEMBL650,EFO_0009456,INDICATION,
CHEMBL650,EFO_0009491,INDICATION,
CHEMBL650,EFO_0009492,INDICATION,
CHEMBL650,EFO_0009609,INDICATION,
CHEMBL650,EFO_0009661,OFF_LABEL_USE,
CHEMBL650,EFO_0009676,INDICATION,
CHEMBL650,EFO_1000391,OFF_LABEL_USE,
CHEMBL650,EFO_1000637,INDICATION,
CHEMBL650,EFO_1000684,INDICATION,
CHEMBL650,EFO_1000694,INDICATION,
CHEMBL650,EFO_1000697,INDICATION,
CHEMBL650,EFO_1000704,INDICATION,
CHEMBL650,EFO_1000749,INDICATION,
CHEMBL650,EFO_1000764,INDICATION,
CHEMBL650,EFO_1000766,CONTRAINDICATION,
CHEMBL650,EFO_1000784,INDICATION,
CHEMBL650,EFO_1000809,INDICATION,
CHEMBL650,EFO_1000845,INDICATION,
CHEMBL650,EFO_1000905,INDICATION,
CHEMBL650,EFO_1000941,INDICATION,
CHEMBL650,EFO_1000965,INDICATION,
CHEMBL650,EFO_1001051,INDICATION,
CHEMBL650,EFO_1001119,INDICATION,
CHEMBL650,EFO_1001134,OFF_LABEL_USE,
CHEMBL650,EFO_1001139,INDICATION,
CHEMBL650,EFO_1001160,OFF_LABEL_USE,
CHEMBL650,EFO_1001161,INDICATION,
CHEMBL650,EFO_1001254,INDICATION,
CHEMBL650,EFO_1001264,INDICATION,
CHEMBL650,EFO_1001345,INDICATION,
CHEMBL650,EFO_1001365,INDICATION,
CHEMBL650,EFO_1001399,INDICATION,
CHEMBL650,EFO_1001435,INDICATION,
CHEMBL650,EFO_1001466,INDICATION,
CHEMBL650,EFO_1001801,INDICATION,
CHEMBL650,EFO_1001806,INDICATION,
CHEMBL650,EFO_1001887,INDICATION,
CHEMBL650,EFO_1001909,INDICATION,
CHEMBL650,EFO_1001919,INDICATION,
CHEMBL650,EFO_1002022,CONTRAINDICATION,
CHEMBL650,EFO_1002025,CONTRAINDICATION,
CHEMBL650,EFO_1002048,INDICATION,
CHEMBL650,MONDO_0000870,INDICATION,
CHEMBL650,MONDO_0000873,INDICATION,
CHEMBL650,MONDO_0001198,INDICATION,
CHEMBL650,MONDO_0001576,CONTRAINDICATION,
CHEMBL650,MONDO_0002041,CONTRAINDICATION,
CHEMBL650,MONDO_0002135,INDICATION,
CHEMBL650,MONDO_0002158,INDICATION,
CHEMBL650,MONDO_0002471,INDICATION,
CHEMBL650,MONDO_0002959,INDICATION,
CHEMBL650,MONDO_0004126,INDICATION,
CHEMBL650,MONDO_0004247,CONTRAINDICATION,
CHEMBL650,MONDO_0004750,INDICATION,
CHEMBL650,MONDO_0004857,INDICATION,
CHEMBL650,MONDO_0004976,INDICATION,
CHEMBL650,MONDO_0004979,INDICATION,
CHEMBL650,MONDO_0004992,INDICATION,
CHEMBL650,MONDO_0005178,INDICATION,
CHEMBL650,MONDO_0005180,INDICATION,
CHEMBL650,MONDO_0005277,INDICATION,
CHEMBL650,MONDO_0005301,INDICATION,
CHEMBL650,MONDO_0007254,INDICATION,
CHEMBL650,MONDO_0007915,INDICATION,
CHEMBL650,MONDO_0008170,INDICATION,
CHEMBL650,MONDO_0008315,INDICATION,
CHEMBL650,MONDO_0008814,CONTRAINDICATION,
CHEMBL650,MONDO_0009348,INDICATION,
CHEMBL650,MONDO_0009387,INDICATION,
CHEMBL650,MONDO_0011972,INDICATION,
CHEMBL650,MONDO_0013730,INDICATION,
CHEMBL650,MONDO_0015129,INDICATION,
CHEMBL650,MONDO_0015253,INDICATION,
CHEMBL650,MONDO_0015540,INDICATION,
CHEMBL650,MONDO_0015758,INDICATION,
CHEMBL650,MONDO_0015991,CONTRAINDICATION,
CHEMBL650,MONDO_0016226,INDICATION,
CHEMBL650,MONDO_0016537,INDICATION,
CHEMBL650,MONDO_0017276,INDICATION,
CHEMBL650,MONDO_0017287,INDICATION,
CHEMBL650,MONDO_0017719,INDICATION,
CHEMBL650,MONDO_0018076,CONTRAINDICATION,
CHEMBL650,MONDO_0018097,OFF_LABEL_USE,
CHEMBL650,MONDO_0018150,INDICATION,
CHEMBL650,MONDO_0018373,CONTRAINDICATION,
CHEMBL650,MONDO_0018479,INDICATION,
CHEMBL650,MONDO_0018896,INDICATION,
CHEMBL650,MONDO_0018906,INDICATION,
CHEMBL650,MONDO_0018923,INDICATION,
CHEMBL650,MONDO_0019091,INDICATION,
CHEMBL650,MONDO_0019170,OFF_LABEL_USE,
CHEMBL650,MONDO_0019338,INDICATION,
CHEMBL650,MONDO_0019391,INDICATION,
CHEMBL650,MONDO_0019801,INDICATION,
CHEMBL650,MONDO_0020077,INDICATION,
CHEMBL650,MONDO_0020547,INDICATION,
CHEMBL650,MONDO_0024636,OFF_LABEL_USE,
CHEMBL650,MONDO_0044881,INDICATION,
CHEMBL650,MONDO_0100062,INDICATION,
CHEMBL650,MONDO_0100096,INDICATION,
CHEMBL650,MONDO_0100130,INDICATION,
CHEMBL650,MONDO_0100339,INDICATION,
CHEMBL650,MP_0001845,INDICATION,
CHEMBL650,Orphanet_124,INDICATION,
CHEMBL650,Orphanet_77260,INDICATION,
CHEMBL650,Orphanet_90,CONTRAINDICATION,
CHEMBL65067,EFO_0000616,INDICATION,
CHEMBL651,EFO_0000180,INDICATION,
CHEMBL651,EFO_0000474,CONTRAINDICATION,
CHEMBL651,EFO_0000764,INDICATION,
CHEMBL651,EFO_0002610,INDICATION,
CHEMBL651,EFO_0003047,INDICATION,
CHEMBL651,EFO_0003086,CONTRAINDICATION,
CHEMBL651,EFO_0003100,INDICATION,
CHEMBL651,EFO_0003767,CONTRAINDICATION,
CHEMBL651,EFO_0003832,CONTRAINDICATION,
CHEMBL651,EFO_0003843,INDICATION,
CHEMBL651,EFO_0003884,INDICATION,
CHEMBL651,EFO_0003890,INDICATION,
CHEMBL651,EFO_0003917,INDICATION,
CHEMBL651,EFO_0004240,INDICATION,
CHEMBL651,EFO_0004270,INDICATION,
CHEMBL651,EFO_0004273,INDICATION,
CHEMBL651,EFO_0004705,CONTRAINDICATION,
CHEMBL651,EFO_0005251,CONTRAINDICATION,
CHEMBL651,EFO_0005307,CONTRAINDICATION,
CHEMBL651,EFO_0005611,INDICATION,
CHEMBL651,EFO_0005762,INDICATION,
CHEMBL651,EFO_0005799,INDICATION,
CHEMBL651,EFO_0010702,INDICATION,
CHEMBL651,EFO_0801084,INDICATION,
CHEMBL651,EFO_1001132,CONTRAINDICATION,
CHEMBL651,MONDO_0002491,CONTRAINDICATION,
CHEMBL651,MONDO_0004992,INDICATION,
CHEMBL651,MONDO_0019171,CONTRAINDICATION,
CHEMBL651,MONDO_0041052,INDICATION,
CHEMBL652,EFO_0000275,INDICATION,
CHEMBL652,EFO_0000612,CONTRAINDICATION,
CHEMBL652,EFO_0003086,CONTRAINDICATION,
CHEMBL652,EFO_0003843,INDICATION,
CHEMBL652,EFO_0004269,INDICATION,
CHEMBL652,MONDO_0000468,CONTRAINDICATION,
CHEMBL652,MONDO_0001823,CONTRAINDICATION,
CHEMBL652,Orphanet_247,INDICATION,
CHEMBL65375,EFO_0000365,INDICATION,
CHEMBL65375,EFO_1000657,INDICATION,
CHEMBL65375,MONDO_0044937,INDICATION,
CHEMBL654,EFO_0000326,INDICATION,
CHEMBL654,EFO_0000474,CONTRAINDICATION,
CHEMBL654,EFO_0000612,CONTRAINDICATION,
CHEMBL654,EFO_0000712,CONTRAINDICATION,
CHEMBL654,EFO_0001073,CONTRAINDICATION,
CHEMBL654,EFO_0001358,OFF_LABEL_USE,
CHEMBL654,EFO_0002610,INDICATION,
CHEMBL654,EFO_0003756,INDICATION,
CHEMBL654,EFO_0003763,CONTRAINDICATION,
CHEMBL654,EFO_0003890,INDICATION,
CHEMBL654,EFO_0003918,INDICATION,
CHEMBL654,EFO_0004240,INDICATION,
CHEMBL654,EFO_0004698,INDICATION,
CHEMBL654,EFO_0004701,INDICATION,
CHEMBL654,EFO_0004888,INDICATION,
CHEMBL654,EFO_0005230,INDICATION,
CHEMBL654,EFO_0005251,CONTRAINDICATION,
CHEMBL654,EFO_0005252,CONTRAINDICATION,
CHEMBL654,EFO_0005687,INDICATION,
CHEMBL654,EFO_0006911,INDICATION,
CHEMBL654,EFO_1000971,OFF_LABEL_USE,
CHEMBL654,EFO_1001842,CONTRAINDICATION,
CHEMBL654,MONDO_0001343,CONTRAINDICATION,
CHEMBL654,MONDO_0002009,INDICATION,
CHEMBL654,MONDO_0002050,INDICATION,
CHEMBL654,MONDO_0002491,INDICATION,
CHEMBL654,MONDO_0005090,INDICATION,
CHEMBL654,MONDO_0005351,INDICATION,
CHEMBL654,MONDO_0007079,INDICATION,
CHEMBL655,EFO_0000095,INDICATION,
CHEMBL655,EFO_0000222,INDICATION,
CHEMBL655,EFO_0000274,INDICATION,
CHEMBL655,EFO_0000319,INDICATION,
CHEMBL655,EFO_0000341,CONTRAINDICATION,
CHEMBL655,EFO_0000384,INDICATION,
CHEMBL655,EFO_0000474,INDICATION,
CHEMBL655,EFO_0000537,INDICATION,
CHEMBL655,EFO_0000544,INDICATION,
CHEMBL655,EFO_0000545,INDICATION,
CHEMBL655,EFO_0000546,INDICATION,
CHEMBL655,EFO_0000588,INDICATION,
CHEMBL655,EFO_0000616,INDICATION,
CHEMBL655,EFO_0000618,INDICATION,
CHEMBL655,EFO_0000662,INDICATION,
CHEMBL655,EFO_0000673,INDICATION,
CHEMBL655,EFO_0000676,INDICATION,
CHEMBL655,EFO_0000685,INDICATION,
CHEMBL655,EFO_0000701,INDICATION,
CHEMBL655,EFO_0000713,INDICATION,
CHEMBL655,EFO_0000729,INDICATION,
CHEMBL655,EFO_0000756,INDICATION,
CHEMBL655,EFO_0000764,INDICATION,
CHEMBL655,EFO_0001065,INDICATION,
CHEMBL655,EFO_0001068,INDICATION,
CHEMBL655,EFO_0001073,INDICATION,
CHEMBL655,EFO_0001358,INDICATION,
CHEMBL655,EFO_0001378,INDICATION,
CHEMBL655,EFO_0001422,CONTRAINDICATION,
CHEMBL655,EFO_0002610,INDICATION,
CHEMBL655,EFO_0002617,INDICATION,
CHEMBL655,EFO_0003015,INDICATION,
CHEMBL655,EFO_0003047,INDICATION,
CHEMBL655,EFO_0003060,INDICATION,
CHEMBL655,EFO_0003103,INDICATION,
CHEMBL655,EFO_0003144,INDICATION,
CHEMBL655,EFO_0003758,INDICATION,
CHEMBL655,EFO_0003768,INDICATION,
CHEMBL655,EFO_0003843,INDICATION,
CHEMBL655,EFO_0003854,INDICATION,
CHEMBL655,EFO_0003863,INDICATION,
CHEMBL655,EFO_0003869,INDICATION,
CHEMBL655,EFO_0003890,INDICATION,
CHEMBL655,EFO_0003914,INDICATION,
CHEMBL655,EFO_0003929,INDICATION,
CHEMBL655,EFO_0003931,INDICATION,
CHEMBL655,EFO_0004220,INDICATION,
CHEMBL655,EFO_0004239,INDICATION,
CHEMBL655,EFO_0004242,INDICATION,
CHEMBL655,EFO_0004272,INDICATION,
CHEMBL655,EFO_0004320,INDICATION,
CHEMBL655,EFO_0004698,OFF_LABEL_USE,
CHEMBL655,EFO_0004888,INDICATION,
CHEMBL655,EFO_0005230,INDICATION,
CHEMBL655,EFO_0005251,INDICATION,
CHEMBL655,EFO_0005411,INDICATION,
CHEMBL655,EFO_0005741,INDICATION,
CHEMBL655,EFO_0005762,INDICATION,
CHEMBL655,EFO_0005952,INDICATION,
CHEMBL655,EFO_0006834,INDICATION,
CHEMBL655,EFO_0006911,INDICATION,
CHEMBL655,EFO_0007157,INDICATION,
CHEMBL655,EFO_0007328,INDICATION,
CHEMBL655,EFO_0008525,INDICATION,
CHEMBL655,EFO_0008526,INDICATION,
CHEMBL655,EFO_0009267,INDICATION,
CHEMBL655,EFO_0009513,INDICATION,
CHEMBL655,EFO_0009686,INDICATION,
CHEMBL655,EFO_0009708,INDICATION,
CHEMBL655,EFO_0009854,INDICATION,
CHEMBL655,EFO_0009868,INDICATION,
CHEMBL655,EFO_1000049,INDICATION,
CHEMBL655,EFO_1001249,INDICATION,
CHEMBL655,EFO_1001328,INDICATION,
CHEMBL655,EFO_1001413,INDICATION,
CHEMBL655,EFO_1001454,INDICATION,
CHEMBL655,EFO_1001494,INDICATION,
CHEMBL655,EFO_1001884,INDICATION,
CHEMBL655,EFO_1002048,INDICATION,
CHEMBL655,MONDO_0001744,CONTRAINDICATION,
CHEMBL655,MONDO_0002009,INDICATION,
CHEMBL655,MONDO_0002050,INDICATION,
CHEMBL655,MONDO_0004975,INDICATION,
CHEMBL655,MONDO_0004976,INDICATION,
CHEMBL655,MONDO_0004985,INDICATION,
CHEMBL655,MONDO_0004992,INDICATION,
CHEMBL655,MONDO_0005090,INDICATION,
CHEMBL655,MONDO_0005129,INDICATION,
CHEMBL655,MONDO_0005148,INDICATION,
CHEMBL655,MONDO_0005180,INDICATION,
CHEMBL655,MONDO_0007254,INDICATION,
CHEMBL655,MONDO_0007606,INDICATION,
CHEMBL655,MONDO_0008315,INDICATION,
CHEMBL655,MONDO_0011382,INDICATION,
CHEMBL655,MONDO_0011719,INDICATION,
CHEMBL655,MONDO_0018076,INDICATION,
CHEMBL655,MONDO_0024327,CONTRAINDICATION,
CHEMBL655,MONDO_0043510,INDICATION,
CHEMBL655,MONDO_0044970,INDICATION,
CHEMBL655,MONDO_0100096,INDICATION,
CHEMBL655,MP_0001914,INDICATION,
CHEMBL65567,MONDO_0004976,INDICATION,
CHEMBL656,EFO_0000464,CONTRAINDICATION,
CHEMBL656,EFO_0000474,CONTRAINDICATION,
CHEMBL656,EFO_0000537,CONTRAINDICATION,
CHEMBL656,EFO_0000612,CONTRAINDICATION,
CHEMBL656,EFO_0000668,INDICATION,
CHEMBL656,EFO_0000729,CONTRAINDICATION,
CHEMBL656,EFO_0001069,INDICATION,
CHEMBL656,EFO_0001074,CONTRAINDICATION,
CHEMBL656,EFO_0003086,CONTRAINDICATION,
CHEMBL656,EFO_0003767,CONTRAINDICATION,
CHEMBL656,EFO_0003832,CONTRAINDICATION,
CHEMBL656,EFO_0003833,CONTRAINDICATION,
CHEMBL656,EFO_0003843,INDICATION,
CHEMBL656,EFO_0003890,CONTRAINDICATION,
CHEMBL656,EFO_0004209,INDICATION,
CHEMBL656,EFO_0004253,INDICATION,
CHEMBL656,EFO_0004270,INDICATION,
CHEMBL656,EFO_0004274,CONTRAINDICATION,
CHEMBL656,EFO_0004616,INDICATION,
CHEMBL656,EFO_0004705,CONTRAINDICATION,
CHEMBL656,EFO_0005251,CONTRAINDICATION,
CHEMBL656,EFO_0005611,INDICATION,
CHEMBL656,EFO_0005762,INDICATION,
CHEMBL656,EFO_0006859,INDICATION,
CHEMBL656,EFO_0007467,CONTRAINDICATION,
CHEMBL656,EFO_0007486,INDICATION,
CHEMBL656,EFO_0009314,CONTRAINDICATION,
CHEMBL656,EFO_0009430,OFF_LABEL_USE,
CHEMBL656,EFO_0009552,CONTRAINDICATION,
CHEMBL656,EFO_0009842,INDICATION,
CHEMBL656,EFO_0010072,INDICATION,
CHEMBL656,EFO_0010702,INDICATION,
CHEMBL656,EFO_0801084,INDICATION,
CHEMBL656,EFO_1000391,CONTRAINDICATION,
CHEMBL656,EFO_1000786,INDICATION,
CHEMBL656,EFO_1000800,CONTRAINDICATION,
CHEMBL656,EFO_1000902,CONTRAINDICATION,
CHEMBL656,EFO_1000999,INDICATION,
CHEMBL656,EFO_1001132,CONTRAINDICATION,
CHEMBL656,EFO_1001331,INDICATION,
CHEMBL656,EFO_1001919,INDICATION,
CHEMBL656,EFO_1001951,INDICATION,
CHEMBL656,MONDO_0000313,CONTRAINDICATION,
CHEMBL656,MONDO_0001583,INDICATION,
CHEMBL656,MONDO_0002203,CONTRAINDICATION,
CHEMBL656,MONDO_0002280,CONTRAINDICATION,
CHEMBL656,MONDO_0002367,INDICATION,
CHEMBL656,MONDO_0002491,CONTRAINDICATION,
CHEMBL656,MONDO_0004596,CONTRAINDICATION,
CHEMBL656,MONDO_0004992,INDICATION,
CHEMBL656,MONDO_0005178,INDICATION,
CHEMBL656,MONDO_0005180,INDICATION,
CHEMBL656,MONDO_0007079,CONTRAINDICATION,
CHEMBL656,MONDO_0015129,CONTRAINDICATION,
CHEMBL656,MONDO_0018660,CONTRAINDICATION,
CHEMBL656,MONDO_0018896,CONTRAINDICATION,
CHEMBL656,MONDO_0024574,CONTRAINDICATION,
CHEMBL656,MONDO_0044751,CONTRAINDICATION,
CHEMBL656,MONDO_0100192,CONTRAINDICATION,
CHEMBL656,Orphanet_903,CONTRAINDICATION,
CHEMBL657,EFO_0000095,INDICATION,
CHEMBL657,EFO_0000096,INDICATION,
CHEMBL657,EFO_0000198,INDICATION,
CHEMBL657,EFO_0000220,INDICATION,
CHEMBL657,EFO_0000222,INDICATION,
CHEMBL657,EFO_0000274,INDICATION,
CHEMBL657,EFO_0000384,INDICATION,
CHEMBL657,EFO_0000403,INDICATION,
CHEMBL657,EFO_0000540,INDICATION,
CHEMBL657,EFO_0000574,INDICATION,
CHEMBL657,EFO_0000616,INDICATION,
CHEMBL657,EFO_0000681,INDICATION,
CHEMBL657,EFO_0000701,INDICATION,
CHEMBL657,EFO_0001378,INDICATION,
CHEMBL657,EFO_0002610,INDICATION,
CHEMBL657,EFO_0003060,INDICATION,
CHEMBL657,EFO_0003086,INDICATION,
CHEMBL657,EFO_0003758,INDICATION,
CHEMBL657,EFO_0003843,INDICATION,
CHEMBL657,EFO_0003938,INDICATION,
CHEMBL657,EFO_0003956,INDICATION,
CHEMBL657,EFO_0003958,INDICATION,
CHEMBL657,EFO_0004239,INDICATION,
CHEMBL657,EFO_0004255,INDICATION,
CHEMBL657,EFO_0004270,INDICATION,
CHEMBL657,EFO_0004599,INDICATION,
CHEMBL657,EFO_0004698,INDICATION,
CHEMBL657,EFO_0005230,INDICATION,
CHEMBL657,EFO_0005252,INDICATION,
CHEMBL657,EFO_0005531,INDICATION,
CHEMBL657,EFO_0005592,INDICATION,
CHEMBL657,EFO_0005761,INDICATION,
CHEMBL657,EFO_0005854,INDICATION,
CHEMBL657,EFO_0005952,INDICATION,
CHEMBL657,EFO_0006788,OFF_LABEL_USE,
CHEMBL657,EFO_0006890,INDICATION,
CHEMBL657,EFO_0006928,INDICATION,
CHEMBL657,EFO_0007141,INDICATION,
CHEMBL657,EFO_0007160,INDICATION,
CHEMBL657,EFO_0007214,INDICATION,
CHEMBL657,EFO_0007359,INDICATION,
CHEMBL657,EFO_0007533,INDICATION,
CHEMBL657,EFO_0008520,INDICATION,
CHEMBL657,EFO_0008521,INDICATION,
CHEMBL657,EFO_0009104,INDICATION,
CHEMBL657,EFO_0009516,INDICATION,
CHEMBL657,EFO_0009688,INDICATION,
CHEMBL657,EFO_0009847,INDICATION,
CHEMBL657,EFO_1000657,INDICATION,
CHEMBL657,EFO_1000783,INDICATION,
CHEMBL657,EFO_1001904,INDICATION,
CHEMBL657,MONDO_0001056,INDICATION,
CHEMBL657,MONDO_0002009,INDICATION,
CHEMBL657,MONDO_0002050,INDICATION,
CHEMBL657,MONDO_0002258,INDICATION,
CHEMBL657,MONDO_0002367,INDICATION,
CHEMBL657,MONDO_0004658,INDICATION,
CHEMBL657,MONDO_0004992,INDICATION,
CHEMBL657,MONDO_0005090,INDICATION,
CHEMBL657,MONDO_0005271,INDICATION,
CHEMBL657,MONDO_0005277,OFF_LABEL_USE,
CHEMBL657,MONDO_0007079,INDICATION,
CHEMBL657,MONDO_0007254,INDICATION,
CHEMBL657,MONDO_0007915,INDICATION,
CHEMBL657,MONDO_0008315,INDICATION,
CHEMBL657,MONDO_0008903,INDICATION,
CHEMBL657,MONDO_0011962,INDICATION,
CHEMBL657,MONDO_0017287,INDICATION,
CHEMBL657,MONDO_0044917,INDICATION,
CHEMBL657,MP_0001845,INDICATION,
CHEMBL657,Orphanet_365,INDICATION,
CHEMBL657,Orphanet_60,INDICATION,
CHEMBL65717,EFO_0000319,INDICATION,
CHEMBL65794,EFO_0000771,INDICATION,
CHEMBL658,EFO_0000546,INDICATION,
CHEMBL658,EFO_0002950,INDICATION,
CHEMBL658,EFO_0003086,CONTRAINDICATION,
CHEMBL658,EFO_0003843,INDICATION,
CHEMBL658,EFO_0009267,INDICATION,
CHEMBL658,EFO_1001139,INDICATION,
CHEMBL659,EFO_0000341,CONTRAINDICATION,
CHEMBL659,EFO_0000474,CONTRAINDICATION,
CHEMBL659,EFO_0000677,INDICATION,
CHEMBL659,EFO_0000713,INDICATION,
CHEMBL659,EFO_0000764,INDICATION,
CHEMBL659,EFO_0001072,INDICATION,
CHEMBL659,EFO_0001073,INDICATION,
CHEMBL659,EFO_0002610,INDICATION,
CHEMBL659,EFO_0003086,CONTRAINDICATION,
CHEMBL659,EFO_0003758,INDICATION,
CHEMBL659,EFO_0003768,INDICATION,
CHEMBL659,EFO_0004607,CONTRAINDICATION,
CHEMBL659,EFO_0004718,INDICATION,
CHEMBL659,EFO_0005230,INDICATION,
CHEMBL659,EFO_0005252,INDICATION,
CHEMBL659,EFO_0005411,INDICATION,
CHEMBL659,EFO_0006792,OFF_LABEL_USE,
CHEMBL659,MONDO_0000465,CONTRAINDICATION,
CHEMBL659,MONDO_0002050,INDICATION,
CHEMBL659,MONDO_0004247,CONTRAINDICATION,
CHEMBL659,MONDO_0004975,INDICATION,
CHEMBL659,MONDO_0004979,CONTRAINDICATION,
CHEMBL659,MONDO_0005090,INDICATION,
CHEMBL659,MONDO_0017276,INDICATION,
CHEMBL659,MONDO_0019171,CONTRAINDICATION,
CHEMBL659,MONDO_0100192,CONTRAINDICATION,
CHEMBL659,Orphanet_79292,INDICATION,
CHEMBL660,EFO_0000474,CONTRAINDICATION,
CHEMBL660,EFO_0000544,INDICATION,
CHEMBL660,EFO_0000712,INDICATION,
CHEMBL660,EFO_0002610,INDICATION,
CHEMBL660,EFO_0003047,INDICATION,
CHEMBL660,EFO_0003086,CONTRAINDICATION,
CHEMBL660,EFO_0003843,INDICATION,
CHEMBL660,EFO_0003888,INDICATION,
CHEMBL660,EFO_0004220,INDICATION,
CHEMBL660,EFO_0004226,OFF_LABEL_USE,
CHEMBL660,EFO_0004247,INDICATION,
CHEMBL660,EFO_0005252,CONTRAINDICATION,
CHEMBL660,EFO_0005407,CONTRAINDICATION,
CHEMBL660,EFO_0005411,INDICATION,
CHEMBL660,EFO_0007328,INDICATION,
CHEMBL660,EFO_1000860,INDICATION,
CHEMBL660,EFO_1001175,INDICATION,
CHEMBL660,EFO_1001402,INDICATION,
CHEMBL660,MONDO_0001744,CONTRAINDICATION,
CHEMBL660,MONDO_0002491,CONTRAINDICATION,
CHEMBL660,MONDO_0002679,INDICATION,
CHEMBL660,MONDO_0004976,INDICATION,
CHEMBL660,MONDO_0005090,INDICATION,
CHEMBL660,MONDO_0005148,INDICATION,
CHEMBL660,MONDO_0005180,INDICATION,
CHEMBL660,MONDO_0005301,INDICATION,
CHEMBL660,MONDO_0021095,INDICATION,
CHEMBL660,MONDO_0043510,INDICATION,
CHEMBL660,MONDO_0100096,INDICATION,
CHEMBL66092,EFO_0000384,INDICATION,
CHEMBL66092,EFO_0003929,INDICATION,
CHEMBL66092,EFO_0003966,INDICATION,
CHEMBL66092,EFO_0005761,INDICATION,
CHEMBL66092,EFO_0008520,INDICATION,
CHEMBL66092,MONDO_0005301,INDICATION,
CHEMBL66092,MONDO_0007739,INDICATION,
CHEMBL66092,MONDO_0007915,INDICATION,
CHEMBL661,EFO_0000474,INDICATION,
CHEMBL661,EFO_0001073,CONTRAINDICATION,
CHEMBL661,EFO_0001358,INDICATION,
CHEMBL661,EFO_0003086,CONTRAINDICATION,
CHEMBL661,EFO_0003877,CONTRAINDICATION,
CHEMBL661,EFO_0003890,INDICATION,
CHEMBL661,EFO_0004190,CONTRAINDICATION,
CHEMBL661,EFO_0004262,INDICATION,
CHEMBL661,EFO_0004698,OFF_LABEL_USE,
CHEMBL661,EFO_0005230,INDICATION,
CHEMBL661,EFO_0006788,INDICATION,
CHEMBL661,EFO_0009910,CONTRAINDICATION,
CHEMBL661,EFO_1001884,INDICATION,
CHEMBL661,EFO_1001892,INDICATION,
CHEMBL661,EFO_1001917,INDICATION,
CHEMBL661,MONDO_0001744,CONTRAINDICATION,
CHEMBL661,MONDO_0002050,CONTRAINDICATION,
CHEMBL661,MONDO_0002491,CONTRAINDICATION,
CHEMBL661,MONDO_0004979,INDICATION,
CHEMBL661,MONDO_0005090,INDICATION,
CHEMBL661,MONDO_0005147,INDICATION,
CHEMBL661,MONDO_0005277,INDICATION,
CHEMBL661,MONDO_0041086,INDICATION,
CHEMBL66115,EFO_0000198,INDICATION,
CHEMBL66115,EFO_0000565,INDICATION,
CHEMBL66115,EFO_0000616,INDICATION,
CHEMBL66115,EFO_0001378,INDICATION,
CHEMBL6622,EFO_0000319,INDICATION,
CHEMBL6622,EFO_0000373,INDICATION,
CHEMBL6622,EFO_0000538,CONTRAINDICATION,
CHEMBL6622,EFO_0000612,CONTRAINDICATION,
CHEMBL6622,EFO_0000712,CONTRAINDICATION,
CHEMBL6622,EFO_0001645,CONTRAINDICATION,
CHEMBL6622,EFO_0003913,INDICATION,
CHEMBL6622,EFO_0005251,CONTRAINDICATION,
CHEMBL6622,EFO_0005669,CONTRAINDICATION,
CHEMBL6622,EFO_0009189,CONTRAINDICATION,
CHEMBL6622,EFO_0009552,INDICATION,
CHEMBL6622,EFO_1001132,CONTRAINDICATION,
CHEMBL6622,EFO_1001375,INDICATION,
CHEMBL6622,EFO_1001459,INDICATION,
CHEMBL6622,MONDO_0002280,CONTRAINDICATION,
CHEMBL6622,MONDO_0010679,INDICATION,
CHEMBL666,EFO_0000474,CONTRAINDICATION,
CHEMBL666,EFO_0000544,INDICATION,
CHEMBL666,EFO_0000763,INDICATION,
CHEMBL666,EFO_0000764,INDICATION,
CHEMBL666,EFO_0001062,INDICATION,
CHEMBL666,EFO_0003086,CONTRAINDICATION,
CHEMBL666,EFO_0003106,INDICATION,
CHEMBL666,EFO_0005307,CONTRAINDICATION,
CHEMBL666,EFO_0010282,INDICATION,
CHEMBL666,EFO_1001302,INDICATION,
CHEMBL666,EFO_1002022,INDICATION,
CHEMBL666,MONDO_0000313,CONTRAINDICATION,
CHEMBL666,MONDO_0000328,CONTRAINDICATION,
CHEMBL666,MONDO_0002280,CONTRAINDICATION,
CHEMBL666,MONDO_0003778,INDICATION,
CHEMBL666,MONDO_0013730,INDICATION,
CHEMBL666,MONDO_0018100,CONTRAINDICATION,
CHEMBL666,MONDO_0019171,CONTRAINDICATION,
CHEMBL666,MONDO_0027029,INDICATION,
CHEMBL667,EFO_0000556,INDICATION,
CHEMBL667,EFO_0000668,INDICATION,
CHEMBL667,EFO_0000764,INDICATION,
CHEMBL667,EFO_0001645,INDICATION,
CHEMBL667,EFO_0004272,INDICATION,
CHEMBL667,MONDO_0005041,INDICATION,
CHEMBL667,MONDO_0005129,INDICATION,
CHEMBL667,MONDO_0005148,INDICATION,
CHEMBL667,MONDO_0011382,INDICATION,
CHEMBL667,MP_0001845,INDICATION,
CHEMBL668,EFO_0000474,CONTRAINDICATION,
CHEMBL668,EFO_0003948,CONTRAINDICATION,
CHEMBL668,EFO_0005251,CONTRAINDICATION,
CHEMBL668,EFO_0009189,CONTRAINDICATION,
CHEMBL668,EFO_1001069,CONTRAINDICATION,
CHEMBL668,MONDO_0001627,CONTRAINDICATION,
CHEMBL668,MONDO_0001744,CONTRAINDICATION,
CHEMBL668,MONDO_0002009,INDICATION,
CHEMBL668,MONDO_0002050,INDICATION,
CHEMBL668,MONDO_0004979,CONTRAINDICATION,
CHEMBL668,MONDO_0004985,CONTRAINDICATION,
CHEMBL668,MONDO_0005041,CONTRAINDICATION,
CHEMBL668,MONDO_0005090,CONTRAINDICATION,
CHEMBL668,MONDO_0007079,CONTRAINDICATION,
CHEMBL669,EFO_0001358,INDICATION,
CHEMBL669,EFO_0001422,INDICATION,
CHEMBL669,EFO_0003843,INDICATION,
CHEMBL669,EFO_0004190,CONTRAINDICATION,
CHEMBL669,EFO_0005687,OFF_LABEL_USE,
CHEMBL669,EFO_0009189,CONTRAINDICATION,
CHEMBL669,EFO_0009488,INDICATION,
CHEMBL669,EFO_1000632,INDICATION,
CHEMBL669,MONDO_0002050,INDICATION,
CHEMBL669,MONDO_0005041,CONTRAINDICATION,
CHEMBL669,MONDO_0005277,INDICATION,
CHEMBL669,MONDO_0100192,CONTRAINDICATION,
CHEMBL671,EFO_0000183,INDICATION,
CHEMBL671,EFO_0000198,INDICATION,
CHEMBL671,EFO_0000220,INDICATION,
CHEMBL671,EFO_0000222,INDICATION,
CHEMBL671,EFO_0000228,INDICATION,
CHEMBL671,EFO_0000305,INDICATION,
CHEMBL671,EFO_0000313,INDICATION,
CHEMBL671,EFO_0000326,INDICATION,
CHEMBL671,EFO_0000339,INDICATION,
CHEMBL671,EFO_0000384,INDICATION,
CHEMBL671,EFO_0000403,INDICATION,
CHEMBL671,EFO_0000502,INDICATION,
CHEMBL671,EFO_0000540,INDICATION,
CHEMBL671,EFO_0000565,INDICATION,
CHEMBL671,EFO_0000574,INDICATION,
CHEMBL671,EFO_0000616,INDICATION,
CHEMBL671,EFO_0000621,INDICATION,
CHEMBL671,EFO_0000637,INDICATION,
CHEMBL671,EFO_0000691,INDICATION,
CHEMBL671,EFO_0001378,INDICATION,
CHEMBL671,EFO_0001642,INDICATION,
CHEMBL671,EFO_0002428,INDICATION,
CHEMBL671,EFO_0002939,INDICATION,
CHEMBL671,EFO_0003086,CONTRAINDICATION,
CHEMBL671,EFO_0003833,INDICATION,
CHEMBL671,EFO_0004251,INDICATION,
CHEMBL671,EFO_0004272,INDICATION,
CHEMBL671,EFO_0005235,INDICATION,
CHEMBL671,EFO_0005803,INDICATION,
CHEMBL671,EFO_0005952,INDICATION,
CHEMBL671,EFO_0006861,INDICATION,
CHEMBL671,EFO_0009314,CONTRAINDICATION,
CHEMBL671,EFO_1000158,INDICATION,
CHEMBL671,EFO_1000984,INDICATION,
CHEMBL671,EFO_1001968,INDICATION,
CHEMBL671,MONDO_0001187,INDICATION,
CHEMBL671,MONDO_0002087,INDICATION,
CHEMBL671,MONDO_0002158,INDICATION,
CHEMBL671,MONDO_0002280,CONTRAINDICATION,
CHEMBL671,MONDO_0002367,INDICATION,
CHEMBL671,MONDO_0002691,INDICATION,
CHEMBL671,MONDO_0003751,INDICATION,
CHEMBL671,MONDO_0004992,INDICATION,
CHEMBL671,MONDO_0007254,INDICATION,
CHEMBL671,MONDO_0008170,INDICATION,
CHEMBL671,MONDO_0008380,INDICATION,
CHEMBL671,MONDO_0008978,INDICATION,
CHEMBL671,MONDO_0009348,INDICATION,
CHEMBL671,MONDO_0010518,INDICATION,
CHEMBL671,MONDO_0011382,INDICATION,
CHEMBL671,MONDO_0013730,INDICATION,
CHEMBL671,MONDO_0015974,INDICATION,
CHEMBL671,MONDO_0021193,INDICATION,
CHEMBL671,MONDO_0044903,INDICATION,
CHEMBL672,EFO_0000180,INDICATION,
CHEMBL672,EFO_0000195,INDICATION,
CHEMBL672,EFO_0000319,INDICATION,
CHEMBL672,EFO_0000400,INDICATION,
CHEMBL672,EFO_0000401,INDICATION,
CHEMBL672,EFO_0000537,INDICATION,
CHEMBL672,EFO_0000589,INDICATION,
CHEMBL672,EFO_0000783,CONTRAINDICATION,
CHEMBL672,EFO_0001073,INDICATION,
CHEMBL672,EFO_0001378,INDICATION,
CHEMBL672,EFO_0001645,INDICATION,
CHEMBL672,EFO_0003767,INDICATION,
CHEMBL672,EFO_0003770,INDICATION,
CHEMBL672,EFO_0003832,CONTRAINDICATION,
CHEMBL672,EFO_0003914,INDICATION,
CHEMBL672,EFO_0004145,CONTRAINDICATION,
CHEMBL672,EFO_0004211,INDICATION,
CHEMBL672,EFO_0004268,INDICATION,
CHEMBL672,EFO_0004705,INDICATION,
CHEMBL672,EFO_0004799,CONTRAINDICATION,
CHEMBL672,EFO_0009516,INDICATION,
CHEMBL672,EFO_1000652,CONTRAINDICATION,
CHEMBL672,EFO_1000727,INDICATION,
CHEMBL672,EFO_1001249,INDICATION,
CHEMBL672,EFO_1001486,CONTRAINDICATION,
CHEMBL672,MONDO_0001343,CONTRAINDICATION,
CHEMBL672,MONDO_0002280,CONTRAINDICATION,
CHEMBL672,MONDO_0005148,INDICATION,
CHEMBL672,MONDO_0007079,INDICATION,
CHEMBL672,MONDO_0007739,INDICATION,
CHEMBL672,MONDO_0018473,INDICATION,
CHEMBL672,MONDO_0021187,INDICATION,
CHEMBL672,MONDO_0037748,INDICATION,
CHEMBL672,MONDO_0100192,CONTRAINDICATION,
CHEMBL672,Orphanet_309005,INDICATION,
CHEMBL672,Orphanet_79211,INDICATION,
CHEMBL67279,EFO_0000095,INDICATION,
CHEMBL67279,EFO_0000616,INDICATION,
CHEMBL67279,EFO_0000756,INDICATION,
CHEMBL67279,EFO_0002618,INDICATION,
CHEMBL67279,EFO_0003060,INDICATION,
CHEMBL67279,MONDO_0002367,INDICATION,
CHEMBL67279,MONDO_0002898,INDICATION,
CHEMBL67279,MONDO_0008903,INDICATION,
CHEMBL673,EFO_0000537,INDICATION,
CHEMBL675,EFO_0000589,INDICATION,
CHEMBL675,EFO_0003762,INDICATION,
CHEMBL675,EFO_0003854,INDICATION,
CHEMBL675,EFO_0003882,INDICATION,
CHEMBL675,EFO_0004261,INDICATION,
CHEMBL675,MONDO_0007254,INDICATION,
CHEMBL67776,EFO_0000717,INDICATION,
CHEMBL67776,MONDO_0007915,INDICATION,
CHEMBL679,EFO_0000275,CONTRAINDICATION,
CHEMBL679,EFO_0000319,CONTRAINDICATION,
CHEMBL679,EFO_0000400,CONTRAINDICATION,
CHEMBL679,EFO_0000407,CONTRAINDICATION,
CHEMBL679,EFO_0000464,INDICATION,
CHEMBL679,EFO_0000474,CONTRAINDICATION,
CHEMBL679,EFO_0000537,CONTRAINDICATION,
CHEMBL679,EFO_0000544,INDICATION,
CHEMBL679,EFO_0000546,INDICATION,
CHEMBL679,EFO_0000612,CONTRAINDICATION,
CHEMBL679,EFO_0001645,CONTRAINDICATION,
CHEMBL679,EFO_0003060,INDICATION,
CHEMBL679,EFO_0003086,CONTRAINDICATION,
CHEMBL679,EFO_0003144,INDICATION,
CHEMBL679,EFO_0003843,INDICATION,
CHEMBL679,EFO_0003875,CONTRAINDICATION,
CHEMBL679,EFO_0003895,INDICATION,
CHEMBL679,EFO_0003956,INDICATION,
CHEMBL679,EFO_0004190,INDICATION,
CHEMBL679,EFO_0004198,INDICATION,
CHEMBL679,EFO_0004209,INDICATION,
CHEMBL679,EFO_0004278,INDICATION,
CHEMBL679,EFO_0004287,OFF_LABEL_USE,
CHEMBL679,EFO_0004610,INDICATION,
CHEMBL679,EFO_0004616,INDICATION,
CHEMBL679,EFO_0004991,CONTRAINDICATION,
CHEMBL679,EFO_0005251,INDICATION,
CHEMBL679,EFO_0005306,INDICATION,
CHEMBL679,EFO_0005531,INDICATION,
CHEMBL679,EFO_0005532,INDICATION,
CHEMBL679,EFO_0005773,CONTRAINDICATION,
CHEMBL679,EFO_0005854,INDICATION,
CHEMBL679,EFO_0006834,INDICATION,
CHEMBL679,EFO_0007149,INDICATION,
CHEMBL679,EFO_0007355,INDICATION,
CHEMBL679,EFO_0007486,INDICATION,
CHEMBL679,EFO_0009189,CONTRAINDICATION,
CHEMBL679,EFO_0009449,CONTRAINDICATION,
CHEMBL679,EFO_0009492,INDICATION,
CHEMBL679,EFO_0009661,INDICATION,
CHEMBL679,EFO_0009676,INDICATION,
CHEMBL679,EFO_0009840,INDICATION,
CHEMBL679,EFO_0009846,INDICATION,
CHEMBL679,EFO_1000811,CONTRAINDICATION,
CHEMBL679,EFO_1000997,CONTRAINDICATION,
CHEMBL679,EFO_1001087,INDICATION,
CHEMBL679,EFO_1001139,INDICATION,
CHEMBL679,EFO_1001222,INDICATION,
CHEMBL679,EFO_1001250,INDICATION,
CHEMBL679,EFO_1001417,INDICATION,
CHEMBL679,EFO_1001450,CONTRAINDICATION,
CHEMBL679,MONDO_0000468,CONTRAINDICATION,
CHEMBL679,MONDO_0000831,CONTRAINDICATION,
CHEMBL679,MONDO_0001056,INDICATION,
CHEMBL679,MONDO_0001744,CONTRAINDICATION,
CHEMBL679,MONDO_0002050,INDICATION,
CHEMBL679,MONDO_0003061,INDICATION,
CHEMBL679,MONDO_0004822,INDICATION,
CHEMBL679,MONDO_0004979,OFF_LABEL_USE,
CHEMBL679,MONDO_0005041,INDICATION,
CHEMBL679,MONDO_0005271,INDICATION,
CHEMBL679,MONDO_0007254,INDICATION,
CHEMBL679,MONDO_0021095,CONTRAINDICATION,
CHEMBL679,MONDO_0100053,INDICATION,
CHEMBL679,MONDO_0100192,CONTRAINDICATION,
CHEMBL679,MP_0001914,INDICATION,
CHEMBL680,EFO_0000544,INDICATION,
CHEMBL680,EFO_0000771,INDICATION,
CHEMBL680,EFO_0003102,INDICATION,
CHEMBL680,EFO_0003103,INDICATION,
CHEMBL680,EFO_0003106,INDICATION,
CHEMBL680,EFO_0004992,INDICATION,
CHEMBL680,EFO_0005681,INDICATION,
CHEMBL680,EFO_0006505,INDICATION,
CHEMBL680,EFO_0007499,INDICATION,
CHEMBL680,EFO_0009582,INDICATION,
CHEMBL680,MONDO_0002258,INDICATION,
CHEMBL68055,MONDO_0007254,INDICATION,
CHEMBL681,EFO_0000537,INDICATION,
CHEMBL681,EFO_0000712,INDICATION,
CHEMBL681,EFO_0005251,CONTRAINDICATION,
CHEMBL681,EFO_0009491,CONTRAINDICATION,
CHEMBL681,EFO_0009686,INDICATION,
CHEMBL68117,EFO_0000198,INDICATION,
CHEMBL68117,EFO_0000220,INDICATION,
CHEMBL68117,EFO_0000222,INDICATION,
CHEMBL68117,EFO_0000339,INDICATION,
CHEMBL68117,EFO_0000565,INDICATION,
CHEMBL68117,EFO_0000616,INDICATION,
CHEMBL68117,EFO_0000702,INDICATION,
CHEMBL68117,EFO_0003060,INDICATION,
CHEMBL682,EFO_0001068,INDICATION,
CHEMBL682,EFO_0002950,INDICATION,
CHEMBL682,EFO_0007444,INDICATION,
CHEMBL682,EFO_0007445,INDICATION,
CHEMBL682,MONDO_0100096,INDICATION,
CHEMBL683,EFO_0000319,INDICATION,
CHEMBL684,EFO_0000544,INDICATION,
CHEMBL684,EFO_0004711,INDICATION,
CHEMBL684,EFO_0007257,INDICATION,
CHEMBL684,EFO_0007272,INDICATION,
CHEMBL684,EFO_0007402,INDICATION,
CHEMBL684,EFO_1000729,INDICATION,
CHEMBL684,EFO_1001342,INDICATION,
CHEMBL685,EFO_0004272,INDICATION,
CHEMBL685,EFO_0007154,INDICATION,
CHEMBL685,EFO_0007254,INDICATION,
CHEMBL685,EFO_0007289,OFF_LABEL_USE,
CHEMBL685,EFO_0007314,INDICATION,
CHEMBL685,EFO_0007390,INDICATION,
CHEMBL685,EFO_1001342,INDICATION,
CHEMBL685,EFO_1001951,INDICATION,
CHEMBL685,MONDO_0100342,INDICATION,
CHEMBL686,EFO_0000319,CONTRAINDICATION,
CHEMBL686,EFO_0000400,INDICATION,
CHEMBL686,EFO_0000537,CONTRAINDICATION,
CHEMBL686,EFO_0000612,CONTRAINDICATION,
CHEMBL686,EFO_0003086,CONTRAINDICATION,
CHEMBL686,EFO_0003843,INDICATION,
CHEMBL686,EFO_0005755,INDICATION,
CHEMBL686,EFO_0009314,CONTRAINDICATION,
CHEMBL686,MONDO_0004247,CONTRAINDICATION,
CHEMBL686,MP_0001914,INDICATION,
CHEMBL688,EFO_0000546,INDICATION,
CHEMBL688,EFO_0003843,INDICATION,
CHEMBL688,EFO_0004244,INDICATION,
CHEMBL688,EFO_0005762,INDICATION,
CHEMBL688,EFO_0009727,INDICATION,
CHEMBL688,EFO_0801084,INDICATION,
CHEMBL688,EFO_1001139,INDICATION,
CHEMBL688,MONDO_0004992,INDICATION,
CHEMBL688,MONDO_0005277,INDICATION,
CHEMBL689,EFO_0000339,INDICATION,
CHEMBL689,EFO_0000341,INDICATION,
CHEMBL689,EFO_0000519,INDICATION,
CHEMBL689,EFO_0000546,INDICATION,
CHEMBL689,EFO_0000712,INDICATION,
CHEMBL689,EFO_0001068,INDICATION,
CHEMBL689,EFO_0001645,INDICATION,
CHEMBL689,EFO_0002501,INDICATION,
CHEMBL689,EFO_0003843,INDICATION,
CHEMBL689,EFO_0003877,CONTRAINDICATION,
CHEMBL689,EFO_0003918,INDICATION,
CHEMBL689,EFO_0004238,INDICATION,
CHEMBL689,EFO_0004616,INDICATION,
CHEMBL689,EFO_0005207,INDICATION,
CHEMBL689,EFO_0005251,INDICATION,
CHEMBL689,EFO_0005611,INDICATION,
CHEMBL689,EFO_0006834,INDICATION,
CHEMBL689,EFO_0009530,CONTRAINDICATION,
CHEMBL689,EFO_0009715,INDICATION,
CHEMBL689,EFO_1000158,INDICATION,
CHEMBL689,EFO_1000783,INDICATION,
CHEMBL689,EFO_1000845,INDICATION,
CHEMBL689,EFO_1000992,INDICATION,
CHEMBL689,EFO_1001069,INDICATION,
CHEMBL689,EFO_1001132,INDICATION,
CHEMBL689,EFO_1001139,INDICATION,
CHEMBL689,EFO_1001291,INDICATION,
CHEMBL689,EFO_1001793,INDICATION,
CHEMBL689,MONDO_0001343,CONTRAINDICATION,
CHEMBL689,MONDO_0001657,INDICATION,
CHEMBL689,MONDO_0002050,CONTRAINDICATION,
CHEMBL689,MONDO_0002280,CONTRAINDICATION,
CHEMBL689,MONDO_0002367,INDICATION,
CHEMBL689,MONDO_0002491,CONTRAINDICATION,
CHEMBL689,MONDO_0002492,INDICATION,
CHEMBL689,MONDO_0004979,INDICATION,
CHEMBL689,MONDO_0007079,CONTRAINDICATION,
CHEMBL689,MONDO_0009061,INDICATION,
CHEMBL689,MONDO_0037821,CONTRAINDICATION,
CHEMBL689,MONDO_0041052,INDICATION,
CHEMBL689,MONDO_0043510,INDICATION,
CHEMBL689,MONDO_0100096,INDICATION,
CHEMBL689,MONDO_0100192,CONTRAINDICATION,
CHEMBL690,EFO_0000180,INDICATION,
CHEMBL690,EFO_0000319,INDICATION,
CHEMBL690,EFO_0000400,INDICATION,
CHEMBL690,EFO_0000565,INDICATION,
CHEMBL690,EFO_0000612,INDICATION,
CHEMBL690,EFO_0000764,INDICATION,
CHEMBL690,EFO_0001645,INDICATION,
CHEMBL690,EFO_0003914,INDICATION,
CHEMBL690,EFO_0004255,INDICATION,
CHEMBL690,EFO_0004705,INDICATION,
CHEMBL690,EFO_0004911,INDICATION,
CHEMBL690,EFO_1000727,INDICATION,
CHEMBL690,MONDO_0002691,INDICATION,
CHEMBL690,MONDO_0005147,INDICATION,
CHEMBL690,MONDO_0008903,INDICATION,
CHEMBL690,MONDO_0021661,INDICATION,
CHEMBL690,Orphanet_79211,INDICATION,
CHEMBL691,EFO_0000095,INDICATION,
CHEMBL691,EFO_0000180,INDICATION,
CHEMBL691,EFO_0000400,CONTRAINDICATION,
CHEMBL691,EFO_0000474,CONTRAINDICATION,
CHEMBL691,EFO_0000537,CONTRAINDICATION,
CHEMBL691,EFO_0000612,CONTRAINDICATION,
CHEMBL691,EFO_0000616,INDICATION,
CHEMBL691,EFO_0000660,OFF_LABEL_USE,
CHEMBL691,EFO_0000712,CONTRAINDICATION,
CHEMBL691,EFO_0000764,INDICATION,
CHEMBL691,EFO_0001065,CONTRAINDICATION,
CHEMBL691,EFO_0001073,CONTRAINDICATION,
CHEMBL691,EFO_0001645,CONTRAINDICATION,
CHEMBL691,EFO_0002950,INDICATION,
CHEMBL691,EFO_0003047,INDICATION,
CHEMBL691,EFO_0003086,CONTRAINDICATION,
CHEMBL691,EFO_0003144,CONTRAINDICATION,
CHEMBL691,EFO_0003832,CONTRAINDICATION,
CHEMBL691,EFO_0003854,INDICATION,
CHEMBL691,EFO_0003882,INDICATION,
CHEMBL691,EFO_0003894,INDICATION,
CHEMBL691,EFO_0004152,CONTRAINDICATION,
CHEMBL691,EFO_0004220,INDICATION,
CHEMBL691,EFO_0004239,INDICATION,
CHEMBL691,EFO_0004705,CONTRAINDICATION,
CHEMBL691,EFO_0005204,INDICATION,
CHEMBL691,EFO_0005924,INDICATION,
CHEMBL691,EFO_0008560,INDICATION,
CHEMBL691,EFO_0009006,INDICATION,
CHEMBL691,EFO_0009315,CONTRAINDICATION,
CHEMBL691,EFO_0009491,CONTRAINDICATION,
CHEMBL691,EFO_0009551,CONTRAINDICATION,
CHEMBL691,EFO_0010269,INDICATION,
CHEMBL691,EFO_1000710,INDICATION,
CHEMBL691,EFO_1001068,CONTRAINDICATION,
CHEMBL691,EFO_1001074,CONTRAINDICATION,
CHEMBL691,EFO_1001249,INDICATION,
CHEMBL691,EFO_1001512,CONTRAINDICATION,
CHEMBL691,MONDO_0001566,CONTRAINDICATION,
CHEMBL691,MONDO_0001627,CONTRAINDICATION,
CHEMBL691,MONDO_0001836,OFF_LABEL_USE,
CHEMBL691,MONDO_0002050,CONTRAINDICATION,
CHEMBL691,MONDO_0002520,CONTRAINDICATION,
CHEMBL691,MONDO_0002691,CONTRAINDICATION,
CHEMBL691,MONDO_0004169,INDICATION,
CHEMBL691,MONDO_0004979,CONTRAINDICATION,
CHEMBL691,MONDO_0004992,INDICATION,
CHEMBL691,MONDO_0005148,INDICATION,
CHEMBL691,MONDO_0005277,CONTRAINDICATION,
CHEMBL691,MONDO_0005351,INDICATION,
CHEMBL691,MONDO_0007254,INDICATION,
CHEMBL691,MONDO_0007915,CONTRAINDICATION,
CHEMBL691,MONDO_0008170,CONTRAINDICATION,
CHEMBL691,MONDO_0009061,INDICATION,
CHEMBL691,MONDO_0011962,INDICATION,
CHEMBL691,MONDO_0018075,INDICATION,
CHEMBL691,MONDO_0019499,INDICATION,
CHEMBL691,MONDO_0021187,CONTRAINDICATION,
CHEMBL691,MONDO_0021259,CONTRAINDICATION,
CHEMBL691,MONDO_0037748,CONTRAINDICATION,
CHEMBL691,MONDO_0037821,CONTRAINDICATION,
CHEMBL692,EFO_0000274,INDICATION,
CHEMBL692,EFO_0000691,INDICATION,
CHEMBL692,EFO_0000764,INDICATION,
CHEMBL692,EFO_0004992,INDICATION,
CHEMBL692,EFO_0007067,INDICATION,
CHEMBL692,EFO_0007141,INDICATION,
CHEMBL692,EFO_0007425,INDICATION,
CHEMBL692,EFO_0009552,INDICATION,
CHEMBL692,EFO_1000652,INDICATION,
CHEMBL692,EFO_1000831,INDICATION,
CHEMBL692,EFO_1000906,INDICATION,
CHEMBL692,EFO_1001923,INDICATION,
CHEMBL692,MONDO_0002203,INDICATION,
CHEMBL692,MONDO_0005271,INDICATION,
CHEMBL69308,EFO_0000685,INDICATION,
CHEMBL695,EFO_0000474,INDICATION,
CHEMBL695,EFO_0003086,CONTRAINDICATION,
CHEMBL695,EFO_0003839,CONTRAINDICATION,
CHEMBL695,EFO_0020094,CONTRAINDICATION,
CHEMBL695,MONDO_0037821,CONTRAINDICATION,
CHEMBL695,MONDO_0100192,CONTRAINDICATION,
CHEMBL695,MONDO_0850093,INDICATION,
CHEMBL696,EFO_0000474,INDICATION,
CHEMBL696,EFO_0000555,INDICATION,
CHEMBL696,EFO_0003086,CONTRAINDICATION,
CHEMBL696,EFO_0005762,INDICATION,
CHEMBL696,EFO_0005803,CONTRAINDICATION,
CHEMBL696,EFO_1001998,INDICATION,
CHEMBL696,MONDO_0002050,CONTRAINDICATION,
CHEMBL696,MONDO_0005277,INDICATION,
CHEMBL696,MONDO_0007915,CONTRAINDICATION,
CHEMBL696,MONDO_0008294,CONTRAINDICATION,
CHEMBL696,MONDO_0010826,INDICATION,
CHEMBL696,MONDO_0850093,INDICATION,
CHEMBL6966,EFO_0000183,INDICATION,
CHEMBL6966,EFO_0000275,INDICATION,
CHEMBL6966,EFO_0000319,INDICATION,
CHEMBL6966,EFO_0000384,INDICATION,
CHEMBL6966,EFO_0000400,INDICATION,
CHEMBL6966,EFO_0000537,INDICATION,
CHEMBL6966,EFO_0000538,CONTRAINDICATION,
CHEMBL6966,EFO_0003086,CONTRAINDICATION,
CHEMBL6966,EFO_0003144,INDICATION,
CHEMBL6966,EFO_0003843,INDICATION,
CHEMBL6966,EFO_0003890,INDICATION,
CHEMBL6966,EFO_0004269,INDICATION,
CHEMBL6966,EFO_0004616,INDICATION,
CHEMBL6966,EFO_0004991,CONTRAINDICATION,
CHEMBL6966,EFO_0005251,CONTRAINDICATION,
CHEMBL6966,EFO_0005306,CONTRAINDICATION,
CHEMBL6966,EFO_0005532,CONTRAINDICATION,
CHEMBL6966,EFO_0005672,INDICATION,
CHEMBL6966,EFO_1000013,INDICATION,
CHEMBL6966,EFO_1000899,OFF_LABEL_USE,
CHEMBL6966,EFO_1001413,INDICATION,
CHEMBL6966,EFO_1001450,CONTRAINDICATION,
CHEMBL6966,EFO_1001986,CONTRAINDICATION,
CHEMBL6966,MONDO_0000468,CONTRAINDICATION,
CHEMBL6966,MONDO_0001823,CONTRAINDICATION,
CHEMBL6966,MONDO_0004985,INDICATION,
CHEMBL6966,MONDO_0005147,INDICATION,
CHEMBL6966,MONDO_0005148,INDICATION,
CHEMBL6966,MONDO_0010679,CONTRAINDICATION,
CHEMBL6966,MONDO_0019623,CONTRAINDICATION,
CHEMBL6966,MONDO_0042981,CONTRAINDICATION,
CHEMBL6966,MONDO_0100096,INDICATION,
CHEMBL6966,MP_0001914,INDICATION,
CHEMBL6966,Orphanet_844,CONTRAINDICATION,
CHEMBL6966,Orphanet_98702,CONTRAINDICATION,
CHEMBL697,EFO_0000474,INDICATION,
CHEMBL697,EFO_0003086,CONTRAINDICATION,
CHEMBL697,MONDO_0002050,CONTRAINDICATION,
CHEMBL697,MONDO_0007915,CONTRAINDICATION,
CHEMBL697,MONDO_0008294,CONTRAINDICATION,
CHEMBL697,MONDO_0850093,INDICATION,
CHEMBL698,EFO_0000319,CONTRAINDICATION,
CHEMBL698,EFO_0000474,CONTRAINDICATION,
CHEMBL698,EFO_0000546,INDICATION,
CHEMBL698,EFO_0000701,INDICATION,
CHEMBL698,EFO_0003086,CONTRAINDICATION,
CHEMBL698,EFO_0003777,CONTRAINDICATION,
CHEMBL698,EFO_0003843,INDICATION,
CHEMBL698,EFO_0004143,INDICATION,
CHEMBL698,EFO_0004616,INDICATION,
CHEMBL698,EFO_0004991,CONTRAINDICATION,
CHEMBL698,EFO_0009189,CONTRAINDICATION,
CHEMBL698,EFO_0009552,INDICATION,
CHEMBL698,EFO_1001054,INDICATION,
CHEMBL698,EFO_1001178,INDICATION,
CHEMBL698,EFO_1001231,CONTRAINDICATION,
CHEMBL698,EFO_1001434,INDICATION,
CHEMBL698,EFO_1001888,CONTRAINDICATION,
CHEMBL698,MONDO_0005129,INDICATION,
CHEMBL698,MONDO_0041052,INDICATION,
CHEMBL698,MONDO_0043885,CONTRAINDICATION,
CHEMBL6995,EFO_0000319,INDICATION,
CHEMBL70,EFO_0000222,INDICATION,
CHEMBL70,EFO_0000278,CONTRAINDICATION,
CHEMBL70,EFO_0000341,CONTRAINDICATION,
CHEMBL70,EFO_0000474,CONTRAINDICATION,
CHEMBL70,EFO_0000537,CONTRAINDICATION,
CHEMBL70,EFO_0000546,INDICATION,
CHEMBL70,EFO_0000612,INDICATION,
CHEMBL70,EFO_0000616,INDICATION,
CHEMBL70,EFO_0000729,CONTRAINDICATION,
CHEMBL70,EFO_0000768,INDICATION,
CHEMBL70,EFO_0001064,CONTRAINDICATION,
CHEMBL70,EFO_0001073,INDICATION,
CHEMBL70,EFO_0001361,INDICATION,
CHEMBL70,EFO_0001645,CONTRAINDICATION,
CHEMBL70,EFO_0002950,INDICATION,
CHEMBL70,EFO_0003086,CONTRAINDICATION,
CHEMBL70,EFO_0003763,CONTRAINDICATION,
CHEMBL70,EFO_0003832,CONTRAINDICATION,
CHEMBL70,EFO_0003843,INDICATION,
CHEMBL70,EFO_0003877,CONTRAINDICATION,
CHEMBL70,EFO_0003890,INDICATION,
CHEMBL70,EFO_0003917,INDICATION,
CHEMBL70,EFO_0003918,INDICATION,
CHEMBL70,EFO_0003931,INDICATION,
CHEMBL70,EFO_0004240,INDICATION,
CHEMBL70,EFO_0004253,INDICATION,
CHEMBL70,EFO_0004270,INDICATION,
CHEMBL70,EFO_0004273,INDICATION,
CHEMBL70,EFO_0004616,INDICATION,
CHEMBL70,EFO_0004705,CONTRAINDICATION,
CHEMBL70,EFO_0004777,CONTRAINDICATION,
CHEMBL70,EFO_0004991,CONTRAINDICATION,
CHEMBL70,EFO_0005251,CONTRAINDICATION,
CHEMBL70,EFO_0005252,CONTRAINDICATION,
CHEMBL70,EFO_0005307,CONTRAINDICATION,
CHEMBL70,EFO_0005323,INDICATION,
CHEMBL70,EFO_0005407,CONTRAINDICATION,
CHEMBL70,EFO_0005611,INDICATION,
CHEMBL70,EFO_0005755,INDICATION,
CHEMBL70,EFO_0005762,INDICATION,
CHEMBL70,EFO_0005799,OFF_LABEL_USE,
CHEMBL70,EFO_0008583,INDICATION,
CHEMBL70,EFO_0009189,CONTRAINDICATION,
CHEMBL70,EFO_0009314,INDICATION,
CHEMBL70,EFO_0009430,OFF_LABEL_USE,
CHEMBL70,EFO_0009454,CONTRAINDICATION,
CHEMBL70,EFO_0009492,INDICATION,
CHEMBL70,EFO_0009513,INDICATION,
CHEMBL70,EFO_0009571,CONTRAINDICATION,
CHEMBL70,EFO_0009620,INDICATION,
CHEMBL70,EFO_0009688,INDICATION,
CHEMBL70,EFO_0009727,INDICATION,
CHEMBL70,EFO_0009842,INDICATION,
CHEMBL70,EFO_0009910,CONTRAINDICATION,
CHEMBL70,EFO_0010702,INDICATION,
CHEMBL70,EFO_0020911,INDICATION,
CHEMBL70,EFO_0801084,INDICATION,
CHEMBL70,EFO_1000652,CONTRAINDICATION,
CHEMBL70,EFO_1000800,CONTRAINDICATION,
CHEMBL70,EFO_1000902,CONTRAINDICATION,
CHEMBL70,EFO_1001095,CONTRAINDICATION,
CHEMBL70,EFO_1001132,CONTRAINDICATION,
CHEMBL70,EFO_1001250,INDICATION,
CHEMBL70,EFO_1001412,INDICATION,
CHEMBL70,EFO_1001898,INDICATION,
CHEMBL70,MONDO_0001343,CONTRAINDICATION,
CHEMBL70,MONDO_0001744,CONTRAINDICATION,
CHEMBL70,MONDO_0002050,CONTRAINDICATION,
CHEMBL70,MONDO_0002491,CONTRAINDICATION,
CHEMBL70,MONDO_0004596,CONTRAINDICATION,
CHEMBL70,MONDO_0004992,INDICATION,
CHEMBL70,MONDO_0007079,CONTRAINDICATION,
CHEMBL70,MONDO_0008315,INDICATION,
CHEMBL70,MONDO_0011382,INDICATION,
CHEMBL70,MONDO_0015129,CONTRAINDICATION,
CHEMBL70,MONDO_0018100,CONTRAINDICATION,
CHEMBL70,MONDO_0019171,CONTRAINDICATION,
CHEMBL70,MONDO_0044751,CONTRAINDICATION,
CHEMBL70,MONDO_0100192,CONTRAINDICATION,
CHEMBL70,MP_0001914,INDICATION,
CHEMBL700,EFO_0000771,INDICATION,
CHEMBL700,EFO_0007187,OFF_LABEL_USE,
CHEMBL700,EFO_1000684,INDICATION,
CHEMBL700,EFO_1000771,OFF_LABEL_USE,
CHEMBL70046,EFO_0006510,INDICATION,
CHEMBL70046,MONDO_0041052,INDICATION,
CHEMBL701,EFO_0000182,INDICATION,
CHEMBL701,EFO_0000474,CONTRAINDICATION,
CHEMBL701,EFO_0000512,INDICATION,
CHEMBL701,EFO_0000712,CONTRAINDICATION,
CHEMBL701,EFO_0001073,INDICATION,
CHEMBL701,EFO_0002610,INDICATION,
CHEMBL701,EFO_0003086,CONTRAINDICATION,
CHEMBL701,EFO_0003758,INDICATION,
CHEMBL701,EFO_0003768,INDICATION,
CHEMBL701,EFO_0003843,INDICATION,
CHEMBL701,EFO_0003890,INDICATION,
CHEMBL701,EFO_0003948,OFF_LABEL_USE,
CHEMBL701,EFO_0004777,OFF_LABEL_USE,
CHEMBL701,EFO_0005407,CONTRAINDICATION,
CHEMBL701,EFO_0007191,INDICATION,
CHEMBL701,EFO_0009488,INDICATION,
CHEMBL701,EFO_0009532,CONTRAINDICATION,
CHEMBL701,EFO_1000632,INDICATION,
CHEMBL701,EFO_1000802,INDICATION,
CHEMBL701,EFO_1001219,OFF_LABEL_USE,
CHEMBL701,EFO_1001919,INDICATION,
CHEMBL701,MONDO_0005090,CONTRAINDICATION,
CHEMBL701,MONDO_0005301,INDICATION,
CHEMBL701,MONDO_0007079,INDICATION,
CHEMBL701,MONDO_0008840,INDICATION,
CHEMBL701,MONDO_0010383,INDICATION,
CHEMBL701,MONDO_0015626,INDICATION,
CHEMBL701,MONDO_0043510,INDICATION,
CHEMBL7010,EFO_0003888,INDICATION,
CHEMBL702,EFO_0000544,INDICATION,
CHEMBL702,EFO_0000771,INDICATION,
CHEMBL702,EFO_0001076,INDICATION,
CHEMBL702,EFO_0002618,INDICATION,
CHEMBL702,EFO_0003030,INDICATION,
CHEMBL702,EFO_0003035,INDICATION,
CHEMBL702,EFO_0003102,INDICATION,
CHEMBL702,EFO_0003103,INDICATION,
CHEMBL702,EFO_0003106,INDICATION,
CHEMBL702,EFO_0004992,INDICATION,
CHEMBL702,EFO_0005741,INDICATION,
CHEMBL702,EFO_0006834,INDICATION,
CHEMBL702,EFO_0007149,INDICATION,
CHEMBL702,EFO_0007328,INDICATION,
CHEMBL702,EFO_0008588,INDICATION,
CHEMBL702,EFO_1001141,INDICATION,
CHEMBL702,EFO_1001272,INDICATION,
CHEMBL702,EFO_1001289,INDICATION,
CHEMBL702,EFO_1001312,INDICATION,
CHEMBL702,EFO_1001313,INDICATION,
CHEMBL702,EFO_1001388,INDICATION,
CHEMBL702,EFO_1001459,INDICATION,
CHEMBL702,EFO_1001865,INDICATION,
CHEMBL702,MONDO_0013730,INDICATION,
CHEMBL702,MONDO_0044881,INDICATION,
CHEMBL702,MONDO_0100096,INDICATION,
CHEMBL70246,EFO_0000319,INDICATION,
CHEMBL70246,EFO_0009661,INDICATION,
CHEMBL70246,MONDO_0004979,INDICATION,
CHEMBL703,EFO_0000319,CONTRAINDICATION,
CHEMBL703,EFO_0000712,INDICATION,
CHEMBL703,EFO_0004145,CONTRAINDICATION,
CHEMBL703,EFO_0004991,CONTRAINDICATION,
CHEMBL703,EFO_0005741,CONTRAINDICATION,
CHEMBL703,EFO_1001055,CONTRAINDICATION,
CHEMBL703,EFO_1001069,CONTRAINDICATION,
CHEMBL703,MONDO_0001744,CONTRAINDICATION,
CHEMBL703,MONDO_0002280,CONTRAINDICATION,
CHEMBL703,MONDO_0005041,CONTRAINDICATION,
CHEMBL703,MONDO_0010679,CONTRAINDICATION,
CHEMBL703,MONDO_0018493,CONTRAINDICATION,
CHEMBL703,MONDO_0020121,CONTRAINDICATION,
CHEMBL703,MONDO_0100192,CONTRAINDICATION,
CHEMBL704,EFO_0000384,OFF_LABEL_USE,
CHEMBL704,EFO_0000555,INDICATION,
CHEMBL704,EFO_0000729,INDICATION,
CHEMBL704,EFO_0000764,INDICATION,
CHEMBL704,EFO_0003086,CONTRAINDICATION,
CHEMBL704,EFO_0003767,INDICATION,
CHEMBL704,EFO_0003872,INDICATION,
CHEMBL704,EFO_0004232,INDICATION,
CHEMBL704,EFO_0005406,INDICATION,
CHEMBL704,EFO_0005628,INDICATION,
CHEMBL704,EFO_0007168,INDICATION,
CHEMBL704,EFO_0008572,INDICATION,
CHEMBL704,EFO_0009959,INDICATION,
CHEMBL704,EFO_1001223,INDICATION,
CHEMBL704,EFO_1001293,INDICATION,
CHEMBL704,EFO_1001294,INDICATION,
CHEMBL704,EFO_1001951,INDICATION,
CHEMBL704,MONDO_0002280,CONTRAINDICATION,
CHEMBL704,MONDO_0004235,INDICATION,
CHEMBL704,MONDO_0005835,INDICATION,
CHEMBL70418,EFO_0000474,INDICATION,
CHEMBL70418,EFO_0003843,INDICATION,
CHEMBL70418,EFO_0005230,INDICATION,
CHEMBL70418,EFO_0005762,INDICATION,
CHEMBL70418,EFO_1000924,INDICATION,
CHEMBL70418,MONDO_0002050,INDICATION,
CHEMBL70418,MONDO_0005090,INDICATION,
CHEMBL70418,MONDO_0016532,INDICATION,
CHEMBL705,EFO_0000558,INDICATION,
CHEMBL705,EFO_0000616,INDICATION,
CHEMBL705,EFO_0000676,INDICATION,
CHEMBL705,EFO_0003834,INDICATION,
CHEMBL705,EFO_1000706,INDICATION,
CHEMBL705,EFO_1000726,INDICATION,
CHEMBL705,EFO_1001051,CONTRAINDICATION,
CHEMBL705,MONDO_0007254,INDICATION,
CHEMBL70663,EFO_0000180,INDICATION,
CHEMBL70663,EFO_0000544,INDICATION,
CHEMBL70663,EFO_0000764,INDICATION,
CHEMBL70663,EFO_0000765,INDICATION,
CHEMBL707,EFO_0000284,INDICATION,
CHEMBL707,EFO_0000400,INDICATION,
CHEMBL707,EFO_0000537,INDICATION,
CHEMBL707,EFO_0000612,INDICATION,
CHEMBL707,EFO_0001358,INDICATION,
CHEMBL707,EFO_0002610,INDICATION,
CHEMBL707,EFO_0003144,INDICATION,
CHEMBL707,EFO_0003768,INDICATION,
CHEMBL707,EFO_0003777,INDICATION,
CHEMBL707,EFO_0003890,INDICATION,
CHEMBL707,EFO_0004234,INDICATION,
CHEMBL707,EFO_0004253,INDICATION,
CHEMBL707,EFO_0005251,CONTRAINDICATION,
CHEMBL707,EFO_0005252,CONTRAINDICATION,
CHEMBL707,EFO_1001375,INDICATION,
CHEMBL707,MONDO_0002491,INDICATION,
CHEMBL707,MONDO_0007079,INDICATION,
CHEMBL707,MONDO_0100192,CONTRAINDICATION,
CHEMBL708,EFO_0000319,INDICATION,
CHEMBL708,EFO_0000400,CONTRAINDICATION,
CHEMBL708,EFO_0000474,CONTRAINDICATION,
CHEMBL708,EFO_0000612,CONTRAINDICATION,
CHEMBL708,EFO_0001073,CONTRAINDICATION,
CHEMBL708,EFO_0003086,CONTRAINDICATION,
CHEMBL708,EFO_0003144,CONTRAINDICATION,
CHEMBL708,EFO_0003758,INDICATION,
CHEMBL708,EFO_0003763,CONTRAINDICATION,
CHEMBL708,EFO_0003890,INDICATION,
CHEMBL708,EFO_0004247,INDICATION,
CHEMBL708,EFO_0004269,INDICATION,
CHEMBL708,EFO_0005230,INDICATION,
CHEMBL708,EFO_0005252,CONTRAINDICATION,
CHEMBL708,EFO_0005306,INDICATION,
CHEMBL708,EFO_0005307,CONTRAINDICATION,
CHEMBL708,EFO_0005407,INDICATION,
CHEMBL708,EFO_0005411,INDICATION,
CHEMBL708,EFO_0005611,INDICATION,
CHEMBL708,EFO_0009963,INDICATION,
CHEMBL708,EFO_1001141,INDICATION,
CHEMBL708,EFO_1001375,CONTRAINDICATION,
CHEMBL708,EFO_1001379,CONTRAINDICATION,
CHEMBL708,EFO_1001917,INDICATION,
CHEMBL708,MONDO_0002009,INDICATION,
CHEMBL708,MONDO_0002050,INDICATION,
CHEMBL708,MONDO_0004985,INDICATION,
CHEMBL708,MONDO_0005090,INDICATION,
CHEMBL708,MONDO_0018100,CONTRAINDICATION,
CHEMBL708,MONDO_0019171,CONTRAINDICATION,
CHEMBL708,MONDO_0021187,CONTRAINDICATION,
CHEMBL708,MONDO_0100192,CONTRAINDICATION,
CHEMBL709,EFO_0000284,INDICATION,
CHEMBL709,EFO_0003830,INDICATION,
CHEMBL709,EFO_0004253,INDICATION,
CHEMBL709,EFO_0005251,CONTRAINDICATION,
CHEMBL709,EFO_0005252,CONTRAINDICATION,
CHEMBL709,EFO_0005307,CONTRAINDICATION,
CHEMBL709,EFO_1001228,INDICATION,
CHEMBL709,MONDO_0005301,INDICATION,
CHEMBL709,MONDO_0019171,CONTRAINDICATION,
CHEMBL709,MONDO_0100192,CONTRAINDICATION,
CHEMBL70927,EFO_0000712,INDICATION,
CHEMBL70927,EFO_0000764,INDICATION,
CHEMBL70927,EFO_0008583,INDICATION,
CHEMBL70927,EFO_1000642,INDICATION,
CHEMBL70927,EFO_1001996,INDICATION,
CHEMBL70927,MONDO_0004976,INDICATION,
CHEMBL70927,MONDO_0005180,INDICATION,
CHEMBL70927,MONDO_0009319,INDICATION,
CHEMBL70927,MONDO_0011382,INDICATION,
CHEMBL70927,MONDO_0011426,INDICATION,
CHEMBL70927,MONDO_0016486,INDICATION,
CHEMBL70927,MONDO_0019402,INDICATION,
CHEMBL70927,MONDO_0100339,INDICATION,
CHEMBL70927,Orphanet_848,INDICATION,
CHEMBL70971,EFO_0000574,INDICATION,
CHEMBL70971,EFO_0000616,INDICATION,
CHEMBL71,EFO_0000474,CONTRAINDICATION,
CHEMBL71,EFO_0000519,INDICATION,
CHEMBL71,EFO_0000612,CONTRAINDICATION,
CHEMBL71,EFO_0000677,INDICATION,
CHEMBL71,EFO_0001073,CONTRAINDICATION,
CHEMBL71,EFO_0004216,INDICATION,
CHEMBL71,EFO_0005252,CONTRAINDICATION,
CHEMBL71,EFO_0005307,CONTRAINDICATION,
CHEMBL71,EFO_0005407,INDICATION,
CHEMBL71,EFO_0005799,INDICATION,
CHEMBL71,EFO_0007319,CONTRAINDICATION,
CHEMBL71,EFO_0009267,INDICATION,
CHEMBL71,EFO_1001375,CONTRAINDICATION,
CHEMBL71,EFO_1001379,CONTRAINDICATION,
CHEMBL71,MONDO_0002280,CONTRAINDICATION,
CHEMBL71,MONDO_0005041,CONTRAINDICATION,
CHEMBL71,MONDO_0005090,INDICATION,
CHEMBL71,MONDO_0007079,CONTRAINDICATION,
CHEMBL71,MONDO_0008294,INDICATION,
CHEMBL71,MONDO_0019171,CONTRAINDICATION,
CHEMBL71,MONDO_0021063,INDICATION,
CHEMBL71,MONDO_0021095,CONTRAINDICATION,
CHEMBL71,MONDO_0037939,INDICATION,
CHEMBL71,MONDO_0100096,INDICATION,
CHEMBL710,EFO_0000284,INDICATION,
CHEMBL710,EFO_0000536,INDICATION,
CHEMBL710,EFO_0000673,INDICATION,
CHEMBL710,EFO_0001663,INDICATION,
CHEMBL710,EFO_0003060,INDICATION,
CHEMBL710,EFO_0003839,INDICATION,
CHEMBL710,EFO_0003894,INDICATION,
CHEMBL710,EFO_0004191,INDICATION,
CHEMBL710,EFO_1000710,OFF_LABEL_USE,
CHEMBL710,MONDO_0002146,INDICATION,
CHEMBL710,MONDO_0003037,INDICATION,
CHEMBL710,MONDO_0004907,INDICATION,
CHEMBL710,MONDO_0008315,INDICATION,
CHEMBL711,EFO_0002950,INDICATION,
CHEMBL71263,EFO_0000616,INDICATION,
CHEMBL71263,EFO_0003060,INDICATION,
CHEMBL71263,EFO_0008528,INDICATION,
CHEMBL71263,MONDO_0008315,INDICATION,
CHEMBL71263,MONDO_0008903,INDICATION,
CHEMBL713,EFO_0000182,INDICATION,
CHEMBL713,EFO_0000763,INDICATION,
CHEMBL713,EFO_0001421,INDICATION,
CHEMBL713,EFO_0003897,INDICATION,
CHEMBL713,EFO_0004142,INDICATION,
CHEMBL713,EFO_0004197,INDICATION,
CHEMBL713,EFO_0004220,INDICATION,
CHEMBL713,EFO_0004239,INDICATION,
CHEMBL713,EFO_0007304,INDICATION,
CHEMBL713,EFO_0008496,INDICATION,
CHEMBL713,EFO_1000036,CONTRAINDICATION,
CHEMBL713,MONDO_0001343,CONTRAINDICATION,
CHEMBL713,MONDO_0002691,INDICATION,
CHEMBL713,MONDO_0004790,CONTRAINDICATION,
CHEMBL714,EFO_0000319,INDICATION,
CHEMBL714,EFO_0000341,OFF_LABEL_USE,
CHEMBL714,EFO_0000373,INDICATION,
CHEMBL714,EFO_0000400,CONTRAINDICATION,
CHEMBL714,EFO_0000474,CONTRAINDICATION,
CHEMBL714,EFO_0000537,CONTRAINDICATION,
CHEMBL714,EFO_0000768,INDICATION,
CHEMBL714,EFO_0001072,INDICATION,
CHEMBL714,EFO_0001361,INDICATION,
CHEMBL714,EFO_0003818,INDICATION,
CHEMBL714,EFO_0003956,INDICATION,
CHEMBL714,EFO_0008590,INDICATION,
CHEMBL714,EFO_0009189,CONTRAINDICATION,
CHEMBL714,EFO_0009686,INDICATION,
CHEMBL714,EFO_0009840,INDICATION,
CHEMBL714,EFO_0010581,INDICATION,
CHEMBL714,EFO_1001069,CONTRAINDICATION,
CHEMBL714,EFO_1001134,INDICATION,
CHEMBL714,EFO_1001375,CONTRAINDICATION,
CHEMBL714,EFO_1001919,INDICATION,
CHEMBL714,MONDO_0000440,CONTRAINDICATION,
CHEMBL714,MONDO_0001744,CONTRAINDICATION,
CHEMBL714,MONDO_0002009,INDICATION,
CHEMBL714,MONDO_0004976,INDICATION,
CHEMBL714,MONDO_0004979,INDICATION,
CHEMBL714,MONDO_0005149,INDICATION,
CHEMBL714,MONDO_0005271,INDICATION,
CHEMBL714,MONDO_0011705,INDICATION,
CHEMBL714,MONDO_0016575,INDICATION,
CHEMBL714,MONDO_0017147,INDICATION,
CHEMBL714,MONDO_0019171,CONTRAINDICATION,
CHEMBL714,MONDO_0100130,INDICATION,
CHEMBL714,Orphanet_1764,INDICATION,
CHEMBL714,Orphanet_365,INDICATION,
CHEMBL714,Orphanet_590,INDICATION,
CHEMBL715,EFO_0000400,CONTRAINDICATION,
CHEMBL715,EFO_0000474,CONTRAINDICATION,
CHEMBL715,EFO_0000612,CONTRAINDICATION,
CHEMBL715,EFO_0000616,INDICATION,
CHEMBL715,EFO_0000712,CONTRAINDICATION,
CHEMBL715,EFO_0001073,CONTRAINDICATION,
CHEMBL715,EFO_0001422,CONTRAINDICATION,
CHEMBL715,EFO_0003144,CONTRAINDICATION,
CHEMBL715,EFO_0003758,INDICATION,
CHEMBL715,EFO_0003763,CONTRAINDICATION,
CHEMBL715,EFO_0003764,CONTRAINDICATION,
CHEMBL715,EFO_0003852,INDICATION,
CHEMBL715,EFO_0004247,INDICATION,
CHEMBL715,EFO_0004566,INDICATION,
CHEMBL715,EFO_0004698,OFF_LABEL_USE,
CHEMBL715,EFO_0004699,INDICATION,
CHEMBL715,EFO_0004888,INDICATION,
CHEMBL715,EFO_0005088,INDICATION,
CHEMBL715,EFO_0005203,INDICATION,
CHEMBL715,EFO_0005230,INDICATION,
CHEMBL715,EFO_0005251,CONTRAINDICATION,
CHEMBL715,EFO_0005252,CONTRAINDICATION,
CHEMBL715,EFO_0005407,INDICATION,
CHEMBL715,EFO_0005411,INDICATION,
CHEMBL715,EFO_0006911,INDICATION,
CHEMBL715,EFO_0007319,CONTRAINDICATION,
CHEMBL715,EFO_0009267,CONTRAINDICATION,
CHEMBL715,EFO_0009314,CONTRAINDICATION,
CHEMBL715,EFO_0009854,INDICATION,
CHEMBL715,EFO_0009868,CONTRAINDICATION,
CHEMBL715,EFO_0009963,INDICATION,
CHEMBL715,EFO_0010702,INDICATION,
CHEMBL715,EFO_1000904,INDICATION,
CHEMBL715,EFO_1000982,CONTRAINDICATION,
CHEMBL715,EFO_1001375,CONTRAINDICATION,
CHEMBL715,EFO_1001379,CONTRAINDICATION,
CHEMBL715,EFO_1001842,CONTRAINDICATION,
CHEMBL715,MONDO_0001744,CONTRAINDICATION,
CHEMBL715,MONDO_0002009,INDICATION,
CHEMBL715,MONDO_0002050,INDICATION,
CHEMBL715,MONDO_0004976,INDICATION,
CHEMBL715,MONDO_0004985,CONTRAINDICATION,
CHEMBL715,MONDO_0005090,INDICATION,
CHEMBL715,MONDO_0005277,OFF_LABEL_USE,
CHEMBL715,MONDO_0005351,CONTRAINDICATION,
CHEMBL715,MONDO_0007079,INDICATION,
CHEMBL715,MONDO_0007739,INDICATION,
CHEMBL715,MONDO_0021148,INDICATION,
CHEMBL715,MONDO_0021187,CONTRAINDICATION,
CHEMBL715,MONDO_0044881,INDICATION,
CHEMBL715,MONDO_0100192,CONTRAINDICATION,
CHEMBL715,Orphanet_79292,INDICATION,
CHEMBL71595,EFO_0000544,INDICATION,
CHEMBL71595,EFO_0000546,INDICATION,
CHEMBL71595,EFO_0003819,INDICATION,
CHEMBL71595,EFO_0003894,INDICATION,
CHEMBL71595,EFO_0004193,INDICATION,
CHEMBL71595,EFO_0005584,INDICATION,
CHEMBL71595,EFO_0009662,INDICATION,
CHEMBL71595,EFO_1001216,INDICATION,
CHEMBL71595,MONDO_0002258,INDICATION,
CHEMBL71595,MONDO_0002508,INDICATION,
CHEMBL71595,MONDO_0007254,INDICATION,
CHEMBL71595,MONDO_0100096,INDICATION,
CHEMBL716,EFO_0000400,CONTRAINDICATION,
CHEMBL716,EFO_0000474,CONTRAINDICATION,
CHEMBL716,EFO_0000537,CONTRAINDICATION,
CHEMBL716,EFO_0000612,CONTRAINDICATION,
CHEMBL716,EFO_0000677,INDICATION,
CHEMBL716,EFO_0001073,CONTRAINDICATION,
CHEMBL716,EFO_0001358,INDICATION,
CHEMBL716,EFO_0002610,INDICATION,
CHEMBL716,EFO_0003763,CONTRAINDICATION,
CHEMBL716,EFO_0003884,INDICATION,
CHEMBL716,EFO_0003888,INDICATION,
CHEMBL716,EFO_0003918,INDICATION,
CHEMBL716,EFO_0004242,INDICATION,
CHEMBL716,EFO_0004247,INDICATION,
CHEMBL716,EFO_0004257,INDICATION,
CHEMBL716,EFO_0004698,INDICATION,
CHEMBL716,EFO_0004701,INDICATION,
CHEMBL716,EFO_0004705,CONTRAINDICATION,
CHEMBL716,EFO_0005230,INDICATION,
CHEMBL716,EFO_0005252,CONTRAINDICATION,
CHEMBL716,EFO_0005307,CONTRAINDICATION,
CHEMBL716,EFO_0005407,INDICATION,
CHEMBL716,EFO_0005411,INDICATION,
CHEMBL716,EFO_0007191,INDICATION,
CHEMBL716,EFO_0007319,CONTRAINDICATION,
CHEMBL716,EFO_0007453,INDICATION,
CHEMBL716,EFO_0009267,INDICATION,
CHEMBL716,EFO_0009854,INDICATION,
CHEMBL716,EFO_0009963,INDICATION,
CHEMBL716,EFO_0009964,INDICATION,
CHEMBL716,EFO_1000904,INDICATION,
CHEMBL716,EFO_1001375,CONTRAINDICATION,
CHEMBL716,EFO_1001379,CONTRAINDICATION,
CHEMBL716,EFO_1001892,INDICATION,
CHEMBL716,EFO_1001917,INDICATION,
CHEMBL716,MONDO_0002009,INDICATION,
CHEMBL716,MONDO_0002046,INDICATION,
CHEMBL716,MONDO_0002050,INDICATION,
CHEMBL716,MONDO_0002280,CONTRAINDICATION,
CHEMBL716,MONDO_0004985,INDICATION,
CHEMBL716,MONDO_0005090,INDICATION,
CHEMBL716,MONDO_0005180,INDICATION,
CHEMBL716,MONDO_0005301,INDICATION,
CHEMBL716,MONDO_0005351,INDICATION,
CHEMBL716,MONDO_0007079,INDICATION,
CHEMBL716,MONDO_0018100,CONTRAINDICATION,
CHEMBL716,MONDO_0019171,CONTRAINDICATION,
CHEMBL716,MONDO_0021187,CONTRAINDICATION,
CHEMBL716,Orphanet_79292,INDICATION,
CHEMBL717,EFO_0000180,INDICATION,
CHEMBL717,EFO_0000198,INDICATION,
CHEMBL717,EFO_0000400,CONTRAINDICATION,
CHEMBL717,EFO_0000474,CONTRAINDICATION,
CHEMBL717,EFO_0000536,INDICATION,
CHEMBL717,EFO_0000537,CONTRAINDICATION,
CHEMBL717,EFO_0000545,INDICATION,
CHEMBL717,EFO_0000612,CONTRAINDICATION,
CHEMBL717,EFO_0000616,INDICATION,
CHEMBL717,EFO_0000660,OFF_LABEL_USE,
CHEMBL717,EFO_0000673,INDICATION,
CHEMBL717,EFO_0000681,INDICATION,
CHEMBL717,EFO_0000712,CONTRAINDICATION,
CHEMBL717,EFO_0000764,INDICATION,
CHEMBL717,EFO_0001065,INDICATION,
CHEMBL717,EFO_0001073,CONTRAINDICATION,
CHEMBL717,EFO_0001645,CONTRAINDICATION,
CHEMBL717,EFO_0002890,INDICATION,
CHEMBL717,EFO_0002950,INDICATION,
CHEMBL717,EFO_0003086,CONTRAINDICATION,
CHEMBL717,EFO_0003763,CONTRAINDICATION,
CHEMBL717,EFO_0003777,INDICATION,
CHEMBL717,EFO_0003832,CONTRAINDICATION,
CHEMBL717,EFO_0003843,INDICATION,
CHEMBL717,EFO_0003854,INDICATION,
CHEMBL717,EFO_0003877,INDICATION,
CHEMBL717,EFO_0003882,CONTRAINDICATION,
CHEMBL717,EFO_0004152,CONTRAINDICATION,
CHEMBL717,EFO_0004230,INDICATION,
CHEMBL717,EFO_0004705,CONTRAINDICATION,
CHEMBL717,EFO_0009315,CONTRAINDICATION,
CHEMBL717,EFO_1001375,INDICATION,
CHEMBL717,EFO_1001512,INDICATION,
CHEMBL717,MONDO_0000088,OFF_LABEL_USE,
CHEMBL717,MONDO_0000831,INDICATION,
CHEMBL717,MONDO_0001627,CONTRAINDICATION,
CHEMBL717,MONDO_0002050,CONTRAINDICATION,
CHEMBL717,MONDO_0002367,INDICATION,
CHEMBL717,MONDO_0002520,CONTRAINDICATION,
CHEMBL717,MONDO_0004975,INDICATION,
CHEMBL717,MONDO_0004979,CONTRAINDICATION,
CHEMBL717,MONDO_0005277,CONTRAINDICATION,
CHEMBL717,MONDO_0005351,CONTRAINDICATION,
CHEMBL717,MONDO_0007079,CONTRAINDICATION,
CHEMBL717,MONDO_0007915,CONTRAINDICATION,
CHEMBL717,MONDO_0008170,CONTRAINDICATION,
CHEMBL717,MONDO_0011962,INDICATION,
CHEMBL717,MONDO_0019499,INDICATION,
CHEMBL717,MONDO_0021187,CONTRAINDICATION,
CHEMBL717,MONDO_0037748,CONTRAINDICATION,
CHEMBL717,MONDO_0100192,CONTRAINDICATION,
CHEMBL717,MP_0001914,INDICATION,
CHEMBL71733,MONDO_0021187,INDICATION,
CHEMBL71752,EFO_0000474,INDICATION,
CHEMBL71752,EFO_0003888,INDICATION,
CHEMBL71752,MONDO_0001627,INDICATION,
CHEMBL718,EFO_0000537,INDICATION,
CHEMBL718,EFO_0005252,INDICATION,
CHEMBL718,EFO_1000645,INDICATION,
CHEMBL719,EFO_0000274,OFF_LABEL_USE,
CHEMBL719,EFO_0000544,INDICATION,
CHEMBL719,EFO_0000546,INDICATION,
CHEMBL719,EFO_0003102,INDICATION,
CHEMBL719,EFO_0003895,INDICATION,
CHEMBL719,EFO_0005681,INDICATION,
CHEMBL719,EFO_0007486,INDICATION,
CHEMBL719,EFO_1000635,INDICATION,
CHEMBL719,EFO_1000690,OFF_LABEL_USE,
CHEMBL719,EFO_1000702,OFF_LABEL_USE,
CHEMBL719,EFO_1000714,INDICATION,
CHEMBL719,MONDO_0009061,INDICATION,
CHEMBL719,MONDO_0019180,INDICATION,
CHEMBL719,MONDO_0043771,INDICATION,
CHEMBL72,EFO_0000474,CONTRAINDICATION,
CHEMBL72,EFO_0000702,INDICATION,
CHEMBL72,EFO_0000712,CONTRAINDICATION,
CHEMBL72,EFO_0001358,INDICATION,
CHEMBL72,EFO_0002610,INDICATION,
CHEMBL72,EFO_0003086,CONTRAINDICATION,
CHEMBL72,EFO_0003888,OFF_LABEL_USE,
CHEMBL72,EFO_0003918,INDICATION,
CHEMBL72,EFO_0003948,INDICATION,
CHEMBL72,EFO_0004234,INDICATION,
CHEMBL72,EFO_0004262,OFF_LABEL_USE,
CHEMBL72,EFO_0005204,OFF_LABEL_USE,
CHEMBL72,EFO_0005307,CONTRAINDICATION,
CHEMBL72,EFO_0009189,CONTRAINDICATION,
CHEMBL72,EFO_0009430,OFF_LABEL_USE,
CHEMBL72,MONDO_0001744,CONTRAINDICATION,
CHEMBL72,MONDO_0002009,INDICATION,
CHEMBL72,MONDO_0002050,INDICATION,
CHEMBL72,MONDO_0004985,CONTRAINDICATION,
CHEMBL72,MONDO_0004992,INDICATION,
CHEMBL72,MONDO_0005041,CONTRAINDICATION,
CHEMBL72,MONDO_0005090,CONTRAINDICATION,
CHEMBL72,MONDO_0007079,CONTRAINDICATION,
CHEMBL72,MONDO_0010726,INDICATION,
CHEMBL72,MONDO_0019171,CONTRAINDICATION,
CHEMBL72,MONDO_0044212,OFF_LABEL_USE,
CHEMBL720,EFO_0000341,CONTRAINDICATION,
CHEMBL720,EFO_0000400,CONTRAINDICATION,
CHEMBL720,EFO_0000537,CONTRAINDICATION,
CHEMBL720,EFO_0001067,INDICATION,
CHEMBL720,EFO_0005319,CONTRAINDICATION,
CHEMBL720,EFO_0009189,CONTRAINDICATION,
CHEMBL720,EFO_0009560,INDICATION,
CHEMBL720,MONDO_0001744,CONTRAINDICATION,
CHEMBL720,MONDO_0003472,INDICATION,
CHEMBL720,MONDO_0004247,CONTRAINDICATION,
CHEMBL720,MONDO_0021661,CONTRAINDICATION,
CHEMBL723,EFO_0000222,INDICATION,
CHEMBL723,EFO_0000275,OFF_LABEL_USE,
CHEMBL723,EFO_0000318,INDICATION,
CHEMBL723,EFO_0000319,INDICATION,
CHEMBL723,EFO_0000373,INDICATION,
CHEMBL723,EFO_0000400,CONTRAINDICATION,
CHEMBL723,EFO_0000464,CONTRAINDICATION,
CHEMBL723,EFO_0000474,INDICATION,
CHEMBL723,EFO_0000519,INDICATION,
CHEMBL723,EFO_0000537,INDICATION,
CHEMBL723,EFO_0000612,INDICATION,
CHEMBL723,EFO_0000666,INDICATION,
CHEMBL723,EFO_0001358,INDICATION,
CHEMBL723,EFO_0001361,INDICATION,
CHEMBL723,EFO_0001378,INDICATION,
CHEMBL723,EFO_0001645,INDICATION,
CHEMBL723,EFO_0002610,INDICATION,
CHEMBL723,EFO_0003086,INDICATION,
CHEMBL723,EFO_0003144,INDICATION,
CHEMBL723,EFO_0003875,CONTRAINDICATION,
CHEMBL723,EFO_0003896,INDICATION,
CHEMBL723,EFO_0003913,INDICATION,
CHEMBL723,EFO_0003914,INDICATION,
CHEMBL723,EFO_0004264,INDICATION,
CHEMBL723,EFO_0004289,INDICATION,
CHEMBL723,EFO_0005251,CONTRAINDICATION,
CHEMBL723,EFO_0006505,CONTRAINDICATION,
CHEMBL723,EFO_0009545,INDICATION,
CHEMBL723,EFO_1000013,CONTRAINDICATION,
CHEMBL723,EFO_1000899,OFF_LABEL_USE,
CHEMBL723,MONDO_0000468,CONTRAINDICATION,
CHEMBL723,MONDO_0001134,INDICATION,
CHEMBL723,MONDO_0001823,CONTRAINDICATION,
CHEMBL723,MONDO_0004979,CONTRAINDICATION,
CHEMBL723,MONDO_0004992,INDICATION,
CHEMBL723,MONDO_0005148,INDICATION,
CHEMBL723,MONDO_0005149,INDICATION,
CHEMBL723,MONDO_0007254,INDICATION,
CHEMBL723,MONDO_0008315,INDICATION,
CHEMBL723,MONDO_0100192,CONTRAINDICATION,
CHEMBL7257,EFO_0009854,INDICATION,
CHEMBL7257,MONDO_0002009,INDICATION,
CHEMBL726,EFO_0000474,CONTRAINDICATION,
CHEMBL726,EFO_0000612,CONTRAINDICATION,
CHEMBL726,EFO_0000677,INDICATION,
CHEMBL726,EFO_0001073,CONTRAINDICATION,
CHEMBL726,EFO_0001378,INDICATION,
CHEMBL726,EFO_0005252,CONTRAINDICATION,
CHEMBL726,EFO_0005307,CONTRAINDICATION,
CHEMBL726,EFO_0005407,INDICATION,
CHEMBL726,EFO_0007319,CONTRAINDICATION,
CHEMBL726,EFO_1001375,CONTRAINDICATION,
CHEMBL726,EFO_1001379,CONTRAINDICATION,
CHEMBL726,MONDO_0002280,CONTRAINDICATION,
CHEMBL726,MONDO_0005041,CONTRAINDICATION,
CHEMBL726,MONDO_0005090,INDICATION,
CHEMBL726,MONDO_0007079,CONTRAINDICATION,
CHEMBL726,MONDO_0019171,CONTRAINDICATION,
CHEMBL726,MONDO_0021095,CONTRAINDICATION,
CHEMBL727,EFO_0000183,INDICATION,
CHEMBL727,EFO_0000198,INDICATION,
CHEMBL727,EFO_0000209,INDICATION,
CHEMBL727,EFO_0000218,INDICATION,
CHEMBL727,EFO_0000220,OFF_LABEL_USE,
CHEMBL727,EFO_0000221,INDICATION,
CHEMBL727,EFO_0000222,INDICATION,
CHEMBL727,EFO_0000223,INDICATION,
CHEMBL727,EFO_0000519,INDICATION,
CHEMBL727,EFO_0000565,INDICATION,
CHEMBL727,EFO_0000574,INDICATION,
CHEMBL727,EFO_0000616,INDICATION,
CHEMBL727,EFO_0003025,INDICATION,
CHEMBL727,EFO_0003027,INDICATION,
CHEMBL727,EFO_0003029,INDICATION,
CHEMBL727,EFO_0003802,INDICATION,
CHEMBL727,EFO_0003811,INDICATION,
CHEMBL727,EFO_0003833,INDICATION,
CHEMBL727,EFO_0004251,INDICATION,
CHEMBL727,EFO_0004289,INDICATION,
CHEMBL727,EFO_0005952,INDICATION,
CHEMBL727,EFO_1000318,INDICATION,
CHEMBL727,EFO_1000905,CONTRAINDICATION,
CHEMBL727,EFO_1001779,INDICATION,
CHEMBL727,MONDO_0000870,INDICATION,
CHEMBL727,MONDO_0000873,INDICATION,
CHEMBL727,MONDO_0001657,INDICATION,
CHEMBL727,MONDO_0001751,CONTRAINDICATION,
CHEMBL727,MONDO_0002280,CONTRAINDICATION,
CHEMBL727,MONDO_0044917,INDICATION,
CHEMBL728,EFO_0000474,CONTRAINDICATION,
CHEMBL728,EFO_0000537,CONTRAINDICATION,
CHEMBL728,EFO_0000612,CONTRAINDICATION,
CHEMBL728,EFO_0000729,CONTRAINDICATION,
CHEMBL728,EFO_0001064,CONTRAINDICATION,
CHEMBL728,EFO_0001073,CONTRAINDICATION,
CHEMBL728,EFO_0001378,INDICATION,
CHEMBL728,EFO_0001645,CONTRAINDICATION,
CHEMBL728,EFO_0003086,CONTRAINDICATION,
CHEMBL728,EFO_0004991,CONTRAINDICATION,
CHEMBL728,EFO_0005252,CONTRAINDICATION,
CHEMBL728,EFO_0005307,CONTRAINDICATION,
CHEMBL728,EFO_0005407,INDICATION,
CHEMBL728,EFO_0006788,INDICATION,
CHEMBL728,EFO_0006911,INDICATION,
CHEMBL728,EFO_0007319,CONTRAINDICATION,
CHEMBL728,EFO_0009189,CONTRAINDICATION,
CHEMBL728,EFO_0009454,CONTRAINDICATION,
CHEMBL728,EFO_0009571,CONTRAINDICATION,
CHEMBL728,EFO_0009910,CONTRAINDICATION,
CHEMBL728,EFO_1001095,CONTRAINDICATION,
CHEMBL728,EFO_1001375,CONTRAINDICATION,
CHEMBL728,EFO_1001379,CONTRAINDICATION,
CHEMBL728,EFO_1001482,INDICATION,
CHEMBL728,MONDO_0001744,CONTRAINDICATION,
CHEMBL728,MONDO_0002280,CONTRAINDICATION,
CHEMBL728,MONDO_0005041,CONTRAINDICATION,
CHEMBL728,MONDO_0005090,INDICATION,
CHEMBL728,MONDO_0005277,OFF_LABEL_USE,
CHEMBL728,MONDO_0007079,CONTRAINDICATION,
CHEMBL728,MONDO_0019171,CONTRAINDICATION,
CHEMBL728,MONDO_0021095,CONTRAINDICATION,
CHEMBL728,MONDO_0021148,INDICATION,
CHEMBL729,EFO_0000180,INDICATION,
CHEMBL729,EFO_0000318,CONTRAINDICATION,
CHEMBL729,EFO_0000400,CONTRAINDICATION,
CHEMBL729,EFO_0000544,INDICATION,
CHEMBL729,EFO_0000558,INDICATION,
CHEMBL729,EFO_0000694,INDICATION,
CHEMBL729,EFO_0000764,INDICATION,
CHEMBL729,EFO_0000765,INDICATION,
CHEMBL729,EFO_0001422,CONTRAINDICATION,
CHEMBL729,EFO_0002614,INDICATION,
CHEMBL729,EFO_0002950,INDICATION,
CHEMBL729,EFO_0003047,INDICATION,
CHEMBL729,EFO_0003106,INDICATION,
CHEMBL729,EFO_0003835,INDICATION,
CHEMBL729,EFO_0004239,CONTRAINDICATION,
CHEMBL729,EFO_0005307,CONTRAINDICATION,
CHEMBL729,EFO_0007224,INDICATION,
CHEMBL729,EFO_0007328,INDICATION,
CHEMBL729,EFO_1000637,INDICATION,
CHEMBL729,EFO_1000652,CONTRAINDICATION,
CHEMBL729,EFO_1001375,CONTRAINDICATION,
CHEMBL729,MONDO_0000468,CONTRAINDICATION,
CHEMBL729,MONDO_0010602,CONTRAINDICATION,
CHEMBL729,MONDO_0010604,CONTRAINDICATION,
CHEMBL729,MONDO_0018076,INDICATION,
CHEMBL729,MONDO_0018100,CONTRAINDICATION,
CHEMBL729,MONDO_0019171,CONTRAINDICATION,
CHEMBL729,MONDO_0100096,INDICATION,
CHEMBL729,MONDO_0100116,INDICATION,
CHEMBL730,EFO_0000319,INDICATION,
CHEMBL730,EFO_0000373,INDICATION,
CHEMBL730,EFO_0000537,INDICATION,
CHEMBL730,EFO_0000538,CONTRAINDICATION,
CHEMBL730,EFO_0000544,INDICATION,
CHEMBL730,EFO_0000546,INDICATION,
CHEMBL730,EFO_0000612,OFF_LABEL_USE,
CHEMBL730,EFO_0000685,INDICATION,
CHEMBL730,EFO_0000712,INDICATION,
CHEMBL730,EFO_0001645,INDICATION,
CHEMBL730,EFO_0002630,CONTRAINDICATION,
CHEMBL730,EFO_0002687,INDICATION,
CHEMBL730,EFO_0003060,INDICATION,
CHEMBL730,EFO_0003144,INDICATION,
CHEMBL730,EFO_0003843,INDICATION,
CHEMBL730,EFO_0003882,INDICATION,
CHEMBL730,EFO_0003913,INDICATION,
CHEMBL730,EFO_0004234,INDICATION,
CHEMBL730,EFO_0004265,INDICATION,
CHEMBL730,EFO_0005251,CONTRAINDICATION,
CHEMBL730,EFO_0005669,CONTRAINDICATION,
CHEMBL730,EFO_0005672,OFF_LABEL_USE,
CHEMBL730,EFO_0009552,INDICATION,
CHEMBL730,EFO_0009660,INDICATION,
CHEMBL730,EFO_0009846,INDICATION,
CHEMBL730,EFO_1000657,INDICATION,
CHEMBL730,EFO_1000783,INDICATION,
CHEMBL730,EFO_1000878,CONTRAINDICATION,
CHEMBL730,EFO_1001145,INDICATION,
CHEMBL730,EFO_1001285,CONTRAINDICATION,
CHEMBL730,EFO_1001375,INDICATION,
CHEMBL730,EFO_1001395,INDICATION,
CHEMBL730,EFO_1001951,INDICATION,
CHEMBL730,EFO_1001993,INDICATION,
CHEMBL730,MONDO_0001117,CONTRAINDICATION,
CHEMBL730,MONDO_0002280,CONTRAINDICATION,
CHEMBL730,MONDO_0004857,INDICATION,
CHEMBL730,MONDO_0005149,INDICATION,
CHEMBL730,MONDO_0008903,INDICATION,
CHEMBL730,MP_0001845,INDICATION,
CHEMBL7301,EFO_0000211,INDICATION,
CHEMBL7301,EFO_0000220,INDICATION,
CHEMBL7301,EFO_0000222,INDICATION,
CHEMBL7301,EFO_0000389,INDICATION,
CHEMBL7301,EFO_0000565,INDICATION,
CHEMBL7301,EFO_0000574,INDICATION,
CHEMBL7301,EFO_0000616,INDICATION,
CHEMBL7301,EFO_0000621,INDICATION,
CHEMBL7301,EFO_0000673,INDICATION,
CHEMBL7301,EFO_0001378,INDICATION,
CHEMBL7301,EFO_0002428,INDICATION,
CHEMBL7301,EFO_0005411,INDICATION,
CHEMBL7301,EFO_0006859,INDICATION,
CHEMBL7301,EFO_1000158,INDICATION,
CHEMBL7301,EFO_1001465,INDICATION,
CHEMBL7301,EFO_1001492,INDICATION,
CHEMBL7301,MONDO_0001187,INDICATION,
CHEMBL7301,MONDO_0002367,INDICATION,
CHEMBL7301,MONDO_0002974,INDICATION,
CHEMBL7301,MONDO_0004992,INDICATION,
CHEMBL7301,MONDO_0005090,INDICATION,
CHEMBL7301,MONDO_0007254,INDICATION,
CHEMBL7301,MONDO_0008315,INDICATION,
CHEMBL7301,MONDO_0008903,INDICATION,
CHEMBL7301,MONDO_0009061,INDICATION,
CHEMBL73151,EFO_0001361,INDICATION,
CHEMBL73234,EFO_0000319,CONTRAINDICATION,
CHEMBL73234,EFO_0000341,CONTRAINDICATION,
CHEMBL73234,EFO_0000400,CONTRAINDICATION,
CHEMBL73234,EFO_0000537,CONTRAINDICATION,
CHEMBL73234,EFO_0000612,CONTRAINDICATION,
CHEMBL73234,EFO_0001645,CONTRAINDICATION,
CHEMBL73234,EFO_0005306,CONTRAINDICATION,
CHEMBL73234,EFO_0005407,CONTRAINDICATION,
CHEMBL73234,EFO_0005854,INDICATION,
CHEMBL73234,EFO_0007214,INDICATION,
CHEMBL73234,EFO_0007486,INDICATION,
CHEMBL73234,EFO_0007533,INDICATION,
CHEMBL73234,EFO_0008521,INDICATION,
CHEMBL73234,EFO_0009086,CONTRAINDICATION,
CHEMBL73234,EFO_0009189,CONTRAINDICATION,
CHEMBL73234,EFO_1000014,CONTRAINDICATION,
CHEMBL73234,EFO_1000652,CONTRAINDICATION,
CHEMBL73234,EFO_1001069,CONTRAINDICATION,
CHEMBL73234,EFO_1001375,CONTRAINDICATION,
CHEMBL73234,MONDO_0000440,CONTRAINDICATION,
CHEMBL73234,MONDO_0001744,CONTRAINDICATION,
CHEMBL73234,MONDO_0002277,CONTRAINDICATION,
CHEMBL73234,MONDO_0004247,CONTRAINDICATION,
CHEMBL73234,MONDO_0015129,CONTRAINDICATION,
CHEMBL73234,MONDO_0021661,CONTRAINDICATION,
CHEMBL734,EFO_0003103,INDICATION,
CHEMBL734,EFO_0007193,INDICATION,
CHEMBL734,EFO_0007409,INDICATION,
CHEMBL734,EFO_1001395,CONTRAINDICATION,
CHEMBL734,MONDO_0002280,CONTRAINDICATION,
CHEMBL734,MONDO_0004739,INDICATION,
CHEMBL734,MONDO_0007079,CONTRAINDICATION,
CHEMBL734,MONDO_0008815,INDICATION,
CHEMBL734,MONDO_0015991,INDICATION,
CHEMBL73451,MONDO_0005271,INDICATION,
CHEMBL738,EFO_1001454,INDICATION,
CHEMBL73822,EFO_0000294,INDICATION,
CHEMBL73822,MONDO_0001187,INDICATION,
CHEMBL74,EFO_0003830,INDICATION,
CHEMBL74,EFO_0005531,INDICATION,
CHEMBL74,EFO_0005537,INDICATION,
CHEMBL74,EFO_0007141,INDICATION,
CHEMBL74,EFO_0009001,INDICATION,
CHEMBL74,EFO_1000760,INDICATION,
CHEMBL74,MONDO_0004979,INDICATION,
CHEMBL741,EFO_0000474,INDICATION,
CHEMBL741,EFO_0000677,INDICATION,
CHEMBL741,EFO_0000764,INDICATION,
CHEMBL741,EFO_0001073,INDICATION,
CHEMBL741,EFO_0002610,INDICATION,
CHEMBL741,EFO_0003100,INDICATION,
CHEMBL741,EFO_0003843,INDICATION,
CHEMBL741,EFO_0003890,INDICATION,
CHEMBL741,EFO_0003929,INDICATION,
CHEMBL741,EFO_0004247,INDICATION,
CHEMBL741,EFO_0004263,INDICATION,
CHEMBL741,EFO_0005203,INDICATION,
CHEMBL741,EFO_0005230,INDICATION,
CHEMBL741,EFO_0005611,INDICATION,
CHEMBL741,EFO_0007262,INDICATION,
CHEMBL741,EFO_0008522,INDICATION,
CHEMBL741,EFO_0009430,OFF_LABEL_USE,
CHEMBL741,EFO_0009963,INDICATION,
CHEMBL741,MONDO_0002009,INDICATION,
CHEMBL741,MONDO_0002050,CONTRAINDICATION,
CHEMBL741,MONDO_0002280,CONTRAINDICATION,
CHEMBL741,MONDO_0004985,INDICATION,
CHEMBL741,MONDO_0005090,INDICATION,
CHEMBL741,MONDO_0007079,INDICATION,
CHEMBL741,MONDO_0010826,INDICATION,
CHEMBL741,MONDO_0015909,CONTRAINDICATION,
CHEMBL741,MONDO_0016532,INDICATION,
CHEMBL741,MONDO_0018975,INDICATION,
CHEMBL741,MONDO_0041052,INDICATION,
CHEMBL741,Orphanet_79292,INDICATION,
CHEMBL7413,EFO_0000341,CONTRAINDICATION,
CHEMBL7413,EFO_0000474,CONTRAINDICATION,
CHEMBL7413,EFO_0001074,CONTRAINDICATION,
CHEMBL7413,EFO_0003086,CONTRAINDICATION,
CHEMBL7413,EFO_0005251,CONTRAINDICATION,
CHEMBL7413,MONDO_0002280,CONTRAINDICATION,
CHEMBL7413,MONDO_0004979,CONTRAINDICATION,
CHEMBL7413,MONDO_0037821,CONTRAINDICATION,
CHEMBL7413,MONDO_0100192,CONTRAINDICATION,
CHEMBL742,EFO_0000474,INDICATION,
CHEMBL742,EFO_0000512,INDICATION,
CHEMBL742,EFO_0000537,CONTRAINDICATION,
CHEMBL742,EFO_0000546,INDICATION,
CHEMBL742,EFO_0000612,CONTRAINDICATION,
CHEMBL742,EFO_0000677,INDICATION,
CHEMBL742,EFO_0000694,INDICATION,
CHEMBL742,EFO_0000712,CONTRAINDICATION,
CHEMBL742,EFO_0000713,INDICATION,
CHEMBL742,EFO_0001074,INDICATION,
CHEMBL742,EFO_0001358,INDICATION,
CHEMBL742,EFO_0002460,INDICATION,
CHEMBL742,EFO_0002610,INDICATION,
CHEMBL742,EFO_0003015,INDICATION,
CHEMBL742,EFO_0003756,INDICATION,
CHEMBL742,EFO_0003768,INDICATION,
CHEMBL742,EFO_0003843,INDICATION,
CHEMBL742,EFO_0003890,INDICATION,
CHEMBL742,EFO_0003931,INDICATION,
CHEMBL742,EFO_0003957,INDICATION,
CHEMBL742,EFO_0004242,INDICATION,
CHEMBL742,EFO_0004320,INDICATION,
CHEMBL742,EFO_0004321,INDICATION,
CHEMBL742,EFO_0005279,INDICATION,
CHEMBL742,EFO_0005323,INDICATION,
CHEMBL742,EFO_0005611,INDICATION,
CHEMBL742,EFO_0005762,INDICATION,
CHEMBL742,EFO_0006834,INDICATION,
CHEMBL742,EFO_0007149,INDICATION,
CHEMBL742,EFO_0007191,INDICATION,
CHEMBL742,EFO_0007224,INDICATION,
CHEMBL742,EFO_0007430,INDICATION,
CHEMBL742,EFO_0007453,INDICATION,
CHEMBL742,EFO_0008526,INDICATION,
CHEMBL742,EFO_0008590,INDICATION,
CHEMBL742,EFO_0009190,CONTRAINDICATION,
CHEMBL742,EFO_0009267,CONTRAINDICATION,
CHEMBL742,EFO_0009492,INDICATION,
CHEMBL742,EFO_0009513,INDICATION,
CHEMBL742,EFO_0009552,INDICATION,
CHEMBL742,EFO_0009620,INDICATION,
CHEMBL742,EFO_0009686,INDICATION,
CHEMBL742,EFO_0009854,INDICATION,
CHEMBL742,EFO_0009963,INDICATION,
CHEMBL742,EFO_0801084,INDICATION,
CHEMBL742,EFO_1000391,INDICATION,
CHEMBL742,EFO_1000637,INDICATION,
CHEMBL742,EFO_1000992,CONTRAINDICATION,
CHEMBL742,EFO_1001069,CONTRAINDICATION,
CHEMBL742,EFO_1001210,INDICATION,
CHEMBL742,EFO_1001375,CONTRAINDICATION,
CHEMBL742,EFO_1001412,INDICATION,
CHEMBL742,EFO_1001884,INDICATION,
CHEMBL742,EFO_1001898,INDICATION,
CHEMBL742,EFO_1001917,INDICATION,
CHEMBL742,EFO_1001998,INDICATION,
CHEMBL742,MONDO_0002009,OFF_LABEL_USE,
CHEMBL742,MONDO_0002038,INDICATION,
CHEMBL742,MONDO_0002050,INDICATION,
CHEMBL742,MONDO_0002070,INDICATION,
CHEMBL742,MONDO_0002258,INDICATION,
CHEMBL742,MONDO_0004985,INDICATION,
CHEMBL742,MONDO_0004992,INDICATION,
CHEMBL742,MONDO_0005090,INDICATION,
CHEMBL742,MONDO_0005129,INDICATION,
CHEMBL742,MONDO_0005351,INDICATION,
CHEMBL742,MONDO_0007079,CONTRAINDICATION,
CHEMBL742,MONDO_0007254,INDICATION,
CHEMBL742,MONDO_0008903,INDICATION,
CHEMBL742,MONDO_0010726,INDICATION,
CHEMBL742,MONDO_0011382,INDICATION,
CHEMBL742,MONDO_0024417,INDICATION,
CHEMBL742,MONDO_0043510,INDICATION,
CHEMBL742,MONDO_0100096,INDICATION,
CHEMBL74355,EFO_0008568,INDICATION,
CHEMBL74355,MONDO_0002050,INDICATION,
CHEMBL744,EFO_0000275,INDICATION,
CHEMBL744,EFO_0000389,INDICATION,
CHEMBL744,EFO_0001358,INDICATION,
CHEMBL744,EFO_0003100,INDICATION,
CHEMBL744,EFO_0003756,INDICATION,
CHEMBL744,EFO_0004242,INDICATION,
CHEMBL744,EFO_0008522,INDICATION,
CHEMBL744,EFO_0008525,INDICATION,
CHEMBL744,EFO_1000905,CONTRAINDICATION,
CHEMBL744,EFO_1001050,INDICATION,
CHEMBL744,EFO_1001919,INDICATION,
CHEMBL744,MONDO_0000437,INDICATION,
CHEMBL744,MONDO_0002009,INDICATION,
CHEMBL744,MONDO_0002050,INDICATION,
CHEMBL744,MONDO_0004975,INDICATION,
CHEMBL744,MONDO_0004976,INDICATION,
CHEMBL744,MONDO_0004985,INDICATION,
CHEMBL744,MONDO_0005301,INDICATION,
CHEMBL744,MONDO_0007079,CONTRAINDICATION,
CHEMBL744,MONDO_0007254,INDICATION,
CHEMBL744,MONDO_0007739,INDICATION,
CHEMBL744,MONDO_0008458,INDICATION,
CHEMBL744,MONDO_0016163,INDICATION,
CHEMBL744,MONDO_0019037,INDICATION,
CHEMBL74415,EFO_0000384,INDICATION,
CHEMBL74415,EFO_0000474,INDICATION,
CHEMBL74415,EFO_0000519,INDICATION,
CHEMBL74415,EFO_0000694,INDICATION,
CHEMBL74415,EFO_0000729,INDICATION,
CHEMBL74415,EFO_0000765,INDICATION,
CHEMBL74415,EFO_0001072,INDICATION,
CHEMBL74415,EFO_0001358,INDICATION,
CHEMBL74415,EFO_0003047,INDICATION,
CHEMBL74415,EFO_0003756,INDICATION,
CHEMBL74415,EFO_0003758,INDICATION,
CHEMBL74415,EFO_0003778,INDICATION,
CHEMBL74415,EFO_0003843,INDICATION,
CHEMBL74415,EFO_0003888,INDICATION,
CHEMBL74415,EFO_0004242,INDICATION,
CHEMBL74415,EFO_0004616,INDICATION,
CHEMBL74415,EFO_0004698,INDICATION,
CHEMBL74415,EFO_0004895,INDICATION,
CHEMBL74415,EFO_0005230,INDICATION,
CHEMBL74415,EFO_0005611,INDICATION,
CHEMBL74415,EFO_0005687,INDICATION,
CHEMBL74415,EFO_0005762,INDICATION,
CHEMBL74415,EFO_0007191,INDICATION,
CHEMBL74415,EFO_0010702,INDICATION,
CHEMBL74415,EFO_1000654,INDICATION,
CHEMBL74415,EFO_1000710,INDICATION,
CHEMBL74415,EFO_1000783,INDICATION,
CHEMBL74415,EFO_1001033,INDICATION,
CHEMBL74415,EFO_1001919,INDICATION,
CHEMBL74415,EFO_1001998,INDICATION,
CHEMBL74415,MONDO_0002050,INDICATION,
CHEMBL74415,MONDO_0004976,INDICATION,
CHEMBL74415,MONDO_0004985,INDICATION,
CHEMBL74415,MONDO_0004992,INDICATION,
CHEMBL74415,MONDO_0005041,INDICATION,
CHEMBL74415,MONDO_0005180,INDICATION,
CHEMBL74415,MONDO_0005277,INDICATION,
CHEMBL74415,MONDO_0005301,INDICATION,
CHEMBL74415,MONDO_0007739,INDICATION,
CHEMBL74415,MONDO_0011382,INDICATION,
CHEMBL74415,MONDO_0043510,INDICATION,
CHEMBL74415,MONDO_0100096,INDICATION,
CHEMBL746,EFO_0005751,INDICATION,
CHEMBL746,EFO_0007141,INDICATION,
CHEMBL746,MONDO_0004979,INDICATION,
CHEMBL74632,EFO_0000771,INDICATION,
CHEMBL747,EFO_0001068,INDICATION,
CHEMBL748,EFO_0004991,INDICATION,
CHEMBL748,EFO_0008546,INDICATION,
CHEMBL7492,MONDO_0001187,INDICATION,
CHEMBL7492,MONDO_0004192,INDICATION,
CHEMBL750,EFO_0000474,INDICATION,
CHEMBL750,EFO_0001073,INDICATION,
CHEMBL750,EFO_0002610,INDICATION,
CHEMBL750,EFO_0003086,CONTRAINDICATION,
CHEMBL750,EFO_0003108,INDICATION,
CHEMBL750,EFO_0003768,INDICATION,
CHEMBL750,EFO_0004238,INDICATION,
CHEMBL750,EFO_0004263,INDICATION,
CHEMBL750,EFO_0004319,INDICATION,
CHEMBL750,EFO_0004566,INDICATION,
CHEMBL750,EFO_0005203,INDICATION,
CHEMBL750,EFO_0005407,CONTRAINDICATION,
CHEMBL750,EFO_0005411,INDICATION,
CHEMBL750,EFO_0006792,INDICATION,
CHEMBL750,EFO_1000877,INDICATION,
CHEMBL750,EFO_1001254,INDICATION,
CHEMBL750,MONDO_0000440,CONTRAINDICATION,
CHEMBL750,MONDO_0002046,INDICATION,
CHEMBL750,MONDO_0002050,CONTRAINDICATION,
CHEMBL750,MONDO_0005090,INDICATION,
CHEMBL750,MONDO_0005180,INDICATION,
CHEMBL750,MONDO_0005277,INDICATION,
CHEMBL750,MONDO_0007079,INDICATION,
CHEMBL750,MONDO_0015909,CONTRAINDICATION,
CHEMBL75094,EFO_1000158,INDICATION,
CHEMBL75094,MONDO_0008315,INDICATION,
CHEMBL75094,MONDO_0008903,INDICATION,
CHEMBL75133,EFO_0003060,INDICATION,
CHEMBL75133,MONDO_0004992,INDICATION,
CHEMBL75133,MONDO_0005180,INDICATION,
CHEMBL75133,MONDO_0008315,INDICATION,
CHEMBL752,EFO_0000556,INDICATION,
CHEMBL752,MONDO_0004822,CONTRAINDICATION,
CHEMBL753,EFO_0000239,INDICATION,
CHEMBL753,EFO_0000319,INDICATION,
CHEMBL753,EFO_0001645,CONTRAINDICATION,
CHEMBL753,EFO_0003086,CONTRAINDICATION,
CHEMBL753,EFO_0005207,INDICATION,
CHEMBL753,EFO_0005251,CONTRAINDICATION,
CHEMBL753,MONDO_0008233,INDICATION,
CHEMBL754,EFO_0000764,INDICATION,
CHEMBL754,EFO_0003106,INDICATION,
CHEMBL754,EFO_0010282,INDICATION,
CHEMBL754,EFO_1001302,INDICATION,
CHEMBL754,EFO_1002022,INDICATION,
CHEMBL754,MONDO_0003778,INDICATION,
CHEMBL754,MONDO_0013730,INDICATION,
CHEMBL75435,EFO_0003843,INDICATION,
CHEMBL75435,EFO_0005755,INDICATION,
CHEMBL7568,DOID_10718,INDICATION,
CHEMBL7568,EFO_0000365,INDICATION,
CHEMBL7568,EFO_0000681,INDICATION,
CHEMBL7568,EFO_0003060,INDICATION,
CHEMBL7568,EFO_0004226,INDICATION,
CHEMBL7568,EFO_0007144,INDICATION,
CHEMBL7568,MONDO_0002076,OFF_LABEL_USE,
CHEMBL7568,MONDO_0008315,INDICATION,
CHEMBL757,EFO_0000400,CONTRAINDICATION,
CHEMBL757,EFO_0000612,CONTRAINDICATION,
CHEMBL757,EFO_0001645,CONTRAINDICATION,
CHEMBL757,EFO_0003777,CONTRAINDICATION,
CHEMBL757,EFO_0004255,CONTRAINDICATION,
CHEMBL757,EFO_1002048,CONTRAINDICATION,
CHEMBL757,MONDO_0001566,CONTRAINDICATION,
CHEMBL757,MONDO_0001751,CONTRAINDICATION,
CHEMBL757,MONDO_0011382,OFF_LABEL_USE,
CHEMBL757,MONDO_0015253,OFF_LABEL_USE,
CHEMBL757,MONDO_0021259,CONTRAINDICATION,
CHEMBL757,Orphanet_124,OFF_LABEL_USE,
CHEMBL75753,EFO_0000319,INDICATION,
CHEMBL75880,EFO_0000319,INDICATION,
CHEMBL75880,EFO_0000538,INDICATION,
CHEMBL75880,EFO_0003144,INDICATION,
CHEMBL75880,EFO_1000899,INDICATION,
CHEMBL75880,EFO_1001458,INDICATION,
CHEMBL76,EFO_0000275,INDICATION,
CHEMBL76,EFO_0000432,INDICATION,
CHEMBL76,EFO_0000474,CONTRAINDICATION,
CHEMBL76,EFO_0000519,INDICATION,
CHEMBL76,EFO_0000676,CONTRAINDICATION,
CHEMBL76,EFO_0000685,INDICATION,
CHEMBL76,EFO_0000694,INDICATION,
CHEMBL76,EFO_0000702,INDICATION,
CHEMBL76,EFO_0000764,INDICATION,
CHEMBL76,EFO_0000765,INDICATION,
CHEMBL76,EFO_0001068,INDICATION,
CHEMBL76,EFO_0001378,INDICATION,
CHEMBL76,EFO_0002618,INDICATION,
CHEMBL76,EFO_0002950,INDICATION,
CHEMBL76,EFO_0003839,CONTRAINDICATION,
CHEMBL76,EFO_0003966,CONTRAINDICATION,
CHEMBL76,EFO_0004227,INDICATION,
CHEMBL76,EFO_0005774,INDICATION,
CHEMBL76,EFO_0007287,CONTRAINDICATION,
CHEMBL76,EFO_0007328,INDICATION,
CHEMBL76,EFO_0007444,INDICATION,
CHEMBL76,EFO_0007445,INDICATION,
CHEMBL76,EFO_0007541,INDICATION,
CHEMBL76,EFO_1001465,INDICATION,
CHEMBL76,MONDO_0002280,CONTRAINDICATION,
CHEMBL76,MONDO_0004992,INDICATION,
CHEMBL76,MONDO_0007079,CONTRAINDICATION,
CHEMBL76,MONDO_0007254,INDICATION,
CHEMBL76,MONDO_0007915,INDICATION,
CHEMBL76,MONDO_0011382,INDICATION,
CHEMBL76,MONDO_0015104,OFF_LABEL_USE,
CHEMBL76,MONDO_0020576,OFF_LABEL_USE,
CHEMBL76,MONDO_0021945,CONTRAINDICATION,
CHEMBL76,MONDO_0037821,CONTRAINDICATION,
CHEMBL76,MONDO_0041182,OFF_LABEL_USE,
CHEMBL76,MONDO_0100096,INDICATION,
CHEMBL760,EFO_0000479,INDICATION,
CHEMBL760,EFO_0000616,INDICATION,
CHEMBL760,EFO_0002429,INDICATION,
CHEMBL760,EFO_0003086,CONTRAINDICATION,
CHEMBL760,EFO_0003145,CONTRAINDICATION,
CHEMBL760,EFO_0003777,CONTRAINDICATION,
CHEMBL760,EFO_0004251,INDICATION,
CHEMBL760,EFO_0007257,CONTRAINDICATION,
CHEMBL760,EFO_0009314,CONTRAINDICATION,
CHEMBL760,MONDO_0000831,INDICATION,
CHEMBL760,MONDO_0002280,CONTRAINDICATION,
CHEMBL760,MONDO_0100192,CONTRAINDICATION,
CHEMBL761,EFO_0000319,CONTRAINDICATION,
CHEMBL761,EFO_0000400,CONTRAINDICATION,
CHEMBL761,EFO_0000537,CONTRAINDICATION,
CHEMBL761,EFO_0000616,INDICATION,
CHEMBL761,EFO_0000678,INDICATION,
CHEMBL761,EFO_0003822,INDICATION,
CHEMBL761,EFO_0003956,INDICATION,
CHEMBL761,EFO_0005751,INDICATION,
CHEMBL761,EFO_0007141,INDICATION,
CHEMBL761,EFO_0007214,INDICATION,
CHEMBL761,EFO_0007328,INDICATION,
CHEMBL761,EFO_0007486,INDICATION,
CHEMBL761,EFO_0009189,CONTRAINDICATION,
CHEMBL761,EFO_1001888,CONTRAINDICATION,
CHEMBL761,MONDO_0001744,CONTRAINDICATION,
CHEMBL761,MONDO_0043885,CONTRAINDICATION,
CHEMBL761,MP_0001845,INDICATION,
CHEMBL762,EFO_0000400,CONTRAINDICATION,
CHEMBL762,EFO_0000537,CONTRAINDICATION,
CHEMBL762,EFO_0001645,CONTRAINDICATION,
CHEMBL762,EFO_0003777,CONTRAINDICATION,
CHEMBL762,EFO_0003956,INDICATION,
CHEMBL762,EFO_0005252,INDICATION,
CHEMBL762,EFO_0005751,INDICATION,
CHEMBL762,EFO_0005854,INDICATION,
CHEMBL762,EFO_0007141,INDICATION,
CHEMBL762,EFO_0007214,INDICATION,
CHEMBL762,EFO_0007486,INDICATION,
CHEMBL762,EFO_0009086,CONTRAINDICATION,
CHEMBL762,EFO_0009189,CONTRAINDICATION,
CHEMBL762,EFO_0009523,INDICATION,
CHEMBL762,EFO_1000760,INDICATION,
CHEMBL762,EFO_1001888,CONTRAINDICATION,
CHEMBL762,MONDO_0000728,INDICATION,
CHEMBL762,MONDO_0001330,INDICATION,
CHEMBL762,MONDO_0001744,CONTRAINDICATION,
CHEMBL762,MONDO_0002277,CONTRAINDICATION,
CHEMBL762,MONDO_0043885,CONTRAINDICATION,
CHEMBL76222,EFO_0000673,INDICATION,
CHEMBL76222,EFO_0000691,INDICATION,
CHEMBL76222,MONDO_0007254,INDICATION,
CHEMBL76222,MONDO_0008903,INDICATION,
CHEMBL76370,EFO_0000555,INDICATION,
CHEMBL76370,EFO_0000612,CONTRAINDICATION,
CHEMBL76370,EFO_0000712,CONTRAINDICATION,
CHEMBL76370,EFO_0003832,CONTRAINDICATION,
CHEMBL76370,EFO_0003948,INDICATION,
CHEMBL76370,EFO_0008533,INDICATION,
CHEMBL76370,MONDO_0000701,CONTRAINDICATION,
CHEMBL76370,MONDO_0002203,INDICATION,
CHEMBL76370,MONDO_0004567,CONTRAINDICATION,
CHEMBL765,EFO_0000400,CONTRAINDICATION,
CHEMBL765,EFO_0000537,INDICATION,
CHEMBL765,EFO_0004274,CONTRAINDICATION,
CHEMBL765,EFO_0008506,CONTRAINDICATION,
CHEMBL765,EFO_0009530,CONTRAINDICATION,
CHEMBL765,EFO_1000652,CONTRAINDICATION,
CHEMBL765,MONDO_0001566,CONTRAINDICATION,
CHEMBL765,MONDO_0005041,INDICATION,
CHEMBL765,MONDO_0007915,CONTRAINDICATION,
CHEMBL765,MONDO_0018100,CONTRAINDICATION,
CHEMBL766,EFO_0000465,INDICATION,
CHEMBL766,EFO_0000474,CONTRAINDICATION,
CHEMBL766,EFO_0000544,INDICATION,
CHEMBL766,EFO_0000771,INDICATION,
CHEMBL766,EFO_0000778,OFF_LABEL_USE,
CHEMBL766,EFO_0003086,CONTRAINDICATION,
CHEMBL766,EFO_0003102,INDICATION,
CHEMBL766,EFO_0003103,INDICATION,
CHEMBL766,EFO_0003106,INDICATION,
CHEMBL766,EFO_0007499,INDICATION,
CHEMBL766,EFO_0008588,INDICATION,
CHEMBL766,EFO_1000792,INDICATION,
CHEMBL766,EFO_1000830,INDICATION,
CHEMBL766,EFO_1001141,INDICATION,
CHEMBL766,EFO_1001272,INDICATION,
CHEMBL766,EFO_1001312,INDICATION,
CHEMBL766,EFO_1001318,INDICATION,
CHEMBL766,EFO_1001865,INDICATION,
CHEMBL766,MONDO_0001701,OFF_LABEL_USE,
CHEMBL766,MONDO_0004215,OFF_LABEL_USE,
CHEMBL766,MONDO_0005247,INDICATION,
CHEMBL766,MONDO_0040732,INDICATION,
CHEMBL766,MONDO_0044881,INDICATION,
CHEMBL76688,EFO_0000694,INDICATION,
CHEMBL76725,EFO_0000537,INDICATION,
CHEMBL768,EFO_0000275,INDICATION,
CHEMBL768,EFO_0000319,INDICATION,
CHEMBL768,EFO_0000400,CONTRAINDICATION,
CHEMBL768,EFO_0000464,CONTRAINDICATION,
CHEMBL768,EFO_0000537,INDICATION,
CHEMBL768,EFO_0001645,INDICATION,
CHEMBL768,EFO_0002687,INDICATION,
CHEMBL768,EFO_0003086,CONTRAINDICATION,
CHEMBL768,EFO_0003833,INDICATION,
CHEMBL768,EFO_0003843,INDICATION,
CHEMBL768,EFO_0003870,INDICATION,
CHEMBL768,EFO_0005672,OFF_LABEL_USE,
CHEMBL768,EFO_0006834,INDICATION,
CHEMBL768,EFO_0007486,INDICATION,
CHEMBL768,EFO_1001459,INDICATION,
CHEMBL77,EFO_0001068,INDICATION,
CHEMBL770,EFO_0000319,INDICATION,
CHEMBL770,EFO_0003763,INDICATION,
CHEMBL770,EFO_0004264,INDICATION,
CHEMBL770,EFO_0005251,CONTRAINDICATION,
CHEMBL770,EFO_1001103,INDICATION,
CHEMBL771,EFO_0000341,INDICATION,
CHEMBL771,EFO_0000474,CONTRAINDICATION,
CHEMBL771,EFO_0000712,INDICATION,
CHEMBL771,EFO_0000734,CONTRAINDICATION,
CHEMBL771,EFO_0001358,INDICATION,
CHEMBL771,EFO_0002610,INDICATION,
CHEMBL771,EFO_0003086,CONTRAINDICATION,
CHEMBL771,EFO_0003102,INDICATION,
CHEMBL771,EFO_0003757,INDICATION,
CHEMBL771,EFO_0003758,INDICATION,
CHEMBL771,EFO_0003768,INDICATION,
CHEMBL771,EFO_0003843,INDICATION,
CHEMBL771,EFO_0003877,INDICATION,
CHEMBL771,EFO_0003890,INDICATION,
CHEMBL771,EFO_0003940,INDICATION,
CHEMBL771,EFO_0004242,INDICATION,
CHEMBL771,EFO_0004262,INDICATION,
CHEMBL771,EFO_0004319,INDICATION,
CHEMBL771,EFO_0004329,INDICATION,
CHEMBL771,EFO_0004895,INDICATION,
CHEMBL771,EFO_0005230,INDICATION,
CHEMBL771,EFO_0005407,CONTRAINDICATION,
CHEMBL771,EFO_0005411,INDICATION,
CHEMBL771,EFO_0005611,INDICATION,
CHEMBL771,EFO_0005687,INDICATION,
CHEMBL771,EFO_1000039,OFF_LABEL_USE,
CHEMBL771,EFO_1000049,INDICATION,
CHEMBL771,EFO_1001872,INDICATION,
CHEMBL771,EFO_1001908,INDICATION,
CHEMBL771,EFO_1001917,INDICATION,
CHEMBL771,MONDO_0000368,INDICATION,
CHEMBL771,MONDO_0001700,CONTRAINDICATION,
CHEMBL771,MONDO_0002009,INDICATION,
CHEMBL771,MONDO_0002050,CONTRAINDICATION,
CHEMBL771,MONDO_0004985,INDICATION,
CHEMBL771,MONDO_0005090,INDICATION,
CHEMBL771,MONDO_0005247,INDICATION,
CHEMBL771,MONDO_0007079,CONTRAINDICATION,
CHEMBL771,MONDO_0015194,CONTRAINDICATION,
CHEMBL771,MONDO_0018076,INDICATION,
CHEMBL771,MONDO_0020590,OFF_LABEL_USE,
CHEMBL771,MONDO_0043510,INDICATION,
CHEMBL772,EFO_0000400,CONTRAINDICATION,
CHEMBL772,EFO_0000474,CONTRAINDICATION,
CHEMBL772,EFO_0000537,INDICATION,
CHEMBL772,EFO_0000712,CONTRAINDICATION,
CHEMBL772,EFO_0000729,CONTRAINDICATION,
CHEMBL772,EFO_0001361,INDICATION,
CHEMBL772,EFO_0001422,CONTRAINDICATION,
CHEMBL772,EFO_0001645,CONTRAINDICATION,
CHEMBL772,EFO_0002610,INDICATION,
CHEMBL772,EFO_0003086,CONTRAINDICATION,
CHEMBL772,EFO_0003763,INDICATION,
CHEMBL772,EFO_0003777,INDICATION,
CHEMBL772,EFO_0003914,INDICATION,
CHEMBL772,EFO_0004274,CONTRAINDICATION,
CHEMBL772,EFO_0004701,INDICATION,
CHEMBL772,EFO_0004799,CONTRAINDICATION,
CHEMBL772,EFO_0005251,CONTRAINDICATION,
CHEMBL772,EFO_0005407,INDICATION,
CHEMBL772,EFO_0008506,CONTRAINDICATION,
CHEMBL772,EFO_0009530,CONTRAINDICATION,
CHEMBL772,EFO_1000652,CONTRAINDICATION,
CHEMBL772,EFO_1001132,CONTRAINDICATION,
CHEMBL772,MONDO_0001343,CONTRAINDICATION,
CHEMBL772,MONDO_0001566,CONTRAINDICATION,
CHEMBL772,MONDO_0002050,CONTRAINDICATION,
CHEMBL772,MONDO_0004247,CONTRAINDICATION,
CHEMBL772,MONDO_0005147,CONTRAINDICATION,
CHEMBL772,MONDO_0005148,CONTRAINDICATION,
CHEMBL772,MONDO_0007915,CONTRAINDICATION,
CHEMBL772,MONDO_0018100,CONTRAINDICATION,
CHEMBL772,MONDO_0100192,CONTRAINDICATION,
CHEMBL773,EFO_0000537,INDICATION,
CHEMBL773,EFO_0003086,CONTRAINDICATION,
CHEMBL773,EFO_0003777,CONTRAINDICATION,
CHEMBL773,EFO_0004242,INDICATION,
CHEMBL773,EFO_0004287,CONTRAINDICATION,
CHEMBL773,EFO_0005411,INDICATION,
CHEMBL773,EFO_0005854,INDICATION,
CHEMBL773,EFO_0007214,INDICATION,
CHEMBL773,EFO_0008506,CONTRAINDICATION,
CHEMBL773,EFO_0008521,INDICATION,
CHEMBL773,EFO_0008572,INDICATION,
CHEMBL773,EFO_1000820,CONTRAINDICATION,
CHEMBL773,MONDO_0000328,CONTRAINDICATION,
CHEMBL773,MONDO_0001566,CONTRAINDICATION,
CHEMBL773,MONDO_0001673,INDICATION,
CHEMBL773,MONDO_0002203,CONTRAINDICATION,
CHEMBL773,MONDO_0004975,INDICATION,
CHEMBL773,MONDO_0004979,INDICATION,
CHEMBL773,MONDO_0004985,INDICATION,
CHEMBL773,MONDO_0005090,INDICATION,
CHEMBL773,MONDO_0009061,INDICATION,
CHEMBL773,MONDO_0019259,CONTRAINDICATION,
CHEMBL773,MONDO_0019338,CONTRAINDICATION,
CHEMBL773,MONDO_0024327,CONTRAINDICATION,
CHEMBL773,MONDO_0100096,INDICATION,
CHEMBL773,Orphanet_79254,CONTRAINDICATION,
CHEMBL77305,EFO_0000389,INDICATION,
CHEMBL77305,EFO_0000616,INDICATION,
CHEMBL77305,EFO_0002618,INDICATION,
CHEMBL77305,EFO_1000158,INDICATION,
CHEMBL77305,EFO_1001951,INDICATION,
CHEMBL77305,MONDO_0001187,INDICATION,
CHEMBL77305,MONDO_0002087,INDICATION,
CHEMBL77305,MONDO_0004192,INDICATION,
CHEMBL77305,MONDO_0007254,INDICATION,
CHEMBL77305,MONDO_0008170,INDICATION,
CHEMBL77305,MONDO_0008903,INDICATION,
CHEMBL77305,MONDO_0011962,INDICATION,
CHEMBL77517,EFO_0000365,INDICATION,
CHEMBL77517,EFO_0000389,INDICATION,
CHEMBL77517,EFO_0000565,INDICATION,
CHEMBL77517,EFO_0000616,INDICATION,
CHEMBL77517,EFO_0000681,INDICATION,
CHEMBL77517,EFO_0003869,INDICATION,
CHEMBL77517,EFO_1001951,INDICATION,
CHEMBL77517,MONDO_0001056,INDICATION,
CHEMBL77517,MONDO_0004992,INDICATION,
CHEMBL776,EFO_0000400,CONTRAINDICATION,
CHEMBL776,EFO_0000464,INDICATION,
CHEMBL776,EFO_0000474,CONTRAINDICATION,
CHEMBL776,EFO_0000537,CONTRAINDICATION,
CHEMBL776,EFO_0001645,CONTRAINDICATION,
CHEMBL776,EFO_0003890,INDICATION,
CHEMBL776,EFO_0009189,CONTRAINDICATION,
CHEMBL776,EFO_0009661,INDICATION,
CHEMBL776,EFO_1001375,CONTRAINDICATION,
CHEMBL776,MONDO_0004979,INDICATION,
CHEMBL77622,EFO_0000319,INDICATION,
CHEMBL77622,EFO_0006834,INDICATION,
CHEMBL777,EFO_0000519,INDICATION,
CHEMBL777,EFO_0000544,INDICATION,
CHEMBL777,EFO_0000771,INDICATION,
CHEMBL777,EFO_0001073,INDICATION,
CHEMBL777,EFO_0002499,INDICATION,
CHEMBL777,EFO_0002610,INDICATION,
CHEMBL777,EFO_0003030,INDICATION,
CHEMBL777,EFO_0003086,CONTRAINDICATION,
CHEMBL777,EFO_0003102,INDICATION,
CHEMBL777,EFO_0003103,INDICATION,
CHEMBL777,EFO_0003106,INDICATION,
CHEMBL777,EFO_0003768,INDICATION,
CHEMBL777,EFO_0003833,INDICATION,
CHEMBL777,EFO_0004234,INDICATION,
CHEMBL777,EFO_0004992,INDICATION,
CHEMBL777,EFO_0005681,INDICATION,
CHEMBL777,EFO_0006505,INDICATION,
CHEMBL777,EFO_0006859,INDICATION,
CHEMBL777,EFO_0007326,CONTRAINDICATION,
CHEMBL777,EFO_0007328,INDICATION,
CHEMBL777,EFO_0007470,INDICATION,
CHEMBL777,EFO_0007486,INDICATION,
CHEMBL777,EFO_0007496,INDICATION,
CHEMBL777,EFO_0007499,INDICATION,
CHEMBL777,EFO_0007503,INDICATION,
CHEMBL777,EFO_1000025,INDICATION,
CHEMBL777,EFO_1000049,INDICATION,
CHEMBL777,EFO_1000961,INDICATION,
CHEMBL777,EFO_1001034,INDICATION,
CHEMBL777,EFO_1001141,INDICATION,
CHEMBL777,EFO_1001272,INDICATION,
CHEMBL777,EFO_1001313,INDICATION,
CHEMBL777,EFO_1001318,INDICATION,
CHEMBL777,EFO_1001391,INDICATION,
CHEMBL777,MONDO_0000327,INDICATION,
CHEMBL777,MONDO_0001187,INDICATION,
CHEMBL777,MONDO_0001751,CONTRAINDICATION,
CHEMBL777,MONDO_0001920,OFF_LABEL_USE,
CHEMBL777,MONDO_0002009,INDICATION,
CHEMBL777,MONDO_0004789,OFF_LABEL_USE,
CHEMBL777,MONDO_0004979,INDICATION,
CHEMBL777,MONDO_0005247,INDICATION,
CHEMBL777,MONDO_0018076,INDICATION,
CHEMBL777,MONDO_0024355,INDICATION,
CHEMBL777,MONDO_0030602,INDICATION,
CHEMBL777,MONDO_0100096,INDICATION,
CHEMBL778,EFO_0000239,INDICATION,
CHEMBL778,EFO_0000275,INDICATION,
CHEMBL778,EFO_0000400,CONTRAINDICATION,
CHEMBL778,EFO_0000474,INDICATION,
CHEMBL778,EFO_0000537,CONTRAINDICATION,
CHEMBL778,EFO_0000546,INDICATION,
CHEMBL778,EFO_0000668,INDICATION,
CHEMBL778,EFO_0000677,INDICATION,
CHEMBL778,EFO_0000713,INDICATION,
CHEMBL778,EFO_0001073,INDICATION,
CHEMBL778,EFO_0001074,INDICATION,
CHEMBL778,EFO_0001645,INDICATION,
CHEMBL778,EFO_0002460,INDICATION,
CHEMBL778,EFO_0002610,INDICATION,
CHEMBL778,EFO_0002950,INDICATION,
CHEMBL778,EFO_0003086,CONTRAINDICATION,
CHEMBL778,EFO_0003756,INDICATION,
CHEMBL778,EFO_0003777,INDICATION,
CHEMBL778,EFO_0003833,INDICATION,
CHEMBL778,EFO_0003843,INDICATION,
CHEMBL778,EFO_0003918,INDICATION,
CHEMBL778,EFO_0003931,INDICATION,
CHEMBL778,EFO_0003957,INDICATION,
CHEMBL778,EFO_0004264,INDICATION,
CHEMBL778,EFO_0004273,INDICATION,
CHEMBL778,EFO_0004698,INDICATION,
CHEMBL778,EFO_0004888,INDICATION,
CHEMBL778,EFO_0005207,INDICATION,
CHEMBL778,EFO_0005230,INDICATION,
CHEMBL778,EFO_0005251,CONTRAINDICATION,
CHEMBL778,EFO_0005279,INDICATION,
CHEMBL778,EFO_0005323,INDICATION,
CHEMBL778,EFO_0005411,INDICATION,
CHEMBL778,EFO_0005611,INDICATION,
CHEMBL778,EFO_0005762,INDICATION,
CHEMBL778,EFO_0005774,INDICATION,
CHEMBL778,EFO_0006834,INDICATION,
CHEMBL778,EFO_0009267,INDICATION,
CHEMBL778,EFO_0009516,INDICATION,
CHEMBL778,EFO_0009620,INDICATION,
CHEMBL778,EFO_0009686,INDICATION,
CHEMBL778,EFO_0010282,INDICATION,
CHEMBL778,EFO_1000391,INDICATION,
CHEMBL778,EFO_1001210,INDICATION,
CHEMBL778,EFO_1001454,INDICATION,
CHEMBL778,EFO_1001884,INDICATION,
CHEMBL778,EFO_1002048,INDICATION,
CHEMBL778,MONDO_0000468,CONTRAINDICATION,
CHEMBL778,MONDO_0001056,INDICATION,
CHEMBL778,MONDO_0002258,INDICATION,
CHEMBL778,MONDO_0003544,INDICATION,
CHEMBL778,MONDO_0004975,INDICATION,
CHEMBL778,MONDO_0004976,INDICATION,
CHEMBL778,MONDO_0004992,INDICATION,
CHEMBL778,MONDO_0005090,INDICATION,
CHEMBL778,MONDO_0005129,INDICATION,
CHEMBL778,MONDO_0005149,INDICATION,
CHEMBL778,MONDO_0005299,INDICATION,
CHEMBL778,MONDO_0007172,INDICATION,
CHEMBL778,MONDO_0007254,INDICATION,
CHEMBL778,MONDO_0043510,INDICATION,
CHEMBL778,MP_0001845,INDICATION,
CHEMBL779,EFO_0000181,INDICATION,
CHEMBL779,EFO_0000284,INDICATION,
CHEMBL779,EFO_0000373,INDICATION,
CHEMBL779,EFO_0000474,CONTRAINDICATION,
CHEMBL779,EFO_0000519,INDICATION,
CHEMBL779,EFO_0000537,INDICATION,
CHEMBL779,EFO_0000565,CONTRAINDICATION,
CHEMBL779,EFO_0000612,CONTRAINDICATION,
CHEMBL779,EFO_0000616,INDICATION,
CHEMBL779,EFO_0000712,CONTRAINDICATION,
CHEMBL779,EFO_0000717,INDICATION,
CHEMBL779,EFO_0001073,INDICATION,
CHEMBL779,EFO_0001361,INDICATION,
CHEMBL779,EFO_0001378,CONTRAINDICATION,
CHEMBL779,EFO_0002499,INDICATION,
CHEMBL779,EFO_0002614,INDICATION,
CHEMBL779,EFO_0002618,INDICATION,
CHEMBL779,EFO_0003060,INDICATION,
CHEMBL779,EFO_0003099,INDICATION,
CHEMBL779,EFO_0004234,INDICATION,
CHEMBL779,EFO_0004238,CONTRAINDICATION,
CHEMBL779,EFO_0004244,INDICATION,
CHEMBL779,EFO_0004284,INDICATION,
CHEMBL779,EFO_0004714,INDICATION,
CHEMBL779,EFO_0004718,INDICATION,
CHEMBL779,EFO_0005251,CONTRAINDICATION,
CHEMBL779,EFO_0005672,CONTRAINDICATION,
CHEMBL779,EFO_0009200,INDICATION,
CHEMBL779,EFO_0009314,CONTRAINDICATION,
CHEMBL779,EFO_0803321,INDICATION,
CHEMBL779,EFO_1000809,CONTRAINDICATION,
CHEMBL779,EFO_1000948,INDICATION,
CHEMBL779,EFO_1001145,INDICATION,
CHEMBL779,MONDO_0000153,INDICATION,
CHEMBL779,MONDO_0001134,INDICATION,
CHEMBL779,MONDO_0002009,INDICATION,
CHEMBL779,MONDO_0004992,INDICATION,
CHEMBL779,MONDO_0005148,INDICATION,
CHEMBL779,MONDO_0005149,INDICATION,
CHEMBL779,MONDO_0008231,CONTRAINDICATION,
CHEMBL779,MONDO_0010679,INDICATION,
CHEMBL779,MONDO_0011382,CONTRAINDICATION,
CHEMBL779,MONDO_0020121,INDICATION,
CHEMBL779,MONDO_0042981,CONTRAINDICATION,
CHEMBL779,MONDO_0100192,CONTRAINDICATION,
CHEMBL77921,EFO_0000400,CONTRAINDICATION,
CHEMBL77921,EFO_0000537,CONTRAINDICATION,
CHEMBL77921,EFO_0003086,CONTRAINDICATION,
CHEMBL77921,EFO_0005251,CONTRAINDICATION,
CHEMBL77921,MONDO_0000468,CONTRAINDICATION,
CHEMBL780,EFO_0000183,INDICATION,
CHEMBL780,EFO_0000574,INDICATION,
CHEMBL780,EFO_0003833,INDICATION,
CHEMBL780,EFO_0005952,INDICATION,
CHEMBL781,EFO_0001073,INDICATION,
CHEMBL781,EFO_0002610,INDICATION,
CHEMBL781,EFO_0003888,INDICATION,
CHEMBL781,MONDO_0016158,INDICATION,
CHEMBL782,EFO_0000400,INDICATION,
CHEMBL782,EFO_0000574,INDICATION,
CHEMBL782,EFO_0000616,INDICATION,
CHEMBL782,EFO_0001380,CONTRAINDICATION,
CHEMBL782,EFO_0003086,CONTRAINDICATION,
CHEMBL782,EFO_0004220,INDICATION,
CHEMBL782,EFO_0600064,INDICATION,
CHEMBL782,MONDO_0002520,CONTRAINDICATION,
CHEMBL782,MONDO_0004992,INDICATION,
CHEMBL782,MONDO_0005148,INDICATION,
CHEMBL782,MONDO_0007079,CONTRAINDICATION,
CHEMBL782,MONDO_0015129,CONTRAINDICATION,
CHEMBL783,EFO_0000400,INDICATION,
CHEMBL783,EFO_0001380,CONTRAINDICATION,
CHEMBL783,EFO_0005741,CONTRAINDICATION,
CHEMBL783,MONDO_0005148,INDICATION,
CHEMBL783,MONDO_0015129,CONTRAINDICATION,
CHEMBL785,EFO_0000537,CONTRAINDICATION,
CHEMBL785,EFO_0004593,CONTRAINDICATION,
CHEMBL785,EFO_0009189,CONTRAINDICATION,
CHEMBL785,MONDO_0001641,CONTRAINDICATION,
CHEMBL785,MONDO_0005149,CONTRAINDICATION,
CHEMBL785,MONDO_0005277,CONTRAINDICATION,
CHEMBL786,EFO_0000232,INDICATION,
CHEMBL786,EFO_0000294,INDICATION,
CHEMBL786,EFO_0000305,INDICATION,
CHEMBL786,EFO_0000389,INDICATION,
CHEMBL786,EFO_0000432,INDICATION,
CHEMBL786,EFO_0000519,INDICATION,
CHEMBL786,EFO_0000536,INDICATION,
CHEMBL786,EFO_0000537,INDICATION,
CHEMBL786,EFO_0000545,INDICATION,
CHEMBL786,EFO_0000616,INDICATION,
CHEMBL786,EFO_0000637,INDICATION,
CHEMBL786,EFO_0000764,INDICATION,
CHEMBL786,EFO_0001075,INDICATION,
CHEMBL786,EFO_0001416,INDICATION,
CHEMBL786,EFO_0003833,INDICATION,
CHEMBL786,EFO_0003843,INDICATION,
CHEMBL786,EFO_0003869,INDICATION,
CHEMBL786,EFO_0004220,INDICATION,
CHEMBL786,EFO_0004248,INDICATION,
CHEMBL786,EFO_0005543,INDICATION,
CHEMBL786,EFO_0006861,INDICATION,
CHEMBL786,EFO_0007532,INDICATION,
CHEMBL786,EFO_0009708,INDICATION,
CHEMBL786,EFO_0009907,INDICATION,
CHEMBL786,EFO_1000158,INDICATION,
CHEMBL786,EFO_1000251,INDICATION,
CHEMBL786,EFO_1000294,INDICATION,
CHEMBL786,EFO_1000984,INDICATION,
CHEMBL786,EFO_1001375,INDICATION,
CHEMBL786,EFO_1001512,INDICATION,
CHEMBL786,EFO_1001901,INDICATION,
CHEMBL786,MONDO_0001187,INDICATION,
CHEMBL786,MONDO_0002087,INDICATION,
CHEMBL786,MONDO_0002158,INDICATION,
CHEMBL786,MONDO_0002691,INDICATION,
CHEMBL786,MONDO_0004976,INDICATION,
CHEMBL786,MONDO_0004985,INDICATION,
CHEMBL786,MONDO_0004992,INDICATION,
CHEMBL786,MONDO_0007254,INDICATION,
CHEMBL786,MONDO_0008170,INDICATION,
CHEMBL786,MONDO_0008315,INDICATION,
CHEMBL786,MONDO_0010679,INDICATION,
CHEMBL786,MONDO_0011962,INDICATION,
CHEMBL786,MONDO_0018364,INDICATION,
CHEMBL786,MONDO_0018848,INDICATION,
CHEMBL786,MONDO_0019180,INDICATION,
CHEMBL786,MONDO_0100096,INDICATION,
CHEMBL786,Orphanet_145,INDICATION,
CHEMBL7863,EFO_0004698,INDICATION,
CHEMBL787,EFO_0000220,INDICATION,
CHEMBL787,EFO_0000222,INDICATION,
CHEMBL787,EFO_0000341,INDICATION,
CHEMBL787,EFO_0000401,INDICATION,
CHEMBL787,EFO_0000540,INDICATION,
CHEMBL787,EFO_0000684,INDICATION,
CHEMBL787,EFO_0000685,INDICATION,
CHEMBL787,EFO_0000694,INDICATION,
CHEMBL787,EFO_0000764,INDICATION,
CHEMBL787,EFO_0001378,INDICATION,
CHEMBL787,EFO_0003060,INDICATION,
CHEMBL787,EFO_0003843,INDICATION,
CHEMBL787,EFO_0003877,INDICATION,
CHEMBL787,EFO_0003917,INDICATION,
CHEMBL787,EFO_0003918,INDICATION,
CHEMBL787,EFO_0003956,INDICATION,
CHEMBL787,EFO_0004227,INDICATION,
CHEMBL787,EFO_0004232,INDICATION,
CHEMBL787,EFO_0005854,INDICATION,
CHEMBL787,EFO_0007183,INDICATION,
CHEMBL787,EFO_0008521,INDICATION,
CHEMBL787,EFO_0008590,INDICATION,
CHEMBL787,EFO_0009715,INDICATION,
CHEMBL787,EFO_1001249,INDICATION,
CHEMBL787,EFO_1001417,INDICATION,
CHEMBL787,MONDO_0002050,CONTRAINDICATION,
CHEMBL787,MONDO_0004784,INDICATION,
CHEMBL787,MONDO_0004975,INDICATION,
CHEMBL787,MONDO_0004979,INDICATION,
CHEMBL787,MONDO_0011382,INDICATION,
CHEMBL787,MONDO_0019091,INDICATION,
CHEMBL787,MONDO_0020576,CONTRAINDICATION,
CHEMBL787,MONDO_0100096,INDICATION,
CHEMBL788,EFO_0000565,INDICATION,
CHEMBL788,EFO_0000763,INDICATION,
CHEMBL788,EFO_0007308,INDICATION,
CHEMBL788,EFO_1001888,INDICATION,
CHEMBL7890,EFO_0000319,INDICATION,
CHEMBL7890,MONDO_0004979,INDICATION,
CHEMBL79,EFO_0000217,CONTRAINDICATION,
CHEMBL79,EFO_0000274,CONTRAINDICATION,
CHEMBL79,EFO_0000275,CONTRAINDICATION,
CHEMBL79,EFO_0000305,INDICATION,
CHEMBL79,EFO_0000313,INDICATION,
CHEMBL79,EFO_0000319,CONTRAINDICATION,
CHEMBL79,EFO_0000400,CONTRAINDICATION,
CHEMBL79,EFO_0000407,CONTRAINDICATION,
CHEMBL79,EFO_0000474,CONTRAINDICATION,
CHEMBL79,EFO_0000519,INDICATION,
CHEMBL79,EFO_0000537,CONTRAINDICATION,
CHEMBL79,EFO_0000545,INDICATION,
CHEMBL79,EFO_0000546,INDICATION,
CHEMBL79,EFO_0000555,INDICATION,
CHEMBL79,EFO_0000612,CONTRAINDICATION,
CHEMBL79,EFO_0000616,INDICATION,
CHEMBL79,EFO_0000668,INDICATION,
CHEMBL79,EFO_0000676,CONTRAINDICATION,
CHEMBL79,EFO_0000701,CONTRAINDICATION,
CHEMBL79,EFO_0000707,INDICATION,
CHEMBL79,EFO_0000712,INDICATION,
CHEMBL79,EFO_0001069,INDICATION,
CHEMBL79,EFO_0001073,INDICATION,
CHEMBL79,EFO_0001074,INDICATION,
CHEMBL79,EFO_0001361,INDICATION,
CHEMBL79,EFO_0001422,CONTRAINDICATION,
CHEMBL79,EFO_0001645,CONTRAINDICATION,
CHEMBL79,EFO_0001663,INDICATION,
CHEMBL79,EFO_0002496,INDICATION,
CHEMBL79,EFO_0002610,INDICATION,
CHEMBL79,EFO_0002618,INDICATION,
CHEMBL79,EFO_0002950,INDICATION,
CHEMBL79,EFO_0002970,INDICATION,
CHEMBL79,EFO_0003086,CONTRAINDICATION,
CHEMBL79,EFO_0003100,INDICATION,
CHEMBL79,EFO_0003103,INDICATION,
CHEMBL79,EFO_0003777,INDICATION,
CHEMBL79,EFO_0003833,INDICATION,
CHEMBL79,EFO_0003843,INDICATION,
CHEMBL79,EFO_0003854,INDICATION,
CHEMBL79,EFO_0003875,CONTRAINDICATION,
CHEMBL79,EFO_0003878,INDICATION,
CHEMBL79,EFO_0003882,CONTRAINDICATION,
CHEMBL79,EFO_0003888,INDICATION,
CHEMBL79,EFO_0003901,INDICATION,
CHEMBL79,EFO_0003902,INDICATION,
CHEMBL79,EFO_0003917,INDICATION,
CHEMBL79,EFO_0003943,INDICATION,
CHEMBL79,EFO_0003948,CONTRAINDICATION,
CHEMBL79,EFO_0003957,INDICATION,
CHEMBL79,EFO_0003958,INDICATION,
CHEMBL79,EFO_0004142,INDICATION,
CHEMBL79,EFO_0004143,INDICATION,
CHEMBL79,EFO_0004190,CONTRAINDICATION,
CHEMBL79,EFO_0004198,INDICATION,
CHEMBL79,EFO_0004269,INDICATION,
CHEMBL79,EFO_0004273,INDICATION,
CHEMBL79,EFO_0004616,INDICATION,
CHEMBL79,EFO_0004705,CONTRAINDICATION,
CHEMBL79,EFO_0005230,INDICATION,
CHEMBL79,EFO_0005251,CONTRAINDICATION,
CHEMBL79,EFO_0005279,INDICATION,
CHEMBL79,EFO_0005407,CONTRAINDICATION,
CHEMBL79,EFO_0005687,INDICATION,
CHEMBL79,EFO_0005741,CONTRAINDICATION,
CHEMBL79,EFO_0005754,INDICATION,
CHEMBL79,EFO_0005762,INDICATION,
CHEMBL79,EFO_0005856,INDICATION,
CHEMBL79,EFO_0006346,INDICATION,
CHEMBL79,EFO_0006509,CONTRAINDICATION,
CHEMBL79,EFO_0006834,INDICATION,
CHEMBL79,EFO_0007214,INDICATION,
CHEMBL79,EFO_0007308,CONTRAINDICATION,
CHEMBL79,EFO_0007486,INDICATION,
CHEMBL79,EFO_0007490,INDICATION,
CHEMBL79,EFO_0008507,INDICATION,
CHEMBL79,EFO_0009189,CONTRAINDICATION,
CHEMBL79,EFO_0009190,CONTRAINDICATION,
CHEMBL79,EFO_0009314,CONTRAINDICATION,
CHEMBL79,EFO_0009364,INDICATION,
CHEMBL79,EFO_0009430,INDICATION,
CHEMBL79,EFO_0009491,CONTRAINDICATION,
CHEMBL79,EFO_0009492,INDICATION,
CHEMBL79,EFO_0009516,INDICATION,
CHEMBL79,EFO_0009552,INDICATION,
CHEMBL79,EFO_0009582,INDICATION,
CHEMBL79,EFO_0009619,INDICATION,
CHEMBL79,EFO_0009620,INDICATION,
CHEMBL79,EFO_0009660,INDICATION,
CHEMBL79,EFO_0009688,INDICATION,
CHEMBL79,EFO_0009846,INDICATION,
CHEMBL79,EFO_0010582,INDICATION,
CHEMBL79,EFO_0801084,INDICATION,
CHEMBL79,EFO_0803321,INDICATION,
CHEMBL79,EFO_1000249,INDICATION,
CHEMBL79,EFO_1000391,CONTRAINDICATION,
CHEMBL79,EFO_1000766,CONTRAINDICATION,
CHEMBL79,EFO_1000781,INDICATION,
CHEMBL79,EFO_1000783,INDICATION,
CHEMBL79,EFO_1000889,INDICATION,
CHEMBL79,EFO_1000910,INDICATION,
CHEMBL79,EFO_1000941,INDICATION,
CHEMBL79,EFO_1001054,INDICATION,
CHEMBL79,EFO_1001087,INDICATION,
CHEMBL79,EFO_1001097,INDICATION,
CHEMBL79,EFO_1001139,INDICATION,
CHEMBL79,EFO_1001178,INDICATION,
CHEMBL79,EFO_1001219,INDICATION,
CHEMBL79,EFO_1001250,INDICATION,
CHEMBL79,EFO_1001255,INDICATION,
CHEMBL79,EFO_1001412,INDICATION,
CHEMBL79,EFO_1001434,INDICATION,
CHEMBL79,EFO_1001450,CONTRAINDICATION,
CHEMBL79,EFO_1001492,INDICATION,
CHEMBL79,EFO_1001887,INDICATION,
CHEMBL79,EFO_1001896,INDICATION,
CHEMBL79,EFO_1001898,INDICATION,
CHEMBL79,EFO_1001904,INDICATION,
CHEMBL79,EFO_1001951,INDICATION,
CHEMBL79,EFO_1001993,INDICATION,
CHEMBL79,EFO_1001996,INDICATION,
CHEMBL79,EFO_1001998,INDICATION,
CHEMBL79,EFO_1002022,CONTRAINDICATION,
CHEMBL79,EFO_1002025,CONTRAINDICATION,
CHEMBL79,MONDO_0000468,CONTRAINDICATION,
CHEMBL79,MONDO_0001572,INDICATION,
CHEMBL79,MONDO_0001576,CONTRAINDICATION,
CHEMBL79,MONDO_0001744,CONTRAINDICATION,
CHEMBL79,MONDO_0001780,INDICATION,
CHEMBL79,MONDO_0002041,CONTRAINDICATION,
CHEMBL79,MONDO_0002258,INDICATION,
CHEMBL79,MONDO_0002280,CONTRAINDICATION,
CHEMBL79,MONDO_0002406,OFF_LABEL_USE,
CHEMBL79,MONDO_0002691,INDICATION,
CHEMBL79,MONDO_0004567,INDICATION,
CHEMBL79,MONDO_0004577,CONTRAINDICATION,
CHEMBL79,MONDO_0004992,INDICATION,
CHEMBL79,MONDO_0005178,INDICATION,
CHEMBL79,MONDO_0005277,INDICATION,
CHEMBL79,MONDO_0007079,CONTRAINDICATION,
CHEMBL79,MONDO_0007254,INDICATION,
CHEMBL79,MONDO_0008903,INDICATION,
CHEMBL79,MONDO_0018660,CONTRAINDICATION,
CHEMBL79,MONDO_0018896,CONTRAINDICATION,
CHEMBL79,MONDO_0021095,CONTRAINDICATION,
CHEMBL79,MONDO_0041052,INDICATION,
CHEMBL79,MONDO_0100096,INDICATION,
CHEMBL79,MONDO_0100192,CONTRAINDICATION,
CHEMBL79,MP_0001845,INDICATION,
CHEMBL79,MP_0001914,INDICATION,
CHEMBL79,Orphanet_365,INDICATION,
CHEMBL790,EFO_0000341,INDICATION,
CHEMBL790,EFO_0000544,INDICATION,
CHEMBL790,EFO_0000649,CONTRAINDICATION,
CHEMBL790,EFO_0000764,INDICATION,
CHEMBL790,EFO_0000771,INDICATION,
CHEMBL790,EFO_0003030,INDICATION,
CHEMBL790,EFO_0003033,INDICATION,
CHEMBL790,EFO_0003106,INDICATION,
CHEMBL790,EFO_0003819,INDICATION,
CHEMBL790,EFO_0005681,INDICATION,
CHEMBL790,EFO_0005741,INDICATION,
CHEMBL790,EFO_0006859,INDICATION,
CHEMBL790,EFO_0007126,INDICATION,
CHEMBL790,EFO_0007543,INDICATION,
CHEMBL790,EFO_1000874,INDICATION,
CHEMBL790,EFO_1000893,OFF_LABEL_USE,
CHEMBL790,EFO_1001390,INDICATION,
CHEMBL790,EFO_1001459,INDICATION,
CHEMBL790,EFO_1001865,INDICATION,
CHEMBL790,EFO_1001888,INDICATION,
CHEMBL790,EFO_1001898,INDICATION,
CHEMBL790,EFO_1001904,INDICATION,
CHEMBL790,MONDO_0001475,INDICATION,
CHEMBL790,MONDO_0002258,INDICATION,
CHEMBL790,MONDO_0002508,INDICATION,
CHEMBL790,MONDO_0002635,INDICATION,
CHEMBL790,MONDO_0009061,INDICATION,
CHEMBL790,MONDO_0043544,INDICATION,
CHEMBL790,MONDO_0043771,INDICATION,
CHEMBL790,MONDO_0100096,INDICATION,
CHEMBL79261,MONDO_0002050,INDICATION,
CHEMBL79280,EFO_0000182,INDICATION,
CHEMBL79280,EFO_0000616,INDICATION,
CHEMBL79280,MONDO_0008903,INDICATION,
CHEMBL796,EFO_0000318,CONTRAINDICATION,
CHEMBL796,EFO_0000474,CONTRAINDICATION,
CHEMBL796,EFO_0000537,CONTRAINDICATION,
CHEMBL796,EFO_0000612,CONTRAINDICATION,
CHEMBL796,EFO_0000712,CONTRAINDICATION,
CHEMBL796,EFO_0001358,INDICATION,
CHEMBL796,EFO_0001642,INDICATION,
CHEMBL796,EFO_0001645,CONTRAINDICATION,
CHEMBL796,EFO_0001663,INDICATION,
CHEMBL796,EFO_0002610,INDICATION,
CHEMBL796,EFO_0003768,INDICATION,
CHEMBL796,EFO_0003833,INDICATION,
CHEMBL796,EFO_0003840,INDICATION,
CHEMBL796,EFO_0003843,INDICATION,
CHEMBL796,EFO_0003888,INDICATION,
CHEMBL796,EFO_0003890,CONTRAINDICATION,
CHEMBL796,EFO_0003929,INDICATION,
CHEMBL796,EFO_0004216,INDICATION,
CHEMBL796,EFO_0004701,INDICATION,
CHEMBL796,EFO_0004895,CONTRAINDICATION,
CHEMBL796,EFO_0005203,INDICATION,
CHEMBL796,EFO_0005252,INDICATION,
CHEMBL796,EFO_0005323,INDICATION,
CHEMBL796,EFO_0005407,CONTRAINDICATION,
CHEMBL796,EFO_0005611,INDICATION,
CHEMBL796,EFO_0007625,INDICATION,
CHEMBL796,EFO_0008568,INDICATION,
CHEMBL796,EFO_0009189,CONTRAINDICATION,
CHEMBL796,EFO_0009190,CONTRAINDICATION,
CHEMBL796,EFO_0009267,INDICATION,
CHEMBL796,MONDO_0002009,INDICATION,
CHEMBL796,MONDO_0002050,OFF_LABEL_USE,
CHEMBL796,MONDO_0002280,CONTRAINDICATION,
CHEMBL796,MONDO_0002491,CONTRAINDICATION,
CHEMBL796,MONDO_0004975,INDICATION,
CHEMBL796,MONDO_0004985,CONTRAINDICATION,
CHEMBL796,MONDO_0004992,INDICATION,
CHEMBL796,MONDO_0005041,CONTRAINDICATION,
CHEMBL796,MONDO_0005090,INDICATION,
CHEMBL796,MONDO_0005180,INDICATION,
CHEMBL796,MONDO_0005301,INDICATION,
CHEMBL796,MONDO_0005351,CONTRAINDICATION,
CHEMBL796,MONDO_0007079,CONTRAINDICATION,
CHEMBL796,MONDO_0008315,INDICATION,
CHEMBL796,MONDO_0011184,INDICATION,
CHEMBL796,MONDO_0011382,INDICATION,
CHEMBL796,MONDO_0015183,CONTRAINDICATION,
CHEMBL796,MONDO_0016158,INDICATION,
CHEMBL796,MONDO_0021107,INDICATION,
CHEMBL796,MONDO_0043510,INDICATION,
CHEMBL797,EFO_0000474,INDICATION,
CHEMBL797,MONDO_0850093,INDICATION,
CHEMBL799,EFO_0000319,INDICATION,
CHEMBL799,EFO_0000685,INDICATION,
CHEMBL799,EFO_0000712,INDICATION,
CHEMBL799,EFO_0001645,INDICATION,
CHEMBL799,EFO_0003086,CONTRAINDICATION,
CHEMBL799,EFO_0003144,INDICATION,
CHEMBL799,EFO_0003763,INDICATION,
CHEMBL799,EFO_0003843,INDICATION,
CHEMBL799,EFO_0003875,INDICATION,
CHEMBL799,EFO_0003876,INDICATION,
CHEMBL799,EFO_0003914,INDICATION,
CHEMBL799,EFO_0004265,INDICATION,
CHEMBL799,EFO_0008493,INDICATION,
CHEMBL799,MONDO_0002679,INDICATION,
CHEMBL799,MONDO_0005178,INDICATION,
CHEMBL799,Orphanet_136,INDICATION,
CHEMBL8,DOID_7551,INDICATION,
CHEMBL8,EFO_0000095,INDICATION,
CHEMBL8,EFO_0000222,INDICATION,
CHEMBL8,EFO_0000341,INDICATION,
CHEMBL8,EFO_0000384,INDICATION,
CHEMBL8,EFO_0000474,CONTRAINDICATION,
CHEMBL8,EFO_0000544,INDICATION,
CHEMBL8,EFO_0000574,INDICATION,
CHEMBL8,EFO_0000616,INDICATION,
CHEMBL8,EFO_0000685,INDICATION,
CHEMBL8,EFO_0000771,INDICATION,
CHEMBL8,EFO_0000778,INDICATION,
CHEMBL8,EFO_0001076,INDICATION,
CHEMBL8,EFO_0002618,INDICATION,
CHEMBL8,EFO_0003030,INDICATION,
CHEMBL8,EFO_0003033,INDICATION,
CHEMBL8,EFO_0003047,INDICATION,
CHEMBL8,EFO_0003086,CONTRAINDICATION,
CHEMBL8,EFO_0003100,CONTRAINDICATION,
CHEMBL8,EFO_0003102,INDICATION,
CHEMBL8,EFO_0003103,INDICATION,
CHEMBL8,EFO_0003106,INDICATION,
CHEMBL8,EFO_0003818,INDICATION,
CHEMBL8,EFO_0003830,INDICATION,
CHEMBL8,EFO_0004238,INDICATION,
CHEMBL8,EFO_0004991,CONTRAINDICATION,
CHEMBL8,EFO_0004992,INDICATION,
CHEMBL8,EFO_0005307,CONTRAINDICATION,
CHEMBL8,EFO_0005585,INDICATION,
CHEMBL8,EFO_0005681,INDICATION,
CHEMBL8,EFO_0005741,INDICATION,
CHEMBL8,EFO_0006505,INDICATION,
CHEMBL8,EFO_0006789,INDICATION,
CHEMBL8,EFO_0007160,INDICATION,
CHEMBL8,EFO_0007470,INDICATION,
CHEMBL8,EFO_0007486,INDICATION,
CHEMBL8,EFO_0007499,INDICATION,
CHEMBL8,EFO_0008588,INDICATION,
CHEMBL8,EFO_0009425,INDICATION,
CHEMBL8,EFO_0009560,INDICATION,
CHEMBL8,EFO_0010282,INDICATION,
CHEMBL8,EFO_1000025,INDICATION,
CHEMBL8,EFO_1000657,INDICATION,
CHEMBL8,EFO_1000802,INDICATION,
CHEMBL8,EFO_1000829,INDICATION,
CHEMBL8,EFO_1001141,INDICATION,
CHEMBL8,EFO_1001272,INDICATION,
CHEMBL8,EFO_1001318,INDICATION,
CHEMBL8,EFO_1001345,INDICATION,
CHEMBL8,EFO_1001391,INDICATION,
CHEMBL8,EFO_1001459,INDICATION,
CHEMBL8,EFO_1001463,INDICATION,
CHEMBL8,EFO_1001869,INDICATION,
CHEMBL8,EFO_1001888,INDICATION,
CHEMBL8,MONDO_0001080,INDICATION,
CHEMBL8,MONDO_0001187,INDICATION,
CHEMBL8,MONDO_0001475,INDICATION,
CHEMBL8,MONDO_0001701,OFF_LABEL_USE,
CHEMBL8,MONDO_0002186,INDICATION,
CHEMBL8,MONDO_0004215,OFF_LABEL_USE,
CHEMBL8,MONDO_0004857,CONTRAINDICATION,
CHEMBL8,MONDO_0004976,INDICATION,
CHEMBL8,MONDO_0005129,INDICATION,
CHEMBL8,MONDO_0005184,INDICATION,
CHEMBL8,MONDO_0005247,INDICATION,
CHEMBL8,MONDO_0007254,INDICATION,
CHEMBL8,MONDO_0008315,INDICATION,
CHEMBL8,MONDO_0009061,INDICATION,
CHEMBL8,MONDO_0016047,INDICATION,
CHEMBL8,MONDO_0019171,CONTRAINDICATION,
CHEMBL8,MONDO_0024647,INDICATION,
CHEMBL8,MONDO_0040732,INDICATION,
CHEMBL80,EFO_0000341,CONTRAINDICATION,
CHEMBL80,EFO_0000464,CONTRAINDICATION,
CHEMBL80,EFO_0000474,CONTRAINDICATION,
CHEMBL80,EFO_0000555,INDICATION,
CHEMBL80,EFO_0000729,CONTRAINDICATION,
CHEMBL80,EFO_0001073,INDICATION,
CHEMBL80,EFO_0001074,CONTRAINDICATION,
CHEMBL80,EFO_0003047,INDICATION,
CHEMBL80,EFO_0003086,CONTRAINDICATION,
CHEMBL80,EFO_0003767,CONTRAINDICATION,
CHEMBL80,EFO_0003832,CONTRAINDICATION,
CHEMBL80,EFO_0003833,CONTRAINDICATION,
CHEMBL80,EFO_0003843,INDICATION,
CHEMBL80,EFO_0003890,CONTRAINDICATION,
CHEMBL80,EFO_0004239,CONTRAINDICATION,
CHEMBL80,EFO_0004240,INDICATION,
CHEMBL80,EFO_0004270,INDICATION,
CHEMBL80,EFO_0004699,INDICATION,
CHEMBL80,EFO_0004705,CONTRAINDICATION,
CHEMBL80,EFO_0005203,INDICATION,
CHEMBL80,EFO_0005251,CONTRAINDICATION,
CHEMBL80,EFO_0005252,CONTRAINDICATION,
CHEMBL80,EFO_0005307,CONTRAINDICATION,
CHEMBL80,EFO_0005611,INDICATION,
CHEMBL80,EFO_0005612,INDICATION,
CHEMBL80,EFO_0005762,INDICATION,
CHEMBL80,EFO_0005800,INDICATION,
CHEMBL80,EFO_0006834,INDICATION,
CHEMBL80,EFO_0009491,CONTRAINDICATION,
CHEMBL80,EFO_0010702,INDICATION,
CHEMBL80,EFO_1000785,INDICATION,
CHEMBL80,EFO_1000800,CONTRAINDICATION,
CHEMBL80,EFO_1000902,CONTRAINDICATION,
CHEMBL80,EFO_1001051,INDICATION,
CHEMBL80,EFO_1001132,CONTRAINDICATION,
CHEMBL80,MONDO_0001583,INDICATION,
CHEMBL80,MONDO_0002009,INDICATION,
CHEMBL80,MONDO_0002203,CONTRAINDICATION,
CHEMBL80,MONDO_0002491,CONTRAINDICATION,
CHEMBL80,MONDO_0004565,INDICATION,
CHEMBL80,MONDO_0004596,CONTRAINDICATION,
CHEMBL80,MONDO_0005147,INDICATION,
CHEMBL80,MONDO_0005178,INDICATION,
CHEMBL80,MONDO_0005180,INDICATION,
CHEMBL80,MONDO_0015129,CONTRAINDICATION,
CHEMBL80,MONDO_0018555,INDICATION,
CHEMBL80,MONDO_0019171,CONTRAINDICATION,
CHEMBL802,EFO_0000319,CONTRAINDICATION,
CHEMBL802,EFO_0000537,INDICATION,
CHEMBL802,EFO_0000612,CONTRAINDICATION,
CHEMBL802,EFO_0000712,CONTRAINDICATION,
CHEMBL802,EFO_0003086,CONTRAINDICATION,
CHEMBL802,EFO_0003763,CONTRAINDICATION,
CHEMBL802,EFO_0004191,INDICATION,
CHEMBL802,EFO_0005252,CONTRAINDICATION,
CHEMBL802,EFO_0007427,CONTRAINDICATION,
CHEMBL802,EFO_1000761,CONTRAINDICATION,
CHEMBL802,EFO_1001285,CONTRAINDICATION,
CHEMBL802,MONDO_0001370,CONTRAINDICATION,
CHEMBL802,MONDO_0003037,INDICATION,
CHEMBL802,MONDO_0004907,INDICATION,
CHEMBL802,MONDO_0008170,INDICATION,
CHEMBL802,MONDO_0008233,CONTRAINDICATION,
CHEMBL803,EFO_0000094,INDICATION,
CHEMBL803,EFO_0000095,INDICATION,
CHEMBL803,EFO_0000096,INDICATION,
CHEMBL803,EFO_0000183,INDICATION,
CHEMBL803,EFO_0000198,INDICATION,
CHEMBL803,EFO_0000209,INDICATION,
CHEMBL803,EFO_0000211,INDICATION,
CHEMBL803,EFO_0000218,INDICATION,
CHEMBL803,EFO_0000220,INDICATION,
CHEMBL803,EFO_0000221,INDICATION,
CHEMBL803,EFO_0000222,INDICATION,
CHEMBL803,EFO_0000223,INDICATION,
CHEMBL803,EFO_0000224,INDICATION,
CHEMBL803,EFO_0000309,OFF_LABEL_USE,
CHEMBL803,EFO_0000318,CONTRAINDICATION,
CHEMBL803,EFO_0000339,OFF_LABEL_USE,
CHEMBL803,EFO_0000403,OFF_LABEL_USE,
CHEMBL803,EFO_0000479,INDICATION,
CHEMBL803,EFO_0000519,INDICATION,
CHEMBL803,EFO_0000565,INDICATION,
CHEMBL803,EFO_0000574,INDICATION,
CHEMBL803,EFO_0000616,INDICATION,
CHEMBL803,EFO_0000691,INDICATION,
CHEMBL803,EFO_0000756,INDICATION,
CHEMBL803,EFO_0000771,CONTRAINDICATION,
CHEMBL803,EFO_0001068,INDICATION,
CHEMBL803,EFO_0001378,INDICATION,
CHEMBL803,EFO_0002428,INDICATION,
CHEMBL803,EFO_0002429,INDICATION,
CHEMBL803,EFO_0002939,INDICATION,
CHEMBL803,EFO_0003025,INDICATION,
CHEMBL803,EFO_0003027,INDICATION,
CHEMBL803,EFO_0003028,INDICATION,
CHEMBL803,EFO_0003029,INDICATION,
CHEMBL803,EFO_0003032,INDICATION,
CHEMBL803,EFO_0003086,CONTRAINDICATION,
CHEMBL803,EFO_0003100,CONTRAINDICATION,
CHEMBL803,EFO_0003802,INDICATION,
CHEMBL803,EFO_0003811,INDICATION,
CHEMBL803,EFO_0003833,INDICATION,
CHEMBL803,EFO_0003851,INDICATION,
CHEMBL803,EFO_0003884,INDICATION,
CHEMBL803,EFO_0003928,CONTRAINDICATION,
CHEMBL803,EFO_0003929,INDICATION,
CHEMBL803,EFO_0004191,INDICATION,
CHEMBL803,EFO_0004251,INDICATION,
CHEMBL803,EFO_0004256,INDICATION,
CHEMBL803,EFO_0004289,INDICATION,
CHEMBL803,EFO_0004991,INDICATION,
CHEMBL803,EFO_0005952,INDICATION,
CHEMBL803,EFO_0006475,INDICATION,
CHEMBL803,EFO_0007498,INDICATION,
CHEMBL803,EFO_0009538,INDICATION,
CHEMBL803,EFO_0009688,CONTRAINDICATION,
CHEMBL803,EFO_1000131,INDICATION,
CHEMBL803,EFO_1000158,INDICATION,
CHEMBL803,EFO_1000286,INDICATION,
CHEMBL803,EFO_1000309,INDICATION,
CHEMBL803,EFO_1000318,INDICATION,
CHEMBL803,EFO_1000652,CONTRAINDICATION,
CHEMBL803,EFO_1000781,INDICATION,
CHEMBL803,EFO_1000823,INDICATION,
CHEMBL803,EFO_1001012,INDICATION,
CHEMBL803,EFO_1001052,INDICATION,
CHEMBL803,EFO_1001134,CONTRAINDICATION,
CHEMBL803,EFO_1001257,INDICATION,
CHEMBL803,EFO_1001365,INDICATION,
CHEMBL803,EFO_1001383,INDICATION,
CHEMBL803,EFO_1001469,INDICATION,
CHEMBL803,EFO_1001779,INDICATION,
CHEMBL803,MONDO_0000831,INDICATION,
CHEMBL803,MONDO_0000870,INDICATION,
CHEMBL803,MONDO_0000873,INDICATION,
CHEMBL803,MONDO_0001475,INDICATION,
CHEMBL803,MONDO_0002041,CONTRAINDICATION,
CHEMBL803,MONDO_0002280,CONTRAINDICATION,
CHEMBL803,MONDO_0004992,INDICATION,
CHEMBL803,MONDO_0007254,INDICATION,
CHEMBL803,MONDO_0007915,INDICATION,
CHEMBL803,MONDO_0008170,INDICATION,
CHEMBL803,MONDO_0008315,INDICATION,
CHEMBL803,MONDO_0009348,INDICATION,
CHEMBL803,MONDO_0013730,INDICATION,
CHEMBL803,MONDO_0018906,INDICATION,
CHEMBL803,MONDO_0019460,INDICATION,
CHEMBL803,MONDO_0019471,INDICATION,
CHEMBL803,MONDO_0044881,INDICATION,
CHEMBL803,MONDO_0044903,INDICATION,
CHEMBL803,MONDO_0044917,INDICATION,
CHEMBL803,MONDO_0100130,CONTRAINDICATION,
CHEMBL8030,MONDO_0005148,INDICATION,
CHEMBL80386,EFO_0000341,INDICATION,
CHEMBL80386,EFO_0000616,INDICATION,
CHEMBL80386,EFO_0002618,INDICATION,
CHEMBL80386,EFO_0003860,INDICATION,
CHEMBL80386,MONDO_0005184,INDICATION,
CHEMBL806,EFO_0000196,INDICATION,
CHEMBL806,EFO_0000313,INDICATION,
CHEMBL806,EFO_0000616,INDICATION,
CHEMBL806,EFO_0000660,INDICATION,
CHEMBL806,EFO_0000673,INDICATION,
CHEMBL806,EFO_0001663,INDICATION,
CHEMBL806,EFO_0007287,CONTRAINDICATION,
CHEMBL806,MONDO_0001117,CONTRAINDICATION,
CHEMBL806,MONDO_0008170,INDICATION,
CHEMBL806,MONDO_0008315,INDICATION,
CHEMBL806,MONDO_0021259,INDICATION,
CHEMBL806,MONDO_0100192,CONTRAINDICATION,
CHEMBL807,EFO_0000326,INDICATION,
CHEMBL807,EFO_0000519,INDICATION,
CHEMBL807,EFO_0001073,INDICATION,
CHEMBL807,EFO_0002610,INDICATION,
CHEMBL807,EFO_0003756,INDICATION,
CHEMBL807,EFO_0003757,INDICATION,
CHEMBL807,EFO_0003758,INDICATION,
CHEMBL807,EFO_0003768,INDICATION,
CHEMBL807,EFO_0003833,INDICATION,
CHEMBL807,EFO_0003843,INDICATION,
CHEMBL807,EFO_0003890,INDICATION,
CHEMBL807,EFO_0004190,INDICATION,
CHEMBL807,EFO_0004240,INDICATION,
CHEMBL807,EFO_0004242,INDICATION,
CHEMBL807,EFO_0004329,INDICATION,
CHEMBL807,EFO_0004699,INDICATION,
CHEMBL807,EFO_0005230,INDICATION,
CHEMBL807,EFO_0005407,INDICATION,
CHEMBL807,EFO_0005411,INDICATION,
CHEMBL807,EFO_0005611,INDICATION,
CHEMBL807,EFO_0005687,INDICATION,
CHEMBL807,EFO_0005762,INDICATION,
CHEMBL807,EFO_0007328,INDICATION,
CHEMBL807,EFO_0009386,INDICATION,
CHEMBL807,EFO_1001465,INDICATION,
CHEMBL807,EFO_1001801,INDICATION,
CHEMBL807,MONDO_0001343,CONTRAINDICATION,
CHEMBL807,MONDO_0002009,INDICATION,
CHEMBL807,MONDO_0002046,INDICATION,
CHEMBL807,MONDO_0002050,INDICATION,
CHEMBL807,MONDO_0002491,INDICATION,
CHEMBL807,MONDO_0004681,INDICATION,
CHEMBL807,MONDO_0004975,INDICATION,
CHEMBL807,MONDO_0004976,INDICATION,
CHEMBL807,MONDO_0004985,INDICATION,
CHEMBL807,MONDO_0004992,INDICATION,
CHEMBL807,MONDO_0005090,INDICATION,
CHEMBL807,MONDO_0005180,INDICATION,
CHEMBL807,MONDO_0005277,INDICATION,
CHEMBL807,MONDO_0005301,INDICATION,
CHEMBL807,MONDO_0007079,INDICATION,
CHEMBL807,MONDO_0007739,INDICATION,
CHEMBL807,MONDO_0007915,INDICATION,
CHEMBL807,MONDO_0010383,INDICATION,
CHEMBL807,MONDO_0011382,INDICATION,
CHEMBL807,MONDO_0017276,INDICATION,
CHEMBL808,EFO_0007421,OFF_LABEL_USE,
CHEMBL808,EFO_0007439,INDICATION,
CHEMBL808,EFO_0007512,INDICATION,
CHEMBL808,MONDO_0000879,INDICATION,
CHEMBL80830,EFO_0000685,INDICATION,
CHEMBL80830,EFO_0004274,INDICATION,
CHEMBL80830,EFO_0005755,INDICATION,
CHEMBL80830,MONDO_0009067,INDICATION,
CHEMBL80830,MONDO_0100096,INDICATION,
CHEMBL8085,EFO_0003086,CONTRAINDICATION,
CHEMBL8085,EFO_0003777,CONTRAINDICATION,
CHEMBL8085,EFO_0004287,CONTRAINDICATION,
CHEMBL8085,EFO_0008583,INDICATION,
CHEMBL8085,EFO_1001121,INDICATION,
CHEMBL8085,EFO_1001901,INDICATION,
CHEMBL8085,MONDO_0001566,CONTRAINDICATION,
CHEMBL8085,MONDO_0005148,INDICATION,
CHEMBL8085,MONDO_0019259,CONTRAINDICATION,
CHEMBL8085,MONDO_0019338,CONTRAINDICATION,
CHEMBL8085,MONDO_0024327,CONTRAINDICATION,
CHEMBL8085,Orphanet_79254,CONTRAINDICATION,
CHEMBL809,EFO_0000198,INDICATION,
CHEMBL809,EFO_0000222,INDICATION,
CHEMBL809,EFO_0000474,CONTRAINDICATION,
CHEMBL809,EFO_0000519,INDICATION,
CHEMBL809,EFO_0001073,INDICATION,
CHEMBL809,EFO_0001358,INDICATION,
CHEMBL809,EFO_0002610,INDICATION,
CHEMBL809,EFO_0003047,INDICATION,
CHEMBL809,EFO_0003756,INDICATION,
CHEMBL809,EFO_0003758,INDICATION,
CHEMBL809,EFO_0003890,INDICATION,
CHEMBL809,EFO_0004242,INDICATION,
CHEMBL809,EFO_0004247,INDICATION,
CHEMBL809,EFO_0004262,INDICATION,
CHEMBL809,EFO_0004698,INDICATION,
CHEMBL809,EFO_0005230,INDICATION,
CHEMBL809,EFO_0007211,INDICATION,
CHEMBL809,EFO_0007228,INDICATION,
CHEMBL809,EFO_0007453,INDICATION,
CHEMBL809,EFO_0009314,CONTRAINDICATION,
CHEMBL809,EFO_1000982,CONTRAINDICATION,
CHEMBL809,EFO_1001379,CONTRAINDICATION,
CHEMBL809,EFO_1001842,CONTRAINDICATION,
CHEMBL809,EFO_1001892,INDICATION,
CHEMBL809,EFO_1001917,INDICATION,
CHEMBL809,MONDO_0002009,INDICATION,
CHEMBL809,MONDO_0002046,INDICATION,
CHEMBL809,MONDO_0002050,INDICATION,
CHEMBL809,MONDO_0004985,CONTRAINDICATION,
CHEMBL809,MONDO_0005090,INDICATION,
CHEMBL809,MONDO_0007079,INDICATION,
CHEMBL809,MONDO_0007739,INDICATION,
CHEMBL809,MONDO_0010383,INDICATION,
CHEMBL809,MONDO_0043510,INDICATION,
CHEMBL81,EFO_0000275,CONTRAINDICATION,
CHEMBL81,EFO_0000537,CONTRAINDICATION,
CHEMBL81,EFO_0000660,INDICATION,
CHEMBL81,EFO_0000673,INDICATION,
CHEMBL81,EFO_0000694,INDICATION,
CHEMBL81,EFO_0000712,CONTRAINDICATION,
CHEMBL81,EFO_0001645,CONTRAINDICATION,
CHEMBL81,EFO_0003764,CONTRAINDICATION,
CHEMBL81,EFO_0003854,INDICATION,
CHEMBL81,EFO_0003882,INDICATION,
CHEMBL81,EFO_0005411,INDICATION,
CHEMBL81,EFO_0009315,CONTRAINDICATION,
CHEMBL81,MONDO_0001343,CONTRAINDICATION,
CHEMBL81,MONDO_0004975,INDICATION,
CHEMBL81,MONDO_0005090,INDICATION,
CHEMBL81,MONDO_0007254,INDICATION,
CHEMBL81,MONDO_0011962,INDICATION,
CHEMBL810,EFO_0000174,INDICATION,
CHEMBL810,EFO_0000182,INDICATION,
CHEMBL810,EFO_0000196,INDICATION,
CHEMBL810,EFO_0000198,INDICATION,
CHEMBL810,EFO_0000222,INDICATION,
CHEMBL810,EFO_0000239,INDICATION,
CHEMBL810,EFO_0000248,INDICATION,
CHEMBL810,EFO_0000272,INDICATION,
CHEMBL810,EFO_0000326,INDICATION,
CHEMBL810,EFO_0000365,INDICATION,
CHEMBL810,EFO_0000389,INDICATION,
CHEMBL810,EFO_0000437,INDICATION,
CHEMBL810,EFO_0000502,INDICATION,
CHEMBL810,EFO_0000519,INDICATION,
CHEMBL810,EFO_0000565,INDICATION,
CHEMBL810,EFO_0000574,INDICATION,
CHEMBL810,EFO_0000616,INDICATION,
CHEMBL810,EFO_0000621,INDICATION,
CHEMBL810,EFO_0000630,INDICATION,
CHEMBL810,EFO_0000632,INDICATION,
CHEMBL810,EFO_0000673,INDICATION,
CHEMBL810,EFO_0000691,INDICATION,
CHEMBL810,EFO_0000702,INDICATION,
CHEMBL810,EFO_0000756,INDICATION,
CHEMBL810,EFO_0001062,INDICATION,
CHEMBL810,EFO_0002499,INDICATION,
CHEMBL810,EFO_0002501,INDICATION,
CHEMBL810,EFO_0002617,INDICATION,
CHEMBL810,EFO_0002618,INDICATION,
CHEMBL810,EFO_0002918,INDICATION,
CHEMBL810,EFO_0002939,INDICATION,
CHEMBL810,EFO_0003060,INDICATION,
CHEMBL810,EFO_0003828,INDICATION,
CHEMBL810,EFO_0003833,INDICATION,
CHEMBL810,EFO_0004142,INDICATION,
CHEMBL810,EFO_0005220,INDICATION,
CHEMBL810,EFO_0005543,INDICATION,
CHEMBL810,EFO_0005774,INDICATION,
CHEMBL810,EFO_0005952,INDICATION,
CHEMBL810,EFO_0006545,INDICATION,
CHEMBL810,EFO_0007416,INDICATION,
CHEMBL810,EFO_0009254,INDICATION,
CHEMBL810,EFO_0009708,INDICATION,
CHEMBL810,EFO_1000026,INDICATION,
CHEMBL810,EFO_1000028,INDICATION,
CHEMBL810,EFO_1000045,INDICATION,
CHEMBL810,EFO_1000158,INDICATION,
CHEMBL810,EFO_1000475,INDICATION,
CHEMBL810,EFO_1000478,INDICATION,
CHEMBL810,EFO_1000657,INDICATION,
CHEMBL810,EFO_1000823,INDICATION,
CHEMBL810,EFO_1000895,INDICATION,
CHEMBL810,EFO_1001465,INDICATION,
CHEMBL810,EFO_1001901,INDICATION,
CHEMBL810,EFO_1001951,INDICATION,
CHEMBL810,EFO_1001968,INDICATION,
CHEMBL810,MONDO_0001657,INDICATION,
CHEMBL810,MONDO_0002120,INDICATION,
CHEMBL810,MONDO_0002158,INDICATION,
CHEMBL810,MONDO_0002280,CONTRAINDICATION,
CHEMBL810,MONDO_0002334,INDICATION,
CHEMBL810,MONDO_0002898,INDICATION,
CHEMBL810,MONDO_0002914,INDICATION,
CHEMBL810,MONDO_0003060,INDICATION,
CHEMBL810,MONDO_0003268,INDICATION,
CHEMBL810,MONDO_0003783,CONTRAINDICATION,
CHEMBL810,MONDO_0004992,INDICATION,
CHEMBL810,MONDO_0006058,INDICATION,
CHEMBL810,MONDO_0007254,INDICATION,
CHEMBL810,MONDO_0008170,INDICATION,
CHEMBL810,MONDO_0008315,INDICATION,
CHEMBL810,MONDO_0008380,INDICATION,
CHEMBL810,MONDO_0008903,INDICATION,
CHEMBL810,MONDO_0011719,INDICATION,
CHEMBL810,MONDO_0015909,CONTRAINDICATION,
CHEMBL810,MONDO_0016717,INDICATION,
CHEMBL810,MONDO_0018271,INDICATION,
CHEMBL810,MONDO_0018975,INDICATION,
CHEMBL810,MONDO_0021632,INDICATION,
CHEMBL810,MONDO_0024503,INDICATION,
CHEMBL810,MONDO_0100192,CONTRAINDICATION,
CHEMBL810,MONDO_0100342,INDICATION,
CHEMBL810,Orphanet_145,INDICATION,
CHEMBL811,EFO_0000319,CONTRAINDICATION,
CHEMBL811,EFO_0000341,CONTRAINDICATION,
CHEMBL811,EFO_0000400,CONTRAINDICATION,
CHEMBL811,EFO_0000464,CONTRAINDICATION,
CHEMBL811,EFO_0000474,CONTRAINDICATION,
CHEMBL811,EFO_0000537,CONTRAINDICATION,
CHEMBL811,EFO_0000612,CONTRAINDICATION,
CHEMBL811,EFO_0000729,CONTRAINDICATION,
CHEMBL811,EFO_0001064,CONTRAINDICATION,
CHEMBL811,EFO_0001074,CONTRAINDICATION,
CHEMBL811,EFO_0001645,CONTRAINDICATION,
CHEMBL811,EFO_0003086,CONTRAINDICATION,
CHEMBL811,EFO_0003767,CONTRAINDICATION,
CHEMBL811,EFO_0003832,CONTRAINDICATION,
CHEMBL811,EFO_0003833,CONTRAINDICATION,
CHEMBL811,EFO_0003890,CONTRAINDICATION,
CHEMBL811,EFO_0003956,INDICATION,
CHEMBL811,EFO_0004705,CONTRAINDICATION,
CHEMBL811,EFO_0004991,CONTRAINDICATION,
CHEMBL811,EFO_0005251,CONTRAINDICATION,
CHEMBL811,EFO_0005306,CONTRAINDICATION,
CHEMBL811,EFO_0005531,INDICATION,
CHEMBL811,EFO_0005854,INDICATION,
CHEMBL811,EFO_0007141,INDICATION,
CHEMBL811,EFO_0007214,INDICATION,
CHEMBL811,EFO_0007486,INDICATION,
CHEMBL811,EFO_0007533,INDICATION,
CHEMBL811,EFO_0009086,CONTRAINDICATION,
CHEMBL811,EFO_0009189,CONTRAINDICATION,
CHEMBL811,EFO_0009454,CONTRAINDICATION,
CHEMBL811,EFO_0009571,CONTRAINDICATION,
CHEMBL811,EFO_0009910,CONTRAINDICATION,
CHEMBL811,EFO_1000014,CONTRAINDICATION,
CHEMBL811,EFO_1000652,CONTRAINDICATION,
CHEMBL811,EFO_1000800,CONTRAINDICATION,
CHEMBL811,EFO_1000902,CONTRAINDICATION,
CHEMBL811,EFO_1001069,CONTRAINDICATION,
CHEMBL811,EFO_1001095,CONTRAINDICATION,
CHEMBL811,EFO_1001132,CONTRAINDICATION,
CHEMBL811,MONDO_0001744,CONTRAINDICATION,
CHEMBL811,MONDO_0002203,CONTRAINDICATION,
CHEMBL811,MONDO_0002277,CONTRAINDICATION,
CHEMBL811,MONDO_0002491,CONTRAINDICATION,
CHEMBL811,MONDO_0004247,CONTRAINDICATION,
CHEMBL811,MONDO_0004596,CONTRAINDICATION,
CHEMBL811,MONDO_0005271,INDICATION,
CHEMBL811,MONDO_0007079,CONTRAINDICATION,
CHEMBL811,MONDO_0015129,CONTRAINDICATION,
CHEMBL811,MONDO_0021661,CONTRAINDICATION,
CHEMBL811,MONDO_0100192,CONTRAINDICATION,
CHEMBL812,EFO_0003144,INDICATION,
CHEMBL812,EFO_0004991,INDICATION,
CHEMBL812,EFO_0005251,INDICATION,
CHEMBL812,EFO_0005252,INDICATION,
CHEMBL812,MONDO_0004567,INDICATION,
CHEMBL812,MONDO_0005180,INDICATION,
CHEMBL812,MONDO_0009672,INDICATION,
CHEMBL812,MONDO_0100096,INDICATION,
CHEMBL812,Orphanet_365,INDICATION,
CHEMBL813,EFO_0000275,OFF_LABEL_USE,
CHEMBL813,EFO_0000319,INDICATION,
CHEMBL813,EFO_0000400,CONTRAINDICATION,
CHEMBL813,EFO_0000401,OFF_LABEL_USE,
CHEMBL813,EFO_0000537,INDICATION,
CHEMBL813,EFO_0000694,INDICATION,
CHEMBL813,EFO_0003086,INDICATION,
CHEMBL813,EFO_0004274,CONTRAINDICATION,
CHEMBL813,EFO_0005251,CONTRAINDICATION,
CHEMBL813,EFO_0008506,CONTRAINDICATION,
CHEMBL813,EFO_0009530,CONTRAINDICATION,
CHEMBL813,EFO_1000652,CONTRAINDICATION,
CHEMBL813,EFO_1000899,OFF_LABEL_USE,
CHEMBL813,MONDO_0001134,INDICATION,
CHEMBL813,MONDO_0001566,CONTRAINDICATION,
CHEMBL813,MONDO_0007915,CONTRAINDICATION,
CHEMBL813,MONDO_0018100,CONTRAINDICATION,
CHEMBL813,MONDO_0100096,INDICATION,
CHEMBL814,EFO_0000474,CONTRAINDICATION,
CHEMBL814,EFO_0000616,INDICATION,
CHEMBL814,EFO_0000694,INDICATION,
CHEMBL814,EFO_0001358,OFF_LABEL_USE,
CHEMBL814,EFO_0003758,INDICATION,
CHEMBL814,EFO_0004242,INDICATION,
CHEMBL814,EFO_0004262,INDICATION,
CHEMBL814,EFO_0005230,INDICATION,
CHEMBL814,EFO_0009314,CONTRAINDICATION,
CHEMBL814,EFO_1000982,CONTRAINDICATION,
CHEMBL814,EFO_1001379,CONTRAINDICATION,
CHEMBL814,EFO_1001842,CONTRAINDICATION,
CHEMBL814,EFO_1001892,INDICATION,
CHEMBL814,EFO_1001916,INDICATION,
CHEMBL814,EFO_1001917,INDICATION,
CHEMBL814,EFO_1002014,INDICATION,
CHEMBL814,MONDO_0002009,INDICATION,
CHEMBL814,MONDO_0002050,OFF_LABEL_USE,
CHEMBL814,MONDO_0004985,CONTRAINDICATION,
CHEMBL814,MONDO_0005090,INDICATION,
CHEMBL814,MONDO_0100096,INDICATION,
CHEMBL8145,EFO_0003882,INDICATION,
CHEMBL815,EFO_0000319,CONTRAINDICATION,
CHEMBL815,EFO_0000400,CONTRAINDICATION,
CHEMBL815,EFO_0000474,CONTRAINDICATION,
CHEMBL815,EFO_0000537,CONTRAINDICATION,
CHEMBL815,EFO_0003086,CONTRAINDICATION,
CHEMBL815,EFO_0003818,CONTRAINDICATION,
CHEMBL815,EFO_0005251,CONTRAINDICATION,
CHEMBL815,EFO_0007282,CONTRAINDICATION,
CHEMBL815,EFO_0007442,CONTRAINDICATION,
CHEMBL815,EFO_1001069,CONTRAINDICATION,
CHEMBL815,MONDO_0002050,CONTRAINDICATION,
CHEMBL815,MONDO_0002280,CONTRAINDICATION,
CHEMBL815,MONDO_0002345,CONTRAINDICATION,
CHEMBL815,MONDO_0004979,CONTRAINDICATION,
CHEMBL815,MONDO_0005041,CONTRAINDICATION,
CHEMBL816,EFO_0000196,INDICATION,
CHEMBL816,EFO_0004228,INDICATION,
CHEMBL817,EFO_0000400,INDICATION,
CHEMBL817,EFO_0001380,CONTRAINDICATION,
CHEMBL817,EFO_0003086,CONTRAINDICATION,
CHEMBL817,EFO_1000014,CONTRAINDICATION,
CHEMBL817,EFO_1001226,CONTRAINDICATION,
CHEMBL817,MONDO_0002520,CONTRAINDICATION,
CHEMBL817,MONDO_0005148,INDICATION,
CHEMBL817,MONDO_0007079,CONTRAINDICATION,
CHEMBL817,MONDO_0015129,CONTRAINDICATION,
CHEMBL818,EFO_0000239,INDICATION,
CHEMBL818,EFO_0000373,INDICATION,
CHEMBL818,EFO_0000621,INDICATION,
CHEMBL818,EFO_0003144,INDICATION,
CHEMBL818,EFO_1000453,INDICATION,
CHEMBL818,EFO_1001901,INDICATION,
CHEMBL818,MONDO_0024503,INDICATION,
CHEMBL819,EFO_0000544,INDICATION,
CHEMBL819,EFO_0000771,INDICATION,
CHEMBL819,EFO_0003033,INDICATION,
CHEMBL819,EFO_0003086,CONTRAINDICATION,
CHEMBL819,EFO_0003102,INDICATION,
CHEMBL819,EFO_0005681,INDICATION,
CHEMBL819,EFO_0007326,CONTRAINDICATION,
CHEMBL819,EFO_0007486,INDICATION,
CHEMBL819,EFO_0007496,INDICATION,
CHEMBL819,EFO_1000830,OFF_LABEL_USE,
CHEMBL819,EFO_1001849,INDICATION,
CHEMBL819,MONDO_0002258,INDICATION,
CHEMBL819,MONDO_0004789,OFF_LABEL_USE,
CHEMBL819,MONDO_0021679,INDICATION,
CHEMBL820,EFO_0000095,INDICATION,
CHEMBL820,EFO_0000096,INDICATION,
CHEMBL820,EFO_0000174,INDICATION,
CHEMBL820,EFO_0000183,INDICATION,
CHEMBL820,EFO_0000198,INDICATION,
CHEMBL820,EFO_0000218,INDICATION,
CHEMBL820,EFO_0000220,INDICATION,
CHEMBL820,EFO_0000221,INDICATION,
CHEMBL820,EFO_0000222,INDICATION,
CHEMBL820,EFO_0000223,INDICATION,
CHEMBL820,EFO_0000305,INDICATION,
CHEMBL820,EFO_0000326,INDICATION,
CHEMBL820,EFO_0000339,INDICATION,
CHEMBL820,EFO_0000389,INDICATION,
CHEMBL820,EFO_0000403,INDICATION,
CHEMBL820,EFO_0000474,CONTRAINDICATION,
CHEMBL820,EFO_0000502,INDICATION,
CHEMBL820,EFO_0000508,INDICATION,
CHEMBL820,EFO_0000540,INDICATION,
CHEMBL820,EFO_0000565,INDICATION,
CHEMBL820,EFO_0000574,INDICATION,
CHEMBL820,EFO_0000616,INDICATION,
CHEMBL820,EFO_0000621,INDICATION,
CHEMBL820,EFO_0000691,INDICATION,
CHEMBL820,EFO_0000764,INDICATION,
CHEMBL820,EFO_0000765,INDICATION,
CHEMBL820,EFO_0000771,CONTRAINDICATION,
CHEMBL820,EFO_0001378,INDICATION,
CHEMBL820,EFO_0001642,INDICATION,
CHEMBL820,EFO_0002428,INDICATION,
CHEMBL820,EFO_0002430,INDICATION,
CHEMBL820,EFO_0003025,INDICATION,
CHEMBL820,EFO_0003027,INDICATION,
CHEMBL820,EFO_0003029,INDICATION,
CHEMBL820,EFO_0003765,INDICATION,
CHEMBL820,EFO_0003802,INDICATION,
CHEMBL820,EFO_0003811,INDICATION,
CHEMBL820,EFO_0003833,INDICATION,
CHEMBL820,EFO_0004251,INDICATION,
CHEMBL820,EFO_0004272,INDICATION,
CHEMBL820,EFO_0005555,INDICATION,
CHEMBL820,EFO_0005803,INDICATION,
CHEMBL820,EFO_0005952,INDICATION,
CHEMBL820,EFO_0006475,INDICATION,
CHEMBL820,EFO_0006738,INDICATION,
CHEMBL820,EFO_0006861,INDICATION,
CHEMBL820,EFO_0009448,CONTRAINDICATION,
CHEMBL820,EFO_1000131,INDICATION,
CHEMBL820,EFO_1000158,INDICATION,
CHEMBL820,EFO_1000309,INDICATION,
CHEMBL820,EFO_1000318,INDICATION,
CHEMBL820,EFO_1000690,INDICATION,
CHEMBL820,EFO_1000984,INDICATION,
CHEMBL820,EFO_1001365,INDICATION,
CHEMBL820,EFO_1001380,INDICATION,
CHEMBL820,EFO_1001451,INDICATION,
CHEMBL820,EFO_1001469,INDICATION,
CHEMBL820,EFO_1001779,INDICATION,
CHEMBL820,EFO_1001996,INDICATION,
CHEMBL820,MONDO_0000831,INDICATION,
CHEMBL820,MONDO_0002041,CONTRAINDICATION,
CHEMBL820,MONDO_0002280,CONTRAINDICATION,
CHEMBL820,MONDO_0002367,INDICATION,
CHEMBL820,MONDO_0002691,INDICATION,
CHEMBL820,MONDO_0003751,INDICATION,
CHEMBL820,MONDO_0004992,INDICATION,
CHEMBL820,MONDO_0007254,INDICATION,
CHEMBL820,MONDO_0008170,INDICATION,
CHEMBL820,MONDO_0008380,INDICATION,
CHEMBL820,MONDO_0008978,INDICATION,
CHEMBL820,MONDO_0009254,INDICATION,
CHEMBL820,MONDO_0009499,INDICATION,
CHEMBL820,MONDO_0010006,INDICATION,
CHEMBL820,MONDO_0010100,INDICATION,
CHEMBL820,MONDO_0010518,INDICATION,
CHEMBL820,MONDO_0011382,INDICATION,
CHEMBL820,MONDO_0013730,INDICATION,
CHEMBL820,MONDO_0015760,INDICATION,
CHEMBL820,MONDO_0015974,INDICATION,
CHEMBL820,MONDO_0017198,INDICATION,
CHEMBL820,MONDO_0018100,CONTRAINDICATION,
CHEMBL820,MONDO_0018149,INDICATION,
CHEMBL820,MONDO_0018150,INDICATION,
CHEMBL820,MONDO_0018305,INDICATION,
CHEMBL820,MONDO_0018544,INDICATION,
CHEMBL820,MONDO_0018868,INDICATION,
CHEMBL820,MONDO_0018906,INDICATION,
CHEMBL820,MONDO_0019019,INDICATION,
CHEMBL820,MONDO_0019148,INDICATION,
CHEMBL820,MONDO_0019262,INDICATION,
CHEMBL820,MONDO_0019391,CONTRAINDICATION,
CHEMBL820,MONDO_0020077,INDICATION,
CHEMBL820,MONDO_0044348,INDICATION,
CHEMBL820,MONDO_0044881,INDICATION,
CHEMBL820,MONDO_0044903,INDICATION,
CHEMBL820,Orphanet_277,INDICATION,
CHEMBL820,Orphanet_848,INDICATION,
CHEMBL821,EFO_0004991,INDICATION,
CHEMBL821,EFO_0008524,INDICATION,
CHEMBL821,EFO_0009708,INDICATION,
CHEMBL821,EFO_0020094,INDICATION,
CHEMBL821,EFO_1001901,INDICATION,
CHEMBL821,MONDO_0002280,CONTRAINDICATION,
CHEMBL822,EFO_0000384,INDICATION,
CHEMBL822,EFO_0000729,INDICATION,
CHEMBL822,EFO_0003086,CONTRAINDICATION,
CHEMBL822,EFO_0007207,OFF_LABEL_USE,
CHEMBL822,EFO_0007439,INDICATION,
CHEMBL822,EFO_0007510,INDICATION,
CHEMBL822,EFO_0007512,INDICATION,
CHEMBL822,MONDO_0000879,OFF_LABEL_USE,
CHEMBL822,MONDO_0001628,INDICATION,
CHEMBL822,MONDO_0002041,INDICATION,
CHEMBL822,MONDO_0007079,CONTRAINDICATION,
CHEMBL822,MONDO_0007915,CONTRAINDICATION,
CHEMBL82202,EFO_0004280,INDICATION,
CHEMBL82301,EFO_0000764,INDICATION,
CHEMBL82301,EFO_0000765,INDICATION,
CHEMBL82301,EFO_0004142,INDICATION,
CHEMBL826,DOID_7551,INDICATION,
CHEMBL826,EFO_0000771,INDICATION,
CHEMBL826,EFO_0003102,INDICATION,
CHEMBL826,EFO_0003103,INDICATION,
CHEMBL826,MONDO_0001080,INDICATION,
CHEMBL826,MONDO_0004976,INDICATION,
CHEMBL8260,EFO_0007328,INDICATION,
CHEMBL827,EFO_0000318,CONTRAINDICATION,
CHEMBL827,EFO_0000474,CONTRAINDICATION,
CHEMBL827,EFO_0000537,CONTRAINDICATION,
CHEMBL827,EFO_0000612,CONTRAINDICATION,
CHEMBL827,EFO_0000712,CONTRAINDICATION,
CHEMBL827,EFO_0001645,CONTRAINDICATION,
CHEMBL827,EFO_0003888,INDICATION,
CHEMBL827,EFO_0003890,CONTRAINDICATION,
CHEMBL827,EFO_0004895,CONTRAINDICATION,
CHEMBL827,EFO_0005407,CONTRAINDICATION,
CHEMBL827,MONDO_0002280,CONTRAINDICATION,
CHEMBL827,MONDO_0004985,CONTRAINDICATION,
CHEMBL827,MONDO_0005041,CONTRAINDICATION,
CHEMBL827,MONDO_0007079,CONTRAINDICATION,
CHEMBL829,EFO_0000474,CONTRAINDICATION,
CHEMBL829,EFO_0000612,CONTRAINDICATION,
CHEMBL829,EFO_0001073,CONTRAINDICATION,
CHEMBL829,EFO_0005252,CONTRAINDICATION,
CHEMBL829,EFO_0005307,CONTRAINDICATION,
CHEMBL829,EFO_0005531,INDICATION,
CHEMBL829,EFO_0005532,INDICATION,
CHEMBL829,EFO_0005854,INDICATION,
CHEMBL829,EFO_0007141,INDICATION,
CHEMBL829,EFO_0007319,CONTRAINDICATION,
CHEMBL829,EFO_1001375,CONTRAINDICATION,
CHEMBL829,EFO_1001379,CONTRAINDICATION,
CHEMBL829,MONDO_0002280,CONTRAINDICATION,
CHEMBL829,MONDO_0005041,CONTRAINDICATION,
CHEMBL829,MONDO_0005271,INDICATION,
CHEMBL829,MONDO_0007079,CONTRAINDICATION,
CHEMBL829,MONDO_0019171,CONTRAINDICATION,
CHEMBL829,MONDO_0021095,CONTRAINDICATION,
CHEMBL83,EFO_0000232,INDICATION,
CHEMBL83,EFO_0000294,INDICATION,
CHEMBL83,EFO_0000305,INDICATION,
CHEMBL83,EFO_0000389,INDICATION,
CHEMBL83,EFO_0000432,INDICATION,
CHEMBL83,EFO_0000519,INDICATION,
CHEMBL83,EFO_0000536,INDICATION,
CHEMBL83,EFO_0000537,INDICATION,
CHEMBL83,EFO_0000545,INDICATION,
CHEMBL83,EFO_0000616,INDICATION,
CHEMBL83,EFO_0000637,INDICATION,
CHEMBL83,EFO_0000712,CONTRAINDICATION,
CHEMBL83,EFO_0000764,INDICATION,
CHEMBL83,EFO_0001075,INDICATION,
CHEMBL83,EFO_0001416,INDICATION,
CHEMBL83,EFO_0003833,INDICATION,
CHEMBL83,EFO_0003843,INDICATION,
CHEMBL83,EFO_0003869,INDICATION,
CHEMBL83,EFO_0004220,INDICATION,
CHEMBL83,EFO_0004248,INDICATION,
CHEMBL83,EFO_0005543,INDICATION,
CHEMBL83,EFO_0006861,INDICATION,
CHEMBL83,EFO_0007532,INDICATION,
CHEMBL83,EFO_0009708,INDICATION,
CHEMBL83,EFO_0009907,INDICATION,
CHEMBL83,EFO_1000158,INDICATION,
CHEMBL83,EFO_1000251,INDICATION,
CHEMBL83,EFO_1000294,INDICATION,
CHEMBL83,EFO_1000984,INDICATION,
CHEMBL83,EFO_1001375,INDICATION,
CHEMBL83,EFO_1001512,OFF_LABEL_USE,
CHEMBL83,EFO_1001901,INDICATION,
CHEMBL83,MONDO_0001187,INDICATION,
CHEMBL83,MONDO_0001566,CONTRAINDICATION,
CHEMBL83,MONDO_0002087,INDICATION,
CHEMBL83,MONDO_0002158,INDICATION,
CHEMBL83,MONDO_0002691,INDICATION,
CHEMBL83,MONDO_0004976,INDICATION,
CHEMBL83,MONDO_0004985,INDICATION,
CHEMBL83,MONDO_0004992,INDICATION,
CHEMBL83,MONDO_0007254,INDICATION,
CHEMBL83,MONDO_0008170,OFF_LABEL_USE,
CHEMBL83,MONDO_0008315,INDICATION,
CHEMBL83,MONDO_0010679,INDICATION,
CHEMBL83,MONDO_0011962,INDICATION,
CHEMBL83,MONDO_0018364,INDICATION,
CHEMBL83,MONDO_0018848,INDICATION,
CHEMBL83,MONDO_0019180,INDICATION,
CHEMBL83,MONDO_0100096,INDICATION,
CHEMBL83,Orphanet_145,INDICATION,
CHEMBL830,DOID_10113,INDICATION,
CHEMBL830,EFO_0000313,INDICATION,
CHEMBL830,EFO_0000519,INDICATION,
CHEMBL830,EFO_0000621,INDICATION,
CHEMBL830,EFO_0002499,INDICATION,
CHEMBL830,EFO_0004142,INDICATION,
CHEMBL830,EFO_0005044,INDICATION,
CHEMBL830,EFO_0005225,INDICATION,
CHEMBL830,EFO_1000697,CONTRAINDICATION,
CHEMBL830,EFO_1001951,INDICATION,
CHEMBL830,MONDO_0001056,INDICATION,
CHEMBL830,MONDO_0001187,INDICATION,
CHEMBL830,MONDO_0002974,INDICATION,
CHEMBL830,MONDO_0005147,INDICATION,
CHEMBL830,MONDO_0007576,INDICATION,
CHEMBL830,MONDO_0008315,INDICATION,
CHEMBL830,MONDO_0021074,INDICATION,
CHEMBL830,MONDO_0100342,INDICATION,
CHEMBL830,Orphanet_733,INDICATION,
CHEMBL831,EFO_0000319,CONTRAINDICATION,
CHEMBL831,EFO_0000341,INDICATION,
CHEMBL831,EFO_0000474,CONTRAINDICATION,
CHEMBL831,EFO_0003768,INDICATION,
CHEMBL831,EFO_0005230,INDICATION,
CHEMBL831,EFO_0005407,INDICATION,
CHEMBL831,EFO_0005762,INDICATION,
CHEMBL831,EFO_0007319,CONTRAINDICATION,
CHEMBL831,EFO_0009267,INDICATION,
CHEMBL831,EFO_0009963,INDICATION,
CHEMBL831,EFO_1001379,CONTRAINDICATION,
CHEMBL831,MONDO_0004979,INDICATION,
CHEMBL831,MONDO_0004985,INDICATION,
CHEMBL831,MONDO_0005041,CONTRAINDICATION,
CHEMBL831,MONDO_0005090,INDICATION,
CHEMBL831,MONDO_0005277,INDICATION,
CHEMBL831,MONDO_0007079,CONTRAINDICATION,
CHEMBL832,EFO_0003086,CONTRAINDICATION,
CHEMBL832,EFO_0003767,CONTRAINDICATION,
CHEMBL832,EFO_0004274,INDICATION,
CHEMBL832,EFO_0005803,CONTRAINDICATION,
CHEMBL832,MONDO_0024647,CONTRAINDICATION,
CHEMBL833,EFO_0000565,CONTRAINDICATION,
CHEMBL833,EFO_0000712,INDICATION,
CHEMBL833,EFO_0002615,INDICATION,
CHEMBL833,EFO_0004265,INDICATION,
CHEMBL833,EFO_0005669,CONTRAINDICATION,
CHEMBL833,EFO_0009314,CONTRAINDICATION,
CHEMBL833,MONDO_0000831,INDICATION,
CHEMBL833,MONDO_0001751,CONTRAINDICATION,
CHEMBL833,MONDO_0015253,CONTRAINDICATION,
CHEMBL833,MONDO_0018896,CONTRAINDICATION,
CHEMBL833,MONDO_0021187,CONTRAINDICATION,
CHEMBL833,Orphanet_124,CONTRAINDICATION,
CHEMBL834,EFO_0000649,CONTRAINDICATION,
CHEMBL834,EFO_0001378,INDICATION,
CHEMBL834,EFO_0003086,CONTRAINDICATION,
CHEMBL834,EFO_0003882,INDICATION,
CHEMBL834,EFO_0004260,INDICATION,
CHEMBL834,EFO_0004261,INDICATION,
CHEMBL834,EFO_1001164,INDICATION,
CHEMBL834,MONDO_0000313,CONTRAINDICATION,
CHEMBL834,MONDO_0007254,INDICATION,
CHEMBL834,MONDO_0018100,CONTRAINDICATION,
CHEMBL834,MONDO_0019019,INDICATION,
CHEMBL83527,EFO_1001512,INDICATION,
CHEMBL836,EFO_0000284,INDICATION,
CHEMBL836,EFO_0000536,INDICATION,
CHEMBL836,EFO_0000537,INDICATION,
CHEMBL836,EFO_0001663,INDICATION,
CHEMBL836,EFO_0003830,INDICATION,
CHEMBL836,EFO_0004234,INDICATION,
CHEMBL836,EFO_0004253,INDICATION,
CHEMBL836,EFO_0005252,CONTRAINDICATION,
CHEMBL836,EFO_0005323,INDICATION,
CHEMBL836,EFO_0803321,INDICATION,
CHEMBL836,EFO_1001228,INDICATION,
CHEMBL836,MONDO_0008315,INDICATION,
CHEMBL836,MONDO_0024647,INDICATION,
CHEMBL83626,EFO_0000400,INDICATION,
CHEMBL83668,EFO_0000544,INDICATION,
CHEMBL83668,EFO_0007439,INDICATION,
CHEMBL83668,EFO_0007510,INDICATION,
CHEMBL83668,EFO_0007512,INDICATION,
CHEMBL83668,MONDO_0001699,INDICATION,
CHEMBL837,EFO_0000702,INDICATION,
CHEMBL837,EFO_1001951,INDICATION,
CHEMBL837,MONDO_0004992,INDICATION,
CHEMBL837,MONDO_0007254,INDICATION,
CHEMBL837,MONDO_0008903,INDICATION,
CHEMBL838,EFO_0000275,OFF_LABEL_USE,
CHEMBL838,EFO_0000319,INDICATION,
CHEMBL838,EFO_0000400,CONTRAINDICATION,
CHEMBL838,EFO_0000401,OFF_LABEL_USE,
CHEMBL838,EFO_0000537,INDICATION,
CHEMBL838,EFO_0000712,INDICATION,
CHEMBL838,EFO_0001645,INDICATION,
CHEMBL838,EFO_0003086,CONTRAINDICATION,
CHEMBL838,EFO_0003914,INDICATION,
CHEMBL838,EFO_0004274,CONTRAINDICATION,
CHEMBL838,EFO_0005251,CONTRAINDICATION,
CHEMBL838,EFO_0005532,CONTRAINDICATION,
CHEMBL838,EFO_0008506,CONTRAINDICATION,
CHEMBL838,EFO_0009530,CONTRAINDICATION,
CHEMBL838,EFO_1000652,CONTRAINDICATION,
CHEMBL838,EFO_1000899,OFF_LABEL_USE,
CHEMBL838,EFO_1000965,INDICATION,
CHEMBL838,EFO_1001986,CONTRAINDICATION,
CHEMBL838,EFO_1002048,INDICATION,
CHEMBL838,MONDO_0001566,CONTRAINDICATION,
CHEMBL838,MONDO_0005148,INDICATION,
CHEMBL838,MONDO_0007915,CONTRAINDICATION,
CHEMBL838,MONDO_0010520,INDICATION,
CHEMBL838,MONDO_0018100,CONTRAINDICATION,
CHEMBL838,MONDO_0018965,INDICATION,
CHEMBL838,MONDO_0019623,CONTRAINDICATION,
CHEMBL838,MONDO_0100192,CONTRAINDICATION,
CHEMBL838,Orphanet_79292,INDICATION,
CHEMBL838,Orphanet_98702,CONTRAINDICATION,
CHEMBL839,EFO_0000319,INDICATION,
CHEMBL839,EFO_0000400,CONTRAINDICATION,
CHEMBL839,EFO_0000464,CONTRAINDICATION,
CHEMBL839,EFO_0000537,INDICATION,
CHEMBL839,EFO_0003144,CONTRAINDICATION,
CHEMBL839,EFO_0004190,INDICATION,
CHEMBL839,EFO_0004991,CONTRAINDICATION,
CHEMBL839,EFO_0006505,CONTRAINDICATION,
CHEMBL839,EFO_1001069,INDICATION,
CHEMBL839,MONDO_0000468,CONTRAINDICATION,
CHEMBL839,MONDO_0004979,CONTRAINDICATION,
CHEMBL839,MONDO_0005041,INDICATION,
CHEMBL84,EFO_0000174,OFF_LABEL_USE,
CHEMBL84,EFO_0000198,INDICATION,
CHEMBL84,EFO_0000220,INDICATION,
CHEMBL84,EFO_0000222,INDICATION,
CHEMBL84,EFO_0000313,INDICATION,
CHEMBL84,EFO_0000326,INDICATION,
CHEMBL84,EFO_0000389,INDICATION,
CHEMBL84,EFO_0000466,INDICATION,
CHEMBL84,EFO_0000502,INDICATION,
CHEMBL84,EFO_0000519,INDICATION,
CHEMBL84,EFO_0000565,INDICATION,
CHEMBL84,EFO_0000574,INDICATION,
CHEMBL84,EFO_0000613,INDICATION,
CHEMBL84,EFO_0000616,INDICATION,
CHEMBL84,EFO_0000621,INDICATION,
CHEMBL84,EFO_0000630,INDICATION,
CHEMBL84,EFO_0000681,INDICATION,
CHEMBL84,EFO_0000691,INDICATION,
CHEMBL84,EFO_0000702,INDICATION,
CHEMBL84,EFO_0001061,INDICATION,
CHEMBL84,EFO_0001075,INDICATION,
CHEMBL84,EFO_0001378,INDICATION,
CHEMBL84,EFO_0001416,INDICATION,
CHEMBL84,EFO_0002087,INDICATION,
CHEMBL84,EFO_0002428,INDICATION,
CHEMBL84,EFO_0002499,INDICATION,
CHEMBL84,EFO_0002501,INDICATION,
CHEMBL84,EFO_0002617,INDICATION,
CHEMBL84,EFO_0002918,INDICATION,
CHEMBL84,EFO_0002939,INDICATION,
CHEMBL84,EFO_0003060,INDICATION,
CHEMBL84,EFO_0003833,INDICATION,
CHEMBL84,EFO_0003851,INDICATION,
CHEMBL84,EFO_0003859,INDICATION,
CHEMBL84,EFO_0003869,INDICATION,
CHEMBL84,EFO_0003893,INDICATION,
CHEMBL84,EFO_0005537,INDICATION,
CHEMBL84,EFO_0005543,INDICATION,
CHEMBL84,EFO_0005561,INDICATION,
CHEMBL84,EFO_0005952,INDICATION,
CHEMBL84,EFO_0007362,INDICATION,
CHEMBL84,EFO_0008498,INDICATION,
CHEMBL84,EFO_0008524,INDICATION,
CHEMBL84,EFO_0009448,CONTRAINDICATION,
CHEMBL84,EFO_1000043,INDICATION,
CHEMBL84,EFO_1000158,INDICATION,
CHEMBL84,EFO_1000251,INDICATION,
CHEMBL84,EFO_1000657,INDICATION,
CHEMBL84,EFO_1000823,INDICATION,
CHEMBL84,EFO_1000895,INDICATION,
CHEMBL84,EFO_1001042,INDICATION,
CHEMBL84,EFO_1001100,INDICATION,
CHEMBL84,EFO_1001331,INDICATION,
CHEMBL84,EFO_1001465,INDICATION,
CHEMBL84,MONDO_0001343,CONTRAINDICATION,
CHEMBL84,MONDO_0002087,INDICATION,
CHEMBL84,MONDO_0002158,INDICATION,
CHEMBL84,MONDO_0002280,CONTRAINDICATION,
CHEMBL84,MONDO_0002380,INDICATION,
CHEMBL84,MONDO_0002974,INDICATION,
CHEMBL84,MONDO_0004992,INDICATION,
CHEMBL84,MONDO_0006058,INDICATION,
CHEMBL84,MONDO_0007254,INDICATION,
CHEMBL84,MONDO_0007576,INDICATION,
CHEMBL84,MONDO_0008170,INDICATION,
CHEMBL84,MONDO_0008315,INDICATION,
CHEMBL84,MONDO_0008380,INDICATION,
CHEMBL84,MONDO_0008903,INDICATION,
CHEMBL84,MONDO_0011962,INDICATION,
CHEMBL84,MONDO_0018271,INDICATION,
CHEMBL84,MONDO_0018364,INDICATION,
CHEMBL84,MONDO_0019004,INDICATION,
CHEMBL84,MONDO_0021063,INDICATION,
CHEMBL84,MONDO_0037745,INDICATION,
CHEMBL84,MONDO_0100096,INDICATION,
CHEMBL84,MONDO_0100342,INDICATION,
CHEMBL841,EFO_0000305,INDICATION,
CHEMBL841,EFO_0000512,INDICATION,
CHEMBL841,EFO_0003060,INDICATION,
CHEMBL841,EFO_0003843,INDICATION,
CHEMBL841,EFO_0003869,INDICATION,
CHEMBL841,EFO_0009130,INDICATION,
CHEMBL841,EFO_0009523,INDICATION,
CHEMBL841,EFO_1001869,CONTRAINDICATION,
CHEMBL841,MONDO_0004565,INDICATION,
CHEMBL841,MONDO_0004992,INDICATION,
CHEMBL841,MONDO_0007254,INDICATION,
CHEMBL84158,EFO_0004895,INDICATION,
CHEMBL84158,EFO_0005230,INDICATION,
CHEMBL84158,EFO_0005407,INDICATION,
CHEMBL84158,MONDO_0002050,INDICATION,
CHEMBL84158,MONDO_0005090,INDICATION,
CHEMBL84158,MONDO_0007739,INDICATION,
CHEMBL842,EFO_0000319,INDICATION,
CHEMBL842,EFO_0000373,INDICATION,
CHEMBL842,EFO_0000400,CONTRAINDICATION,
CHEMBL842,EFO_0000401,CONTRAINDICATION,
CHEMBL842,EFO_0000464,CONTRAINDICATION,
CHEMBL842,EFO_0000474,CONTRAINDICATION,
CHEMBL842,EFO_0000537,INDICATION,
CHEMBL842,EFO_0000538,CONTRAINDICATION,
CHEMBL842,EFO_0000668,INDICATION,
CHEMBL842,EFO_0000676,CONTRAINDICATION,
CHEMBL842,EFO_0000712,CONTRAINDICATION,
CHEMBL842,EFO_0000729,CONTRAINDICATION,
CHEMBL842,EFO_0001422,CONTRAINDICATION,
CHEMBL842,EFO_0001645,CONTRAINDICATION,
CHEMBL842,EFO_0003086,CONTRAINDICATION,
CHEMBL842,EFO_0003777,INDICATION,
CHEMBL842,EFO_0003875,CONTRAINDICATION,
CHEMBL842,EFO_0003884,INDICATION,
CHEMBL842,EFO_0003914,INDICATION,
CHEMBL842,EFO_0004145,CONTRAINDICATION,
CHEMBL842,EFO_0004255,INDICATION,
CHEMBL842,EFO_0004274,CONTRAINDICATION,
CHEMBL842,EFO_0004799,CONTRAINDICATION,
CHEMBL842,EFO_0004991,CONTRAINDICATION,
CHEMBL842,EFO_0005251,CONTRAINDICATION,
CHEMBL842,EFO_0005532,CONTRAINDICATION,
CHEMBL842,EFO_0006505,CONTRAINDICATION,
CHEMBL842,EFO_0008506,CONTRAINDICATION,
CHEMBL842,EFO_0009373,INDICATION,
CHEMBL842,EFO_0009530,CONTRAINDICATION,
CHEMBL842,EFO_1000014,CONTRAINDICATION,
CHEMBL842,EFO_1000652,CONTRAINDICATION,
CHEMBL842,EFO_1000982,CONTRAINDICATION,
CHEMBL842,EFO_1001132,CONTRAINDICATION,
CHEMBL842,EFO_1001264,CONTRAINDICATION,
CHEMBL842,EFO_1001375,CONTRAINDICATION,
CHEMBL842,EFO_1001450,CONTRAINDICATION,
CHEMBL842,EFO_1001986,CONTRAINDICATION,
CHEMBL842,MONDO_0000468,CONTRAINDICATION,
CHEMBL842,MONDO_0001343,CONTRAINDICATION,
CHEMBL842,MONDO_0001566,CONTRAINDICATION,
CHEMBL842,MONDO_0001751,CONTRAINDICATION,
CHEMBL842,MONDO_0001823,CONTRAINDICATION,
CHEMBL842,MONDO_0002050,CONTRAINDICATION,
CHEMBL842,MONDO_0002280,CONTRAINDICATION,
CHEMBL842,MONDO_0002462,INDICATION,
CHEMBL842,MONDO_0004247,CONTRAINDICATION,
CHEMBL842,MONDO_0004979,CONTRAINDICATION,
CHEMBL842,MONDO_0005147,CONTRAINDICATION,
CHEMBL842,MONDO_0005148,CONTRAINDICATION,
CHEMBL842,MONDO_0007915,CONTRAINDICATION,
CHEMBL842,MONDO_0008233,CONTRAINDICATION,
CHEMBL842,MONDO_0016383,OFF_LABEL_USE,
CHEMBL842,MONDO_0018100,CONTRAINDICATION,
CHEMBL842,MONDO_0019542,CONTRAINDICATION,
CHEMBL842,MONDO_0019623,CONTRAINDICATION,
CHEMBL842,MONDO_0021095,CONTRAINDICATION,
CHEMBL842,MONDO_0037821,CONTRAINDICATION,
CHEMBL842,MONDO_0042981,CONTRAINDICATION,
CHEMBL842,MONDO_0100192,CONTRAINDICATION,
CHEMBL842,Orphanet_98702,CONTRAINDICATION,
CHEMBL843,EFO_0000373,INDICATION,
CHEMBL843,EFO_0000400,INDICATION,
CHEMBL843,EFO_0000691,INDICATION,
CHEMBL843,EFO_0000764,INDICATION,
CHEMBL843,EFO_0002614,INDICATION,
CHEMBL843,EFO_0003914,INDICATION,
CHEMBL843,EFO_0006859,INDICATION,
CHEMBL843,EFO_1000158,INDICATION,
CHEMBL843,EFO_1001110,INDICATION,
CHEMBL843,EFO_1001249,INDICATION,
CHEMBL843,MONDO_0005148,INDICATION,
CHEMBL844,EFO_0000400,CONTRAINDICATION,
CHEMBL844,EFO_0000464,CONTRAINDICATION,
CHEMBL844,EFO_0000537,INDICATION,
CHEMBL844,EFO_0003763,CONTRAINDICATION,
CHEMBL844,EFO_0003770,INDICATION,
CHEMBL844,EFO_0003822,INDICATION,
CHEMBL844,EFO_0004190,INDICATION,
CHEMBL844,EFO_0004991,CONTRAINDICATION,
CHEMBL844,EFO_0005252,CONTRAINDICATION,
CHEMBL844,EFO_0005751,INDICATION,
CHEMBL844,EFO_0007141,INDICATION,
CHEMBL844,EFO_0009189,CONTRAINDICATION,
CHEMBL844,EFO_1000760,INDICATION,
CHEMBL844,EFO_1000879,INDICATION,
CHEMBL844,EFO_1000906,INDICATION,
CHEMBL844,EFO_1001069,INDICATION,
CHEMBL844,EFO_1001211,CONTRAINDICATION,
CHEMBL844,EFO_1001893,INDICATION,
CHEMBL844,MONDO_0000468,CONTRAINDICATION,
CHEMBL844,MONDO_0001330,INDICATION,
CHEMBL844,MONDO_0002050,CONTRAINDICATION,
CHEMBL844,MONDO_0005041,INDICATION,
CHEMBL844,MONDO_0021698,INDICATION,
CHEMBL846,EFO_0000198,INDICATION,
CHEMBL846,EFO_0000384,INDICATION,
CHEMBL846,EFO_0000401,INDICATION,
CHEMBL846,EFO_0000537,INDICATION,
CHEMBL846,EFO_0000616,INDICATION,
CHEMBL846,EFO_0000673,INDICATION,
CHEMBL846,EFO_0000676,INDICATION,
CHEMBL846,EFO_0002424,INDICATION,
CHEMBL846,EFO_0002617,INDICATION,
CHEMBL846,EFO_0002618,INDICATION,
CHEMBL846,EFO_0003060,INDICATION,
CHEMBL846,EFO_0003086,CONTRAINDICATION,
CHEMBL846,EFO_0003854,INDICATION,
CHEMBL846,EFO_0003868,INDICATION,
CHEMBL846,EFO_0003869,INDICATION,
CHEMBL846,EFO_0003882,INDICATION,
CHEMBL846,EFO_0003884,INDICATION,
CHEMBL846,EFO_0003888,INDICATION,
CHEMBL846,EFO_0004193,INDICATION,
CHEMBL846,EFO_0005221,INDICATION,
CHEMBL846,EFO_0005583,OFF_LABEL_USE,
CHEMBL846,EFO_0009451,INDICATION,
CHEMBL846,EFO_1000158,INDICATION,
CHEMBL846,EFO_1000820,CONTRAINDICATION,
CHEMBL846,EFO_1001006,INDICATION,
CHEMBL846,EFO_1001121,INDICATION,
CHEMBL846,EFO_1001152,INDICATION,
CHEMBL846,EFO_1001494,INDICATION,
CHEMBL846,MONDO_0000313,INDICATION,
CHEMBL846,MONDO_0000328,CONTRAINDICATION,
CHEMBL846,MONDO_0001566,CONTRAINDICATION,
CHEMBL846,MONDO_0005147,INDICATION,
CHEMBL846,MONDO_0007254,INDICATION,
CHEMBL846,MONDO_0007915,INDICATION,
CHEMBL846,MONDO_0008315,INDICATION,
CHEMBL846,MONDO_0017198,INDICATION,
CHEMBL846,MONDO_0019338,CONTRAINDICATION,
CHEMBL846,MONDO_0024300,INDICATION,
CHEMBL846,MONDO_0100096,INDICATION,
CHEMBL846,Orphanet_733,INDICATION,
CHEMBL846,Orphanet_89936,INDICATION,
CHEMBL847,EFO_1001342,INDICATION,
CHEMBL847,EFO_1001475,INDICATION,
CHEMBL848,EFO_0000095,INDICATION,
CHEMBL848,EFO_0000096,INDICATION,
CHEMBL848,EFO_0000180,INDICATION,
CHEMBL848,EFO_0000182,INDICATION,
CHEMBL848,EFO_0000183,INDICATION,
CHEMBL848,EFO_0000191,INDICATION,
CHEMBL848,EFO_0000196,INDICATION,
CHEMBL848,EFO_0000198,INDICATION,
CHEMBL848,EFO_0000209,INDICATION,
CHEMBL848,EFO_0000211,INDICATION,
CHEMBL848,EFO_0000220,INDICATION,
CHEMBL848,EFO_0000222,INDICATION,
CHEMBL848,EFO_0000294,INDICATION,
CHEMBL848,EFO_0000309,INDICATION,
CHEMBL848,EFO_0000339,INDICATION,
CHEMBL848,EFO_0000384,INDICATION,
CHEMBL848,EFO_0000403,INDICATION,
CHEMBL848,EFO_0000479,INDICATION,
CHEMBL848,EFO_0000540,INDICATION,
CHEMBL848,EFO_0000558,INDICATION,
CHEMBL848,EFO_0000565,INDICATION,
CHEMBL848,EFO_0000574,INDICATION,
CHEMBL848,EFO_0000616,INDICATION,
CHEMBL848,EFO_0000621,INDICATION,
CHEMBL848,EFO_0000673,INDICATION,
CHEMBL848,EFO_0000681,INDICATION,
CHEMBL848,EFO_0000707,INDICATION,
CHEMBL848,EFO_0000756,INDICATION,
CHEMBL848,EFO_0000764,INDICATION,
CHEMBL848,EFO_0000769,INDICATION,
CHEMBL848,EFO_0001378,INDICATION,
CHEMBL848,EFO_0002429,INDICATION,
CHEMBL848,EFO_0002430,INDICATION,
CHEMBL848,EFO_0002499,INDICATION,
CHEMBL848,EFO_0002618,INDICATION,
CHEMBL848,EFO_0002892,INDICATION,
CHEMBL848,EFO_0002913,INDICATION,
CHEMBL848,EFO_0003060,INDICATION,
CHEMBL848,EFO_0003073,INDICATION,
CHEMBL848,EFO_0003758,INDICATION,
CHEMBL848,EFO_0003841,INDICATION,
CHEMBL848,EFO_0004142,INDICATION,
CHEMBL848,EFO_0004251,INDICATION,
CHEMBL848,EFO_0004272,INDICATION,
CHEMBL848,EFO_0005952,INDICATION,
CHEMBL848,EFO_0006475,INDICATION,
CHEMBL848,EFO_0006738,INDICATION,
CHEMBL848,EFO_0009441,INDICATION,
CHEMBL848,EFO_0009708,INDICATION,
CHEMBL848,EFO_1000026,INDICATION,
CHEMBL848,EFO_1000158,INDICATION,
CHEMBL848,EFO_1000630,INDICATION,
CHEMBL848,EFO_1000657,INDICATION,
CHEMBL848,EFO_1001115,INDICATION,
CHEMBL848,EFO_1001465,INDICATION,
CHEMBL848,EFO_1001469,INDICATION,
CHEMBL848,EFO_1001779,INDICATION,
CHEMBL848,EFO_1001938,INDICATION,
CHEMBL848,EFO_1001951,INDICATION,
CHEMBL848,EFO_1001998,INDICATION,
CHEMBL848,MONDO_0000430,INDICATION,
CHEMBL848,MONDO_0001023,INDICATION,
CHEMBL848,MONDO_0001187,INDICATION,
CHEMBL848,MONDO_0001343,CONTRAINDICATION,
CHEMBL848,MONDO_0002087,INDICATION,
CHEMBL848,MONDO_0002158,INDICATION,
CHEMBL848,MONDO_0002280,INDICATION,
CHEMBL848,MONDO_0002367,INDICATION,
CHEMBL848,MONDO_0002691,INDICATION,
CHEMBL848,MONDO_0002959,INDICATION,
CHEMBL848,MONDO_0004095,INDICATION,
CHEMBL848,MONDO_0004192,INDICATION,
CHEMBL848,MONDO_0004992,INDICATION,
CHEMBL848,MONDO_0005184,INDICATION,
CHEMBL848,MONDO_0006412,INDICATION,
CHEMBL848,MONDO_0008170,INDICATION,
CHEMBL848,MONDO_0008315,INDICATION,
CHEMBL848,MONDO_0013730,INDICATION,
CHEMBL848,MONDO_0015760,INDICATION,
CHEMBL848,MONDO_0017816,INDICATION,
CHEMBL848,MONDO_0018906,INDICATION,
CHEMBL848,MONDO_0019438,INDICATION,
CHEMBL848,MONDO_0019471,INDICATION,
CHEMBL848,MONDO_0021063,INDICATION,
CHEMBL848,MONDO_0044881,INDICATION,
CHEMBL848,MONDO_0044903,INDICATION,
CHEMBL848,MONDO_0100342,INDICATION,
CHEMBL849,EFO_0000474,CONTRAINDICATION,
CHEMBL849,EFO_0000649,INDICATION,
CHEMBL849,EFO_1001898,INDICATION,
CHEMBL849,MONDO_0002508,INDICATION,
CHEMBL849,MONDO_0002635,INDICATION,
CHEMBL849,MONDO_0005271,INDICATION,
CHEMBL85,EFO_0000319,CONTRAINDICATION,
CHEMBL85,EFO_0000400,CONTRAINDICATION,
CHEMBL85,EFO_0000474,CONTRAINDICATION,
CHEMBL85,EFO_0000612,CONTRAINDICATION,
CHEMBL85,EFO_0000712,CONTRAINDICATION,
CHEMBL85,EFO_0001073,CONTRAINDICATION,
CHEMBL85,EFO_0001358,INDICATION,
CHEMBL85,EFO_0002610,INDICATION,
CHEMBL85,EFO_0003015,INDICATION,
CHEMBL85,EFO_0003756,INDICATION,
CHEMBL85,EFO_0003757,INDICATION,
CHEMBL85,EFO_0003758,INDICATION,
CHEMBL85,EFO_0003763,CONTRAINDICATION,
CHEMBL85,EFO_0003852,INDICATION,
CHEMBL85,EFO_0003890,INDICATION,
CHEMBL85,EFO_0004216,INDICATION,
CHEMBL85,EFO_0004242,INDICATION,
CHEMBL85,EFO_0004701,INDICATION,
CHEMBL85,EFO_0004718,INDICATION,
CHEMBL85,EFO_0004895,INDICATION,
CHEMBL85,EFO_0005230,INDICATION,
CHEMBL85,EFO_0005251,CONTRAINDICATION,
CHEMBL85,EFO_0005252,CONTRAINDICATION,
CHEMBL85,EFO_0005407,INDICATION,
CHEMBL85,EFO_0005411,INDICATION,
CHEMBL85,EFO_0005611,INDICATION,
CHEMBL85,EFO_0006792,CONTRAINDICATION,
CHEMBL85,EFO_0007319,CONTRAINDICATION,
CHEMBL85,EFO_0009963,INDICATION,
CHEMBL85,EFO_0010642,INDICATION,
CHEMBL85,EFO_1000904,INDICATION,
CHEMBL85,EFO_1001375,CONTRAINDICATION,
CHEMBL85,EFO_1001379,CONTRAINDICATION,
CHEMBL85,MONDO_0001087,INDICATION,
CHEMBL85,MONDO_0002009,INDICATION,
CHEMBL85,MONDO_0002050,INDICATION,
CHEMBL85,MONDO_0002491,CONTRAINDICATION,
CHEMBL85,MONDO_0004975,INDICATION,
CHEMBL85,MONDO_0004985,INDICATION,
CHEMBL85,MONDO_0005090,INDICATION,
CHEMBL85,MONDO_0007739,INDICATION,
CHEMBL85,MONDO_0010726,INDICATION,
CHEMBL85,MONDO_0021095,CONTRAINDICATION,
CHEMBL85,MONDO_0021187,CONTRAINDICATION,
CHEMBL85,MONDO_0100192,CONTRAINDICATION,
CHEMBL85,Orphanet_79292,INDICATION,
CHEMBL850,EFO_0000771,INDICATION,
CHEMBL850,EFO_0003102,INDICATION,
CHEMBL850,EFO_0003106,INDICATION,
CHEMBL850,EFO_0007387,INDICATION,
CHEMBL850,EFO_0007499,INDICATION,
CHEMBL850,MONDO_0025598,INDICATION,
CHEMBL85164,EFO_0000694,INDICATION,
CHEMBL85164,MONDO_0100096,INDICATION,
CHEMBL852,EFO_0000095,INDICATION,
CHEMBL852,EFO_0000096,INDICATION,
CHEMBL852,EFO_0000174,INDICATION,
CHEMBL852,EFO_0000183,INDICATION,
CHEMBL852,EFO_0000191,INDICATION,
CHEMBL852,EFO_0000198,INDICATION,
CHEMBL852,EFO_0000211,INDICATION,
CHEMBL852,EFO_0000216,INDICATION,
CHEMBL852,EFO_0000220,INDICATION,
CHEMBL852,EFO_0000222,INDICATION,
CHEMBL852,EFO_0000255,INDICATION,
CHEMBL852,EFO_0000309,INDICATION,
CHEMBL852,EFO_0000313,INDICATION,
CHEMBL852,EFO_0000326,INDICATION,
CHEMBL852,EFO_0000339,INDICATION,
CHEMBL852,EFO_0000384,INDICATION,
CHEMBL852,EFO_0000389,INDICATION,
CHEMBL852,EFO_0000403,OFF_LABEL_USE,
CHEMBL852,EFO_0000502,INDICATION,
CHEMBL852,EFO_0000540,INDICATION,
CHEMBL852,EFO_0000565,INDICATION,
CHEMBL852,EFO_0000574,INDICATION,
CHEMBL852,EFO_0000616,INDICATION,
CHEMBL852,EFO_0000621,INDICATION,
CHEMBL852,EFO_0000681,INDICATION,
CHEMBL852,EFO_0000691,INDICATION,
CHEMBL852,EFO_0000756,INDICATION,
CHEMBL852,EFO_0001378,INDICATION,
CHEMBL852,EFO_0001642,INDICATION,
CHEMBL852,EFO_0002428,INDICATION,
CHEMBL852,EFO_0002429,INDICATION,
CHEMBL852,EFO_0002430,INDICATION,
CHEMBL852,EFO_0002501,INDICATION,
CHEMBL852,EFO_0002939,INDICATION,
CHEMBL852,EFO_0003032,INDICATION,
CHEMBL852,EFO_0003073,INDICATION,
CHEMBL852,EFO_0003086,CONTRAINDICATION,
CHEMBL852,EFO_0003833,INDICATION,
CHEMBL852,EFO_0003893,INDICATION,
CHEMBL852,EFO_0003929,INDICATION,
CHEMBL852,EFO_0004256,INDICATION,
CHEMBL852,EFO_0004272,INDICATION,
CHEMBL852,EFO_0004289,INDICATION,
CHEMBL852,EFO_0004991,INDICATION,
CHEMBL852,EFO_0005088,INDICATION,
CHEMBL852,EFO_0005803,INDICATION,
CHEMBL852,EFO_0005952,INDICATION,
CHEMBL852,EFO_0006475,INDICATION,
CHEMBL852,EFO_0006738,INDICATION,
CHEMBL852,EFO_0006803,CONTRAINDICATION,
CHEMBL852,EFO_0006861,INDICATION,
CHEMBL852,EFO_0007331,INDICATION,
CHEMBL852,EFO_0007498,INDICATION,
CHEMBL852,EFO_0009441,INDICATION,
CHEMBL852,EFO_0009448,CONTRAINDICATION,
CHEMBL852,EFO_0009538,INDICATION,
CHEMBL852,EFO_1000131,INDICATION,
CHEMBL852,EFO_1000158,INDICATION,
CHEMBL852,EFO_1000309,INDICATION,
CHEMBL852,EFO_1000318,INDICATION,
CHEMBL852,EFO_1000785,INDICATION,
CHEMBL852,EFO_1000905,CONTRAINDICATION,
CHEMBL852,EFO_1000956,INDICATION,
CHEMBL852,EFO_1000984,INDICATION,
CHEMBL852,EFO_1001051,INDICATION,
CHEMBL852,EFO_1001257,INDICATION,
CHEMBL852,EFO_1001383,INDICATION,
CHEMBL852,EFO_1001469,INDICATION,
CHEMBL852,EFO_1001779,INDICATION,
CHEMBL852,EFO_1001875,INDICATION,
CHEMBL852,EFO_1001951,INDICATION,
CHEMBL852,EFO_1001968,INDICATION,
CHEMBL852,EFO_1001996,INDICATION,
CHEMBL852,MONDO_0000870,INDICATION,
CHEMBL852,MONDO_0000873,INDICATION,
CHEMBL852,MONDO_0002087,INDICATION,
CHEMBL852,MONDO_0002120,INDICATION,
CHEMBL852,MONDO_0002158,INDICATION,
CHEMBL852,MONDO_0002280,CONTRAINDICATION,
CHEMBL852,MONDO_0002334,INDICATION,
CHEMBL852,MONDO_0002367,INDICATION,
CHEMBL852,MONDO_0002691,INDICATION,
CHEMBL852,MONDO_0003751,INDICATION,
CHEMBL852,MONDO_0004992,INDICATION,
CHEMBL852,MONDO_0005184,INDICATION,
CHEMBL852,MONDO_0007254,INDICATION,
CHEMBL852,MONDO_0008170,INDICATION,
CHEMBL852,MONDO_0008315,INDICATION,
CHEMBL852,MONDO_0008380,INDICATION,
CHEMBL852,MONDO_0008978,INDICATION,
CHEMBL852,MONDO_0009833,INDICATION,
CHEMBL852,MONDO_0010518,INDICATION,
CHEMBL852,MONDO_0011382,INDICATION,
CHEMBL852,MONDO_0013730,INDICATION,
CHEMBL852,MONDO_0015253,INDICATION,
CHEMBL852,MONDO_0015760,INDICATION,
CHEMBL852,MONDO_0015974,INDICATION,
CHEMBL852,MONDO_0017816,INDICATION,
CHEMBL852,MONDO_0018906,INDICATION,
CHEMBL852,MONDO_0019438,INDICATION,
CHEMBL852,MONDO_0019469,INDICATION,
CHEMBL852,MONDO_0019471,INDICATION,
CHEMBL852,MONDO_0019472,INDICATION,
CHEMBL852,MONDO_0020077,INDICATION,
CHEMBL852,MONDO_0021193,INDICATION,
CHEMBL852,MONDO_0044881,INDICATION,
CHEMBL852,MONDO_0044903,INDICATION,
CHEMBL852,MONDO_0100244,INDICATION,
CHEMBL852,Orphanet_145,INDICATION,
CHEMBL852,Orphanet_848,INDICATION,
CHEMBL85231,MONDO_0002009,INDICATION,
CHEMBL853,EFO_0000763,INDICATION,
CHEMBL853,EFO_0000764,INDICATION,
CHEMBL85398,EFO_0000400,INDICATION,
CHEMBL85398,EFO_0001645,INDICATION,
CHEMBL85398,EFO_0002614,INDICATION,
CHEMBL85398,MONDO_0005147,INDICATION,
CHEMBL85398,MONDO_0005148,INDICATION,
CHEMBL855,EFO_0000400,CONTRAINDICATION,
CHEMBL855,EFO_0000474,CONTRAINDICATION,
CHEMBL855,EFO_0000537,CONTRAINDICATION,
CHEMBL855,EFO_0000612,CONTRAINDICATION,
CHEMBL855,EFO_0001645,CONTRAINDICATION,
CHEMBL855,EFO_0003086,CONTRAINDICATION,
CHEMBL855,EFO_0003767,CONTRAINDICATION,
CHEMBL855,EFO_0003832,CONTRAINDICATION,
CHEMBL855,EFO_0003890,CONTRAINDICATION,
CHEMBL855,EFO_0003956,INDICATION,
CHEMBL855,EFO_0004705,CONTRAINDICATION,
CHEMBL855,EFO_0005251,CONTRAINDICATION,
CHEMBL855,EFO_0005306,CONTRAINDICATION,
CHEMBL855,EFO_0005531,INDICATION,
CHEMBL855,EFO_0005854,INDICATION,
CHEMBL855,EFO_0007141,INDICATION,
CHEMBL855,EFO_0007214,INDICATION,
CHEMBL855,EFO_0007533,INDICATION,
CHEMBL855,EFO_0009086,CONTRAINDICATION,
CHEMBL855,EFO_0009189,CONTRAINDICATION,
CHEMBL855,EFO_1000014,CONTRAINDICATION,
CHEMBL855,EFO_1000652,CONTRAINDICATION,
CHEMBL855,EFO_1001069,CONTRAINDICATION,
CHEMBL855,EFO_1001132,CONTRAINDICATION,
CHEMBL855,MONDO_0001744,CONTRAINDICATION,
CHEMBL855,MONDO_0002277,CONTRAINDICATION,
CHEMBL855,MONDO_0002491,CONTRAINDICATION,
CHEMBL855,MONDO_0004247,CONTRAINDICATION,
CHEMBL855,MONDO_0005271,INDICATION,
CHEMBL855,MONDO_0015129,CONTRAINDICATION,
CHEMBL855,MONDO_0021661,CONTRAINDICATION,
CHEMBL856,EFO_0000474,INDICATION,
CHEMBL856,EFO_0000712,INDICATION,
CHEMBL856,EFO_0003086,CONTRAINDICATION,
CHEMBL856,EFO_0003877,CONTRAINDICATION,
CHEMBL856,EFO_0004263,INDICATION,
CHEMBL856,EFO_0007262,INDICATION,
CHEMBL856,EFO_0009430,OFF_LABEL_USE,
CHEMBL856,MONDO_0001700,CONTRAINDICATION,
CHEMBL856,MONDO_0002050,CONTRAINDICATION,
CHEMBL856,MONDO_0002280,CONTRAINDICATION,
CHEMBL856,MONDO_0007079,CONTRAINDICATION,
CHEMBL856,MONDO_0015909,CONTRAINDICATION,
CHEMBL856,MONDO_0016532,INDICATION,
CHEMBL856,MONDO_0037821,CONTRAINDICATION,
CHEMBL857,EFO_0003086,CONTRAINDICATION,
CHEMBL857,EFO_0003144,INDICATION,
CHEMBL857,EFO_0003884,INDICATION,
CHEMBL857,EFO_0004272,INDICATION,
CHEMBL857,EFO_0008506,CONTRAINDICATION,
CHEMBL857,MONDO_0001240,INDICATION,
CHEMBL857,MONDO_0001566,CONTRAINDICATION,
CHEMBL857,MONDO_0002203,CONTRAINDICATION,
CHEMBL857,MONDO_0004976,INDICATION,
CHEMBL857,MONDO_0004979,INDICATION,
CHEMBL857,MONDO_0005148,INDICATION,
CHEMBL857,MONDO_0005301,INDICATION,
CHEMBL857,MONDO_0007739,INDICATION,
CHEMBL857,MONDO_0009665,OFF_LABEL_USE,
CHEMBL857,MONDO_0009666,OFF_LABEL_USE,
CHEMBL857,MONDO_0011382,INDICATION,
CHEMBL857,MONDO_0011628,OFF_LABEL_USE,
CHEMBL857,MONDO_0019338,CONTRAINDICATION,
CHEMBL857,MONDO_0020699,INDICATION,
CHEMBL858,EFO_0000474,CONTRAINDICATION,
CHEMBL858,EFO_0003086,CONTRAINDICATION,
CHEMBL858,EFO_0009530,CONTRAINDICATION,
CHEMBL858,EFO_1000049,CONTRAINDICATION,
CHEMBL858,EFO_1000845,CONTRAINDICATION,
CHEMBL858,MONDO_0001566,INDICATION,
CHEMBL859,EFO_0000373,INDICATION,
CHEMBL859,MONDO_0011382,INDICATION,
CHEMBL85943,EFO_0001073,INDICATION,
CHEMBL86,EFO_0000198,INDICATION,
CHEMBL86,EFO_0000474,CONTRAINDICATION,
CHEMBL86,EFO_0000537,CONTRAINDICATION,
CHEMBL86,EFO_0000546,INDICATION,
CHEMBL86,EFO_0000616,INDICATION,
CHEMBL86,EFO_0000764,INDICATION,
CHEMBL86,EFO_0001422,CONTRAINDICATION,
CHEMBL86,EFO_0003843,INDICATION,
CHEMBL86,EFO_0003948,INDICATION,
CHEMBL86,EFO_0004888,INDICATION,
CHEMBL86,EFO_0005252,INDICATION,
CHEMBL86,EFO_0006911,INDICATION,
CHEMBL86,EFO_0010282,INDICATION,
CHEMBL86,EFO_1000645,INDICATION,
CHEMBL86,EFO_1000948,INDICATION,
CHEMBL86,EFO_1000949,INDICATION,
CHEMBL86,EFO_1000971,INDICATION,
CHEMBL86,EFO_1001379,CONTRAINDICATION,
CHEMBL86,EFO_1001463,INDICATION,
CHEMBL86,EFO_1002048,INDICATION,
CHEMBL86,MONDO_0001343,CONTRAINDICATION,
CHEMBL86,MONDO_0002050,CONTRAINDICATION,
CHEMBL86,MONDO_0004565,INDICATION,
CHEMBL86,MONDO_0004992,INDICATION,
CHEMBL86,MONDO_0005277,INDICATION,
CHEMBL86,MONDO_0008233,CONTRAINDICATION,
CHEMBL86,MONDO_0021095,CONTRAINDICATION,
CHEMBL86,MONDO_0037821,CONTRAINDICATION,
CHEMBL861,EFO_0000474,INDICATION,
CHEMBL861,EFO_0004263,INDICATION,
CHEMBL862,EFO_0000537,INDICATION,
CHEMBL862,EFO_0000612,CONTRAINDICATION,
CHEMBL862,EFO_0000712,INDICATION,
CHEMBL862,EFO_0001358,INDICATION,
CHEMBL862,EFO_0002610,INDICATION,
CHEMBL862,EFO_0003763,CONTRAINDICATION,
CHEMBL862,EFO_0003768,INDICATION,
CHEMBL862,EFO_0003888,INDICATION,
CHEMBL862,EFO_0003890,INDICATION,
CHEMBL862,EFO_0004319,INDICATION,
CHEMBL862,EFO_0004329,INDICATION,
CHEMBL862,EFO_0004895,INDICATION,
CHEMBL862,EFO_0005251,CONTRAINDICATION,
CHEMBL862,EFO_0005252,CONTRAINDICATION,
CHEMBL862,EFO_0007191,INDICATION,
CHEMBL862,EFO_0009267,INDICATION,
CHEMBL862,EFO_1001219,INDICATION,
CHEMBL862,MONDO_0001087,INDICATION,
CHEMBL862,MONDO_0002050,CONTRAINDICATION,
CHEMBL862,MONDO_0002203,CONTRAINDICATION,
CHEMBL862,MONDO_0004975,INDICATION,
CHEMBL862,MONDO_0007079,INDICATION,
CHEMBL862,MONDO_0024327,CONTRAINDICATION,
CHEMBL863,EFO_0001421,INDICATION,
CHEMBL863,EFO_0003762,INDICATION,
CHEMBL863,EFO_0005251,CONTRAINDICATION,
CHEMBL863,EFO_0009545,CONTRAINDICATION,
CHEMBL863,EFO_0009661,INDICATION,
CHEMBL863,EFO_1001226,INDICATION,
CHEMBL863,EFO_1001875,INDICATION,
CHEMBL863,MONDO_0001676,INDICATION,
CHEMBL863,MONDO_0004247,CONTRAINDICATION,
CHEMBL863,MONDO_0004822,INDICATION,
CHEMBL863,MONDO_0019259,CONTRAINDICATION,
CHEMBL863,Orphanet_79254,CONTRAINDICATION,
CHEMBL86304,EFO_0003768,INDICATION,
CHEMBL86304,EFO_0003890,INDICATION,
CHEMBL86304,EFO_0005230,INDICATION,
CHEMBL86304,MONDO_0002009,INDICATION,
CHEMBL86304,MONDO_0002050,INDICATION,
CHEMBL86304,MONDO_0005090,INDICATION,
CHEMBL864,EFO_0000319,CONTRAINDICATION,
CHEMBL864,EFO_0000400,CONTRAINDICATION,
CHEMBL864,EFO_0000464,CONTRAINDICATION,
CHEMBL864,EFO_0000474,CONTRAINDICATION,
CHEMBL864,EFO_0000537,CONTRAINDICATION,
CHEMBL864,EFO_0000612,CONTRAINDICATION,
CHEMBL864,EFO_0000729,CONTRAINDICATION,
CHEMBL864,EFO_0001064,CONTRAINDICATION,
CHEMBL864,EFO_0001074,CONTRAINDICATION,
CHEMBL864,EFO_0001645,CONTRAINDICATION,
CHEMBL864,EFO_0003086,CONTRAINDICATION,
CHEMBL864,EFO_0003767,CONTRAINDICATION,
CHEMBL864,EFO_0003832,CONTRAINDICATION,
CHEMBL864,EFO_0003833,CONTRAINDICATION,
CHEMBL864,EFO_0003890,CONTRAINDICATION,
CHEMBL864,EFO_0003956,INDICATION,
CHEMBL864,EFO_0004705,CONTRAINDICATION,
CHEMBL864,EFO_0004991,CONTRAINDICATION,
CHEMBL864,EFO_0005251,CONTRAINDICATION,
CHEMBL864,EFO_0005306,CONTRAINDICATION,
CHEMBL864,EFO_0005531,INDICATION,
CHEMBL864,EFO_0005532,INDICATION,
CHEMBL864,EFO_0005854,INDICATION,
CHEMBL864,EFO_0007141,INDICATION,
CHEMBL864,EFO_0007214,INDICATION,
CHEMBL864,EFO_0007533,INDICATION,
CHEMBL864,EFO_0009086,CONTRAINDICATION,
CHEMBL864,EFO_0009189,CONTRAINDICATION,
CHEMBL864,EFO_0009454,CONTRAINDICATION,
CHEMBL864,EFO_0009571,CONTRAINDICATION,
CHEMBL864,EFO_0009910,CONTRAINDICATION,
CHEMBL864,EFO_1000014,CONTRAINDICATION,
CHEMBL864,EFO_1000652,CONTRAINDICATION,
CHEMBL864,EFO_1000800,CONTRAINDICATION,
CHEMBL864,EFO_1000902,CONTRAINDICATION,
CHEMBL864,EFO_1001069,CONTRAINDICATION,
CHEMBL864,EFO_1001095,CONTRAINDICATION,
CHEMBL864,EFO_1001132,CONTRAINDICATION,
CHEMBL864,EFO_1001417,INDICATION,
CHEMBL864,MONDO_0001744,CONTRAINDICATION,
CHEMBL864,MONDO_0002203,CONTRAINDICATION,
CHEMBL864,MONDO_0002277,CONTRAINDICATION,
CHEMBL864,MONDO_0002491,CONTRAINDICATION,
CHEMBL864,MONDO_0004247,CONTRAINDICATION,
CHEMBL864,MONDO_0004596,CONTRAINDICATION,
CHEMBL864,MONDO_0005271,INDICATION,
CHEMBL864,MONDO_0015129,CONTRAINDICATION,
CHEMBL864,MONDO_0021661,CONTRAINDICATION,
CHEMBL865,EFO_0000278,INDICATION,
CHEMBL865,EFO_0000685,OFF_LABEL_USE,
CHEMBL865,EFO_0003843,INDICATION,
CHEMBL865,EFO_0004616,INDICATION,
CHEMBL865,EFO_0005755,INDICATION,
CHEMBL865,MONDO_0002258,INDICATION,
CHEMBL865,MONDO_0005178,OFF_LABEL_USE,
CHEMBL8659,EFO_0005406,INDICATION,
CHEMBL8659,MONDO_0005301,INDICATION,
CHEMBL866,EFO_0000222,INDICATION,
CHEMBL866,EFO_0000384,INDICATION,
CHEMBL866,EFO_0000540,INDICATION,
CHEMBL866,EFO_0000699,INDICATION,
CHEMBL866,EFO_0000717,INDICATION,
CHEMBL866,EFO_0003086,INDICATION,
CHEMBL866,EFO_0003884,INDICATION,
CHEMBL866,EFO_0004255,INDICATION,
CHEMBL866,EFO_0004599,INDICATION,
CHEMBL866,EFO_0005140,INDICATION,
CHEMBL866,EFO_0005761,INDICATION,
CHEMBL866,EFO_1000906,INDICATION,
CHEMBL866,EFO_1000986,INDICATION,
CHEMBL866,EFO_1002048,INDICATION,
CHEMBL866,MONDO_0005147,INDICATION,
CHEMBL866,MONDO_0005301,INDICATION,
CHEMBL866,MONDO_0007915,INDICATION,
CHEMBL866,MONDO_0013730,INDICATION,
CHEMBL867,EFO_0003086,CONTRAINDICATION,
CHEMBL867,MONDO_0004979,CONTRAINDICATION,
CHEMBL867,MONDO_0008233,CONTRAINDICATION,
CHEMBL867,MONDO_0011382,CONTRAINDICATION,
CHEMBL867,MONDO_0100192,CONTRAINDICATION,
CHEMBL86715,EFO_0000537,CONTRAINDICATION,
CHEMBL86715,EFO_0000729,CONTRAINDICATION,
CHEMBL86715,EFO_0001064,CONTRAINDICATION,
CHEMBL86715,EFO_0001645,CONTRAINDICATION,
CHEMBL86715,EFO_0003086,CONTRAINDICATION,
CHEMBL86715,EFO_0004991,CONTRAINDICATION,
CHEMBL86715,EFO_0009189,CONTRAINDICATION,
CHEMBL86715,EFO_0009454,CONTRAINDICATION,
CHEMBL86715,EFO_0009571,CONTRAINDICATION,
CHEMBL86715,EFO_0009910,CONTRAINDICATION,
CHEMBL86715,EFO_1001095,CONTRAINDICATION,
CHEMBL86715,EFO_1001402,INDICATION,
CHEMBL86715,MONDO_0001744,CONTRAINDICATION,
CHEMBL86715,MONDO_0005180,INDICATION,
CHEMBL86715,MONDO_0021095,INDICATION,
CHEMBL86754,EFO_0000274,OFF_LABEL_USE,
CHEMBL86754,EFO_0003100,CONTRAINDICATION,
CHEMBL86754,EFO_0003875,CONTRAINDICATION,
CHEMBL86754,EFO_0005319,OFF_LABEL_USE,
CHEMBL86754,EFO_0007144,INDICATION,
CHEMBL86754,EFO_0007405,CONTRAINDICATION,
CHEMBL86754,EFO_0009491,CONTRAINDICATION,
CHEMBL86754,EFO_1000697,OFF_LABEL_USE,
CHEMBL86754,EFO_1000766,CONTRAINDICATION,
CHEMBL86754,MONDO_0001576,CONTRAINDICATION,
CHEMBL86882,EFO_0000319,INDICATION,
CHEMBL869,DOID_10113,INDICATION,
CHEMBL869,EFO_0000400,CONTRAINDICATION,
CHEMBL869,EFO_0000734,CONTRAINDICATION,
CHEMBL869,EFO_0003100,CONTRAINDICATION,
CHEMBL869,EFO_0003102,INDICATION,
CHEMBL869,EFO_0005044,INDICATION,
CHEMBL869,EFO_0007287,CONTRAINDICATION,
CHEMBL869,EFO_0007405,CONTRAINDICATION,
CHEMBL869,EFO_0008496,CONTRAINDICATION,
CHEMBL869,EFO_0009448,CONTRAINDICATION,
CHEMBL869,EFO_0009530,CONTRAINDICATION,
CHEMBL869,EFO_1000905,CONTRAINDICATION,
CHEMBL869,EFO_1001068,CONTRAINDICATION,
CHEMBL869,EFO_1001888,INDICATION,
CHEMBL869,MONDO_0001343,CONTRAINDICATION,
CHEMBL869,MONDO_0004976,INDICATION,
CHEMBL869,MONDO_0042976,CONTRAINDICATION,
CHEMBL87,EFO_0000319,INDICATION,
CHEMBL87,EFO_0003914,INDICATION,
CHEMBL87,EFO_0004145,CONTRAINDICATION,
CHEMBL87,EFO_0004274,INDICATION,
CHEMBL87,EFO_0005803,CONTRAINDICATION,
CHEMBL87,MONDO_0001343,CONTRAINDICATION,
CHEMBL87,MONDO_0004247,CONTRAINDICATION,
CHEMBL87,MONDO_0015909,CONTRAINDICATION,
CHEMBL87,MONDO_0018088,INDICATION,
CHEMBL87,MONDO_0100192,CONTRAINDICATION,
CHEMBL870,EFO_0000217,CONTRAINDICATION,
CHEMBL870,EFO_0000266,INDICATION,
CHEMBL870,EFO_0000275,CONTRAINDICATION,
CHEMBL870,EFO_0000589,INDICATION,
CHEMBL870,EFO_0000649,INDICATION,
CHEMBL870,EFO_0000673,INDICATION,
CHEMBL870,EFO_0000764,INDICATION,
CHEMBL870,EFO_0003086,CONTRAINDICATION,
CHEMBL870,EFO_0003762,INDICATION,
CHEMBL870,EFO_0003854,INDICATION,
CHEMBL870,EFO_0003869,INDICATION,
CHEMBL870,EFO_0003882,INDICATION,
CHEMBL870,EFO_0004197,INDICATION,
CHEMBL870,EFO_0004260,INDICATION,
CHEMBL870,EFO_0004261,INDICATION,
CHEMBL870,EFO_0008553,CONTRAINDICATION,
CHEMBL870,EFO_1000820,CONTRAINDICATION,
CHEMBL870,EFO_1001998,OFF_LABEL_USE,
CHEMBL870,MONDO_0000328,CONTRAINDICATION,
CHEMBL870,MONDO_0001409,CONTRAINDICATION,
CHEMBL870,MONDO_0001566,CONTRAINDICATION,
CHEMBL870,MONDO_0004627,CONTRAINDICATION,
CHEMBL870,MONDO_0004979,INDICATION,
CHEMBL870,MONDO_0005178,INDICATION,
CHEMBL870,MONDO_0006715,INDICATION,
CHEMBL870,MONDO_0007254,INDICATION,
CHEMBL870,MONDO_0008170,INDICATION,
CHEMBL870,MONDO_0008274,INDICATION,
CHEMBL870,MONDO_0019338,CONTRAINDICATION,
CHEMBL870,MONDO_0044782,CONTRAINDICATION,
CHEMBL87045,EFO_0004269,INDICATION,
CHEMBL871,EFO_0000217,CONTRAINDICATION,
CHEMBL871,EFO_0000649,CONTRAINDICATION,
CHEMBL871,EFO_0003086,CONTRAINDICATION,
CHEMBL871,EFO_0003144,CONTRAINDICATION,
CHEMBL871,EFO_0004260,INDICATION,
CHEMBL871,EFO_0004261,INDICATION,
CHEMBL871,EFO_0005741,CONTRAINDICATION,
CHEMBL871,EFO_0009314,CONTRAINDICATION,
CHEMBL871,EFO_1001481,CONTRAINDICATION,
CHEMBL871,MONDO_0000328,CONTRAINDICATION,
CHEMBL871,MONDO_0001409,CONTRAINDICATION,
CHEMBL871,MONDO_0002280,CONTRAINDICATION,
CHEMBL871,MONDO_0004247,CONTRAINDICATION,
CHEMBL871,MONDO_0004627,CONTRAINDICATION,
CHEMBL871,MONDO_0004979,CONTRAINDICATION,
CHEMBL871,MONDO_0044782,CONTRAINDICATION,
CHEMBL871,Orphanet_758,INDICATION,
CHEMBL87385,EFO_0005407,INDICATION,
CHEMBL87493,EFO_0000474,INDICATION,
CHEMBL87493,EFO_0000537,CONTRAINDICATION,
CHEMBL87493,EFO_0001073,INDICATION,
CHEMBL87493,EFO_0002610,INDICATION,
CHEMBL87493,MONDO_0005041,CONTRAINDICATION,
CHEMBL87493,MONDO_0005147,CONTRAINDICATION,
CHEMBL87493,MONDO_0005148,CONTRAINDICATION,
CHEMBL87493,MONDO_0005149,CONTRAINDICATION,
CHEMBL87493,MONDO_0007079,CONTRAINDICATION,
CHEMBL87493,MONDO_0015643,INDICATION,
CHEMBL87493,MONDO_0100062,INDICATION,
CHEMBL87493,MONDO_0100135,INDICATION,
CHEMBL87543,EFO_0004269,INDICATION,
CHEMBL87563,EFO_0001421,INDICATION,
CHEMBL87697,EFO_0000319,INDICATION,
CHEMBL877,EFO_0000272,INDICATION,
CHEMBL877,EFO_0000326,INDICATION,
CHEMBL877,EFO_0000400,CONTRAINDICATION,
CHEMBL877,EFO_0000537,CONTRAINDICATION,
CHEMBL877,EFO_0000546,INDICATION,
CHEMBL877,EFO_0000612,CONTRAINDICATION,
CHEMBL877,EFO_0000712,CONTRAINDICATION,
CHEMBL877,EFO_0000713,CONTRAINDICATION,
CHEMBL877,EFO_0000731,INDICATION,
CHEMBL877,EFO_0000756,INDICATION,
CHEMBL877,EFO_0001065,INDICATION,
CHEMBL877,EFO_0001073,CONTRAINDICATION,
CHEMBL877,EFO_0001642,INDICATION,
CHEMBL877,EFO_0001645,CONTRAINDICATION,
CHEMBL877,EFO_0003832,CONTRAINDICATION,
CHEMBL877,EFO_0003833,INDICATION,
CHEMBL877,EFO_0003843,INDICATION,
CHEMBL877,EFO_0003895,INDICATION,
CHEMBL877,EFO_0003931,INDICATION,
CHEMBL877,EFO_0003963,INDICATION,
CHEMBL877,EFO_0003964,INDICATION,
CHEMBL877,EFO_0004198,INDICATION,
CHEMBL877,EFO_0004214,INDICATION,
CHEMBL877,EFO_0004272,INDICATION,
CHEMBL877,EFO_0004273,INDICATION,
CHEMBL877,EFO_0004284,INDICATION,
CHEMBL877,EFO_0004616,INDICATION,
CHEMBL877,EFO_0004710,INDICATION,
CHEMBL877,EFO_0005251,INDICATION,
CHEMBL877,EFO_0005669,INDICATION,
CHEMBL877,EFO_0006834,INDICATION,
CHEMBL877,EFO_0007440,INDICATION,
CHEMBL877,EFO_0007442,INDICATION,
CHEMBL877,EFO_0009314,INDICATION,
CHEMBL877,EFO_0009315,CONTRAINDICATION,
CHEMBL877,EFO_0009516,INDICATION,
CHEMBL877,EFO_0009551,CONTRAINDICATION,
CHEMBL877,EFO_0009579,INDICATION,
CHEMBL877,EFO_0010680,INDICATION,
CHEMBL877,EFO_1000350,INDICATION,
CHEMBL877,EFO_1000391,INDICATION,
CHEMBL877,EFO_1000845,CONTRAINDICATION,
CHEMBL877,EFO_1000999,INDICATION,
CHEMBL877,EFO_1001068,CONTRAINDICATION,
CHEMBL877,EFO_1001178,INDICATION,
CHEMBL877,EFO_1001512,CONTRAINDICATION,
CHEMBL877,EFO_1001792,INDICATION,
CHEMBL877,EFO_1001801,INDICATION,
CHEMBL877,MONDO_0000831,CONTRAINDICATION,
CHEMBL877,MONDO_0001187,INDICATION,
CHEMBL877,MONDO_0001343,CONTRAINDICATION,
CHEMBL877,MONDO_0002050,CONTRAINDICATION,
CHEMBL877,MONDO_0002691,CONTRAINDICATION,
CHEMBL877,MONDO_0004567,INDICATION,
CHEMBL877,MONDO_0004992,INDICATION,
CHEMBL877,MONDO_0005178,INDICATION,
CHEMBL877,MONDO_0005277,CONTRAINDICATION,
CHEMBL877,MONDO_0007254,INDICATION,
CHEMBL877,MONDO_0008315,INDICATION,
CHEMBL877,MONDO_0010602,INDICATION,
CHEMBL877,MONDO_0016642,INDICATION,
CHEMBL877,MONDO_0019180,INDICATION,
CHEMBL877,MONDO_0019623,INDICATION,
CHEMBL877,MONDO_0021148,INDICATION,
CHEMBL877,MONDO_0021187,CONTRAINDICATION,
CHEMBL877,MONDO_0037821,CONTRAINDICATION,
CHEMBL877,MONDO_0043510,INDICATION,
CHEMBL877,MONDO_0044881,INDICATION,
CHEMBL877,MONDO_0100096,INDICATION,
CHEMBL877,MP_0001845,INDICATION,
CHEMBL877,MP_0001914,INDICATION,
CHEMBL87708,MONDO_0002009,INDICATION,
CHEMBL87708,MONDO_0002050,INDICATION,
CHEMBL878,EFO_0000319,INDICATION,
CHEMBL878,EFO_0000373,INDICATION,
CHEMBL878,EFO_0000400,CONTRAINDICATION,
CHEMBL878,EFO_0000537,INDICATION,
CHEMBL878,EFO_0000668,INDICATION,
CHEMBL878,EFO_0003144,INDICATION,
CHEMBL878,EFO_0003884,INDICATION,
CHEMBL878,EFO_0004274,CONTRAINDICATION,
CHEMBL878,EFO_0005252,CONTRAINDICATION,
CHEMBL878,EFO_0009530,CONTRAINDICATION,
CHEMBL878,EFO_1000652,CONTRAINDICATION,
CHEMBL878,MONDO_0001566,CONTRAINDICATION,
CHEMBL878,MONDO_0007915,CONTRAINDICATION,
CHEMBL878,MONDO_0018100,CONTRAINDICATION,
CHEMBL878,MONDO_0100192,CONTRAINDICATION,
CHEMBL87992,EFO_0000474,INDICATION,
CHEMBL87992,EFO_0004263,INDICATION,
CHEMBL87992,EFO_0005687,INDICATION,
CHEMBL87992,EFO_0005762,INDICATION,
CHEMBL87992,EFO_0009963,INDICATION,
CHEMBL87992,EFO_1000783,INDICATION,
CHEMBL87992,EFO_1000877,INDICATION,
CHEMBL87992,MONDO_0005277,INDICATION,
CHEMBL87992,MONDO_0041052,INDICATION,
CHEMBL88,EFO_0000094,INDICATION,
CHEMBL88,EFO_0000095,INDICATION,
CHEMBL88,EFO_0000096,INDICATION,
CHEMBL88,EFO_0000174,INDICATION,
CHEMBL88,EFO_0000181,INDICATION,
CHEMBL88,EFO_0000182,INDICATION,
CHEMBL88,EFO_0000183,INDICATION,
CHEMBL88,EFO_0000191,INDICATION,
CHEMBL88,EFO_0000196,INDICATION,
CHEMBL88,EFO_0000198,INDICATION,
CHEMBL88,EFO_0000199,INDICATION,
CHEMBL88,EFO_0000209,INDICATION,
CHEMBL88,EFO_0000211,INDICATION,
CHEMBL88,EFO_0000218,INDICATION,
CHEMBL88,EFO_0000220,INDICATION,
CHEMBL88,EFO_0000221,INDICATION,
CHEMBL88,EFO_0000222,INDICATION,
CHEMBL88,EFO_0000223,INDICATION,
CHEMBL88,EFO_0000228,INDICATION,
CHEMBL88,EFO_0000248,INDICATION,
CHEMBL88,EFO_0000255,INDICATION,
CHEMBL88,EFO_0000305,INDICATION,
CHEMBL88,EFO_0000309,INDICATION,
CHEMBL88,EFO_0000313,INDICATION,
CHEMBL88,EFO_0000326,INDICATION,
CHEMBL88,EFO_0000339,INDICATION,
CHEMBL88,EFO_0000349,INDICATION,
CHEMBL88,EFO_0000384,INDICATION,
CHEMBL88,EFO_0000389,INDICATION,
CHEMBL88,EFO_0000403,INDICATION,
CHEMBL88,EFO_0000437,INDICATION,
CHEMBL88,EFO_0000502,INDICATION,
CHEMBL88,EFO_0000514,INDICATION,
CHEMBL88,EFO_0000519,INDICATION,
CHEMBL88,EFO_0000540,INDICATION,
CHEMBL88,EFO_0000545,INDICATION,
CHEMBL88,EFO_0000565,INDICATION,
CHEMBL88,EFO_0000569,INDICATION,
CHEMBL88,EFO_0000571,INDICATION,
CHEMBL88,EFO_0000574,INDICATION,
CHEMBL88,EFO_0000588,INDICATION,
CHEMBL88,EFO_0000613,INDICATION,
CHEMBL88,EFO_0000616,INDICATION,
CHEMBL88,EFO_0000621,INDICATION,
CHEMBL88,EFO_0000637,INDICATION,
CHEMBL88,EFO_0000673,INDICATION,
CHEMBL88,EFO_0000681,INDICATION,
CHEMBL88,EFO_0000685,INDICATION,
CHEMBL88,EFO_0000691,INDICATION,
CHEMBL88,EFO_0000702,INDICATION,
CHEMBL88,EFO_0000707,INDICATION,
CHEMBL88,EFO_0000708,INDICATION,
CHEMBL88,EFO_0000717,INDICATION,
CHEMBL88,EFO_0000756,INDICATION,
CHEMBL88,EFO_0000764,INDICATION,
CHEMBL88,EFO_0000765,INDICATION,
CHEMBL88,EFO_0000768,INDICATION,
CHEMBL88,EFO_0000770,INDICATION,
CHEMBL88,EFO_0001061,INDICATION,
CHEMBL88,EFO_0001075,INDICATION,
CHEMBL88,EFO_0001376,INDICATION,
CHEMBL88,EFO_0001378,INDICATION,
CHEMBL88,EFO_0001642,INDICATION,
CHEMBL88,EFO_0002087,INDICATION,
CHEMBL88,EFO_0002428,INDICATION,
CHEMBL88,EFO_0002430,INDICATION,
CHEMBL88,EFO_0002617,INDICATION,
CHEMBL88,EFO_0002618,INDICATION,
CHEMBL88,EFO_0002918,INDICATION,
CHEMBL88,EFO_0002939,INDICATION,
CHEMBL88,EFO_0003025,INDICATION,
CHEMBL88,EFO_0003027,INDICATION,
CHEMBL88,EFO_0003032,INDICATION,
CHEMBL88,EFO_0003060,INDICATION,
CHEMBL88,EFO_0003086,INDICATION,
CHEMBL88,EFO_0003780,INDICATION,
CHEMBL88,EFO_0003802,INDICATION,
CHEMBL88,EFO_0003811,INDICATION,
CHEMBL88,EFO_0003833,INDICATION,
CHEMBL88,EFO_0003840,INDICATION,
CHEMBL88,EFO_0003865,INDICATION,
CHEMBL88,EFO_0003869,INDICATION,
CHEMBL88,EFO_0003884,INDICATION,
CHEMBL88,EFO_0003888,INDICATION,
CHEMBL88,EFO_0003893,INDICATION,
CHEMBL88,EFO_0003929,INDICATION,
CHEMBL88,EFO_0004145,INDICATION,
CHEMBL88,EFO_0004194,INDICATION,
CHEMBL88,EFO_0004236,INDICATION,
CHEMBL88,EFO_0004251,INDICATION,
CHEMBL88,EFO_0004252,INDICATION,
CHEMBL88,EFO_0004254,INDICATION,
CHEMBL88,EFO_0004255,INDICATION,
CHEMBL88,EFO_0004256,INDICATION,
CHEMBL88,EFO_0004272,INDICATION,
CHEMBL88,EFO_0004281,INDICATION,
CHEMBL88,EFO_0004289,INDICATION,
CHEMBL88,EFO_0004719,INDICATION,
CHEMBL88,EFO_0004826,INDICATION,
CHEMBL88,EFO_0004991,INDICATION,
CHEMBL88,EFO_0005235,INDICATION,
CHEMBL88,EFO_0005297,INDICATION,
CHEMBL88,EFO_0005537,INDICATION,
CHEMBL88,EFO_0005543,INDICATION,
CHEMBL88,EFO_0005561,INDICATION,
CHEMBL88,EFO_0005570,INDICATION,
CHEMBL88,EFO_0005761,INDICATION,
CHEMBL88,EFO_0005803,CONTRAINDICATION,
CHEMBL88,EFO_0005952,INDICATION,
CHEMBL88,EFO_0006475,INDICATION,
CHEMBL88,EFO_0006738,INDICATION,
CHEMBL88,EFO_0006803,INDICATION,
CHEMBL88,EFO_0006859,INDICATION,
CHEMBL88,EFO_0006861,INDICATION,
CHEMBL88,EFO_0006911,INDICATION,
CHEMBL88,EFO_0006927,INDICATION,
CHEMBL88,EFO_0007147,INDICATION,
CHEMBL88,EFO_0007160,INDICATION,
CHEMBL88,EFO_0007290,INDICATION,
CHEMBL88,EFO_0007498,INDICATION,
CHEMBL88,EFO_0008498,INDICATION,
CHEMBL88,EFO_0008528,INDICATION,
CHEMBL88,EFO_0009259,INDICATION,
CHEMBL88,EFO_0009441,INDICATION,
CHEMBL88,EFO_0009448,INDICATION,
CHEMBL88,EFO_0009538,INDICATION,
CHEMBL88,EFO_0009708,INDICATION,
CHEMBL88,EFO_0009709,INDICATION,
CHEMBL88,EFO_1000028,INDICATION,
CHEMBL88,EFO_1000131,INDICATION,
CHEMBL88,EFO_1000158,INDICATION,
CHEMBL88,EFO_1000251,INDICATION,
CHEMBL88,EFO_1000292,INDICATION,
CHEMBL88,EFO_1000294,INDICATION,
CHEMBL88,EFO_1000309,INDICATION,
CHEMBL88,EFO_1000318,INDICATION,
CHEMBL88,EFO_1000576,INDICATION,
CHEMBL88,EFO_1000581,INDICATION,
CHEMBL88,EFO_1000657,INDICATION,
CHEMBL88,EFO_1000690,INDICATION,
CHEMBL88,EFO_1000749,INDICATION,
CHEMBL88,EFO_1000784,INDICATION,
CHEMBL88,EFO_1000785,INDICATION,
CHEMBL88,EFO_1000895,INDICATION,
CHEMBL88,EFO_1000965,INDICATION,
CHEMBL88,EFO_1000984,INDICATION,
CHEMBL88,EFO_1001042,INDICATION,
CHEMBL88,EFO_1001051,INDICATION,
CHEMBL88,EFO_1001365,INDICATION,
CHEMBL88,EFO_1001380,INDICATION,
CHEMBL88,EFO_1001465,INDICATION,
CHEMBL88,EFO_1001469,INDICATION,
CHEMBL88,EFO_1001471,INDICATION,
CHEMBL88,EFO_1001779,INDICATION,
CHEMBL88,EFO_1001857,INDICATION,
CHEMBL88,EFO_1001875,INDICATION,
CHEMBL88,EFO_1001901,INDICATION,
CHEMBL88,EFO_1001938,INDICATION,
CHEMBL88,EFO_1001951,INDICATION,
CHEMBL88,EFO_1001968,INDICATION,
CHEMBL88,EFO_1001993,INDICATION,
CHEMBL88,EFO_1001996,INDICATION,
CHEMBL88,EFO_1002048,INDICATION,
CHEMBL88,MONDO_0000159,INDICATION,
CHEMBL88,MONDO_0000430,INDICATION,
CHEMBL88,MONDO_0000432,INDICATION,
CHEMBL88,MONDO_0000831,INDICATION,
CHEMBL88,MONDO_0000870,INDICATION,
CHEMBL88,MONDO_0000873,INDICATION,
CHEMBL88,MONDO_0001023,INDICATION,
CHEMBL88,MONDO_0001187,INDICATION,
CHEMBL88,MONDO_0001475,INDICATION,
CHEMBL88,MONDO_0001657,INDICATION,
CHEMBL88,MONDO_0001705,INDICATION,
CHEMBL88,MONDO_0001718,INDICATION,
CHEMBL88,MONDO_0002087,INDICATION,
CHEMBL88,MONDO_0002108,INDICATION,
CHEMBL88,MONDO_0002158,INDICATION,
CHEMBL88,MONDO_0002334,INDICATION,
CHEMBL88,MONDO_0002367,INDICATION,
CHEMBL88,MONDO_0002380,INDICATION,
CHEMBL88,MONDO_0002691,INDICATION,
CHEMBL88,MONDO_0002898,INDICATION,
CHEMBL88,MONDO_0002974,INDICATION,
CHEMBL88,MONDO_0003060,INDICATION,
CHEMBL88,MONDO_0003478,INDICATION,
CHEMBL88,MONDO_0003751,INDICATION,
CHEMBL88,MONDO_0004095,INDICATION,
CHEMBL88,MONDO_0004658,INDICATION,
CHEMBL88,MONDO_0004992,INDICATION,
CHEMBL88,MONDO_0005184,INDICATION,
CHEMBL88,MONDO_0005301,INDICATION,
CHEMBL88,MONDO_0007254,INDICATION,
CHEMBL88,MONDO_0007576,INDICATION,
CHEMBL88,MONDO_0007915,INDICATION,
CHEMBL88,MONDO_0008170,INDICATION,
CHEMBL88,MONDO_0008315,INDICATION,
CHEMBL88,MONDO_0008380,INDICATION,
CHEMBL88,MONDO_0008903,INDICATION,
CHEMBL88,MONDO_0008978,INDICATION,
CHEMBL88,MONDO_0009254,INDICATION,
CHEMBL88,MONDO_0009348,INDICATION,
CHEMBL88,MONDO_0009499,INDICATION,
CHEMBL88,MONDO_0010006,INDICATION,
CHEMBL88,MONDO_0010100,INDICATION,
CHEMBL88,MONDO_0011382,INDICATION,
CHEMBL88,MONDO_0011962,INDICATION,
CHEMBL88,MONDO_0013730,INDICATION,
CHEMBL88,MONDO_0015277,INDICATION,
CHEMBL88,MONDO_0015540,INDICATION,
CHEMBL88,MONDO_0015564,INDICATION,
CHEMBL88,MONDO_0015760,INDICATION,
CHEMBL88,MONDO_0016537,INDICATION,
CHEMBL88,MONDO_0016700,INDICATION,
CHEMBL88,MONDO_0016717,INDICATION,
CHEMBL88,MONDO_0017198,INDICATION,
CHEMBL88,MONDO_0017816,INDICATION,
CHEMBL88,MONDO_0018076,INDICATION,
CHEMBL88,MONDO_0018149,INDICATION,
CHEMBL88,MONDO_0018150,INDICATION,
CHEMBL88,MONDO_0018271,INDICATION,
CHEMBL88,MONDO_0018305,INDICATION,
CHEMBL88,MONDO_0018544,INDICATION,
CHEMBL88,MONDO_0018868,INDICATION,
CHEMBL88,MONDO_0018906,INDICATION,
CHEMBL88,MONDO_0018944,INDICATION,
CHEMBL88,MONDO_0019004,INDICATION,
CHEMBL88,MONDO_0019019,INDICATION,
CHEMBL88,MONDO_0019148,INDICATION,
CHEMBL88,MONDO_0019262,INDICATION,
CHEMBL88,MONDO_0019338,INDICATION,
CHEMBL88,MONDO_0019391,INDICATION,
CHEMBL88,MONDO_0019438,INDICATION,
CHEMBL88,MONDO_0019471,INDICATION,
CHEMBL88,MONDO_0019472,INDICATION,
CHEMBL88,MONDO_0019479,INDICATION,
CHEMBL88,MONDO_0020077,INDICATION,
CHEMBL88,MONDO_0020547,INDICATION,
CHEMBL88,MONDO_0021063,INDICATION,
CHEMBL88,MONDO_0024475,INDICATION,
CHEMBL88,MONDO_0037745,INDICATION,
CHEMBL88,MONDO_0044881,INDICATION,
CHEMBL88,MONDO_0044903,INDICATION,
CHEMBL88,MONDO_0044917,INDICATION,
CHEMBL88,MONDO_0100342,INDICATION,
CHEMBL88,Orphanet_145,INDICATION,
CHEMBL880,EFO_0000763,INDICATION,
CHEMBL880,EFO_0003086,CONTRAINDICATION,
CHEMBL880,EFO_0006510,INDICATION,
CHEMBL880,EFO_0006862,INDICATION,
CHEMBL880,EFO_0007282,INDICATION,
CHEMBL880,EFO_1001347,INDICATION,
CHEMBL880,EFO_1001888,INDICATION,
CHEMBL880,EFO_1002022,INDICATION,
CHEMBL880,MONDO_0005301,INDICATION,
CHEMBL880,MONDO_0021094,INDICATION,
CHEMBL8809,EFO_0001073,INDICATION,
CHEMBL8809,EFO_0005611,INDICATION,
CHEMBL8809,MONDO_0002050,INDICATION,
CHEMBL88153,EFO_0000198,INDICATION,
CHEMBL88153,EFO_0000565,INDICATION,
CHEMBL885,EFO_0000180,INDICATION,
CHEMBL885,EFO_0000474,CONTRAINDICATION,
CHEMBL885,EFO_0000544,INDICATION,
CHEMBL885,EFO_0000763,INDICATION,
CHEMBL885,EFO_0000764,INDICATION,
CHEMBL885,EFO_0000765,INDICATION,
CHEMBL885,EFO_0001073,CONTRAINDICATION,
CHEMBL885,EFO_0002614,INDICATION,
CHEMBL885,EFO_0003047,INDICATION,
CHEMBL885,EFO_0003086,CONTRAINDICATION,
CHEMBL885,EFO_0004197,INDICATION,
CHEMBL885,EFO_0004239,CONTRAINDICATION,
CHEMBL885,EFO_0005307,CONTRAINDICATION,
CHEMBL885,EFO_1000036,CONTRAINDICATION,
CHEMBL885,EFO_1001486,INDICATION,
CHEMBL885,MONDO_0000313,CONTRAINDICATION,
CHEMBL885,MONDO_0001083,CONTRAINDICATION,
CHEMBL885,MONDO_0002050,CONTRAINDICATION,
CHEMBL885,MONDO_0004790,CONTRAINDICATION,
CHEMBL885,MONDO_0018076,INDICATION,
CHEMBL885,MONDO_0019171,CONTRAINDICATION,
CHEMBL885,MONDO_0100096,INDICATION,
CHEMBL885,MONDO_0100192,CONTRAINDICATION,
CHEMBL887,EFO_0000474,CONTRAINDICATION,
CHEMBL887,EFO_0000537,CONTRAINDICATION,
CHEMBL887,EFO_0004270,INDICATION,
CHEMBL887,EFO_0005252,CONTRAINDICATION,
CHEMBL887,EFO_1001050,INDICATION,
CHEMBL887,MONDO_0004975,INDICATION,
CHEMBL887,MONDO_0004976,INDICATION,
CHEMBL887,MONDO_0004985,CONTRAINDICATION,
CHEMBL887,MONDO_0005180,INDICATION,
CHEMBL887,MONDO_0008233,CONTRAINDICATION,
CHEMBL887,MONDO_0019037,INDICATION,
CHEMBL88712,EFO_0005672,INDICATION,
CHEMBL888,EFO_0000096,INDICATION,
CHEMBL888,EFO_0000174,OFF_LABEL_USE,
CHEMBL888,EFO_0000181,INDICATION,
CHEMBL888,EFO_0000182,INDICATION,
CHEMBL888,EFO_0000183,INDICATION,
CHEMBL888,EFO_0000211,INDICATION,
CHEMBL888,EFO_0000220,INDICATION,
CHEMBL888,EFO_0000222,INDICATION,
CHEMBL888,EFO_0000228,INDICATION,
CHEMBL888,EFO_0000255,INDICATION,
CHEMBL888,EFO_0000294,INDICATION,
CHEMBL888,EFO_0000305,INDICATION,
CHEMBL888,EFO_0000313,INDICATION,
CHEMBL888,EFO_0000365,INDICATION,
CHEMBL888,EFO_0000403,INDICATION,
CHEMBL888,EFO_0000466,INDICATION,
CHEMBL888,EFO_0000514,INDICATION,
CHEMBL888,EFO_0000564,INDICATION,
CHEMBL888,EFO_0000565,INDICATION,
CHEMBL888,EFO_0000571,INDICATION,
CHEMBL888,EFO_0000574,INDICATION,
CHEMBL888,EFO_0000588,INDICATION,
CHEMBL888,EFO_0000616,INDICATION,
CHEMBL888,EFO_0000637,INDICATION,
CHEMBL888,EFO_0000681,INDICATION,
CHEMBL888,EFO_0000691,INDICATION,
CHEMBL888,EFO_0000702,OFF_LABEL_USE,
CHEMBL888,EFO_0000707,INDICATION,
CHEMBL888,EFO_0000708,INDICATION,
CHEMBL888,EFO_0000756,INDICATION,
CHEMBL888,EFO_0000770,INDICATION,
CHEMBL888,EFO_0001061,INDICATION,
CHEMBL888,EFO_0001075,INDICATION,
CHEMBL888,EFO_0001376,INDICATION,
CHEMBL888,EFO_0001378,INDICATION,
CHEMBL888,EFO_0001416,INDICATION,
CHEMBL888,EFO_0002618,INDICATION,
CHEMBL888,EFO_0002913,INDICATION,
CHEMBL888,EFO_0002939,INDICATION,
CHEMBL888,EFO_0003032,INDICATION,
CHEMBL888,EFO_0003050,INDICATION,
CHEMBL888,EFO_0003060,INDICATION,
CHEMBL888,EFO_0003086,CONTRAINDICATION,
CHEMBL888,EFO_0003860,INDICATION,
CHEMBL888,EFO_0003863,INDICATION,
CHEMBL888,EFO_0003869,INDICATION,
CHEMBL888,EFO_0003891,INDICATION,
CHEMBL888,EFO_0003893,INDICATION,
CHEMBL888,EFO_0004252,INDICATION,
CHEMBL888,EFO_0004606,INDICATION,
CHEMBL888,EFO_0005088,OFF_LABEL_USE,
CHEMBL888,EFO_0005221,INDICATION,
CHEMBL888,EFO_0005230,INDICATION,
CHEMBL888,EFO_0005537,INDICATION,
CHEMBL888,EFO_0005741,CONTRAINDICATION,
CHEMBL888,EFO_0005952,INDICATION,
CHEMBL888,EFO_0006475,INDICATION,
CHEMBL888,EFO_0006738,INDICATION,
CHEMBL888,EFO_0006859,OFF_LABEL_USE,
CHEMBL888,EFO_0006861,INDICATION,
CHEMBL888,EFO_0007532,INDICATION,
CHEMBL888,EFO_0008528,INDICATION,
CHEMBL888,EFO_0009534,INDICATION,
CHEMBL888,EFO_0009708,INDICATION,
CHEMBL888,EFO_0010282,INDICATION,
CHEMBL888,EFO_1000026,INDICATION,
CHEMBL888,EFO_1000043,INDICATION,
CHEMBL888,EFO_1000044,INDICATION,
CHEMBL888,EFO_1000251,INDICATION,
CHEMBL888,EFO_1000292,INDICATION,
CHEMBL888,EFO_1000359,INDICATION,
CHEMBL888,EFO_1000613,INDICATION,
CHEMBL888,EFO_1000657,INDICATION,
CHEMBL888,EFO_1001051,INDICATION,
CHEMBL888,EFO_1001100,INDICATION,
CHEMBL888,EFO_1001469,INDICATION,
CHEMBL888,EFO_1001951,INDICATION,
CHEMBL888,EFO_1001956,INDICATION,
CHEMBL888,EFO_1001959,INDICATION,
CHEMBL888,EFO_1001961,INDICATION,
CHEMBL888,EFO_1001968,INDICATION,
CHEMBL888,MONDO_0000430,INDICATION,
CHEMBL888,MONDO_0001056,INDICATION,
CHEMBL888,MONDO_0001187,OFF_LABEL_USE,
CHEMBL888,MONDO_0001549,CONTRAINDICATION,
CHEMBL888,MONDO_0001657,INDICATION,
CHEMBL888,MONDO_0002087,INDICATION,
CHEMBL888,MONDO_0002108,INDICATION,
CHEMBL888,MONDO_0002158,INDICATION,
CHEMBL888,MONDO_0002280,CONTRAINDICATION,
CHEMBL888,MONDO_0002367,INDICATION,
CHEMBL888,MONDO_0002691,INDICATION,
CHEMBL888,MONDO_0002974,INDICATION,
CHEMBL888,MONDO_0003059,INDICATION,
CHEMBL888,MONDO_0003060,INDICATION,
CHEMBL888,MONDO_0004192,INDICATION,
CHEMBL888,MONDO_0004986,INDICATION,
CHEMBL888,MONDO_0004992,INDICATION,
CHEMBL888,MONDO_0005184,INDICATION,
CHEMBL888,MONDO_0005411,INDICATION,
CHEMBL888,MONDO_0005575,INDICATION,
CHEMBL888,MONDO_0007254,INDICATION,
CHEMBL888,MONDO_0007576,INDICATION,
CHEMBL888,MONDO_0008170,INDICATION,
CHEMBL888,MONDO_0008315,INDICATION,
CHEMBL888,MONDO_0008627,INDICATION,
CHEMBL888,MONDO_0008903,INDICATION,
CHEMBL888,MONDO_0009348,INDICATION,
CHEMBL888,MONDO_0011719,INDICATION,
CHEMBL888,MONDO_0011962,INDICATION,
CHEMBL888,MONDO_0015760,INDICATION,
CHEMBL888,MONDO_0016537,INDICATION,
CHEMBL888,MONDO_0018364,INDICATION,
CHEMBL888,MONDO_0018906,INDICATION,
CHEMBL888,MONDO_0019471,INDICATION,
CHEMBL888,MONDO_0019472,INDICATION,
CHEMBL888,MONDO_0021054,INDICATION,
CHEMBL888,MONDO_0021063,INDICATION,
CHEMBL888,MONDO_0021117,INDICATION,
CHEMBL888,Orphanet_145,INDICATION,
CHEMBL889,EFO_0000616,INDICATION,
CHEMBL889,EFO_0000691,INDICATION,
CHEMBL889,EFO_0000702,INDICATION,
CHEMBL889,EFO_1001968,INDICATION,
CHEMBL889,MONDO_0004992,INDICATION,
CHEMBL889,MONDO_0007254,INDICATION,
CHEMBL891,EFO_0000771,INDICATION,
CHEMBL891,EFO_0003086,CONTRAINDICATION,
CHEMBL891,EFO_0003102,INDICATION,
CHEMBL891,EFO_0005681,INDICATION,
CHEMBL891,EFO_0007326,CONTRAINDICATION,
CHEMBL891,EFO_0007486,INDICATION,
CHEMBL891,EFO_0007496,INDICATION,
CHEMBL891,EFO_1000830,OFF_LABEL_USE,
CHEMBL891,EFO_1001034,INDICATION,
CHEMBL891,EFO_1001313,INDICATION,
CHEMBL891,MONDO_0002258,INDICATION,
CHEMBL891,MONDO_0004789,OFF_LABEL_USE,
CHEMBL891,MONDO_0021679,INDICATION,
CHEMBL893,EFO_0000544,INDICATION,
CHEMBL893,EFO_0000771,INDICATION,
CHEMBL893,EFO_0003033,INDICATION,
CHEMBL893,EFO_0003086,CONTRAINDICATION,
CHEMBL893,EFO_0003102,INDICATION,
CHEMBL893,EFO_0005681,INDICATION,
CHEMBL893,EFO_0007326,CONTRAINDICATION,
CHEMBL893,EFO_0007496,INDICATION,
CHEMBL893,MONDO_0021679,INDICATION,
CHEMBL894,EFO_0000095,INDICATION,
CHEMBL894,EFO_0000384,INDICATION,
CHEMBL894,EFO_0000474,CONTRAINDICATION,
CHEMBL894,EFO_0000537,CONTRAINDICATION,
CHEMBL894,EFO_0000612,CONTRAINDICATION,
CHEMBL894,EFO_0000616,INDICATION,
CHEMBL894,EFO_0001073,INDICATION,
CHEMBL894,EFO_0001422,CONTRAINDICATION,
CHEMBL894,EFO_0002610,INDICATION,
CHEMBL894,EFO_0002617,INDICATION,
CHEMBL894,EFO_0003060,INDICATION,
CHEMBL894,EFO_0003086,CONTRAINDICATION,
CHEMBL894,EFO_0003768,INDICATION,
CHEMBL894,EFO_0003888,OFF_LABEL_USE,
CHEMBL894,EFO_0003890,INDICATION,
CHEMBL894,EFO_0004247,INDICATION,
CHEMBL894,EFO_0004262,CONTRAINDICATION,
CHEMBL894,EFO_0004270,INDICATION,
CHEMBL894,EFO_0004318,INDICATION,
CHEMBL894,EFO_0004319,INDICATION,
CHEMBL894,EFO_0004701,INDICATION,
CHEMBL894,EFO_0004714,INDICATION,
CHEMBL894,EFO_0005203,INDICATION,
CHEMBL894,EFO_0005204,CONTRAINDICATION,
CHEMBL894,EFO_0005230,INDICATION,
CHEMBL894,EFO_0005407,CONTRAINDICATION,
CHEMBL894,EFO_0005611,CONTRAINDICATION,
CHEMBL894,EFO_0006859,INDICATION,
CHEMBL894,EFO_0007191,INDICATION,
CHEMBL894,EFO_0009854,INDICATION,
CHEMBL894,EFO_0009963,INDICATION,
CHEMBL894,EFO_1000158,CONTRAINDICATION,
CHEMBL894,MONDO_0002009,INDICATION,
CHEMBL894,MONDO_0002046,INDICATION,
CHEMBL894,MONDO_0002050,INDICATION,
CHEMBL894,MONDO_0002491,INDICATION,
CHEMBL894,MONDO_0004975,INDICATION,
CHEMBL894,MONDO_0004985,INDICATION,
CHEMBL894,MONDO_0005090,INDICATION,
CHEMBL894,MONDO_0005148,INDICATION,
CHEMBL894,MONDO_0005351,CONTRAINDICATION,
CHEMBL894,MONDO_0007079,CONTRAINDICATION,
CHEMBL894,MONDO_0007254,INDICATION,
CHEMBL894,MONDO_0007739,INDICATION,
CHEMBL894,MONDO_0008315,INDICATION,
CHEMBL894,MONDO_0008903,INDICATION,
CHEMBL894,MONDO_0010200,INDICATION,
CHEMBL894,MONDO_0044970,INDICATION,
CHEMBL894,MONDO_0100192,CONTRAINDICATION,
CHEMBL895,EFO_0000222,INDICATION,
CHEMBL895,EFO_0000464,CONTRAINDICATION,
CHEMBL895,EFO_0000474,CONTRAINDICATION,
CHEMBL895,EFO_0000729,CONTRAINDICATION,
CHEMBL895,EFO_0001074,CONTRAINDICATION,
CHEMBL895,EFO_0001421,INDICATION,
CHEMBL895,EFO_0003086,CONTRAINDICATION,
CHEMBL895,EFO_0003767,CONTRAINDICATION,
CHEMBL895,EFO_0003832,CONTRAINDICATION,
CHEMBL895,EFO_0003833,CONTRAINDICATION,
CHEMBL895,EFO_0003843,INDICATION,
CHEMBL895,EFO_0003890,CONTRAINDICATION,
CHEMBL895,EFO_0004705,CONTRAINDICATION,
CHEMBL895,EFO_0005251,CONTRAINDICATION,
CHEMBL895,EFO_0005323,INDICATION,
CHEMBL895,EFO_0005611,INDICATION,
CHEMBL895,EFO_0009267,INDICATION,
CHEMBL895,EFO_1000800,CONTRAINDICATION,
CHEMBL895,EFO_1000902,CONTRAINDICATION,
CHEMBL895,EFO_1001132,CONTRAINDICATION,
CHEMBL895,EFO_1001250,INDICATION,
CHEMBL895,MONDO_0002203,CONTRAINDICATION,
CHEMBL895,MONDO_0002491,CONTRAINDICATION,
CHEMBL895,MONDO_0004596,CONTRAINDICATION,
CHEMBL895,MONDO_0015129,CONTRAINDICATION,
CHEMBL89598,EFO_0000474,INDICATION,
CHEMBL89598,EFO_0001073,INDICATION,
CHEMBL89598,EFO_0002610,INDICATION,
CHEMBL89598,EFO_0003086,CONTRAINDICATION,
CHEMBL89598,EFO_0003100,CONTRAINDICATION,
CHEMBL89598,EFO_0004263,INDICATION,
CHEMBL89598,EFO_0004701,INDICATION,
CHEMBL89598,EFO_0004895,INDICATION,
CHEMBL89598,EFO_1000877,INDICATION,
CHEMBL89598,MONDO_0001734,INDICATION,
CHEMBL89598,MONDO_0002280,CONTRAINDICATION,
CHEMBL89598,MONDO_0007079,INDICATION,
CHEMBL89598,MONDO_0018097,INDICATION,
CHEMBL89598,MONDO_0100062,INDICATION,
CHEMBL896,EFO_0000274,INDICATION,
CHEMBL896,EFO_0000319,CONTRAINDICATION,
CHEMBL896,EFO_0000400,CONTRAINDICATION,
CHEMBL896,EFO_0000474,CONTRAINDICATION,
CHEMBL896,EFO_0000537,CONTRAINDICATION,
CHEMBL896,EFO_0000612,CONTRAINDICATION,
CHEMBL896,EFO_0000701,INDICATION,
CHEMBL896,EFO_0001645,CONTRAINDICATION,
CHEMBL896,EFO_0004190,CONTRAINDICATION,
CHEMBL896,EFO_0004257,INDICATION,
CHEMBL896,EFO_0004705,CONTRAINDICATION,
CHEMBL896,EFO_0005230,INDICATION,
CHEMBL896,EFO_0005407,CONTRAINDICATION,
CHEMBL896,EFO_0005531,INDICATION,
CHEMBL896,EFO_0005854,INDICATION,
CHEMBL896,EFO_0006788,INDICATION,
CHEMBL896,EFO_0007141,INDICATION,
CHEMBL896,EFO_0009189,CONTRAINDICATION,
CHEMBL896,EFO_1001134,CONTRAINDICATION,
CHEMBL896,EFO_1001375,CONTRAINDICATION,
CHEMBL896,MONDO_0001744,CONTRAINDICATION,
CHEMBL896,MONDO_0002050,INDICATION,
CHEMBL896,MONDO_0004247,CONTRAINDICATION,
CHEMBL896,MONDO_0004596,CONTRAINDICATION,
CHEMBL896,MONDO_0005090,INDICATION,
CHEMBL896,MONDO_0007079,CONTRAINDICATION,
CHEMBL896,MONDO_0009061,CONTRAINDICATION,
CHEMBL897,EFO_0000544,INDICATION,
CHEMBL897,EFO_0000616,INDICATION,
CHEMBL897,EFO_0001073,INDICATION,
CHEMBL897,EFO_0003035,INDICATION,
CHEMBL897,EFO_0003086,CONTRAINDICATION,
CHEMBL897,EFO_0003103,INDICATION,
CHEMBL897,EFO_0003144,INDICATION,
CHEMBL897,EFO_0004145,CONTRAINDICATION,
CHEMBL897,EFO_0004248,INDICATION,
CHEMBL897,EFO_0004274,INDICATION,
CHEMBL897,EFO_0005222,INDICATION,
CHEMBL897,EFO_0005803,CONTRAINDICATION,
CHEMBL897,EFO_0007326,CONTRAINDICATION,
CHEMBL897,EFO_1000025,INDICATION,
CHEMBL897,EFO_1001207,INDICATION,
CHEMBL897,MONDO_0001314,INDICATION,
CHEMBL897,MONDO_0001343,CONTRAINDICATION,
CHEMBL897,MONDO_0004247,CONTRAINDICATION,
CHEMBL897,MONDO_0005148,INDICATION,
CHEMBL897,MONDO_0007079,INDICATION,
CHEMBL897,MONDO_0015909,CONTRAINDICATION,
CHEMBL897,MONDO_0043510,INDICATION,
CHEMBL897,MONDO_0100192,CONTRAINDICATION,
CHEMBL898,EFO_0000319,CONTRAINDICATION,
CHEMBL898,EFO_0000537,CONTRAINDICATION,
CHEMBL898,EFO_0000612,CONTRAINDICATION,
CHEMBL898,EFO_0000685,INDICATION,
CHEMBL898,EFO_0003086,CONTRAINDICATION,
CHEMBL898,EFO_0003843,INDICATION,
CHEMBL898,EFO_0004129,INDICATION,
CHEMBL898,EFO_0005856,OFF_LABEL_USE,
CHEMBL898,EFO_0009314,CONTRAINDICATION,
CHEMBL898,MONDO_0004247,CONTRAINDICATION,
CHEMBL898,MONDO_0005148,INDICATION,
CHEMBL898,MONDO_0005178,INDICATION,
CHEMBL9,DOID_7551,INDICATION,
CHEMBL9,EFO_0000400,CONTRAINDICATION,
CHEMBL9,EFO_0000474,CONTRAINDICATION,
CHEMBL9,EFO_0000771,INDICATION,
CHEMBL9,EFO_0000778,INDICATION,
CHEMBL9,EFO_0001422,CONTRAINDICATION,
CHEMBL9,EFO_0003086,CONTRAINDICATION,
CHEMBL9,EFO_0003100,CONTRAINDICATION,
CHEMBL9,EFO_0003102,INDICATION,
CHEMBL9,EFO_0003103,INDICATION,
CHEMBL9,EFO_0003106,INDICATION,
CHEMBL9,EFO_0003830,INDICATION,
CHEMBL9,EFO_0004991,CONTRAINDICATION,
CHEMBL9,EFO_0005307,CONTRAINDICATION,
CHEMBL9,EFO_0005407,CONTRAINDICATION,
CHEMBL9,EFO_0005585,INDICATION,
CHEMBL9,EFO_0005681,INDICATION,
CHEMBL9,EFO_0006789,INDICATION,
CHEMBL9,EFO_0007387,INDICATION,
CHEMBL9,EFO_0007470,INDICATION,
CHEMBL9,EFO_0007496,INDICATION,
CHEMBL9,EFO_0007499,INDICATION,
CHEMBL9,EFO_0008588,INDICATION,
CHEMBL9,EFO_0009545,INDICATION,
CHEMBL9,EFO_0009560,INDICATION,
CHEMBL9,EFO_0009661,INDICATION,
CHEMBL9,EFO_1000025,INDICATION,
CHEMBL9,EFO_1000049,OFF_LABEL_USE,
CHEMBL9,EFO_1000829,INDICATION,
CHEMBL9,EFO_1000905,CONTRAINDICATION,
CHEMBL9,EFO_1001141,INDICATION,
CHEMBL9,EFO_1001272,INDICATION,
CHEMBL9,EFO_1001318,INDICATION,
CHEMBL9,EFO_1001346,INDICATION,
CHEMBL9,EFO_1001375,CONTRAINDICATION,
CHEMBL9,EFO_1001869,INDICATION,
CHEMBL9,EFO_1001888,INDICATION,
CHEMBL9,MONDO_0001080,INDICATION,
CHEMBL9,MONDO_0001343,CONTRAINDICATION,
CHEMBL9,MONDO_0001701,OFF_LABEL_USE,
CHEMBL9,MONDO_0002050,CONTRAINDICATION,
CHEMBL9,MONDO_0002186,INDICATION,
CHEMBL9,MONDO_0002280,CONTRAINDICATION,
CHEMBL9,MONDO_0004215,OFF_LABEL_USE,
CHEMBL9,MONDO_0004857,CONTRAINDICATION,
CHEMBL9,MONDO_0005247,INDICATION,
CHEMBL9,MONDO_0018100,CONTRAINDICATION,
CHEMBL9,MONDO_0019171,CONTRAINDICATION,
CHEMBL9,MONDO_0025598,INDICATION,
CHEMBL9,MONDO_0030602,INDICATION,
CHEMBL9,MONDO_0040732,INDICATION,
CHEMBL9,MONDO_0042451,INDICATION,
CHEMBL9,MONDO_0100192,CONTRAINDICATION,
CHEMBL90,EFO_0000222,INDICATION,
CHEMBL90,EFO_0000319,CONTRAINDICATION,
CHEMBL90,EFO_0000389,INDICATION,
CHEMBL90,EFO_0000400,CONTRAINDICATION,
CHEMBL90,EFO_0000537,CONTRAINDICATION,
CHEMBL90,EFO_0000565,INDICATION,
CHEMBL90,EFO_0000616,INDICATION,
CHEMBL90,EFO_0000678,INDICATION,
CHEMBL90,EFO_0003956,INDICATION,
CHEMBL90,EFO_0004616,INDICATION,
CHEMBL90,EFO_0005251,CONTRAINDICATION,
CHEMBL90,EFO_0005407,CONTRAINDICATION,
CHEMBL90,EFO_0005854,INDICATION,
CHEMBL90,EFO_0005952,INDICATION,
CHEMBL90,EFO_0009189,CONTRAINDICATION,
CHEMBL90,EFO_0009551,CONTRAINDICATION,
CHEMBL90,EFO_1000820,CONTRAINDICATION,
CHEMBL90,EFO_1001069,CONTRAINDICATION,
CHEMBL90,MONDO_0001744,CONTRAINDICATION,
CHEMBL90,MONDO_0002367,INDICATION,
CHEMBL90,MONDO_0002491,CONTRAINDICATION,
CHEMBL90,MONDO_0004247,CONTRAINDICATION,
CHEMBL90,MONDO_0004979,CONTRAINDICATION,
CHEMBL90,MONDO_0005041,CONTRAINDICATION,
CHEMBL90,MONDO_0005147,CONTRAINDICATION,
CHEMBL90,MONDO_0005149,CONTRAINDICATION,
CHEMBL90,MONDO_0005178,INDICATION,
CHEMBL90,MONDO_0005271,INDICATION,
CHEMBL90,MONDO_0005301,INDICATION,
CHEMBL90,MONDO_0007079,CONTRAINDICATION,
CHEMBL90,MONDO_0021661,CONTRAINDICATION,
CHEMBL90,MP_0001845,INDICATION,
CHEMBL900,EFO_0000474,CONTRAINDICATION,
CHEMBL900,EFO_0000537,CONTRAINDICATION,
CHEMBL900,EFO_0003086,CONTRAINDICATION,
CHEMBL900,EFO_0003843,INDICATION,
CHEMBL900,EFO_0003928,CONTRAINDICATION,
CHEMBL900,EFO_0004242,CONTRAINDICATION,
CHEMBL900,EFO_0004262,CONTRAINDICATION,
CHEMBL900,EFO_0004274,CONTRAINDICATION,
CHEMBL900,EFO_0004698,CONTRAINDICATION,
CHEMBL900,EFO_0004991,CONTRAINDICATION,
CHEMBL900,EFO_0007467,CONTRAINDICATION,
CHEMBL900,EFO_1000391,CONTRAINDICATION,
CHEMBL900,EFO_1001375,CONTRAINDICATION,
CHEMBL900,EFO_1001872,CONTRAINDICATION,
CHEMBL900,MONDO_0001343,CONTRAINDICATION,
CHEMBL900,MONDO_0002280,CONTRAINDICATION,
CHEMBL900,MONDO_0004247,CONTRAINDICATION,
CHEMBL900,MONDO_0005041,CONTRAINDICATION,
CHEMBL900,MONDO_0005180,INDICATION,
CHEMBL900,MONDO_0007079,CONTRAINDICATION,
CHEMBL900,MONDO_0018660,CONTRAINDICATION,
CHEMBL900,MONDO_0018896,CONTRAINDICATION,
CHEMBL900,MONDO_0021095,INDICATION,
CHEMBL900,MONDO_0024574,CONTRAINDICATION,
CHEMBL900,MONDO_0100192,CONTRAINDICATION,
CHEMBL900,Orphanet_903,CONTRAINDICATION,
CHEMBL902,EFO_0000180,INDICATION,
CHEMBL902,EFO_0000616,INDICATION,
CHEMBL902,EFO_0000641,INDICATION,
CHEMBL902,EFO_0000676,INDICATION,
CHEMBL902,EFO_0000685,INDICATION,
CHEMBL902,EFO_0000756,INDICATION,
CHEMBL902,EFO_0000764,INDICATION,
CHEMBL902,EFO_0003060,INDICATION,
CHEMBL902,EFO_0003086,CONTRAINDICATION,
CHEMBL902,EFO_0003948,INDICATION,
CHEMBL902,EFO_0004232,INDICATION,
CHEMBL902,EFO_0004280,INDICATION,
CHEMBL902,EFO_0004607,INDICATION,
CHEMBL902,EFO_0006890,INDICATION,
CHEMBL902,EFO_0007549,INDICATION,
CHEMBL902,EFO_0008506,CONTRAINDICATION,
CHEMBL902,EFO_0008533,INDICATION,
CHEMBL902,EFO_0009454,INDICATION,
CHEMBL902,EFO_1001095,INDICATION,
CHEMBL902,EFO_1001951,INDICATION,
CHEMBL902,MONDO_0001056,CONTRAINDICATION,
CHEMBL902,MONDO_0001343,CONTRAINDICATION,
CHEMBL902,MONDO_0001566,CONTRAINDICATION,
CHEMBL902,MONDO_0002203,CONTRAINDICATION,
CHEMBL902,MONDO_0004658,INDICATION,
CHEMBL902,MONDO_0004992,INDICATION,
CHEMBL902,MONDO_0005090,INDICATION,
CHEMBL902,MONDO_0005178,INDICATION,
CHEMBL902,MONDO_0009291,INDICATION,
CHEMBL902,MONDO_0011382,INDICATION,
CHEMBL902,MONDO_0017287,INDICATION,
CHEMBL902,MONDO_0019338,CONTRAINDICATION,
CHEMBL902,MONDO_0043839,INDICATION,
CHEMBL902,MONDO_0100096,INDICATION,
CHEMBL904,EFO_0003888,INDICATION,
CHEMBL905,EFO_0000537,CONTRAINDICATION,
CHEMBL905,EFO_0000612,CONTRAINDICATION,
CHEMBL905,EFO_0000712,CONTRAINDICATION,
CHEMBL905,EFO_0003875,CONTRAINDICATION,
CHEMBL905,EFO_1000013,CONTRAINDICATION,
CHEMBL905,EFO_1001375,CONTRAINDICATION,
CHEMBL905,MONDO_0005277,INDICATION,
CHEMBL905,MONDO_0005475,INDICATION,
CHEMBL905,MONDO_0024327,CONTRAINDICATION,
CHEMBL905,MONDO_0100431,INDICATION,
CHEMBL90555,EFO_0000094,INDICATION,
CHEMBL90555,EFO_0000095,INDICATION,
CHEMBL90555,EFO_0000096,INDICATION,
CHEMBL90555,EFO_0000174,INDICATION,
CHEMBL90555,EFO_0000180,INDICATION,
CHEMBL90555,EFO_0000183,INDICATION,
CHEMBL90555,EFO_0000198,INDICATION,
CHEMBL90555,EFO_0000209,INDICATION,
CHEMBL90555,EFO_0000211,INDICATION,
CHEMBL90555,EFO_0000220,INDICATION,
CHEMBL90555,EFO_0000222,INDICATION,
CHEMBL90555,EFO_0000248,INDICATION,
CHEMBL90555,EFO_0000255,INDICATION,
CHEMBL90555,EFO_0000272,INDICATION,
CHEMBL90555,EFO_0000309,INDICATION,
CHEMBL90555,EFO_0000313,INDICATION,
CHEMBL90555,EFO_0000403,INDICATION,
CHEMBL90555,EFO_0000437,INDICATION,
CHEMBL90555,EFO_0000502,INDICATION,
CHEMBL90555,EFO_0000519,INDICATION,
CHEMBL90555,EFO_0000558,INDICATION,
CHEMBL90555,EFO_0000565,INDICATION,
CHEMBL90555,EFO_0000574,INDICATION,
CHEMBL90555,EFO_0000588,INDICATION,
CHEMBL90555,EFO_0000616,INDICATION,
CHEMBL90555,EFO_0000621,INDICATION,
CHEMBL90555,EFO_0000637,INDICATION,
CHEMBL90555,EFO_0000691,INDICATION,
CHEMBL90555,EFO_0000702,INDICATION,
CHEMBL90555,EFO_0000756,INDICATION,
CHEMBL90555,EFO_0000765,INDICATION,
CHEMBL90555,EFO_0001378,INDICATION,
CHEMBL90555,EFO_0002499,INDICATION,
CHEMBL90555,EFO_0002918,INDICATION,
CHEMBL90555,EFO_0002939,INDICATION,
CHEMBL90555,EFO_0003032,INDICATION,
CHEMBL90555,EFO_0003833,INDICATION,
CHEMBL90555,EFO_0004289,INDICATION,
CHEMBL90555,EFO_0005235,INDICATION,
CHEMBL90555,EFO_0005952,INDICATION,
CHEMBL90555,EFO_0006859,INDICATION,
CHEMBL90555,EFO_0007160,INDICATION,
CHEMBL90555,EFO_0009254,INDICATION,
CHEMBL90555,EFO_0009441,INDICATION,
CHEMBL90555,EFO_0009708,INDICATION,
CHEMBL90555,EFO_1000131,INDICATION,
CHEMBL90555,EFO_1000158,INDICATION,
CHEMBL90555,EFO_1000292,INDICATION,
CHEMBL90555,EFO_1000318,INDICATION,
CHEMBL90555,EFO_1000635,INDICATION,
CHEMBL90555,EFO_1000796,INDICATION,
CHEMBL90555,EFO_1001042,INDICATION,
CHEMBL90555,EFO_1001365,INDICATION,
CHEMBL90555,EFO_1001469,INDICATION,
CHEMBL90555,EFO_1001830,INDICATION,
CHEMBL90555,EFO_1001951,INDICATION,
CHEMBL90555,MONDO_0000430,INDICATION,
CHEMBL90555,MONDO_0000432,INDICATION,
CHEMBL90555,MONDO_0000870,INDICATION,
CHEMBL90555,MONDO_0000873,INDICATION,
CHEMBL90555,MONDO_0001657,INDICATION,
CHEMBL90555,MONDO_0002367,INDICATION,
CHEMBL90555,MONDO_0002974,INDICATION,
CHEMBL90555,MONDO_0003478,INDICATION,
CHEMBL90555,MONDO_0004095,INDICATION,
CHEMBL90555,MONDO_0006058,INDICATION,
CHEMBL90555,MONDO_0008380,INDICATION,
CHEMBL90555,MONDO_0008903,INDICATION,
CHEMBL90555,MONDO_0009348,INDICATION,
CHEMBL90555,MONDO_0015540,INDICATION,
CHEMBL90555,MONDO_0015564,INDICATION,
CHEMBL90555,MONDO_0015760,INDICATION,
CHEMBL90555,MONDO_0016700,INDICATION,
CHEMBL90555,MONDO_0016717,INDICATION,
CHEMBL90555,MONDO_0018271,INDICATION,
CHEMBL90555,MONDO_0018906,INDICATION,
CHEMBL90555,MONDO_0018944,INDICATION,
CHEMBL90555,MONDO_0018975,INDICATION,
CHEMBL90555,MONDO_0019004,INDICATION,
CHEMBL90555,MONDO_0019471,INDICATION,
CHEMBL90555,MONDO_0044881,INDICATION,
CHEMBL90555,MONDO_0044917,INDICATION,
CHEMBL90593,EFO_0000384,INDICATION,
CHEMBL90593,EFO_0000545,INDICATION,
CHEMBL90593,EFO_0000685,INDICATION,
CHEMBL90593,EFO_0000764,INDICATION,
CHEMBL90593,EFO_0001068,INDICATION,
CHEMBL90593,EFO_0001358,INDICATION,
CHEMBL90593,EFO_0001376,INDICATION,
CHEMBL90593,EFO_0001378,INDICATION,
CHEMBL90593,EFO_0003843,INDICATION,
CHEMBL90593,EFO_0004234,INDICATION,
CHEMBL90593,EFO_0004266,INDICATION,
CHEMBL90593,EFO_0004714,INDICATION,
CHEMBL90593,EFO_0005422,INDICATION,
CHEMBL90593,EFO_0005800,INDICATION,
CHEMBL90593,EFO_0009491,INDICATION,
CHEMBL90593,EFO_1001271,INDICATION,
CHEMBL90593,MONDO_0002050,INDICATION,
CHEMBL90593,MONDO_0004979,INDICATION,
CHEMBL90593,MONDO_0005147,INDICATION,
CHEMBL90593,MONDO_0005178,INDICATION,
CHEMBL90593,MONDO_0005351,INDICATION,
CHEMBL90593,MONDO_0007254,INDICATION,
CHEMBL90593,MONDO_0007915,INDICATION,
CHEMBL90593,MONDO_0015129,INDICATION,
CHEMBL90593,MONDO_0016107,INDICATION,
CHEMBL90593,MONDO_0021148,INDICATION,
CHEMBL908,EFO_0000319,CONTRAINDICATION,
CHEMBL908,EFO_0000474,CONTRAINDICATION,
CHEMBL908,EFO_0004777,CONTRAINDICATION,
CHEMBL908,EFO_0005230,INDICATION,
CHEMBL908,EFO_0005407,INDICATION,
CHEMBL908,EFO_0005803,CONTRAINDICATION,
CHEMBL908,EFO_1001379,CONTRAINDICATION,
CHEMBL908,MONDO_0001744,CONTRAINDICATION,
CHEMBL908,MONDO_0002050,INDICATION,
CHEMBL908,MONDO_0005090,INDICATION,
CHEMBL908,MONDO_0021095,CONTRAINDICATION,
CHEMBL90983,EFO_0000574,INDICATION,
CHEMBL90983,EFO_1000158,INDICATION,
CHEMBL90983,MONDO_0004992,INDICATION,
CHEMBL90983,MONDO_0022394,INDICATION,
CHEMBL90983,MONDO_0100342,INDICATION,
CHEMBL91,EFO_0000544,INDICATION,
CHEMBL91,EFO_0000764,INDICATION,
CHEMBL91,EFO_0007406,INDICATION,
CHEMBL91,EFO_0007421,OFF_LABEL_USE,
CHEMBL91,EFO_0007439,INDICATION,
CHEMBL91,EFO_0007510,INDICATION,
CHEMBL91,EFO_0007512,INDICATION,
CHEMBL91,EFO_0007543,INDICATION,
CHEMBL91,EFO_1001904,INDICATION,
CHEMBL91,MONDO_0000879,INDICATION,
CHEMBL91,MONDO_0001628,INDICATION,
CHEMBL91,MONDO_0002041,INDICATION,
CHEMBL91,MONDO_0021340,INDICATION,
CHEMBL911,EFO_0000673,INDICATION,
CHEMBL911,EFO_0001073,INDICATION,
CHEMBL911,EFO_0003758,INDICATION,
CHEMBL911,EFO_0003877,CONTRAINDICATION,
CHEMBL911,EFO_0003888,CONTRAINDICATION,
CHEMBL911,EFO_0003890,INDICATION,
CHEMBL911,EFO_0004698,INDICATION,
CHEMBL911,EFO_0005230,INDICATION,
CHEMBL911,EFO_0007191,INDICATION,
CHEMBL911,EFO_0008568,INDICATION,
CHEMBL911,MONDO_0000477,INDICATION,
CHEMBL911,MONDO_0002050,CONTRAINDICATION,
CHEMBL911,MONDO_0002491,CONTRAINDICATION,
CHEMBL911,MONDO_0005090,INDICATION,
CHEMBL911,MONDO_0005180,INDICATION,
CHEMBL91238,MONDO_0002009,INDICATION,
CHEMBL91238,MONDO_0002050,INDICATION,
CHEMBL91397,EFO_0000685,INDICATION,
CHEMBL91397,EFO_0005531,INDICATION,
CHEMBL91397,EFO_0005854,INDICATION,
CHEMBL91397,EFO_0009001,INDICATION,
CHEMBL91397,EFO_1001881,INDICATION,
CHEMBL91397,MONDO_0005271,INDICATION,
CHEMBL914,EFO_0000274,INDICATION,
CHEMBL914,EFO_0000400,CONTRAINDICATION,
CHEMBL914,EFO_0000401,INDICATION,
CHEMBL914,EFO_0000537,CONTRAINDICATION,
CHEMBL914,EFO_0000673,INDICATION,
CHEMBL914,EFO_0000685,INDICATION,
CHEMBL914,EFO_0003060,INDICATION,
CHEMBL914,EFO_0003086,CONTRAINDICATION,
CHEMBL914,EFO_0003948,INDICATION,
CHEMBL914,EFO_0003956,INDICATION,
CHEMBL914,EFO_0004192,OFF_LABEL_USE,
CHEMBL914,EFO_0004253,INDICATION,
CHEMBL914,EFO_0005531,OFF_LABEL_USE,
CHEMBL914,EFO_0005854,INDICATION,
CHEMBL914,EFO_0007141,INDICATION,
CHEMBL914,EFO_0009189,CONTRAINDICATION,
CHEMBL914,EFO_0009373,INDICATION,
CHEMBL914,EFO_1001417,INDICATION,
CHEMBL914,MONDO_0001744,CONTRAINDICATION,
CHEMBL914,MONDO_0004979,INDICATION,
CHEMBL914,MONDO_0005271,INDICATION,
CHEMBL914,MONDO_0021661,CONTRAINDICATION,
CHEMBL914,MONDO_0044212,INDICATION,
CHEMBL915,EFO_0007141,INDICATION,
CHEMBL916,EFO_0000612,INDICATION,
CHEMBL916,EFO_0000712,CONTRAINDICATION,
CHEMBL916,EFO_0001645,INDICATION,
CHEMBL916,EFO_0003833,CONTRAINDICATION,
CHEMBL916,EFO_0004286,INDICATION,
CHEMBL916,EFO_0005672,INDICATION,
CHEMBL916,EFO_0007541,INDICATION,
CHEMBL916,EFO_0008583,INDICATION,
CHEMBL916,EFO_0009314,CONTRAINDICATION,
CHEMBL916,EFO_0009686,INDICATION,
CHEMBL916,MONDO_0100096,INDICATION,
CHEMBL917,EFO_0000182,INDICATION,
CHEMBL917,EFO_0000365,INDICATION,
CHEMBL917,EFO_0000503,INDICATION,
CHEMBL917,EFO_0000616,INDICATION,
CHEMBL917,EFO_0003086,CONTRAINDICATION,
CHEMBL917,EFO_0004142,INDICATION,
CHEMBL917,EFO_0004243,INDICATION,
CHEMBL917,EFO_0005221,INDICATION,
CHEMBL917,EFO_0009688,CONTRAINDICATION,
CHEMBL917,EFO_1000657,INDICATION,
CHEMBL917,EFO_1001375,CONTRAINDICATION,
CHEMBL917,EFO_1001951,INDICATION,
CHEMBL917,EFO_1001961,INDICATION,
CHEMBL917,MONDO_0001056,INDICATION,
CHEMBL917,MONDO_0001409,CONTRAINDICATION,
CHEMBL917,MONDO_0002087,INDICATION,
CHEMBL917,MONDO_0002158,INDICATION,
CHEMBL917,MONDO_0002258,CONTRAINDICATION,
CHEMBL917,MONDO_0002280,CONTRAINDICATION,
CHEMBL917,MONDO_0002691,INDICATION,
CHEMBL917,MONDO_0004992,INDICATION,
CHEMBL917,MONDO_0007576,INDICATION,
CHEMBL917,MONDO_0008170,INDICATION,
CHEMBL917,MONDO_0011719,INDICATION,
CHEMBL917,MONDO_0021063,INDICATION,
CHEMBL91704,MONDO_0100096,INDICATION,
CHEMBL918,EFO_0000474,INDICATION,
CHEMBL91829,EFO_0000400,INDICATION,
CHEMBL91829,EFO_0003144,INDICATION,
CHEMBL91829,EFO_0003770,INDICATION,
CHEMBL91829,EFO_1000783,INDICATION,
CHEMBL91829,MONDO_0005147,INDICATION,
CHEMBL91829,MONDO_0005148,INDICATION,
CHEMBL9194,EFO_0000401,INDICATION,
CHEMBL9194,EFO_0000673,INDICATION,
CHEMBL9194,EFO_0004194,INDICATION,
CHEMBL9194,EFO_1000158,INDICATION,
CHEMBL9194,MONDO_0002087,INDICATION,
CHEMBL9194,MONDO_0002158,INDICATION,
CHEMBL9194,MONDO_0002367,INDICATION,
CHEMBL9194,MONDO_0008170,INDICATION,
CHEMBL9194,MONDO_0008315,INDICATION,
CHEMBL92,EFO_0000174,OFF_LABEL_USE,
CHEMBL92,EFO_0000178,INDICATION,
CHEMBL92,EFO_0000181,INDICATION,
CHEMBL92,EFO_0000182,INDICATION,
CHEMBL92,EFO_0000196,INDICATION,
CHEMBL92,EFO_0000198,INDICATION,
CHEMBL92,EFO_0000199,INDICATION,
CHEMBL92,EFO_0000228,INDICATION,
CHEMBL92,EFO_0000305,INDICATION,
CHEMBL92,EFO_0000313,INDICATION,
CHEMBL92,EFO_0000432,INDICATION,
CHEMBL92,EFO_0000466,INDICATION,
CHEMBL92,EFO_0000503,INDICATION,
CHEMBL92,EFO_0000564,INDICATION,
CHEMBL92,EFO_0000565,INDICATION,
CHEMBL92,EFO_0000571,INDICATION,
CHEMBL92,EFO_0000574,INDICATION,
CHEMBL92,EFO_0000616,INDICATION,
CHEMBL92,EFO_0000637,INDICATION,
CHEMBL92,EFO_0000673,INDICATION,
CHEMBL92,EFO_0000681,INDICATION,
CHEMBL92,EFO_0000691,INDICATION,
CHEMBL92,EFO_0000702,OFF_LABEL_USE,
CHEMBL92,EFO_0000707,INDICATION,
CHEMBL92,EFO_0000708,INDICATION,
CHEMBL92,EFO_0000756,INDICATION,
CHEMBL92,EFO_0001075,INDICATION,
CHEMBL92,EFO_0001376,INDICATION,
CHEMBL92,EFO_0001378,INDICATION,
CHEMBL92,EFO_0001416,INDICATION,
CHEMBL92,EFO_0001663,INDICATION,
CHEMBL92,EFO_0002428,INDICATION,
CHEMBL92,EFO_0002617,INDICATION,
CHEMBL92,EFO_0002618,INDICATION,
CHEMBL92,EFO_0002916,INDICATION,
CHEMBL92,EFO_0002938,INDICATION,
CHEMBL92,EFO_0003060,INDICATION,
CHEMBL92,EFO_0003100,CONTRAINDICATION,
CHEMBL92,EFO_0003817,INDICATION,
CHEMBL92,EFO_0003859,INDICATION,
CHEMBL92,EFO_0003860,INDICATION,
CHEMBL92,EFO_0003863,INDICATION,
CHEMBL92,EFO_0003865,INDICATION,
CHEMBL92,EFO_0003866,INDICATION,
CHEMBL92,EFO_0003869,INDICATION,
CHEMBL92,EFO_0003891,INDICATION,
CHEMBL92,EFO_0003893,INDICATION,
CHEMBL92,EFO_0003897,INDICATION,
CHEMBL92,EFO_0004230,INDICATION,
CHEMBL92,EFO_0004252,INDICATION,
CHEMBL92,EFO_0004281,INDICATION,
CHEMBL92,EFO_0004284,INDICATION,
CHEMBL92,EFO_0005088,INDICATION,
CHEMBL92,EFO_0005537,INDICATION,
CHEMBL92,EFO_0005570,INDICATION,
CHEMBL92,EFO_0005577,INDICATION,
CHEMBL92,EFO_0005922,INDICATION,
CHEMBL92,EFO_0005950,INDICATION,
CHEMBL92,EFO_0006352,INDICATION,
CHEMBL92,EFO_0006859,INDICATION,
CHEMBL92,EFO_0006861,INDICATION,
CHEMBL92,EFO_0006911,INDICATION,
CHEMBL92,EFO_0007355,INDICATION,
CHEMBL92,EFO_0007362,INDICATION,
CHEMBL92,EFO_0008528,INDICATION,
CHEMBL92,EFO_0009688,CONTRAINDICATION,
CHEMBL92,EFO_0009708,INDICATION,
CHEMBL92,EFO_0010282,INDICATION,
CHEMBL92,EFO_1000043,INDICATION,
CHEMBL92,EFO_1000595,INDICATION,
CHEMBL92,EFO_1000601,INDICATION,
CHEMBL92,EFO_1000613,INDICATION,
CHEMBL92,EFO_1000984,INDICATION,
CHEMBL92,EFO_1001100,INDICATION,
CHEMBL92,EFO_1001134,CONTRAINDICATION,
CHEMBL92,EFO_1001214,INDICATION,
CHEMBL92,EFO_1001285,CONTRAINDICATION,
CHEMBL92,EFO_1001931,INDICATION,
CHEMBL92,EFO_1001951,INDICATION,
CHEMBL92,EFO_1001968,INDICATION,
CHEMBL92,MONDO_0000521,INDICATION,
CHEMBL92,MONDO_0001056,INDICATION,
CHEMBL92,MONDO_0001187,INDICATION,
CHEMBL92,MONDO_0001325,INDICATION,
CHEMBL92,MONDO_0001402,INDICATION,
CHEMBL92,MONDO_0001475,INDICATION,
CHEMBL92,MONDO_0001528,INDICATION,
CHEMBL92,MONDO_0002038,INDICATION,
CHEMBL92,MONDO_0002087,INDICATION,
CHEMBL92,MONDO_0002120,INDICATION,
CHEMBL92,MONDO_0002158,INDICATION,
CHEMBL92,MONDO_0002280,CONTRAINDICATION,
CHEMBL92,MONDO_0002358,INDICATION,
CHEMBL92,MONDO_0002367,INDICATION,
CHEMBL92,MONDO_0002691,INDICATION,
CHEMBL92,MONDO_0002974,INDICATION,
CHEMBL92,MONDO_0003060,INDICATION,
CHEMBL92,MONDO_0003199,INDICATION,
CHEMBL92,MONDO_0004004,CONTRAINDICATION,
CHEMBL92,MONDO_0004192,INDICATION,
CHEMBL92,MONDO_0004669,INDICATION,
CHEMBL92,MONDO_0004986,INDICATION,
CHEMBL92,MONDO_0004992,INDICATION,
CHEMBL92,MONDO_0005271,INDICATION,
CHEMBL92,MONDO_0005575,INDICATION,
CHEMBL92,MONDO_0007254,INDICATION,
CHEMBL92,MONDO_0007576,OFF_LABEL_USE,
CHEMBL92,MONDO_0008170,OFF_LABEL_USE,
CHEMBL92,MONDO_0008315,INDICATION,
CHEMBL92,MONDO_0008903,INDICATION,
CHEMBL92,MONDO_0011719,INDICATION,
CHEMBL92,MONDO_0011962,INDICATION,
CHEMBL92,MONDO_0018364,INDICATION,
CHEMBL92,MONDO_0021063,INDICATION,
CHEMBL92,MONDO_0021117,INDICATION,
CHEMBL92,MONDO_0021310,INDICATION,
CHEMBL92,MONDO_0021355,INDICATION,
CHEMBL92,Orphanet_145,INDICATION,
CHEMBL920,EFO_0001073,INDICATION,
CHEMBL920,EFO_0004698,INDICATION,
CHEMBL922,EFO_0000763,INDICATION,
CHEMBL922,EFO_0000764,INDICATION,
CHEMBL922,EFO_0001062,INDICATION,
CHEMBL922,EFO_0001073,CONTRAINDICATION,
CHEMBL922,EFO_0003086,CONTRAINDICATION,
CHEMBL922,EFO_0004197,INDICATION,
CHEMBL922,EFO_0004239,INDICATION,
CHEMBL922,EFO_0008496,INDICATION,
CHEMBL922,EFO_1000036,CONTRAINDICATION,
CHEMBL922,MONDO_0004790,CONTRAINDICATION,
CHEMBL923,EFO_0000196,INDICATION,
CHEMBL923,EFO_0000217,CONTRAINDICATION,
CHEMBL923,EFO_0000565,INDICATION,
CHEMBL923,EFO_0000574,INDICATION,
CHEMBL923,EFO_0003086,CONTRAINDICATION,
CHEMBL923,EFO_0003854,INDICATION,
CHEMBL923,EFO_0003882,INDICATION,
CHEMBL923,EFO_0004260,INDICATION,
CHEMBL923,EFO_0004261,INDICATION,
CHEMBL923,EFO_0008506,CONTRAINDICATION,
CHEMBL923,EFO_0008553,CONTRAINDICATION,
CHEMBL923,EFO_1001152,INDICATION,
CHEMBL923,EFO_1001919,INDICATION,
CHEMBL923,MONDO_0000845,INDICATION,
CHEMBL923,MONDO_0001566,CONTRAINDICATION,
CHEMBL923,MONDO_0002203,CONTRAINDICATION,
CHEMBL923,MONDO_0004627,CONTRAINDICATION,
CHEMBL923,MONDO_0005351,INDICATION,
CHEMBL923,MONDO_0008315,INDICATION,
CHEMBL923,MONDO_0019019,INDICATION,
CHEMBL923,MONDO_0019338,CONTRAINDICATION,
CHEMBL923,MONDO_0021117,INDICATION,
CHEMBL923,MONDO_0021165,INDICATION,
CHEMBL924,EFO_0000174,INDICATION,
CHEMBL924,EFO_0000182,INDICATION,
CHEMBL924,EFO_0000196,INDICATION,
CHEMBL924,EFO_0000228,INDICATION,
CHEMBL924,EFO_0000333,INDICATION,
CHEMBL924,EFO_0000432,INDICATION,
CHEMBL924,EFO_0000564,INDICATION,
CHEMBL924,EFO_0000588,INDICATION,
CHEMBL924,EFO_0000621,INDICATION,
CHEMBL924,EFO_0000637,INDICATION,
CHEMBL924,EFO_0000673,INDICATION,
CHEMBL924,EFO_0000681,INDICATION,
CHEMBL924,EFO_0000685,INDICATION,
CHEMBL924,EFO_0000691,INDICATION,
CHEMBL924,EFO_0001365,INDICATION,
CHEMBL924,EFO_0001378,INDICATION,
CHEMBL924,EFO_0001416,INDICATION,
CHEMBL924,EFO_0001663,INDICATION,
CHEMBL924,EFO_0002430,INDICATION,
CHEMBL924,EFO_0003060,INDICATION,
CHEMBL924,EFO_0003820,INDICATION,
CHEMBL924,EFO_0003843,INDICATION,
CHEMBL924,EFO_0003854,INDICATION,
CHEMBL924,EFO_0003863,INDICATION,
CHEMBL924,EFO_0003869,INDICATION,
CHEMBL924,EFO_0003882,INDICATION,
CHEMBL924,EFO_0003931,INDICATION,
CHEMBL924,EFO_0004252,INDICATION,
CHEMBL924,EFO_0004259,INDICATION,
CHEMBL924,EFO_0004260,INDICATION,
CHEMBL924,EFO_0004261,INDICATION,
CHEMBL924,EFO_0005952,INDICATION,
CHEMBL924,EFO_0006738,INDICATION,
CHEMBL924,EFO_0008553,CONTRAINDICATION,
CHEMBL924,EFO_0009451,CONTRAINDICATION,
CHEMBL924,EFO_0009530,CONTRAINDICATION,
CHEMBL924,EFO_0009708,INDICATION,
CHEMBL924,EFO_0009870,INDICATION,
CHEMBL924,EFO_1000786,INDICATION,
CHEMBL924,EFO_1001147,INDICATION,
CHEMBL924,EFO_1001216,CONTRAINDICATION,
CHEMBL924,EFO_1001919,INDICATION,
CHEMBL924,EFO_1001998,INDICATION,
CHEMBL924,EFO_1002048,CONTRAINDICATION,
CHEMBL924,MONDO_0000313,CONTRAINDICATION,
CHEMBL924,MONDO_0001343,CONTRAINDICATION,
CHEMBL924,MONDO_0002171,INDICATION,
CHEMBL924,MONDO_0002367,INDICATION,
CHEMBL924,MONDO_0002974,INDICATION,
CHEMBL924,MONDO_0007254,INDICATION,
CHEMBL924,MONDO_0008310,INDICATION,
CHEMBL924,MONDO_0008315,INDICATION,
CHEMBL924,MONDO_0008903,INDICATION,
CHEMBL924,MONDO_0011382,INDICATION,
CHEMBL924,MONDO_0018100,CONTRAINDICATION,
CHEMBL924,MONDO_0019019,INDICATION,
CHEMBL924,MONDO_0020732,INDICATION,
CHEMBL924,MONDO_0021165,INDICATION,
CHEMBL924,MONDO_0044903,INDICATION,
CHEMBL924,Orphanet_848,INDICATION,
CHEMBL92401,MONDO_0002009,INDICATION,
CHEMBL92401,MONDO_0002050,INDICATION,
CHEMBL925,EFO_0001073,INDICATION,
CHEMBL925,MONDO_0005148,INDICATION,
CHEMBL925,MONDO_0018958,INDICATION,
CHEMBL926,EFO_0000275,CONTRAINDICATION,
CHEMBL926,EFO_0000319,INDICATION,
CHEMBL926,EFO_0000373,INDICATION,
CHEMBL926,EFO_0000537,CONTRAINDICATION,
CHEMBL926,EFO_0000612,CONTRAINDICATION,
CHEMBL926,EFO_0003144,INDICATION,
CHEMBL926,EFO_0004610,INDICATION,
CHEMBL926,EFO_0006834,INDICATION,
CHEMBL926,EFO_0009516,INDICATION,
CHEMBL926,MONDO_0042981,CONTRAINDICATION,
CHEMBL926,MONDO_0043510,INDICATION,
CHEMBL927,EFO_0000544,INDICATION,
CHEMBL927,EFO_0000771,INDICATION,
CHEMBL927,EFO_0003102,INDICATION,
CHEMBL927,EFO_0003106,INDICATION,
CHEMBL927,EFO_0004992,INDICATION,
CHEMBL927,EFO_0005681,INDICATION,
CHEMBL927,EFO_0006505,INDICATION,
CHEMBL927,EFO_0007149,INDICATION,
CHEMBL927,EFO_0007499,INDICATION,
CHEMBL927,EFO_1001034,INDICATION,
CHEMBL927,MONDO_0002258,INDICATION,
CHEMBL928,EFO_0000712,INDICATION,
CHEMBL928,EFO_0020003,INDICATION,
CHEMBL928,EFO_1000632,INDICATION,
CHEMBL928,EFO_1001340,INDICATION,
CHEMBL928,EFO_1001919,INDICATION,
CHEMBL928,MONDO_0005301,INDICATION,
CHEMBL928,MONDO_0018105,INDICATION,
CHEMBL92870,EFO_0000319,INDICATION,
CHEMBL929,EFO_0000764,INDICATION,
CHEMBL93,EFO_0000339,INDICATION,
CHEMBL93,EFO_0000341,INDICATION,
CHEMBL93,EFO_0000768,INDICATION,
CHEMBL93,EFO_0003768,INDICATION,
CHEMBL93,EFO_0003894,INDICATION,
CHEMBL93,MONDO_0002050,CONTRAINDICATION,
CHEMBL93,MONDO_0004784,INDICATION,
CHEMBL93,MONDO_0004979,INDICATION,
CHEMBL93,MONDO_0008903,INDICATION,
CHEMBL93,MONDO_0011382,INDICATION,
CHEMBL93,MP_0001845,INDICATION,
CHEMBL930,EFO_0000384,INDICATION,
CHEMBL930,EFO_0000400,INDICATION,
CHEMBL930,EFO_0000495,INDICATION,
CHEMBL930,EFO_0000546,INDICATION,
CHEMBL930,EFO_0000555,INDICATION,
CHEMBL930,EFO_0000574,INDICATION,
CHEMBL930,EFO_0000616,INDICATION,
CHEMBL930,EFO_0000649,INDICATION,
CHEMBL930,EFO_0001378,INDICATION,
CHEMBL930,EFO_0001645,INDICATION,
CHEMBL930,EFO_0003100,INDICATION,
CHEMBL930,EFO_0003144,INDICATION,
CHEMBL930,EFO_0003884,INDICATION,
CHEMBL930,EFO_0003917,INDICATION,
CHEMBL930,EFO_0004142,INDICATION,
CHEMBL930,EFO_0008533,INDICATION,
CHEMBL930,EFO_0008572,INDICATION,
CHEMBL930,EFO_0009130,INDICATION,
CHEMBL930,EFO_0700081,INDICATION,
CHEMBL930,EFO_1001373,INDICATION,
CHEMBL930,EFO_1001892,INDICATION,
CHEMBL930,EFO_1001898,INDICATION,
CHEMBL930,EFO_1001904,INDICATION,
CHEMBL930,EFO_1001996,INDICATION,
CHEMBL930,MONDO_0001673,INDICATION,
CHEMBL930,MONDO_0004992,INDICATION,
CHEMBL930,MONDO_0005148,INDICATION,
CHEMBL930,MONDO_0005184,INDICATION,
CHEMBL930,MONDO_0007254,INDICATION,
CHEMBL930,MONDO_0008315,INDICATION,
CHEMBL930,MONDO_0009061,INDICATION,
CHEMBL930,MONDO_0010679,INDICATION,
CHEMBL930,MONDO_0011382,INDICATION,
CHEMBL930,MONDO_0011628,INDICATION,
CHEMBL930,MONDO_0015183,INDICATION,
CHEMBL930,MONDO_0043544,INDICATION,
CHEMBL930,MONDO_0100096,INDICATION,
CHEMBL93047,EFO_0000474,INDICATION,
CHEMBL93047,EFO_0003086,CONTRAINDICATION,
CHEMBL93047,EFO_0003839,CONTRAINDICATION,
CHEMBL93047,EFO_0020094,CONTRAINDICATION,
CHEMBL93047,MONDO_0037821,CONTRAINDICATION,
CHEMBL93047,MONDO_0100192,CONTRAINDICATION,
CHEMBL93047,MONDO_0850093,INDICATION,
CHEMBL93077,EFO_0003888,INDICATION,
CHEMBL931,EFO_0005251,CONTRAINDICATION,
CHEMBL931,EFO_1001132,CONTRAINDICATION,
CHEMBL931,MONDO_0018493,CONTRAINDICATION,
CHEMBL93124,MONDO_0007079,INDICATION,
CHEMBL932,EFO_0000275,INDICATION,
CHEMBL932,EFO_0000537,INDICATION,
CHEMBL932,EFO_0000612,CONTRAINDICATION,
CHEMBL932,EFO_0000685,INDICATION,
CHEMBL932,EFO_0000712,INDICATION,
CHEMBL932,EFO_0000764,INDICATION,
CHEMBL932,EFO_0001645,INDICATION,
CHEMBL932,EFO_0002615,INDICATION,
CHEMBL932,EFO_0002618,INDICATION,
CHEMBL932,EFO_0002630,CONTRAINDICATION,
CHEMBL932,EFO_0003086,CONTRAINDICATION,
CHEMBL932,EFO_0003764,OFF_LABEL_USE,
CHEMBL932,EFO_0003777,INDICATION,
CHEMBL932,EFO_0003913,INDICATION,
CHEMBL932,EFO_0004274,CONTRAINDICATION,
CHEMBL932,EFO_0004287,CONTRAINDICATION,
CHEMBL932,EFO_0005251,CONTRAINDICATION,
CHEMBL932,EFO_0005672,CONTRAINDICATION,
CHEMBL932,EFO_0007467,CONTRAINDICATION,
CHEMBL932,EFO_0009609,CONTRAINDICATION,
CHEMBL932,EFO_1000391,CONTRAINDICATION,
CHEMBL932,EFO_1000878,CONTRAINDICATION,
CHEMBL932,EFO_1000965,INDICATION,
CHEMBL932,EFO_1001055,CONTRAINDICATION,
CHEMBL932,EFO_1001375,INDICATION,
CHEMBL932,EFO_1001450,CONTRAINDICATION,
CHEMBL932,EFO_1001984,CONTRAINDICATION,
CHEMBL932,EFO_1002000,INDICATION,
CHEMBL932,MONDO_0000465,CONTRAINDICATION,
CHEMBL932,MONDO_0001566,CONTRAINDICATION,
CHEMBL932,MONDO_0001823,CONTRAINDICATION,
CHEMBL932,MONDO_0002280,CONTRAINDICATION,
CHEMBL932,MONDO_0004247,CONTRAINDICATION,
CHEMBL932,MONDO_0004596,CONTRAINDICATION,
CHEMBL932,MONDO_0007079,CONTRAINDICATION,
CHEMBL932,MONDO_0008170,INDICATION,
CHEMBL932,MONDO_0011382,INDICATION,
CHEMBL932,MONDO_0018100,CONTRAINDICATION,
CHEMBL932,MONDO_0018660,CONTRAINDICATION,
CHEMBL932,MONDO_0018896,CONTRAINDICATION,
CHEMBL932,MONDO_0024574,CONTRAINDICATION,
CHEMBL932,MONDO_0100096,INDICATION,
CHEMBL932,Orphanet_903,CONTRAINDICATION,
CHEMBL93268,EFO_0000400,INDICATION,
CHEMBL93268,EFO_0000537,INDICATION,
CHEMBL93268,EFO_0000713,INDICATION,
CHEMBL93268,EFO_0001361,INDICATION,
CHEMBL93268,EFO_0003144,INDICATION,
CHEMBL93268,EFO_0003884,INDICATION,
CHEMBL93268,EFO_0004265,INDICATION,
CHEMBL93268,EFO_0007444,INDICATION,
CHEMBL93268,EFO_0008546,INDICATION,
CHEMBL93268,EFO_0008583,INDICATION,
CHEMBL93268,EFO_0008585,INDICATION,
CHEMBL93268,EFO_0009492,INDICATION,
CHEMBL93268,MONDO_0004979,INDICATION,
CHEMBL93268,MONDO_0005149,INDICATION,
CHEMBL93268,MONDO_0009061,INDICATION,
CHEMBL93268,MONDO_0011382,INDICATION,
CHEMBL934,EFO_0002610,INDICATION,
CHEMBL934,EFO_0003099,INDICATION,
CHEMBL934,EFO_0003768,INDICATION,
CHEMBL934,EFO_1000797,OFF_LABEL_USE,
CHEMBL934,MONDO_0002009,INDICATION,
CHEMBL934,MONDO_0002050,INDICATION,
CHEMBL934,MONDO_0015129,CONTRAINDICATION,
CHEMBL93645,EFO_0000685,INDICATION,
CHEMBL93645,EFO_0003898,INDICATION,
CHEMBL93645,EFO_0005755,INDICATION,
CHEMBL93645,EFO_1001139,INDICATION,
CHEMBL93645,MONDO_0003937,INDICATION,
CHEMBL93645,MONDO_0005178,INDICATION,
CHEMBL93836,EFO_0000474,INDICATION,
CHEMBL939,EFO_0000178,INDICATION,
CHEMBL939,EFO_0000181,INDICATION,
CHEMBL939,EFO_0000182,INDICATION,
CHEMBL939,EFO_0000196,INDICATION,
CHEMBL939,EFO_0000222,INDICATION,
CHEMBL939,EFO_0000308,INDICATION,
CHEMBL939,EFO_0000313,INDICATION,
CHEMBL939,EFO_0000514,INDICATION,
CHEMBL939,EFO_0000519,INDICATION,
CHEMBL939,EFO_0000571,INDICATION,
CHEMBL939,EFO_0000588,INDICATION,
CHEMBL939,EFO_0000616,INDICATION,
CHEMBL939,EFO_0000621,INDICATION,
CHEMBL939,EFO_0000681,INDICATION,
CHEMBL939,EFO_0000691,INDICATION,
CHEMBL939,EFO_0000702,INDICATION,
CHEMBL939,EFO_0000707,INDICATION,
CHEMBL939,EFO_0000708,INDICATION,
CHEMBL939,EFO_0001071,INDICATION,
CHEMBL939,EFO_0002618,INDICATION,
CHEMBL939,EFO_0003060,INDICATION,
CHEMBL939,EFO_0003859,INDICATION,
CHEMBL939,EFO_0003869,INDICATION,
CHEMBL939,EFO_0003897,INDICATION,
CHEMBL939,EFO_0004252,INDICATION,
CHEMBL939,EFO_0004284,INDICATION,
CHEMBL939,EFO_0006859,INDICATION,
CHEMBL939,EFO_0006861,INDICATION,
CHEMBL939,EFO_0009448,CONTRAINDICATION,
CHEMBL939,EFO_1000158,INDICATION,
CHEMBL939,EFO_1000251,INDICATION,
CHEMBL939,EFO_1001100,INDICATION,
CHEMBL939,EFO_1001465,INDICATION,
CHEMBL939,EFO_1001951,INDICATION,
CHEMBL939,MONDO_0001187,INDICATION,
CHEMBL939,MONDO_0002087,INDICATION,
CHEMBL939,MONDO_0002158,INDICATION,
CHEMBL939,MONDO_0002367,INDICATION,
CHEMBL939,MONDO_0002898,INDICATION,
CHEMBL939,MONDO_0002974,INDICATION,
CHEMBL939,MONDO_0004192,INDICATION,
CHEMBL939,MONDO_0004669,INDICATION,
CHEMBL939,MONDO_0004992,INDICATION,
CHEMBL939,MONDO_0007254,INDICATION,
CHEMBL939,MONDO_0007576,INDICATION,
CHEMBL939,MONDO_0008170,INDICATION,
CHEMBL939,MONDO_0008315,INDICATION,
CHEMBL939,MONDO_0008903,INDICATION,
CHEMBL939,MONDO_0021117,INDICATION,
CHEMBL94,EFO_0000319,CONTRAINDICATION,
CHEMBL94,EFO_0000400,CONTRAINDICATION,
CHEMBL94,EFO_0000474,CONTRAINDICATION,
CHEMBL94,EFO_0002614,INDICATION,
CHEMBL94,EFO_0003843,INDICATION,
CHEMBL94,EFO_0004190,INDICATION,
CHEMBL94,EFO_0005773,CONTRAINDICATION,
CHEMBL94,EFO_0008574,CONTRAINDICATION,
CHEMBL94,EFO_0009267,INDICATION,
CHEMBL94,EFO_0009449,CONTRAINDICATION,
CHEMBL94,EFO_0009571,CONTRAINDICATION,
CHEMBL94,EFO_1000811,CONTRAINDICATION,
CHEMBL94,EFO_1000997,CONTRAINDICATION,
CHEMBL94,MONDO_0001744,OFF_LABEL_USE,
CHEMBL94,MONDO_0004979,CONTRAINDICATION,
CHEMBL94,MONDO_0005041,INDICATION,
CHEMBL94,MONDO_0021095,CONTRAINDICATION,
CHEMBL940,EFO_0000279,INDICATION,
CHEMBL940,EFO_0000474,INDICATION,
CHEMBL940,EFO_0000512,INDICATION,
CHEMBL940,EFO_0000519,INDICATION,
CHEMBL940,EFO_0000546,INDICATION,
CHEMBL940,EFO_0000764,INDICATION,
CHEMBL940,EFO_0001422,INDICATION,
CHEMBL940,EFO_0003086,CONTRAINDICATION,
CHEMBL940,EFO_0003756,INDICATION,
CHEMBL940,EFO_0003768,INDICATION,
CHEMBL940,EFO_0003818,INDICATION,
CHEMBL940,EFO_0003843,INDICATION,
CHEMBL940,EFO_0003890,INDICATION,
CHEMBL940,EFO_0003917,INDICATION,
CHEMBL940,EFO_0004143,INDICATION,
CHEMBL940,EFO_0004263,INDICATION,
CHEMBL940,EFO_0004270,INDICATION,
CHEMBL940,EFO_0004273,INDICATION,
CHEMBL940,EFO_0004329,INDICATION,
CHEMBL940,EFO_0004698,OFF_LABEL_USE,
CHEMBL940,EFO_0004710,INDICATION,
CHEMBL940,EFO_0004777,INDICATION,
CHEMBL940,EFO_0004888,INDICATION,
CHEMBL940,EFO_0005230,INDICATION,
CHEMBL940,EFO_0005323,INDICATION,
CHEMBL940,EFO_0005407,INDICATION,
CHEMBL940,EFO_0005611,INDICATION,
CHEMBL940,EFO_0005687,OFF_LABEL_USE,
CHEMBL940,EFO_0005762,INDICATION,
CHEMBL940,EFO_0006510,INDICATION,
CHEMBL940,EFO_0006788,OFF_LABEL_USE,
CHEMBL940,EFO_0006859,INDICATION,
CHEMBL940,EFO_0007191,INDICATION,
CHEMBL940,EFO_0008507,INDICATION,
CHEMBL940,EFO_0008533,INDICATION,
CHEMBL940,EFO_0008568,INDICATION,
CHEMBL940,EFO_0009267,INDICATION,
CHEMBL940,EFO_0009430,OFF_LABEL_USE,
CHEMBL940,EFO_1000783,INDICATION,
CHEMBL940,EFO_1000971,INDICATION,
CHEMBL940,EFO_1001250,INDICATION,
CHEMBL940,EFO_1001255,INDICATION,
CHEMBL940,EFO_1001800,INDICATION,
CHEMBL940,EFO_1001898,INDICATION,
CHEMBL940,EFO_1001931,INDICATION,
CHEMBL940,EFO_1002028,INDICATION,
CHEMBL940,MONDO_0002038,INDICATION,
CHEMBL940,MONDO_0002050,CONTRAINDICATION,
CHEMBL940,MONDO_0004986,INDICATION,
CHEMBL940,MONDO_0004992,INDICATION,
CHEMBL940,MONDO_0005090,INDICATION,
CHEMBL940,MONDO_0005301,INDICATION,
CHEMBL940,MONDO_0007079,OFF_LABEL_USE,
CHEMBL940,MONDO_0007254,INDICATION,
CHEMBL940,MONDO_0008315,INDICATION,
CHEMBL940,MONDO_0011382,INDICATION,
CHEMBL940,MONDO_0041052,INDICATION,
CHEMBL940,MONDO_0043510,INDICATION,
CHEMBL94081,EFO_0000685,INDICATION,
CHEMBL94081,EFO_0003898,INDICATION,
CHEMBL94081,EFO_0005755,INDICATION,
CHEMBL941,EFO_0000094,INDICATION,
CHEMBL941,EFO_0000181,INDICATION,
CHEMBL941,EFO_0000209,INDICATION,
CHEMBL941,EFO_0000220,INDICATION,
CHEMBL941,EFO_0000222,INDICATION,
CHEMBL941,EFO_0000313,INDICATION,
CHEMBL941,EFO_0000333,INDICATION,
CHEMBL941,EFO_0000339,INDICATION,
CHEMBL941,EFO_0000349,INDICATION,
CHEMBL941,EFO_0000365,INDICATION,
CHEMBL941,EFO_0000389,INDICATION,
CHEMBL941,EFO_0000400,CONTRAINDICATION,
CHEMBL941,EFO_0000497,INDICATION,
CHEMBL941,EFO_0000503,INDICATION,
CHEMBL941,EFO_0000519,INDICATION,
CHEMBL941,EFO_0000537,CONTRAINDICATION,
CHEMBL941,EFO_0000565,INDICATION,
CHEMBL941,EFO_0000574,INDICATION,
CHEMBL941,EFO_0000588,INDICATION,
CHEMBL941,EFO_0000616,INDICATION,
CHEMBL941,EFO_0000641,INDICATION,
CHEMBL941,EFO_0000658,INDICATION,
CHEMBL941,EFO_0000673,INDICATION,
CHEMBL941,EFO_0000685,INDICATION,
CHEMBL941,EFO_0000691,INDICATION,
CHEMBL941,EFO_0000702,INDICATION,
CHEMBL941,EFO_0000712,INDICATION,
CHEMBL941,EFO_0000717,INDICATION,
CHEMBL941,EFO_0000756,INDICATION,
CHEMBL941,EFO_0000760,INDICATION,
CHEMBL941,EFO_0000768,INDICATION,
CHEMBL941,EFO_0001073,CONTRAINDICATION,
CHEMBL941,EFO_0001361,INDICATION,
CHEMBL941,EFO_0001376,INDICATION,
CHEMBL941,EFO_0001422,INDICATION,
CHEMBL941,EFO_0001645,CONTRAINDICATION,
CHEMBL941,EFO_0002087,INDICATION,
CHEMBL941,EFO_0002428,INDICATION,
CHEMBL941,EFO_0002429,INDICATION,
CHEMBL941,EFO_0002430,INDICATION,
CHEMBL941,EFO_0002617,INDICATION,
CHEMBL941,EFO_0002618,INDICATION,
CHEMBL941,EFO_0003032,INDICATION,
CHEMBL941,EFO_0003060,INDICATION,
CHEMBL941,EFO_0003086,CONTRAINDICATION,
CHEMBL941,EFO_0003106,INDICATION,
CHEMBL941,EFO_0003897,INDICATION,
CHEMBL941,EFO_0003956,INDICATION,
CHEMBL941,EFO_0004198,INDICATION,
CHEMBL941,EFO_0004288,INDICATION,
CHEMBL941,EFO_0004289,INDICATION,
CHEMBL941,EFO_0004610,INDICATION,
CHEMBL941,EFO_0004683,INDICATION,
CHEMBL941,EFO_0005207,CONTRAINDICATION,
CHEMBL941,EFO_0005952,INDICATION,
CHEMBL941,EFO_0006859,INDICATION,
CHEMBL941,EFO_0006861,INDICATION,
CHEMBL941,EFO_0007328,INDICATION,
CHEMBL941,EFO_0007444,INDICATION,
CHEMBL941,EFO_0009551,CONTRAINDICATION,
CHEMBL941,EFO_0009609,CONTRAINDICATION,
CHEMBL941,EFO_0009907,INDICATION,
CHEMBL941,EFO_1000131,INDICATION,
CHEMBL941,EFO_1000158,INDICATION,
CHEMBL941,EFO_1000359,INDICATION,
CHEMBL941,EFO_1000576,INDICATION,
CHEMBL941,EFO_1000613,INDICATION,
CHEMBL941,EFO_1000657,INDICATION,
CHEMBL941,EFO_1000729,INDICATION,
CHEMBL941,EFO_1000845,CONTRAINDICATION,
CHEMBL941,EFO_1000895,INDICATION,
CHEMBL941,EFO_1001134,CONTRAINDICATION,
CHEMBL941,EFO_1001361,INDICATION,
CHEMBL941,EFO_1001465,INDICATION,
CHEMBL941,EFO_1001467,INDICATION,
CHEMBL941,EFO_1001471,INDICATION,
CHEMBL941,EFO_1001814,INDICATION,
CHEMBL941,EFO_1001919,INDICATION,
CHEMBL941,EFO_1001951,INDICATION,
CHEMBL941,EFO_1001993,INDICATION,
CHEMBL941,MONDO_0000313,CONTRAINDICATION,
CHEMBL941,MONDO_0000870,INDICATION,
CHEMBL941,MONDO_0000873,INDICATION,
CHEMBL941,MONDO_0001056,INDICATION,
CHEMBL941,MONDO_0001370,CONTRAINDICATION,
CHEMBL941,MONDO_0002087,INDICATION,
CHEMBL941,MONDO_0002108,INDICATION,
CHEMBL941,MONDO_0002158,INDICATION,
CHEMBL941,MONDO_0002280,CONTRAINDICATION,
CHEMBL941,MONDO_0002367,INDICATION,
CHEMBL941,MONDO_0002610,CONTRAINDICATION,
CHEMBL941,MONDO_0002715,INDICATION,
CHEMBL941,MONDO_0004643,INDICATION,
CHEMBL941,MONDO_0004979,INDICATION,
CHEMBL941,MONDO_0004992,INDICATION,
CHEMBL941,MONDO_0005147,INDICATION,
CHEMBL941,MONDO_0005149,INDICATION,
CHEMBL941,MONDO_0005301,INDICATION,
CHEMBL941,MONDO_0005575,INDICATION,
CHEMBL941,MONDO_0007254,INDICATION,
CHEMBL941,MONDO_0008170,INDICATION,
CHEMBL941,MONDO_0008315,INDICATION,
CHEMBL941,MONDO_0008903,INDICATION,
CHEMBL941,MONDO_0008978,INDICATION,
CHEMBL941,MONDO_0009937,INDICATION,
CHEMBL941,MONDO_0011382,INDICATION,
CHEMBL941,MONDO_0011705,INDICATION,
CHEMBL941,MONDO_0011719,INDICATION,
CHEMBL941,MONDO_0011895,INDICATION,
CHEMBL941,MONDO_0011934,INDICATION,
CHEMBL941,MONDO_0011962,INDICATION,
CHEMBL941,MONDO_0013730,INDICATION,
CHEMBL941,MONDO_0016586,INDICATION,
CHEMBL941,MONDO_0018076,INDICATION,
CHEMBL941,MONDO_0018364,INDICATION,
CHEMBL941,MONDO_0018975,INDICATION,
CHEMBL941,MONDO_0020547,INDICATION,
CHEMBL941,MONDO_0021063,INDICATION,
CHEMBL941,MONDO_0044881,INDICATION,
CHEMBL941,MONDO_0044917,INDICATION,
CHEMBL941,MONDO_0100096,INDICATION,
CHEMBL941,MONDO_0100192,CONTRAINDICATION,
CHEMBL942,EFO_0000474,CONTRAINDICATION,
CHEMBL942,EFO_0003086,CONTRAINDICATION,
CHEMBL942,EFO_0007149,CONTRAINDICATION,
CHEMBL942,EFO_0009530,CONTRAINDICATION,
CHEMBL942,MONDO_0000468,CONTRAINDICATION,
CHEMBL942,MONDO_0002203,INDICATION,
CHEMBL942,MONDO_0004567,CONTRAINDICATION,
CHEMBL942,MONDO_0008224,CONTRAINDICATION,
CHEMBL94394,EFO_0005755,INDICATION,
CHEMBL944,EFO_0003843,INDICATION,
CHEMBL94454,EFO_0005854,INDICATION,
CHEMBL94454,EFO_1001417,INDICATION,
CHEMBL94454,MONDO_0005271,INDICATION,
CHEMBL945,EFO_0000319,INDICATION,
CHEMBL945,EFO_0000373,INDICATION,
CHEMBL945,EFO_0000400,CONTRAINDICATION,
CHEMBL945,EFO_0000401,CONTRAINDICATION,
CHEMBL945,EFO_0000537,INDICATION,
CHEMBL945,EFO_0001645,INDICATION,
CHEMBL945,EFO_0003086,CONTRAINDICATION,
CHEMBL945,EFO_0003144,INDICATION,
CHEMBL945,EFO_0003888,INDICATION,
CHEMBL945,EFO_0004269,INDICATION,
CHEMBL945,EFO_0004274,CONTRAINDICATION,
CHEMBL945,EFO_0007405,INDICATION,
CHEMBL945,EFO_0008506,CONTRAINDICATION,
CHEMBL945,EFO_0008519,INDICATION,
CHEMBL945,EFO_0008522,INDICATION,
CHEMBL945,EFO_0009530,CONTRAINDICATION,
CHEMBL945,EFO_1000014,CONTRAINDICATION,
CHEMBL945,EFO_1000652,CONTRAINDICATION,
CHEMBL945,MONDO_0001566,OFF_LABEL_USE,
CHEMBL945,MONDO_0005475,INDICATION,
CHEMBL945,MONDO_0007915,CONTRAINDICATION,
CHEMBL945,MONDO_0009061,INDICATION,
CHEMBL945,MONDO_0016383,OFF_LABEL_USE,
CHEMBL945,MONDO_0018100,CONTRAINDICATION,
CHEMBL946,EFO_0000400,CONTRAINDICATION,
CHEMBL946,EFO_0000537,CONTRAINDICATION,
CHEMBL946,EFO_0003956,INDICATION,
CHEMBL946,EFO_0005531,INDICATION,
CHEMBL946,EFO_0005854,INDICATION,
CHEMBL946,EFO_0007141,INDICATION,
CHEMBL946,EFO_0007214,INDICATION,
CHEMBL946,EFO_0007533,INDICATION,
CHEMBL946,EFO_0009189,CONTRAINDICATION,
CHEMBL946,MONDO_0001744,CONTRAINDICATION,
CHEMBL946,MONDO_0005271,INDICATION,
CHEMBL946,MONDO_0021661,CONTRAINDICATION,
CHEMBL94657,EFO_0000182,INDICATION,
CHEMBL94657,EFO_0000519,INDICATION,
CHEMBL94657,EFO_0000616,INDICATION,
CHEMBL94657,EFO_0000673,INDICATION,
CHEMBL94657,EFO_0000756,INDICATION,
CHEMBL94657,EFO_0003060,INDICATION,
CHEMBL94657,EFO_0003865,INDICATION,
CHEMBL94657,EFO_0003869,INDICATION,
CHEMBL94657,EFO_0004243,INDICATION,
CHEMBL94657,EFO_0004288,INDICATION,
CHEMBL94657,EFO_1001100,INDICATION,
CHEMBL94657,MONDO_0002158,INDICATION,
CHEMBL94657,MONDO_0004992,INDICATION,
CHEMBL94657,MONDO_0007254,INDICATION,
CHEMBL94657,MONDO_0008170,INDICATION,
CHEMBL94657,MONDO_0008315,INDICATION,
CHEMBL94657,MONDO_0021063,INDICATION,
CHEMBL947,EFO_0000537,CONTRAINDICATION,
CHEMBL947,EFO_0001645,CONTRAINDICATION,
CHEMBL947,EFO_0005251,CONTRAINDICATION,
CHEMBL947,EFO_0005407,CONTRAINDICATION,
CHEMBL947,MONDO_0002050,CONTRAINDICATION,
CHEMBL947,MONDO_0002491,CONTRAINDICATION,
CHEMBL947,MONDO_0005090,CONTRAINDICATION,
CHEMBL947,MONDO_0100192,CONTRAINDICATION,
CHEMBL95,EFO_0000474,CONTRAINDICATION,
CHEMBL95,EFO_0002610,INDICATION,
CHEMBL95,EFO_0005251,CONTRAINDICATION,
CHEMBL95,MONDO_0001823,CONTRAINDICATION,
CHEMBL95,MONDO_0004247,CONTRAINDICATION,
CHEMBL95,MONDO_0004975,INDICATION,
CHEMBL95,MONDO_0004979,CONTRAINDICATION,
CHEMBL95,MONDO_0021095,CONTRAINDICATION,
CHEMBL9509,EFO_0003047,INDICATION,
CHEMBL9509,EFO_0003768,INDICATION,
CHEMBL9509,MONDO_0008315,INDICATION,
CHEMBL953,EFO_0000400,CONTRAINDICATION,
CHEMBL953,EFO_0000474,CONTRAINDICATION,
CHEMBL953,EFO_0000612,CONTRAINDICATION,
CHEMBL953,EFO_0001073,INDICATION,
CHEMBL953,EFO_0002610,INDICATION,
CHEMBL953,EFO_0003086,CONTRAINDICATION,
CHEMBL953,EFO_0003818,CONTRAINDICATION,
CHEMBL953,EFO_0004190,CONTRAINDICATION,
CHEMBL953,EFO_0004607,CONTRAINDICATION,
CHEMBL953,EFO_0004701,INDICATION,
CHEMBL953,EFO_0005252,CONTRAINDICATION,
CHEMBL953,EFO_0005407,CONTRAINDICATION,
CHEMBL953,EFO_0009454,CONTRAINDICATION,
CHEMBL953,EFO_1000902,CONTRAINDICATION,
CHEMBL953,MONDO_0001744,CONTRAINDICATION,
CHEMBL953,MONDO_0001751,CONTRAINDICATION,
CHEMBL953,MONDO_0002050,CONTRAINDICATION,
CHEMBL953,MONDO_0004247,CONTRAINDICATION,
CHEMBL953,MONDO_0005180,INDICATION,
CHEMBL953,MONDO_0011719,INDICATION,
CHEMBL954,EFO_0000545,INDICATION,
CHEMBL954,EFO_0000660,INDICATION,
CHEMBL954,EFO_0001073,INDICATION,
CHEMBL954,MONDO_0002146,INDICATION,
CHEMBL954,MONDO_0018555,INDICATION,
CHEMBL95431,EFO_0000616,INDICATION,
CHEMBL95431,EFO_0000681,INDICATION,
CHEMBL95431,EFO_0003060,INDICATION,
CHEMBL95431,EFO_1001465,INDICATION,
CHEMBL95431,MONDO_0002087,INDICATION,
CHEMBL95431,MONDO_0002158,INDICATION,
CHEMBL95431,MONDO_0002367,INDICATION,
CHEMBL95431,MONDO_0008170,INDICATION,
CHEMBL956,EFO_0005755,INDICATION,
CHEMBL956,EFO_0009314,CONTRAINDICATION,
CHEMBL95606,EFO_0003060,INDICATION,
CHEMBL95606,MONDO_0004985,INDICATION,
CHEMBL95606,MONDO_0005129,INDICATION,
CHEMBL95606,MONDO_0015486,INDICATION,
CHEMBL957,EFO_0000341,INDICATION,
CHEMBL957,EFO_0000373,INDICATION,
CHEMBL957,EFO_0000400,INDICATION,
CHEMBL957,EFO_0000537,INDICATION,
CHEMBL957,EFO_0000616,INDICATION,
CHEMBL957,EFO_0000717,INDICATION,
CHEMBL957,EFO_0000756,INDICATION,
CHEMBL957,EFO_0000768,INDICATION,
CHEMBL957,EFO_0001361,INDICATION,
CHEMBL957,EFO_0001422,INDICATION,
CHEMBL957,EFO_0002618,INDICATION,
CHEMBL957,EFO_0003877,INDICATION,
CHEMBL957,EFO_0005207,INDICATION,
CHEMBL957,EFO_0007372,INDICATION,
CHEMBL957,EFO_0009200,INDICATION,
CHEMBL957,EFO_1000809,INDICATION,
CHEMBL957,EFO_1000905,CONTRAINDICATION,
CHEMBL957,EFO_1001103,INDICATION,
CHEMBL957,EFO_1001134,CONTRAINDICATION,
CHEMBL957,EFO_1001346,INDICATION,
CHEMBL957,EFO_1001993,INDICATION,
CHEMBL957,MONDO_0002280,CONTRAINDICATION,
CHEMBL957,MONDO_0004933,INDICATION,
CHEMBL957,MONDO_0004979,INDICATION,
CHEMBL957,MONDO_0005041,INDICATION,
CHEMBL957,MONDO_0005148,INDICATION,
CHEMBL957,MONDO_0005149,INDICATION,
CHEMBL957,MONDO_0007172,INDICATION,
CHEMBL957,MONDO_0009937,CONTRAINDICATION,
CHEMBL957,MONDO_0043839,INDICATION,
CHEMBL957,MONDO_0100192,CONTRAINDICATION,
CHEMBL95889,EFO_0001073,INDICATION,
CHEMBL95889,EFO_0003047,INDICATION,
CHEMBL95889,EFO_0004220,INDICATION,
CHEMBL95889,EFO_0004248,INDICATION,
CHEMBL95889,EFO_0009869,INDICATION,
CHEMBL95889,EFO_1001249,INDICATION,
CHEMBL95889,MONDO_0002009,INDICATION,
CHEMBL95889,MONDO_0002474,INDICATION,
CHEMBL95889,MONDO_0004737,INDICATION,
CHEMBL959,EFO_0000474,CONTRAINDICATION,
CHEMBL959,EFO_0000544,INDICATION,
CHEMBL959,EFO_0000763,INDICATION,
CHEMBL959,EFO_0003086,CONTRAINDICATION,
CHEMBL959,EFO_0007328,INDICATION,
CHEMBL96,EFO_0000474,INDICATION,
CHEMBL96,MONDO_0005147,INDICATION,
CHEMBL960,EFO_0000540,INDICATION,
CHEMBL960,EFO_0000616,INDICATION,
CHEMBL960,EFO_0000685,INDICATION,
CHEMBL960,EFO_0000699,INDICATION,
CHEMBL960,EFO_0000756,INDICATION,
CHEMBL960,EFO_0000764,INDICATION,
CHEMBL960,EFO_0001378,INDICATION,
CHEMBL960,EFO_0003073,INDICATION,
CHEMBL960,EFO_0003086,CONTRAINDICATION,
CHEMBL960,EFO_0003100,CONTRAINDICATION,
CHEMBL960,EFO_0003778,INDICATION,
CHEMBL960,EFO_0004197,CONTRAINDICATION,
CHEMBL960,EFO_0004239,CONTRAINDICATION,
CHEMBL960,EFO_0004991,INDICATION,
CHEMBL960,EFO_0005761,INDICATION,
CHEMBL960,EFO_0007157,CONTRAINDICATION,
CHEMBL960,EFO_0007187,INDICATION,
CHEMBL960,EFO_0008518,INDICATION,
CHEMBL960,EFO_1000158,INDICATION,
CHEMBL960,EFO_1000965,INDICATION,
CHEMBL960,EFO_1001231,INDICATION,
CHEMBL960,MONDO_0002280,CONTRAINDICATION,
CHEMBL960,MONDO_0007254,INDICATION,
CHEMBL960,MONDO_0007915,INDICATION,
CHEMBL960,MONDO_0008315,INDICATION,
CHEMBL960,MONDO_0016537,INDICATION,
CHEMBL960,MONDO_0020547,INDICATION,
CHEMBL960,MONDO_0100096,INDICATION,
CHEMBL960,MONDO_0100192,CONTRAINDICATION,
CHEMBL96172,EFO_0000616,INDICATION,
CHEMBL96172,EFO_1001951,INDICATION,
CHEMBL96172,MONDO_0007254,INDICATION,
CHEMBL96172,MONDO_0008315,INDICATION,
CHEMBL96172,MONDO_0008903,INDICATION,
CHEMBL962,EFO_0001361,INDICATION,
CHEMBL963,EFO_0000464,CONTRAINDICATION,
CHEMBL963,EFO_0000474,CONTRAINDICATION,
CHEMBL963,EFO_0000729,CONTRAINDICATION,
CHEMBL963,EFO_0001074,CONTRAINDICATION,
CHEMBL963,EFO_0003086,CONTRAINDICATION,
CHEMBL963,EFO_0003767,CONTRAINDICATION,
CHEMBL963,EFO_0003832,CONTRAINDICATION,
CHEMBL963,EFO_0003833,CONTRAINDICATION,
CHEMBL963,EFO_0003843,INDICATION,
CHEMBL963,EFO_0003890,CONTRAINDICATION,
CHEMBL963,EFO_0004705,CONTRAINDICATION,
CHEMBL963,EFO_0005251,CONTRAINDICATION,
CHEMBL963,EFO_1000800,CONTRAINDICATION,
CHEMBL963,EFO_1000902,CONTRAINDICATION,
CHEMBL963,EFO_1001132,CONTRAINDICATION,
CHEMBL963,MONDO_0002203,CONTRAINDICATION,
CHEMBL963,MONDO_0002491,CONTRAINDICATION,
CHEMBL963,MONDO_0004596,CONTRAINDICATION,
CHEMBL963,MONDO_0015129,CONTRAINDICATION,
CHEMBL964,EFO_0000400,CONTRAINDICATION,
CHEMBL964,EFO_0000474,CONTRAINDICATION,
CHEMBL964,EFO_0000514,INDICATION,
CHEMBL964,EFO_0000519,INDICATION,
CHEMBL964,EFO_0000691,INDICATION,
CHEMBL964,EFO_0000756,INDICATION,
CHEMBL964,EFO_0000764,INDICATION,
CHEMBL964,EFO_0001067,INDICATION,
CHEMBL964,EFO_0001073,INDICATION,
CHEMBL964,EFO_0001378,INDICATION,
CHEMBL964,EFO_0001422,CONTRAINDICATION,
CHEMBL964,EFO_0002610,INDICATION,
CHEMBL964,EFO_0002617,INDICATION,
CHEMBL964,EFO_0002618,INDICATION,
CHEMBL964,EFO_0003060,INDICATION,
CHEMBL964,EFO_0004701,INDICATION,
CHEMBL964,EFO_0004705,CONTRAINDICATION,
CHEMBL964,EFO_0005407,CONTRAINDICATION,
CHEMBL964,EFO_0005611,INDICATION,
CHEMBL964,EFO_1002050,CONTRAINDICATION,
CHEMBL964,MONDO_0004992,INDICATION,
CHEMBL964,MONDO_0007079,INDICATION,
CHEMBL964,MONDO_0007254,INDICATION,
CHEMBL964,MONDO_0008315,INDICATION,
CHEMBL964,MONDO_0019118,INDICATION,
CHEMBL964,MONDO_0021661,CONTRAINDICATION,
CHEMBL964,MONDO_0021698,INDICATION,
CHEMBL964,MONDO_0100096,INDICATION,
CHEMBL965,MONDO_0001330,INDICATION,
CHEMBL965,MONDO_0005041,INDICATION,
CHEMBL965,MONDO_0005129,INDICATION,
CHEMBL967,EFO_0000341,INDICATION,
CHEMBL967,EFO_0003086,CONTRAINDICATION,
CHEMBL967,EFO_0003877,CONTRAINDICATION,
CHEMBL967,EFO_0004698,INDICATION,
CHEMBL967,EFO_0005230,INDICATION,
CHEMBL967,EFO_0009910,CONTRAINDICATION,
CHEMBL967,MONDO_0002050,CONTRAINDICATION,
CHEMBL967,MONDO_0002491,CONTRAINDICATION,
CHEMBL967,MONDO_0005090,INDICATION,
CHEMBL96783,EFO_0000373,INDICATION,
CHEMBL96783,EFO_0000400,INDICATION,
CHEMBL96783,EFO_0000771,INDICATION,
CHEMBL96783,EFO_0003819,INDICATION,
CHEMBL96783,EFO_0003884,INDICATION,
CHEMBL96783,EFO_0004992,INDICATION,
CHEMBL96783,EFO_0007415,INDICATION,
CHEMBL96783,EFO_0007486,INDICATION,
CHEMBL96783,EFO_0009869,INDICATION,
CHEMBL96783,EFO_1000892,CONTRAINDICATION,
CHEMBL96783,MONDO_0002508,OFF_LABEL_USE,
CHEMBL96783,MONDO_0005271,INDICATION,
CHEMBL96783,MONDO_0009061,INDICATION,
CHEMBL968,EFO_0003086,CONTRAINDICATION,
CHEMBL968,EFO_0003818,CONTRAINDICATION,
CHEMBL968,EFO_0003877,CONTRAINDICATION,
CHEMBL968,EFO_0004698,INDICATION,
CHEMBL968,EFO_0005230,INDICATION,
CHEMBL968,EFO_0005407,CONTRAINDICATION,
CHEMBL968,MONDO_0002050,CONTRAINDICATION,
CHEMBL968,MONDO_0002491,CONTRAINDICATION,
CHEMBL968,MONDO_0005090,INDICATION,
CHEMBL968,MONDO_0037821,CONTRAINDICATION,
CHEMBL969,EFO_0003086,CONTRAINDICATION,
CHEMBL969,EFO_0003818,CONTRAINDICATION,
CHEMBL969,EFO_0003877,CONTRAINDICATION,
CHEMBL969,EFO_0004698,INDICATION,
CHEMBL969,EFO_0005230,INDICATION,
CHEMBL969,EFO_0005407,CONTRAINDICATION,
CHEMBL969,MONDO_0002050,CONTRAINDICATION,
CHEMBL969,MONDO_0002491,CONTRAINDICATION,
CHEMBL969,MONDO_0037821,CONTRAINDICATION,
CHEMBL970,EFO_0005230,INDICATION,
CHEMBL972,EFO_0000673,INDICATION,
CHEMBL972,EFO_0002610,INDICATION,
CHEMBL972,EFO_0003086,CONTRAINDICATION,
CHEMBL972,EFO_0003768,INDICATION,
CHEMBL972,EFO_0004701,INDICATION,
CHEMBL972,EFO_0005252,CONTRAINDICATION,
CHEMBL972,EFO_0005407,CONTRAINDICATION,
CHEMBL972,EFO_0007191,INDICATION,
CHEMBL972,MONDO_0002009,INDICATION,
CHEMBL972,MONDO_0002050,INDICATION,
CHEMBL972,MONDO_0004975,INDICATION,
CHEMBL972,MONDO_0004985,CONTRAINDICATION,
CHEMBL972,MONDO_0005090,INDICATION,
CHEMBL972,MONDO_0005180,INDICATION,
CHEMBL972,MONDO_0008233,CONTRAINDICATION,
CHEMBL973,EFO_0000540,INDICATION,
CHEMBL973,EFO_0001060,INDICATION,
CHEMBL973,EFO_0003086,INDICATION,
CHEMBL973,EFO_0003929,INDICATION,
CHEMBL973,EFO_0004255,CONTRAINDICATION,
CHEMBL973,EFO_0007527,INDICATION,
CHEMBL973,MONDO_0002280,CONTRAINDICATION,
CHEMBL973,MONDO_0005301,INDICATION,
CHEMBL973,MONDO_0021094,CONTRAINDICATION,
CHEMBL975,EFO_0000094,INDICATION,
CHEMBL975,EFO_0000095,INDICATION,
CHEMBL975,EFO_0000096,INDICATION,
CHEMBL975,EFO_0000174,INDICATION,
CHEMBL975,EFO_0000182,INDICATION,
CHEMBL975,EFO_0000183,INDICATION,
CHEMBL975,EFO_0000198,INDICATION,
CHEMBL975,EFO_0000209,INDICATION,
CHEMBL975,EFO_0000220,INDICATION,
CHEMBL975,EFO_0000222,INDICATION,
CHEMBL975,EFO_0000309,INDICATION,
CHEMBL975,EFO_0000384,INDICATION,
CHEMBL975,EFO_0000403,INDICATION,
CHEMBL975,EFO_0000502,INDICATION,
CHEMBL975,EFO_0000514,INDICATION,
CHEMBL975,EFO_0000565,INDICATION,
CHEMBL975,EFO_0000574,INDICATION,
CHEMBL975,EFO_0000621,INDICATION,
CHEMBL975,EFO_0000637,INDICATION,
CHEMBL975,EFO_0000691,INDICATION,
CHEMBL975,EFO_0000717,INDICATION,
CHEMBL975,EFO_0000756,INDICATION,
CHEMBL975,EFO_0001073,INDICATION,
CHEMBL975,EFO_0001378,INDICATION,
CHEMBL975,EFO_0001642,INDICATION,
CHEMBL975,EFO_0002617,INDICATION,
CHEMBL975,EFO_0002939,INDICATION,
CHEMBL975,EFO_0003833,INDICATION,
CHEMBL975,EFO_0003865,INDICATION,
CHEMBL975,EFO_0003869,INDICATION,
CHEMBL975,EFO_0003884,INDICATION,
CHEMBL975,EFO_0003929,INDICATION,
CHEMBL975,EFO_0004145,INDICATION,
CHEMBL975,EFO_0004256,INDICATION,
CHEMBL975,EFO_0004991,INDICATION,
CHEMBL975,EFO_0005088,INDICATION,
CHEMBL975,EFO_0005952,INDICATION,
CHEMBL975,EFO_0006803,INDICATION,
CHEMBL975,EFO_0007498,INDICATION,
CHEMBL975,EFO_0009708,INDICATION,
CHEMBL975,EFO_1001469,INDICATION,
CHEMBL975,EFO_1001938,INDICATION,
CHEMBL975,EFO_1001968,INDICATION,
CHEMBL975,MONDO_0000870,INDICATION,
CHEMBL975,MONDO_0004992,INDICATION,
CHEMBL975,MONDO_0005301,INDICATION,
CHEMBL975,MONDO_0007254,INDICATION,
CHEMBL975,MONDO_0007915,INDICATION,
CHEMBL975,MONDO_0008380,INDICATION,
CHEMBL975,MONDO_0008903,INDICATION,
CHEMBL975,MONDO_0011382,INDICATION,
CHEMBL975,MONDO_0016700,INDICATION,
CHEMBL975,MONDO_0044881,INDICATION,
CHEMBL975,MONDO_0044903,INDICATION,
CHEMBL976,EFO_0000474,CONTRAINDICATION,
CHEMBL976,EFO_0000544,INDICATION,
CHEMBL976,EFO_0003777,CONTRAINDICATION,
CHEMBL976,EFO_0007231,INDICATION,
CHEMBL976,EFO_0007404,INDICATION,
CHEMBL976,EFO_0007530,INDICATION,
CHEMBL976,EFO_1001342,INDICATION,
CHEMBL976,EFO_1001420,INDICATION,
CHEMBL976,EFO_1001475,INDICATION,
CHEMBL977,EFO_0000220,INDICATION,
CHEMBL977,EFO_0000309,INDICATION,
CHEMBL977,EFO_0000403,INDICATION,
CHEMBL977,EFO_0000565,INDICATION,
CHEMBL977,EFO_0003032,INDICATION,
CHEMBL977,EFO_0006834,INDICATION,
CHEMBL977,MONDO_0000870,INDICATION,
CHEMBL977,MONDO_0004979,INDICATION,
CHEMBL978,EFO_0000217,CONTRAINDICATION,
CHEMBL978,EFO_0000319,CONTRAINDICATION,
CHEMBL978,EFO_0000400,CONTRAINDICATION,
CHEMBL978,EFO_0000474,CONTRAINDICATION,
CHEMBL978,EFO_0003086,CONTRAINDICATION,
CHEMBL978,EFO_0003948,CONTRAINDICATION,
CHEMBL978,EFO_0009190,CONTRAINDICATION,
CHEMBL978,EFO_0009314,CONTRAINDICATION,
CHEMBL978,EFO_0009571,CONTRAINDICATION,
CHEMBL978,EFO_1000391,CONTRAINDICATION,
CHEMBL978,MONDO_0002280,CONTRAINDICATION,
CHEMBL978,MONDO_0004247,CONTRAINDICATION,
CHEMBL978,MONDO_0004979,INDICATION,
CHEMBL978,MONDO_0018660,CONTRAINDICATION,
CHEMBL978,MONDO_0018896,CONTRAINDICATION,
CHEMBL978,MONDO_0100192,CONTRAINDICATION,
CHEMBL979,EFO_0000400,CONTRAINDICATION,
CHEMBL979,EFO_0000474,CONTRAINDICATION,
CHEMBL979,EFO_0000537,CONTRAINDICATION,
CHEMBL979,EFO_0000612,CONTRAINDICATION,
CHEMBL979,EFO_0000712,CONTRAINDICATION,
CHEMBL979,EFO_0001065,CONTRAINDICATION,
CHEMBL979,EFO_0001073,CONTRAINDICATION,
CHEMBL979,EFO_0001645,CONTRAINDICATION,
CHEMBL979,EFO_0003086,CONTRAINDICATION,
CHEMBL979,EFO_0003832,CONTRAINDICATION,
CHEMBL979,EFO_0004152,CONTRAINDICATION,
CHEMBL979,EFO_0004274,CONTRAINDICATION,
CHEMBL979,EFO_0004705,CONTRAINDICATION,
CHEMBL979,EFO_0005230,INDICATION,
CHEMBL979,EFO_0006788,INDICATION,
CHEMBL979,EFO_0007467,CONTRAINDICATION,
CHEMBL979,EFO_0009315,CONTRAINDICATION,
CHEMBL979,EFO_1000391,CONTRAINDICATION,
CHEMBL979,EFO_1001512,CONTRAINDICATION,
CHEMBL979,MONDO_0001627,CONTRAINDICATION,
CHEMBL979,MONDO_0002280,CONTRAINDICATION,
CHEMBL979,MONDO_0002491,CONTRAINDICATION,
CHEMBL979,MONDO_0002520,CONTRAINDICATION,
CHEMBL979,MONDO_0004247,CONTRAINDICATION,
CHEMBL979,MONDO_0004979,CONTRAINDICATION,
CHEMBL979,MONDO_0005277,CONTRAINDICATION,
CHEMBL979,MONDO_0007079,CONTRAINDICATION,
CHEMBL979,MONDO_0007915,CONTRAINDICATION,
CHEMBL979,MONDO_0008170,CONTRAINDICATION,
CHEMBL979,MONDO_0008294,CONTRAINDICATION,
CHEMBL979,MONDO_0018660,CONTRAINDICATION,
CHEMBL979,MONDO_0018896,CONTRAINDICATION,
CHEMBL979,MONDO_0024574,CONTRAINDICATION,
CHEMBL979,MONDO_0037748,CONTRAINDICATION,
CHEMBL979,Orphanet_903,CONTRAINDICATION,
CHEMBL98,EFO_0000095,INDICATION,
CHEMBL98,EFO_0000096,INDICATION,
CHEMBL98,EFO_0000180,INDICATION,
CHEMBL98,EFO_0000183,INDICATION,
CHEMBL98,EFO_0000191,INDICATION,
CHEMBL98,EFO_0000198,INDICATION,
CHEMBL98,EFO_0000211,INDICATION,
CHEMBL98,EFO_0000220,INDICATION,
CHEMBL98,EFO_0000222,INDICATION,
CHEMBL98,EFO_0000224,INDICATION,
CHEMBL98,EFO_0000309,INDICATION,
CHEMBL98,EFO_0000339,INDICATION,
CHEMBL98,EFO_0000349,INDICATION,
CHEMBL98,EFO_0000365,INDICATION,
CHEMBL98,EFO_0000384,INDICATION,
CHEMBL98,EFO_0000400,CONTRAINDICATION,
CHEMBL98,EFO_0000403,INDICATION,
CHEMBL98,EFO_0000479,INDICATION,
CHEMBL98,EFO_0000519,INDICATION,
CHEMBL98,EFO_0000565,INDICATION,
CHEMBL98,EFO_0000574,INDICATION,
CHEMBL98,EFO_0000588,INDICATION,
CHEMBL98,EFO_0000616,INDICATION,
CHEMBL98,EFO_0000621,INDICATION,
CHEMBL98,EFO_0000641,INDICATION,
CHEMBL98,EFO_0000673,INDICATION,
CHEMBL98,EFO_0000681,INDICATION,
CHEMBL98,EFO_0000691,INDICATION,
CHEMBL98,EFO_0000702,INDICATION,
CHEMBL98,EFO_0000756,INDICATION,
CHEMBL98,EFO_0000764,INDICATION,
CHEMBL98,EFO_0000770,INDICATION,
CHEMBL98,EFO_0001378,INDICATION,
CHEMBL98,EFO_0002429,INDICATION,
CHEMBL98,EFO_0002499,INDICATION,
CHEMBL98,EFO_0002501,INDICATION,
CHEMBL98,EFO_0002618,INDICATION,
CHEMBL98,EFO_0002913,INDICATION,
CHEMBL98,EFO_0002938,INDICATION,
CHEMBL98,EFO_0002939,INDICATION,
CHEMBL98,EFO_0003060,INDICATION,
CHEMBL98,EFO_0003828,INDICATION,
CHEMBL98,EFO_0003833,INDICATION,
CHEMBL98,EFO_0003869,INDICATION,
CHEMBL98,EFO_0003893,INDICATION,
CHEMBL98,EFO_0004198,INDICATION,
CHEMBL98,EFO_0004289,INDICATION,
CHEMBL98,EFO_0005774,INDICATION,
CHEMBL98,EFO_0005952,INDICATION,
CHEMBL98,EFO_0006352,INDICATION,
CHEMBL98,EFO_0006861,INDICATION,
CHEMBL98,EFO_0007535,INDICATION,
CHEMBL98,EFO_1000026,INDICATION,
CHEMBL98,EFO_1000309,INDICATION,
CHEMBL98,EFO_1000657,INDICATION,
CHEMBL98,EFO_1000785,INDICATION,
CHEMBL98,EFO_1001051,INDICATION,
CHEMBL98,EFO_1001110,INDICATION,
CHEMBL98,EFO_1001380,INDICATION,
CHEMBL98,EFO_1001465,INDICATION,
CHEMBL98,EFO_1001469,INDICATION,
CHEMBL98,EFO_1001830,INDICATION,
CHEMBL98,EFO_1001951,INDICATION,
CHEMBL98,EFO_1001968,INDICATION,
CHEMBL98,MONDO_0000870,INDICATION,
CHEMBL98,MONDO_0000873,INDICATION,
CHEMBL98,MONDO_0001056,INDICATION,
CHEMBL98,MONDO_0001657,INDICATION,
CHEMBL98,MONDO_0001879,INDICATION,
CHEMBL98,MONDO_0002087,INDICATION,
CHEMBL98,MONDO_0002158,INDICATION,
CHEMBL98,MONDO_0002280,CONTRAINDICATION,
CHEMBL98,MONDO_0002691,INDICATION,
CHEMBL98,MONDO_0003268,INDICATION,
CHEMBL98,MONDO_0004975,INDICATION,
CHEMBL98,MONDO_0004986,INDICATION,
CHEMBL98,MONDO_0004992,INDICATION,
CHEMBL98,MONDO_0005090,INDICATION,
CHEMBL98,MONDO_0007254,INDICATION,
CHEMBL98,MONDO_0007576,INDICATION,
CHEMBL98,MONDO_0008170,INDICATION,
CHEMBL98,MONDO_0008315,INDICATION,
CHEMBL98,MONDO_0008903,INDICATION,
CHEMBL98,MONDO_0011382,INDICATION,
CHEMBL98,MONDO_0015277,INDICATION,
CHEMBL98,MONDO_0015758,INDICATION,
CHEMBL98,MONDO_0015760,INDICATION,
CHEMBL98,MONDO_0018100,CONTRAINDICATION,
CHEMBL98,MONDO_0018364,INDICATION,
CHEMBL98,MONDO_0018906,INDICATION,
CHEMBL98,MONDO_0019171,CONTRAINDICATION,
CHEMBL98,MONDO_0019460,INDICATION,
CHEMBL98,MONDO_0021063,INDICATION,
CHEMBL98,MONDO_0044926,INDICATION,
CHEMBL980,EFO_0000217,CONTRAINDICATION,
CHEMBL980,EFO_0000319,CONTRAINDICATION,
CHEMBL980,EFO_0000341,CONTRAINDICATION,
CHEMBL980,EFO_0000400,CONTRAINDICATION,
CHEMBL980,EFO_0000464,CONTRAINDICATION,
CHEMBL980,EFO_0000474,CONTRAINDICATION,
CHEMBL980,EFO_0000537,CONTRAINDICATION,
CHEMBL980,EFO_0000544,INDICATION,
CHEMBL980,EFO_0000612,CONTRAINDICATION,
CHEMBL980,EFO_0000729,CONTRAINDICATION,
CHEMBL980,EFO_0001064,CONTRAINDICATION,
CHEMBL980,EFO_0001074,CONTRAINDICATION,
CHEMBL980,EFO_0001422,CONTRAINDICATION,
CHEMBL980,EFO_0001645,CONTRAINDICATION,
CHEMBL980,EFO_0003086,CONTRAINDICATION,
CHEMBL980,EFO_0003767,CONTRAINDICATION,
CHEMBL980,EFO_0003777,CONTRAINDICATION,
CHEMBL980,EFO_0003832,CONTRAINDICATION,
CHEMBL980,EFO_0003833,CONTRAINDICATION,
CHEMBL980,EFO_0003877,CONTRAINDICATION,
CHEMBL980,EFO_0003890,CONTRAINDICATION,
CHEMBL980,EFO_0003928,CONTRAINDICATION,
CHEMBL980,EFO_0004242,CONTRAINDICATION,
CHEMBL980,EFO_0004262,CONTRAINDICATION,
CHEMBL980,EFO_0004698,CONTRAINDICATION,
CHEMBL980,EFO_0004705,CONTRAINDICATION,
CHEMBL980,EFO_0004991,CONTRAINDICATION,
CHEMBL980,EFO_0005251,CONTRAINDICATION,
CHEMBL980,EFO_0005306,CONTRAINDICATION,
CHEMBL980,EFO_0005407,CONTRAINDICATION,
CHEMBL980,EFO_0005854,INDICATION,
CHEMBL980,EFO_0007214,INDICATION,
CHEMBL980,EFO_0007486,INDICATION,
CHEMBL980,EFO_0008521,INDICATION,
CHEMBL980,EFO_0009086,CONTRAINDICATION,
CHEMBL980,EFO_0009189,CONTRAINDICATION,
CHEMBL980,EFO_0009454,CONTRAINDICATION,
CHEMBL980,EFO_0009491,CONTRAINDICATION,
CHEMBL980,EFO_0009530,CONTRAINDICATION,
CHEMBL980,EFO_0009550,INDICATION,
CHEMBL980,EFO_0009571,CONTRAINDICATION,
CHEMBL980,EFO_0009910,CONTRAINDICATION,
CHEMBL980,EFO_1000014,CONTRAINDICATION,
CHEMBL980,EFO_1000652,CONTRAINDICATION,
CHEMBL980,EFO_1000800,CONTRAINDICATION,
CHEMBL980,EFO_1000902,CONTRAINDICATION,
CHEMBL980,EFO_1001069,CONTRAINDICATION,
CHEMBL980,EFO_1001095,CONTRAINDICATION,
CHEMBL980,EFO_1001132,CONTRAINDICATION,
CHEMBL980,EFO_1001134,CONTRAINDICATION,
CHEMBL980,EFO_1001375,CONTRAINDICATION,
CHEMBL980,EFO_1001872,CONTRAINDICATION,
CHEMBL980,MONDO_0000440,CONTRAINDICATION,
CHEMBL980,MONDO_0001343,CONTRAINDICATION,
CHEMBL980,MONDO_0001744,CONTRAINDICATION,
CHEMBL980,MONDO_0002050,CONTRAINDICATION,
CHEMBL980,MONDO_0002203,CONTRAINDICATION,
CHEMBL980,MONDO_0002277,CONTRAINDICATION,
CHEMBL980,MONDO_0002280,CONTRAINDICATION,
CHEMBL980,MONDO_0002491,CONTRAINDICATION,
CHEMBL980,MONDO_0004247,CONTRAINDICATION,
CHEMBL980,MONDO_0004596,CONTRAINDICATION,
CHEMBL980,MONDO_0004979,OFF_LABEL_USE,
CHEMBL980,MONDO_0005041,CONTRAINDICATION,
CHEMBL980,MONDO_0007079,CONTRAINDICATION,
CHEMBL980,MONDO_0008224,CONTRAINDICATION,
CHEMBL980,MONDO_0009061,CONTRAINDICATION,
CHEMBL980,MONDO_0015129,CONTRAINDICATION,
CHEMBL980,MONDO_0021661,CONTRAINDICATION,
CHEMBL980,MONDO_0024355,INDICATION,
CHEMBL980,MONDO_0037821,CONTRAINDICATION,
CHEMBL980,MONDO_0100192,CONTRAINDICATION,
CHEMBL981,EFO_0000319,INDICATION,
CHEMBL981,EFO_0000400,CONTRAINDICATION,
CHEMBL981,EFO_0000783,CONTRAINDICATION,
CHEMBL981,EFO_0001645,INDICATION,
CHEMBL981,EFO_0002939,INDICATION,
CHEMBL981,EFO_0003832,CONTRAINDICATION,
CHEMBL981,EFO_0004145,CONTRAINDICATION,
CHEMBL981,EFO_0004211,INDICATION,
CHEMBL981,EFO_0004705,CONTRAINDICATION,
CHEMBL981,EFO_0004799,CONTRAINDICATION,
CHEMBL981,EFO_1000652,CONTRAINDICATION,
CHEMBL981,EFO_1001486,CONTRAINDICATION,
CHEMBL981,MONDO_0001343,CONTRAINDICATION,
CHEMBL981,MONDO_0001751,INDICATION,
CHEMBL981,MONDO_0002280,CONTRAINDICATION,
CHEMBL981,MONDO_0005148,INDICATION,
CHEMBL981,MONDO_0007079,INDICATION,
CHEMBL981,MONDO_0021187,INDICATION,
CHEMBL981,MONDO_0024327,CONTRAINDICATION,
CHEMBL981,MONDO_0100192,CONTRAINDICATION,
CHEMBL981,Orphanet_309005,INDICATION,
CHEMBL981,Orphanet_79211,INDICATION,
CHEMBL98123,EFO_0003060,INDICATION,
CHEMBL98123,EFO_0009846,INDICATION,
CHEMBL982,EFO_0000274,INDICATION,
CHEMBL982,EFO_0003086,INDICATION,
CHEMBL982,EFO_0003890,INDICATION,
CHEMBL982,EFO_0004319,INDICATION,
CHEMBL982,EFO_0004699,INDICATION,
CHEMBL982,EFO_0005611,INDICATION,
CHEMBL982,EFO_1001249,INDICATION,
CHEMBL982,MONDO_0007079,INDICATION,
CHEMBL985,EFO_0000182,INDICATION,
CHEMBL985,EFO_0000274,INDICATION,
CHEMBL985,EFO_0000400,INDICATION,
CHEMBL985,EFO_0000544,INDICATION,
CHEMBL985,EFO_0000701,INDICATION,
CHEMBL985,EFO_0003095,INDICATION,
CHEMBL985,EFO_0003843,INDICATION,
CHEMBL985,EFO_0005319,INDICATION,
CHEMBL985,EFO_0006346,INDICATION,
CHEMBL985,EFO_0006859,INDICATION,
CHEMBL985,EFO_0007193,INDICATION,
CHEMBL985,EFO_0007409,INDICATION,
CHEMBL985,EFO_0007439,INDICATION,
CHEMBL985,EFO_1000697,INDICATION,
CHEMBL985,EFO_1000760,OFF_LABEL_USE,
CHEMBL985,EFO_1000764,INDICATION,
CHEMBL985,EFO_1000961,INDICATION,
CHEMBL985,EFO_1001494,INDICATION,
CHEMBL985,EFO_1001893,INDICATION,
CHEMBL985,MONDO_0001920,CONTRAINDICATION,
CHEMBL985,MONDO_0005148,INDICATION,
CHEMBL985,MONDO_0008815,INDICATION,
CHEMBL985,MONDO_0015991,INDICATION,
CHEMBL985,MONDO_0021666,CONTRAINDICATION,
CHEMBL985,MONDO_0043771,INDICATION,
CHEMBL986,EFO_0000544,INDICATION,
CHEMBL986,EFO_0000729,CONTRAINDICATION,
CHEMBL986,EFO_0001067,INDICATION,
CHEMBL986,EFO_0001068,INDICATION,
CHEMBL986,EFO_0003086,CONTRAINDICATION,
CHEMBL986,EFO_0003144,INDICATION,
CHEMBL986,EFO_0003894,INDICATION,
CHEMBL986,EFO_0003966,INDICATION,
CHEMBL986,EFO_0004683,INDICATION,
CHEMBL986,EFO_0008572,INDICATION,
CHEMBL986,EFO_1000820,CONTRAINDICATION,
CHEMBL986,EFO_1000978,CONTRAINDICATION,
CHEMBL986,EFO_1001237,INDICATION,
CHEMBL986,EFO_1001463,CONTRAINDICATION,
CHEMBL986,EFO_1001492,INDICATION,
CHEMBL986,MONDO_0000328,CONTRAINDICATION,
CHEMBL986,MONDO_0001436,CONTRAINDICATION,
CHEMBL986,MONDO_0001566,CONTRAINDICATION,
CHEMBL986,MONDO_0001673,INDICATION,
CHEMBL986,MONDO_0002474,CONTRAINDICATION,
CHEMBL986,MONDO_0002898,INDICATION,
CHEMBL986,MONDO_0004247,CONTRAINDICATION,
CHEMBL986,MONDO_0008692,OFF_LABEL_USE,
CHEMBL986,MONDO_0011382,CONTRAINDICATION,
CHEMBL986,MONDO_0018076,INDICATION,
CHEMBL986,MONDO_0019200,INDICATION,
CHEMBL986,MONDO_0019338,CONTRAINDICATION,
CHEMBL986,MONDO_0019353,INDICATION,
CHEMBL986,MONDO_0024298,INDICATION,
CHEMBL986,MONDO_0100096,INDICATION,
CHEMBL989,EFO_0000274,INDICATION,
CHEMBL989,EFO_0000676,INDICATION,
CHEMBL989,EFO_0000701,INDICATION,
CHEMBL989,EFO_0001365,INDICATION,
CHEMBL989,EFO_0003839,INDICATION,
CHEMBL989,EFO_0003875,CONTRAINDICATION,
CHEMBL989,EFO_0003963,INDICATION,
CHEMBL989,EFO_0005319,INDICATION,
CHEMBL989,EFO_0005741,INDICATION,
CHEMBL989,EFO_0005752,INDICATION,
CHEMBL989,EFO_0007281,CONTRAINDICATION,
CHEMBL989,EFO_0007308,CONTRAINDICATION,
CHEMBL989,EFO_0009491,CONTRAINDICATION,
CHEMBL989,EFO_0009552,INDICATION,
CHEMBL989,EFO_0009560,INDICATION,
CHEMBL989,EFO_0009606,INDICATION,
CHEMBL989,EFO_1000697,INDICATION,
CHEMBL989,EFO_1000704,INDICATION,
CHEMBL989,EFO_1000764,INDICATION,
CHEMBL989,EFO_1000766,CONTRAINDICATION,
CHEMBL989,EFO_1000811,INDICATION,
CHEMBL989,EFO_1000986,INDICATION,
CHEMBL989,EFO_1001070,CONTRAINDICATION,
CHEMBL989,EFO_1001119,INDICATION,
CHEMBL989,EFO_1001231,INDICATION,
CHEMBL989,EFO_1002022,CONTRAINDICATION,
CHEMBL989,MONDO_0001280,INDICATION,
CHEMBL989,MONDO_0001576,CONTRAINDICATION,
CHEMBL989,MONDO_0003005,INDICATION,
CHEMBL989,MONDO_0005041,CONTRAINDICATION,
CHEMBL989,MONDO_0015758,INDICATION,
CHEMBL989,MONDO_0020944,CONTRAINDICATION,
CHEMBL989,MONDO_0033821,CONTRAINDICATION,
CHEMBL99,MONDO_0004992,INDICATION,
CHEMBL990,EFO_0007439,INDICATION,
CHEMBL990,EFO_0007510,INDICATION,
CHEMBL990,EFO_0007512,INDICATION,
CHEMBL990,MONDO_0002406,INDICATION,
CHEMBL990,MONDO_0005271,INDICATION,
CHEMBL991,EFO_0000180,INDICATION,
CHEMBL991,EFO_0000342,CONTRAINDICATION,
CHEMBL991,EFO_0000400,CONTRAINDICATION,
CHEMBL991,EFO_0000763,INDICATION,
CHEMBL991,EFO_0000764,INDICATION,
CHEMBL991,EFO_0000765,INDICATION,
CHEMBL991,EFO_0001073,CONTRAINDICATION,
CHEMBL991,EFO_0002608,INDICATION,
CHEMBL991,EFO_0003086,CONTRAINDICATION,
CHEMBL991,EFO_0003100,CONTRAINDICATION,
CHEMBL991,EFO_0007313,INDICATION,
CHEMBL991,EFO_1000036,CONTRAINDICATION,
CHEMBL991,EFO_1000652,CONTRAINDICATION,
CHEMBL991,MONDO_0004790,CONTRAINDICATION,
CHEMBL991,MONDO_0007079,CONTRAINDICATION,
CHEMBL995,EFO_0000537,INDICATION,
CHEMBL995,EFO_0000668,INDICATION,
CHEMBL995,EFO_0000712,INDICATION,
CHEMBL995,EFO_0002618,INDICATION,
CHEMBL995,EFO_0003086,INDICATION,
CHEMBL995,EFO_0003095,INDICATION,
CHEMBL995,EFO_0003884,INDICATION,
CHEMBL995,EFO_0003896,INDICATION,
CHEMBL995,EFO_0004232,INDICATION,
CHEMBL995,MONDO_0001134,INDICATION,
CHEMBL995,MONDO_0005184,INDICATION,
CHEMBL995,MONDO_0007947,INDICATION,
CHEMBL996,DOID_7551,INDICATION,
CHEMBL996,EFO_0000544,INDICATION,
CHEMBL996,EFO_0000771,INDICATION,
CHEMBL996,EFO_0002618,INDICATION,
CHEMBL996,EFO_0003086,CONTRAINDICATION,
CHEMBL996,EFO_0003102,INDICATION,
CHEMBL996,EFO_0003106,INDICATION,
CHEMBL996,EFO_0003872,CONTRAINDICATION,
CHEMBL996,EFO_0005681,INDICATION,
CHEMBL996,EFO_0007470,INDICATION,
CHEMBL996,EFO_0007496,INDICATION,
CHEMBL996,EFO_0007499,INDICATION,
CHEMBL996,EFO_0008588,INDICATION,
CHEMBL996,EFO_1001272,INDICATION,
CHEMBL996,EFO_1001312,INDICATION,
CHEMBL996,EFO_1001318,INDICATION,
CHEMBL996,EFO_1001362,INDICATION,
CHEMBL996,MONDO_0001080,INDICATION,
CHEMBL996,MONDO_0005247,INDICATION,
CHEMBL9960,EFO_0000341,INDICATION,
CHEMBL9960,MONDO_0004979,INDICATION,
CHEMBL9960,MP_0001845,INDICATION,
CHEMBL9967,EFO_0003948,INDICATION,
CHEMBL9967,MONDO_0004247,INDICATION,
CHEMBL997,EFO_0000217,CONTRAINDICATION,
CHEMBL997,EFO_0001378,INDICATION,
CHEMBL997,EFO_0001642,INDICATION,
CHEMBL997,EFO_0003820,INDICATION,
CHEMBL997,EFO_0003843,INDICATION,
CHEMBL997,EFO_0003854,INDICATION,
CHEMBL997,EFO_0003882,INDICATION,
CHEMBL997,EFO_0004259,INDICATION,
CHEMBL997,EFO_0004260,INDICATION,
CHEMBL997,EFO_0008553,CONTRAINDICATION,
CHEMBL997,EFO_0009708,INDICATION,
CHEMBL997,EFO_1001216,CONTRAINDICATION,
CHEMBL997,MONDO_0001409,CONTRAINDICATION,
CHEMBL997,MONDO_0001566,INDICATION,
CHEMBL997,MONDO_0004627,CONTRAINDICATION,
CHEMBL997,MONDO_0007254,INDICATION,
CHEMBL997,MONDO_0044782,CONTRAINDICATION,
CHEMBL998,EFO_0000274,INDICATION,
CHEMBL998,EFO_0000400,CONTRAINDICATION,
CHEMBL998,EFO_0000537,CONTRAINDICATION,
CHEMBL998,EFO_0000574,INDICATION,
CHEMBL998,EFO_0000685,INDICATION,
CHEMBL998,EFO_0001378,INDICATION,
CHEMBL998,EFO_0003086,CONTRAINDICATION,
CHEMBL998,EFO_0003956,INDICATION,
CHEMBL998,EFO_0004232,INDICATION,
CHEMBL998,EFO_0005531,OFF_LABEL_USE,
CHEMBL998,EFO_0005854,INDICATION,
CHEMBL998,EFO_0007141,INDICATION,
CHEMBL998,EFO_0007214,INDICATION,
CHEMBL998,EFO_0007533,INDICATION,
CHEMBL998,EFO_0009189,CONTRAINDICATION,
CHEMBL998,EFO_1001417,INDICATION,
CHEMBL998,MONDO_0001343,CONTRAINDICATION,
CHEMBL998,MONDO_0001744,CONTRAINDICATION,
CHEMBL998,MONDO_0004979,INDICATION,
CHEMBL998,MONDO_0005271,INDICATION,
CHEMBL998,MONDO_0005301,INDICATION,
CHEMBL998,MONDO_0007254,INDICATION,
CHEMBL998,MONDO_0011705,INDICATION,
CHEMBL998,MONDO_0021661,CONTRAINDICATION,
CHEMBL998,MONDO_0044212,INDICATION,
CHEMBL998,MONDO_0100096,INDICATION,
CHEMBL998,MONDO_0100192,CONTRAINDICATION,
CHEMBL99946,EFO_0003768,INDICATION,
CHEMBL99946,EFO_0005687,INDICATION,
CHEMBL99946,MONDO_0001744,CONTRAINDICATION,
CHEMBL99946,MONDO_0002009,INDICATION,
DRUGBANK:DB00001,EFO_0000712,CONTRAINDICATION,
DRUGBANK:DB00001,EFO_0003086,CONTRAINDICATION,
DRUGBANK:DB00001,EFO_0009314,CONTRAINDICATION,
DRUGBANK:DB00001,EFO_0009454,CONTRAINDICATION,
DRUGBANK:DB00001,MONDO_0000565,CONTRAINDICATION,
DRUGBANK:DB00002,EFO_0000199,INDICATION,
DRUGBANK:DB00002,EFO_0005950,INDICATION,
DRUGBANK:DB00002,EFO_0006352,INDICATION,
DRUGBANK:DB00002,EFO_1000657,INDICATION,
DRUGBANK:DB00002,EFO_1001965,INDICATION,
DRUGBANK:DB00002,MONDO_0021063,INDICATION,
DRUGBANK:DB00003,MONDO_0009061,INDICATION,
DRUGBANK:DB00004,MONDO_0015758,INDICATION,
DRUGBANK:DB00005,EFO_0000685,INDICATION,
DRUGBANK:DB00005,EFO_0003778,INDICATION,
DRUGBANK:DB00005,EFO_0003898,INDICATION,
DRUGBANK:DB00006,EFO_0005672,OFF_LABEL_USE,
DRUGBANK:DB00008,EFO_0004239,INDICATION,
DRUGBANK:DB00009,EFO_0003827,INDICATION,
DRUGBANK:DB00009,EFO_0008583,INDICATION,
DRUGBANK:DB00010,EFO_1001109,INDICATION,
DRUGBANK:DB00010,Orphanet_631,INDICATION,
DRUGBANK:DB00012,EFO_0000537,CONTRAINDICATION,
DRUGBANK:DB00013,EFO_0003827,INDICATION,
DRUGBANK:DB00015,EFO_0008583,INDICATION,
DRUGBANK:DB00017,EFO_0003854,INDICATION,
DRUGBANK:DB00017,EFO_0004261,INDICATION,
DRUGBANK:DB00017,MONDO_0019019,OFF_LABEL_USE,
DRUGBANK:DB00023,EFO_0000220,INDICATION,
DRUGBANK:DB00025,MONDO_0010602,INDICATION,
DRUGBANK:DB00026,EFO_0000685,INDICATION,
DRUGBANK:DB00026,EFO_0007135,INDICATION,
DRUGBANK:DB00026,MONDO_0011776,INDICATION,
DRUGBANK:DB00026,MONDO_0016168,INDICATION,
DRUGBANK:DB00026,MONDO_0018088,INDICATION,
DRUGBANK:DB00030,MONDO_0005147,INDICATION,
DRUGBANK:DB00030,MONDO_0005148,INDICATION,
DRUGBANK:DB00031,EFO_0003898,INDICATION,
DRUGBANK:DB00031,EFO_0008583,INDICATION,
DRUGBANK:DB00036,MONDO_0002244,INDICATION,
DRUGBANK:DB00036,MONDO_0010602,INDICATION,
DRUGBANK:DB00036,MONDO_0010604,INDICATION,
DRUGBANK:DB00036,MONDO_0100326,INDICATION,
DRUGBANK:DB00041,EFO_0000222,INDICATION,
DRUGBANK:DB00043,EFO_0003956,INDICATION,
DRUGBANK:DB00043,MONDO_0004979,INDICATION,
DRUGBANK:DB00043,MONDO_0044212,INDICATION,
DRUGBANK:DB00046,MONDO_0005147,INDICATION,
DRUGBANK:DB00046,MONDO_0005148,INDICATION,
DRUGBANK:DB00047,MONDO_0005147,INDICATION,
DRUGBANK:DB00047,MONDO_0005148,INDICATION,
DRUGBANK:DB00048,MONDO_0008231,INDICATION,
DRUGBANK:DB00051,EFO_0000384,INDICATION,
DRUGBANK:DB00051,EFO_0000685,INDICATION,
DRUGBANK:DB00051,EFO_0000729,INDICATION,
DRUGBANK:DB00051,EFO_0003778,INDICATION,
DRUGBANK:DB00051,EFO_0003780,INDICATION,
DRUGBANK:DB00051,EFO_0003898,INDICATION,
DRUGBANK:DB00051,EFO_1000710,INDICATION,
DRUGBANK:DB00051,MONDO_0017634,INDICATION,
DRUGBANK:DB00052,EFO_1001109,INDICATION,
DRUGBANK:DB00052,MONDO_0008300,INDICATION,
DRUGBANK:DB00052,MONDO_0019499,INDICATION,
DRUGBANK:DB00052,Orphanet_631,INDICATION,
DRUGBANK:DB00053,MONDO_0018150,INDICATION,
DRUGBANK:DB00056,EFO_0000222,INDICATION,
DRUGBANK:DB00059,EFO_0000220,INDICATION,
DRUGBANK:DB00060,EFO_0003929,INDICATION,
DRUGBANK:DB00063,EFO_0005672,INDICATION,
DRUGBANK:DB00063,EFO_0009314,CONTRAINDICATION,
DRUGBANK:DB00063,EFO_1000985,INDICATION,
DRUGBANK:DB00063,MONDO_0001343,CONTRAINDICATION,
DRUGBANK:DB00065,EFO_0000384,INDICATION,
DRUGBANK:DB00065,EFO_0000685,INDICATION,
DRUGBANK:DB00065,EFO_0000729,INDICATION,
DRUGBANK:DB00065,EFO_0003778,INDICATION,
DRUGBANK:DB00065,EFO_0003780,INDICATION,
DRUGBANK:DB00065,EFO_0003898,INDICATION,
DRUGBANK:DB00065,MONDO_0100317,OFF_LABEL_USE,
DRUGBANK:DB00068,EFO_0003929,INDICATION,
DRUGBANK:DB00072,EFO_1000294,INDICATION,
DRUGBANK:DB00072,EFO_1000657,INDICATION,
DRUGBANK:DB00072,MONDO_0004669,INDICATION,
DRUGBANK:DB00072,MONDO_0021063,INDICATION,
DRUGBANK:DB00073,EFO_0000309,INDICATION,
DRUGBANK:DB00073,EFO_0000403,INDICATION,
DRUGBANK:DB00073,EFO_0000685,INDICATION,
DRUGBANK:DB00073,EFO_0000717,INDICATION,
DRUGBANK:DB00073,EFO_0004256,INDICATION,
DRUGBANK:DB00073,EFO_0004719,INDICATION,
DRUGBANK:DB00073,EFO_0005297,INDICATION,
DRUGBANK:DB00073,EFO_0005952,INDICATION,
DRUGBANK:DB00073,EFO_0008601,INDICATION,
DRUGBANK:DB00073,EFO_1000784,INDICATION,
DRUGBANK:DB00073,MONDO_0018896,INDICATION,
DRUGBANK:DB00073,MONDO_0018906,INDICATION,
DRUGBANK:DB00078,MONDO_0018906,INDICATION,
DRUGBANK:DB00080,EFO_0004145,CONTRAINDICATION,
DRUGBANK:DB00080,EFO_0007257,CONTRAINDICATION,
DRUGBANK:DB00080,EFO_0008555,INDICATION,
DRUGBANK:DB00082,EFO_1001485,INDICATION,
DRUGBANK:DB00085,MONDO_0001684,INDICATION,
DRUGBANK:DB00087,EFO_0003929,INDICATION,
DRUGBANK:DB00088,MONDO_0009265,INDICATION,
DRUGBANK:DB00088,Orphanet_77259,INDICATION,
DRUGBANK:DB00090,MONDO_0001586,INDICATION,
DRUGBANK:DB00097,EFO_0000729,INDICATION,
DRUGBANK:DB00099,MONDO_0008090,INDICATION,
DRUGBANK:DB00099,Orphanet_2686,INDICATION,
DRUGBANK:DB00100,MONDO_0010604,INDICATION,
DRUGBANK:DB00105,EFO_0004239,INDICATION,
DRUGBANK:DB00105,EFO_1000956,INDICATION,
DRUGBANK:DB00105,MONDO_0018906,INDICATION,
DRUGBANK:DB00107,EFO_0000537,CONTRAINDICATION,
DRUGBANK:DB00107,EFO_0007442,CONTRAINDICATION,
DRUGBANK:DB00108,EFO_0000384,INDICATION,
DRUGBANK:DB00108,EFO_0007455,CONTRAINDICATION,
DRUGBANK:DB00108,MONDO_0005301,INDICATION,
DRUGBANK:DB00109,EFO_0000764,INDICATION,
DRUGBANK:DB00109,EFO_0003106,CONTRAINDICATION,
DRUGBANK:DB00110,EFO_1001413,INDICATION,
DRUGBANK:DB00111,EFO_0003929,INDICATION,
DRUGBANK:DB00112,EFO_0000182,INDICATION,
DRUGBANK:DB00112,EFO_0001061,INDICATION,
DRUGBANK:DB00112,EFO_0001365,OFF_LABEL_USE,
DRUGBANK:DB00112,MONDO_0002087,INDICATION,
DRUGBANK:DB00112,MONDO_0002158,INDICATION,
DRUGBANK:DB00112,MONDO_0007254,INDICATION,
DRUGBANK:DB00112,MONDO_0018364,INDICATION,
DRUGBANK:DB00112,MONDO_0041447,INDICATION,
DRUGBANK:DB00115,EFO_0000734,INDICATION,
DRUGBANK:DB00115,EFO_0005576,INDICATION,
DRUGBANK:DB00115,MONDO_0002012,OFF_LABEL_USE,
DRUGBANK:DB00115,MONDO_0004737,OFF_LABEL_USE,
DRUGBANK:DB00115,MONDO_0024298,INDICATION,
DRUGBANK:DB00185,EFO_0000612,CONTRAINDICATION,
DRUGBANK:DB00185,EFO_0004799,CONTRAINDICATION,
DRUGBANK:DB00185,EFO_0006505,CONTRAINDICATION,
DRUGBANK:DB00185,EFO_1000997,CONTRAINDICATION,
DRUGBANK:DB00185,MONDO_0001744,CONTRAINDICATION,
DRUGBANK:DB00185,MONDO_0004588,CONTRAINDICATION,
DRUGBANK:DB00185,MONDO_0004789,CONTRAINDICATION,
DRUGBANK:DB00185,MONDO_0004979,CONTRAINDICATION,
DRUGBANK:DB00200,EFO_0000537,CONTRAINDICATION,
DRUGBANK:DB00200,EFO_0000734,INDICATION,
DRUGBANK:DB00200,EFO_0005576,INDICATION,
DRUGBANK:DB00200,MONDO_0002012,OFF_LABEL_USE,
DRUGBANK:DB00284,EFO_0001422,CONTRAINDICATION,
DRUGBANK:DB00284,EFO_0003086,CONTRAINDICATION,
DRUGBANK:DB00284,EFO_0003767,CONTRAINDICATION,
DRUGBANK:DB00284,MONDO_0005148,INDICATION,
DRUGBANK:DB00290,EFO_0000403,INDICATION,
DRUGBANK:DB00290,EFO_0000707,INDICATION,
DRUGBANK:DB00290,EFO_0005952,INDICATION,
DRUGBANK:DB00290,EFO_0006859,INDICATION,
DRUGBANK:DB00290,EFO_1001051,OFF_LABEL_USE,
DRUGBANK:DB00290,MONDO_0001325,INDICATION,
DRUGBANK:DB00290,MONDO_0009348,INDICATION,
DRUGBANK:DB00290,MONDO_0018906,INDICATION,
DRUGBANK:DB00314,EFO_0003086,CONTRAINDICATION,
DRUGBANK:DB00314,EFO_0004238,CONTRAINDICATION,
DRUGBANK:DB00314,EFO_1000049,INDICATION,
DRUGBANK:DB00364,EFO_0003948,OFF_LABEL_USE,
DRUGBANK:DB00364,EFO_0004607,INDICATION,
DRUGBANK:DB00364,EFO_0009454,OFF_LABEL_USE,
DRUGBANK:DB00364,EFO_0009688,OFF_LABEL_USE,
DRUGBANK:DB00364,EFO_1001095,OFF_LABEL_USE,
DRUGBANK:DB00364,MONDO_0024327,CONTRAINDICATION,
DRUGBANK:DB00407,EFO_0000612,OFF_LABEL_USE,
DRUGBANK:DB00407,EFO_0000729,CONTRAINDICATION,
DRUGBANK:DB00407,EFO_0003770,CONTRAINDICATION,
DRUGBANK:DB00407,EFO_0003839,CONTRAINDICATION,
DRUGBANK:DB00407,EFO_0003882,CONTRAINDICATION,
DRUGBANK:DB00407,EFO_0005669,CONTRAINDICATION,
DRUGBANK:DB00407,EFO_0005672,OFF_LABEL_USE,
DRUGBANK:DB00407,EFO_0005803,CONTRAINDICATION,
DRUGBANK:DB00407,EFO_0009314,CONTRAINDICATION,
DRUGBANK:DB00407,EFO_1000820,CONTRAINDICATION,
DRUGBANK:DB00407,EFO_1000830,CONTRAINDICATION,
DRUGBANK:DB00407,EFO_1000977,CONTRAINDICATION,
DRUGBANK:DB00407,MONDO_0000565,CONTRAINDICATION,
DRUGBANK:DB00407,MONDO_0013144,CONTRAINDICATION,
DRUGBANK:DB00407,MONDO_0018660,CONTRAINDICATION,
DRUGBANK:DB00407,MONDO_0100192,CONTRAINDICATION,
DRUGBANK:DB00515,MONDO_0008170,INDICATION,
DRUGBANK:DB00517,EFO_0000555,OFF_LABEL_USE,
DRUGBANK:DB00517,EFO_0009454,INDICATION,
DRUGBANK:DB00517,MONDO_0004247,INDICATION,
DRUGBANK:DB00526,EFO_0003086,CONTRAINDICATION,
DRUGBANK:DB00526,EFO_0003100,CONTRAINDICATION,
DRUGBANK:DB00526,EFO_0005088,OFF_LABEL_USE,
DRUGBANK:DB00526,EFO_0009448,CONTRAINDICATION,
DRUGBANK:DB00526,EFO_1000044,OFF_LABEL_USE,
DRUGBANK:DB00526,MONDO_0000956,INDICATION,
DRUGBANK:DB00526,MONDO_0001056,INDICATION,
DRUGBANK:DB00526,MONDO_0021063,OFF_LABEL_USE,
DRUGBANK:DB00526,MONDO_0041448,INDICATION,
DRUGBANK:DB00602,EFO_0007402,INDICATION,
DRUGBANK:DB00602,EFO_0007501,INDICATION,
DRUGBANK:DB00602,EFO_1000729,CONTRAINDICATION,
DRUGBANK:DB00611,EFO_0000612,CONTRAINDICATION,
DRUGBANK:DB00611,EFO_0001645,CONTRAINDICATION,
DRUGBANK:DB00611,EFO_0005611,CONTRAINDICATION,
DRUGBANK:DB00611,EFO_1001132,CONTRAINDICATION,
DRUGBANK:DB00611,MONDO_0001343,CONTRAINDICATION,
DRUGBANK:DB00611,MONDO_0002491,CONTRAINDICATION,
DRUGBANK:DB00611,MONDO_0005277,OFF_LABEL_USE,
DRUGBANK:DB00638,EFO_0003086,CONTRAINDICATION,
DRUGBANK:DB00638,EFO_0008506,CONTRAINDICATION,
DRUGBANK:DB00638,EFO_1000820,CONTRAINDICATION,
DRUGBANK:DB00638,MONDO_0000328,CONTRAINDICATION,
DRUGBANK:DB00638,MONDO_0001566,CONTRAINDICATION,
DRUGBANK:DB00638,MONDO_0002203,CONTRAINDICATION,
DRUGBANK:DB00638,MONDO_0019338,CONTRAINDICATION,
DRUGBANK:DB00646,EFO_0007406,INDICATION,
DRUGBANK:DB00646,EFO_0007543,INDICATION,
DRUGBANK:DB00646,EFO_0009491,CONTRAINDICATION,
DRUGBANK:DB00646,EFO_1000766,CONTRAINDICATION,
DRUGBANK:DB00646,MONDO_0000879,INDICATION,
DRUGBANK:DB00646,MONDO_0001576,CONTRAINDICATION,
DRUGBANK:DB00652,EFO_0000464,CONTRAINDICATION,
DRUGBANK:DB00652,EFO_0000474,CONTRAINDICATION,
DRUGBANK:DB00652,EFO_0000729,CONTRAINDICATION,
DRUGBANK:DB00652,EFO_0001074,CONTRAINDICATION,
DRUGBANK:DB00652,EFO_0003086,CONTRAINDICATION,
DRUGBANK:DB00652,EFO_0003767,CONTRAINDICATION,
DRUGBANK:DB00652,EFO_0003832,CONTRAINDICATION,
DRUGBANK:DB00652,EFO_0003833,CONTRAINDICATION,
DRUGBANK:DB00652,EFO_0003890,CONTRAINDICATION,
DRUGBANK:DB00652,EFO_0004274,CONTRAINDICATION,
DRUGBANK:DB00652,EFO_0004705,CONTRAINDICATION,
DRUGBANK:DB00652,EFO_0005251,CONTRAINDICATION,
DRUGBANK:DB00652,EFO_0005611,CONTRAINDICATION,
DRUGBANK:DB00652,EFO_0007467,CONTRAINDICATION,
DRUGBANK:DB00652,EFO_1000391,CONTRAINDICATION,
DRUGBANK:DB00652,EFO_1000800,CONTRAINDICATION,
DRUGBANK:DB00652,EFO_1000902,CONTRAINDICATION,
DRUGBANK:DB00652,EFO_1001132,CONTRAINDICATION,
DRUGBANK:DB00652,MONDO_0002203,CONTRAINDICATION,
DRUGBANK:DB00652,MONDO_0002280,CONTRAINDICATION,
DRUGBANK:DB00652,MONDO_0002491,CONTRAINDICATION,
DRUGBANK:DB00652,MONDO_0004247,CONTRAINDICATION,
DRUGBANK:DB00652,MONDO_0004596,CONTRAINDICATION,
DRUGBANK:DB00652,MONDO_0007079,CONTRAINDICATION,
DRUGBANK:DB00652,MONDO_0015129,CONTRAINDICATION,
DRUGBANK:DB00652,MONDO_0018660,CONTRAINDICATION,
DRUGBANK:DB00652,MONDO_0018896,CONTRAINDICATION,
DRUGBANK:DB00652,MONDO_0024574,CONTRAINDICATION,
DRUGBANK:DB00652,MONDO_0100192,CONTRAINDICATION,
DRUGBANK:DB00652,Orphanet_903,CONTRAINDICATION,
DRUGBANK:DB00658,EFO_1000948,CONTRAINDICATION,
DRUGBANK:DB00658,MONDO_0000313,CONTRAINDICATION,
DRUGBANK:DB00666,EFO_0000400,CONTRAINDICATION,
DRUGBANK:DB00666,EFO_0000537,CONTRAINDICATION,
DRUGBANK:DB00666,EFO_0001065,INDICATION,
DRUGBANK:DB00666,EFO_0001073,CONTRAINDICATION,
DRUGBANK:DB00666,EFO_0003882,CONTRAINDICATION,
DRUGBANK:DB00666,MONDO_0000088,INDICATION,
DRUGBANK:DB00666,MONDO_0007079,CONTRAINDICATION,
DRUGBANK:DB00703,EFO_0003086,CONTRAINDICATION,
DRUGBANK:DB00703,EFO_0004190,INDICATION,
DRUGBANK:DB00703,EFO_0004274,CONTRAINDICATION,
DRUGBANK:DB00703,EFO_0005803,CONTRAINDICATION,
DRUGBANK:DB00703,MONDO_0001744,INDICATION,
DRUGBANK:DB00703,MONDO_0001909,CONTRAINDICATION,
DRUGBANK:DB00703,MONDO_0005147,CONTRAINDICATION,
DRUGBANK:DB00703,MONDO_0005148,CONTRAINDICATION,
DRUGBANK:DB00703,MONDO_0015129,CONTRAINDICATION,
DRUGBANK:DB00703,MONDO_0100192,CONTRAINDICATION,
DRUGBANK:DB00707,EFO_0003060,INDICATION,
DRUGBANK:DB00707,EFO_0003086,CONTRAINDICATION,
DRUGBANK:DB00707,EFO_0009545,CONTRAINDICATION,
DRUGBANK:DB00707,MONDO_0007576,INDICATION,
DRUGBANK:DB00707,MONDO_0037821,CONTRAINDICATION,
DRUGBANK:DB00707,MONDO_0044782,CONTRAINDICATION,
DRUGBANK:DB00725,EFO_0000464,CONTRAINDICATION,
DRUGBANK:DB00725,EFO_0000474,CONTRAINDICATION,
DRUGBANK:DB00725,EFO_0000537,CONTRAINDICATION,
DRUGBANK:DB00725,EFO_0000555,INDICATION,
DRUGBANK:DB00725,EFO_0000729,CONTRAINDICATION,
DRUGBANK:DB00725,EFO_0001064,CONTRAINDICATION,
DRUGBANK:DB00725,EFO_0001074,CONTRAINDICATION,
DRUGBANK:DB00725,EFO_0001645,CONTRAINDICATION,
DRUGBANK:DB00725,EFO_0003086,CONTRAINDICATION,
DRUGBANK:DB00725,EFO_0003767,CONTRAINDICATION,
DRUGBANK:DB00725,EFO_0003832,CONTRAINDICATION,
DRUGBANK:DB00725,EFO_0003833,CONTRAINDICATION,
DRUGBANK:DB00725,EFO_0003890,CONTRAINDICATION,
DRUGBANK:DB00725,EFO_0004705,CONTRAINDICATION,
DRUGBANK:DB00725,EFO_0004991,CONTRAINDICATION,
DRUGBANK:DB00725,EFO_0005251,CONTRAINDICATION,
DRUGBANK:DB00725,EFO_0009189,CONTRAINDICATION,
DRUGBANK:DB00725,EFO_0009454,CONTRAINDICATION,
DRUGBANK:DB00725,EFO_0009571,CONTRAINDICATION,
DRUGBANK:DB00725,EFO_0009910,CONTRAINDICATION,
DRUGBANK:DB00725,EFO_1000800,CONTRAINDICATION,
DRUGBANK:DB00725,EFO_1000902,CONTRAINDICATION,
DRUGBANK:DB00725,EFO_1001095,CONTRAINDICATION,
DRUGBANK:DB00725,EFO_1001132,CONTRAINDICATION,
DRUGBANK:DB00725,MONDO_0001744,CONTRAINDICATION,
DRUGBANK:DB00725,MONDO_0002203,CONTRAINDICATION,
DRUGBANK:DB00725,MONDO_0002491,CONTRAINDICATION,
DRUGBANK:DB00725,MONDO_0004247,INDICATION,
DRUGBANK:DB00725,MONDO_0004596,CONTRAINDICATION,
DRUGBANK:DB00725,MONDO_0015129,CONTRAINDICATION,
DRUGBANK:DB00735,EFO_0007439,OFF_LABEL_USE,
DRUGBANK:DB00735,EFO_0007512,INDICATION,
DRUGBANK:DB00771,EFO_0000537,CONTRAINDICATION,
DRUGBANK:DB00771,EFO_0000555,INDICATION,
DRUGBANK:DB00771,EFO_0000729,CONTRAINDICATION,
DRUGBANK:DB00771,EFO_0001064,CONTRAINDICATION,
DRUGBANK:DB00771,EFO_0001645,CONTRAINDICATION,
DRUGBANK:DB00771,EFO_0003086,CONTRAINDICATION,
DRUGBANK:DB00771,EFO_0003818,CONTRAINDICATION,
DRUGBANK:DB00771,EFO_0003877,CONTRAINDICATION,
DRUGBANK:DB00771,EFO_0004991,CONTRAINDICATION,
DRUGBANK:DB00771,EFO_0005407,CONTRAINDICATION,
DRUGBANK:DB00771,EFO_0009189,CONTRAINDICATION,
DRUGBANK:DB00771,EFO_0009454,CONTRAINDICATION,
DRUGBANK:DB00771,EFO_0009571,CONTRAINDICATION,
DRUGBANK:DB00771,EFO_0009910,CONTRAINDICATION,
DRUGBANK:DB00771,EFO_1001095,CONTRAINDICATION,
DRUGBANK:DB00771,EFO_1001481,INDICATION,
DRUGBANK:DB00771,MONDO_0001744,CONTRAINDICATION,
DRUGBANK:DB00771,MONDO_0002050,CONTRAINDICATION,
DRUGBANK:DB00771,MONDO_0002491,CONTRAINDICATION,
DRUGBANK:DB00771,MONDO_0005041,CONTRAINDICATION,
DRUGBANK:DB00771,MONDO_0037821,CONTRAINDICATION,
DRUGBANK:DB00803,EFO_0003086,CONTRAINDICATION,
DRUGBANK:DB00803,EFO_0004991,CONTRAINDICATION,
DRUGBANK:DB00803,EFO_0007281,CONTRAINDICATION,
DRUGBANK:DB00803,EFO_0009560,INDICATION,
DRUGBANK:DB00803,EFO_1001318,INDICATION,
DRUGBANK:DB00803,EFO_1002022,CONTRAINDICATION,
DRUGBANK:DB00803,MONDO_0001920,OFF_LABEL_USE,
DRUGBANK:DB00845,EFO_0001054,INDICATION,
DRUGBANK:DB00845,EFO_1001190,CONTRAINDICATION,
DRUGBANK:DB00845,MONDO_0020590,OFF_LABEL_USE,
DRUGBANK:DB00926,EFO_0000676,INDICATION,
DRUGBANK:DB00926,EFO_0008517,OFF_LABEL_USE,
DRUGBANK:DB00926,EFO_1000905,CONTRAINDICATION,
DRUGBANK:DB00926,EFO_1001132,CONTRAINDICATION,
DRUGBANK:DB00926,MONDO_0002185,CONTRAINDICATION,
DRUGBANK:DB00926,MONDO_0005148,CONTRAINDICATION,
DRUGBANK:DB00926,MONDO_0045011,OFF_LABEL_USE,
DRUGBANK:DB00930,EFO_1000948,CONTRAINDICATION,
DRUGBANK:DB00930,EFO_1001237,CONTRAINDICATION,
DRUGBANK:DB00930,MONDO_0004567,CONTRAINDICATION,
DRUGBANK:DB00958,EFO_0000174,OFF_LABEL_USE,
DRUGBANK:DB00958,EFO_0000222,OFF_LABEL_USE,
DRUGBANK:DB00958,EFO_0000702,OFF_LABEL_USE,
DRUGBANK:DB00958,EFO_0003060,OFF_LABEL_USE,
DRUGBANK:DB00958,EFO_0003086,CONTRAINDICATION,
DRUGBANK:DB00958,EFO_0003100,CONTRAINDICATION,
DRUGBANK:DB00958,EFO_0005088,OFF_LABEL_USE,
DRUGBANK:DB00958,EFO_0006859,OFF_LABEL_USE,
DRUGBANK:DB00958,EFO_0009314,CONTRAINDICATION,
DRUGBANK:DB00958,EFO_1001512,OFF_LABEL_USE,
DRUGBANK:DB00958,MONDO_0001187,OFF_LABEL_USE,
DRUGBANK:DB00958,MONDO_0002280,CONTRAINDICATION,
DRUGBANK:DB00958,MONDO_0007254,INDICATION,
DRUGBANK:DB00958,MONDO_0008170,INDICATION,
DRUGBANK:DB00958,MONDO_0021945,CONTRAINDICATION,
DRUGBANK:DB00995,EFO_0000400,CONTRAINDICATION,
DRUGBANK:DB00995,EFO_0000537,CONTRAINDICATION,
DRUGBANK:DB00995,EFO_0000685,INDICATION,
DRUGBANK:DB00995,EFO_0000699,CONTRAINDICATION,
DRUGBANK:DB00995,EFO_0003086,CONTRAINDICATION,
DRUGBANK:DB00995,EFO_0003778,OFF_LABEL_USE,
DRUGBANK:DB00995,EFO_0003872,CONTRAINDICATION,
DRUGBANK:DB00995,EFO_0003928,CONTRAINDICATION,
DRUGBANK:DB00995,EFO_0005531,CONTRAINDICATION,
DRUGBANK:DB00995,EFO_0005803,CONTRAINDICATION,
DRUGBANK:DB00995,EFO_0007269,OFF_LABEL_USE,
DRUGBANK:DB00995,EFO_0009448,CONTRAINDICATION,
DRUGBANK:DB00995,EFO_0009456,CONTRAINDICATION,
DRUGBANK:DB00995,EFO_1000697,CONTRAINDICATION,
DRUGBANK:DB00995,MONDO_0007915,CONTRAINDICATION,
DRUGBANK:DB01049,MONDO_0001627,INDICATION,
DRUGBANK:DB01109,EFO_0000612,OFF_LABEL_USE,
DRUGBANK:DB01109,EFO_0000729,CONTRAINDICATION,
DRUGBANK:DB01109,EFO_0003770,CONTRAINDICATION,
DRUGBANK:DB01109,EFO_0003839,CONTRAINDICATION,
DRUGBANK:DB01109,EFO_0003882,CONTRAINDICATION,
DRUGBANK:DB01109,EFO_0005669,CONTRAINDICATION,
DRUGBANK:DB01109,EFO_0005672,OFF_LABEL_USE,
DRUGBANK:DB01109,EFO_0005803,CONTRAINDICATION,
DRUGBANK:DB01109,EFO_0009314,CONTRAINDICATION,
DRUGBANK:DB01109,EFO_1000820,CONTRAINDICATION,
DRUGBANK:DB01109,EFO_1000830,CONTRAINDICATION,
DRUGBANK:DB01109,EFO_1000977,CONTRAINDICATION,
DRUGBANK:DB01109,MONDO_0000565,CONTRAINDICATION,
DRUGBANK:DB01109,MONDO_0013144,CONTRAINDICATION,
DRUGBANK:DB01109,MONDO_0018660,CONTRAINDICATION,
DRUGBANK:DB01109,MONDO_0100192,CONTRAINDICATION,
DRUGBANK:DB01167,EFO_0000318,CONTRAINDICATION,
DRUGBANK:DB01167,EFO_0000341,CONTRAINDICATION,
DRUGBANK:DB01167,EFO_0003086,CONTRAINDICATION,
DRUGBANK:DB01167,EFO_0003100,CONTRAINDICATION,
DRUGBANK:DB01167,EFO_0003144,CONTRAINDICATION,
DRUGBANK:DB01167,EFO_0004238,CONTRAINDICATION,
DRUGBANK:DB01167,EFO_0005307,CONTRAINDICATION,
DRUGBANK:DB01167,EFO_0007157,INDICATION,
DRUGBANK:DB01167,EFO_0007174,INDICATION,
DRUGBANK:DB01167,EFO_0007207,OFF_LABEL_USE,
DRUGBANK:DB01167,EFO_0007211,OFF_LABEL_USE,
DRUGBANK:DB01167,EFO_0007310,INDICATION,
DRUGBANK:DB01167,EFO_0009551,CONTRAINDICATION,
DRUGBANK:DB01167,EFO_1000905,CONTRAINDICATION,
DRUGBANK:DB01167,EFO_1001375,CONTRAINDICATION,
DRUGBANK:DB01167,EFO_1001795,INDICATION,
DRUGBANK:DB01167,MONDO_0001343,CONTRAINDICATION,
DRUGBANK:DB01167,MONDO_0001628,OFF_LABEL_USE,
DRUGBANK:DB01167,MONDO_0018100,CONTRAINDICATION,
DRUGBANK:DB01167,MONDO_0019171,CONTRAINDICATION,
DRUGBANK:DB01167,MONDO_0042233,INDICATION,
DRUGBANK:DB01169,EFO_0000223,INDICATION,
DRUGBANK:DB01169,EFO_0000224,INDICATION,
DRUGBANK:DB01169,EFO_0003086,CONTRAINDICATION,
DRUGBANK:DB01169,EFO_0005307,CONTRAINDICATION,
DRUGBANK:DB01169,MONDO_0000468,CONTRAINDICATION,
DRUGBANK:DB01169,MONDO_0018100,CONTRAINDICATION,
DRUGBANK:DB01169,MONDO_0019171,CONTRAINDICATION,
DRUGBANK:DB01225,EFO_0000612,OFF_LABEL_USE,
DRUGBANK:DB01225,EFO_0000729,CONTRAINDICATION,
DRUGBANK:DB01225,EFO_0003770,CONTRAINDICATION,
DRUGBANK:DB01225,EFO_0003839,CONTRAINDICATION,
DRUGBANK:DB01225,EFO_0003882,CONTRAINDICATION,
DRUGBANK:DB01225,EFO_0005669,CONTRAINDICATION,
DRUGBANK:DB01225,EFO_0005672,OFF_LABEL_USE,
DRUGBANK:DB01225,EFO_0005803,CONTRAINDICATION,
DRUGBANK:DB01225,EFO_0009314,CONTRAINDICATION,
DRUGBANK:DB01225,EFO_1000820,CONTRAINDICATION,
DRUGBANK:DB01225,EFO_1000830,CONTRAINDICATION,
DRUGBANK:DB01225,EFO_1000977,CONTRAINDICATION,
DRUGBANK:DB01225,MONDO_0000565,CONTRAINDICATION,
DRUGBANK:DB01225,MONDO_0013144,CONTRAINDICATION,
DRUGBANK:DB01225,MONDO_0018660,CONTRAINDICATION,
DRUGBANK:DB01225,MONDO_0100192,CONTRAINDICATION,
DRUGBANK:DB01257,EFO_0004256,INDICATION,
DRUGBANK:DB01257,MONDO_0016244,INDICATION,
DRUGBANK:DB01257,MONDO_0100244,INDICATION,
DRUGBANK:DB01269,MONDO_0041447,INDICATION,
DRUGBANK:DB01270,EFO_0001365,INDICATION,
DRUGBANK:DB01270,EFO_0003770,INDICATION,
DRUGBANK:DB01270,EFO_0009321,INDICATION,
DRUGBANK:DB01270,EFO_1001158,INDICATION,
DRUGBANK:DB01270,EFO_1001888,CONTRAINDICATION,
DRUGBANK:DB01270,MONDO_0043885,CONTRAINDICATION,
DRUGBANK:DB01271,MONDO_0010674,INDICATION,
DRUGBANK:DB01273,EFO_0003875,CONTRAINDICATION,
DRUGBANK:DB01273,EFO_0005672,CONTRAINDICATION,
DRUGBANK:DB01273,MONDO_0002050,CONTRAINDICATION,
DRUGBANK:DB01273,MONDO_0004985,CONTRAINDICATION,
DRUGBANK:DB01273,MONDO_0005090,CONTRAINDICATION,
DRUGBANK:DB01273,MONDO_0007079,CONTRAINDICATION,
DRUGBANK:DB01276,EFO_0000278,CONTRAINDICATION,
DRUGBANK:DB01276,EFO_0000537,CONTRAINDICATION,
DRUGBANK:DB01276,EFO_0004799,CONTRAINDICATION,
DRUGBANK:DB01276,EFO_1000948,CONTRAINDICATION,
DRUGBANK:DB01276,MONDO_0001343,CONTRAINDICATION,
DRUGBANK:DB01276,MONDO_0007079,CONTRAINDICATION,
DRUGBANK:DB01276,MONDO_0024327,CONTRAINDICATION,
DRUGBANK:DB01277,MONDO_0009877,INDICATION,
DRUGBANK:DB01279,MONDO_0009661,INDICATION,
DRUGBANK:DB01281,EFO_0000685,INDICATION,
DRUGBANK:DB01294,EFO_0000400,CONTRAINDICATION,
DRUGBANK:DB01294,EFO_0000474,CONTRAINDICATION,
DRUGBANK:DB01294,EFO_0003086,CONTRAINDICATION,
DRUGBANK:DB01294,EFO_0003100,CONTRAINDICATION,
DRUGBANK:DB01294,EFO_0004274,CONTRAINDICATION,
DRUGBANK:DB01294,EFO_0005774,CONTRAINDICATION,
DRUGBANK:DB01294,EFO_0008533,INDICATION,
DRUGBANK:DB01294,EFO_0009314,CONTRAINDICATION,
DRUGBANK:DB01294,MONDO_0007079,CONTRAINDICATION,
DRUGBANK:DB01294,MONDO_0100192,CONTRAINDICATION,
DRUGBANK:DB01306,EFO_0000400,INDICATION,
DRUGBANK:DB01307,EFO_0000400,INDICATION,
DRUGBANK:DB01309,EFO_0000400,INDICATION,
DRUGBANK:DB01377,EFO_0000474,CONTRAINDICATION,
DRUGBANK:DB01377,EFO_0003086,CONTRAINDICATION,
DRUGBANK:DB01377,EFO_0003854,INDICATION,
DRUGBANK:DB01377,EFO_0003882,INDICATION,
DRUGBANK:DB01377,EFO_0005251,CONTRAINDICATION,
DRUGBANK:DB01377,EFO_0008506,CONTRAINDICATION,
DRUGBANK:DB01377,EFO_0008533,INDICATION,
DRUGBANK:DB01377,EFO_0009314,CONTRAINDICATION,
DRUGBANK:DB01377,EFO_1000820,CONTRAINDICATION,
DRUGBANK:DB01377,EFO_1000897,CONTRAINDICATION,
DRUGBANK:DB01377,EFO_1000948,CONTRAINDICATION,
DRUGBANK:DB01377,EFO_1001512,CONTRAINDICATION,
DRUGBANK:DB01377,MONDO_0000328,CONTRAINDICATION,
DRUGBANK:DB01377,MONDO_0000440,CONTRAINDICATION,
DRUGBANK:DB01377,MONDO_0001343,CONTRAINDICATION,
DRUGBANK:DB01377,MONDO_0001566,CONTRAINDICATION,
DRUGBANK:DB01377,MONDO_0002203,INDICATION,
DRUGBANK:DB01377,MONDO_0004247,CONTRAINDICATION,
DRUGBANK:DB01377,MONDO_0004985,CONTRAINDICATION,
DRUGBANK:DB01377,MONDO_0015129,CONTRAINDICATION,
DRUGBANK:DB01377,MONDO_0018100,INDICATION,
DRUGBANK:DB01377,MONDO_0019338,CONTRAINDICATION,
DRUGBANK:DB01377,MONDO_0021251,CONTRAINDICATION,
DRUGBANK:DB01401,EFO_0000217,CONTRAINDICATION,
DRUGBANK:DB01401,EFO_0000319,CONTRAINDICATION,
DRUGBANK:DB01401,EFO_0000400,CONTRAINDICATION,
DRUGBANK:DB01401,EFO_0000685,INDICATION,
DRUGBANK:DB01401,EFO_0003086,CONTRAINDICATION,
DRUGBANK:DB01401,EFO_0003948,CONTRAINDICATION,
DRUGBANK:DB01401,EFO_0004274,CONTRAINDICATION,
DRUGBANK:DB01401,EFO_0009190,CONTRAINDICATION,
DRUGBANK:DB01401,EFO_0009314,CONTRAINDICATION,
DRUGBANK:DB01401,EFO_1000391,CONTRAINDICATION,
DRUGBANK:DB01401,MONDO_0002280,CONTRAINDICATION,
DRUGBANK:DB01401,MONDO_0005178,INDICATION,
DRUGBANK:DB01401,MONDO_0018660,CONTRAINDICATION,
DRUGBANK:DB01401,MONDO_0018896,CONTRAINDICATION,
DRUGBANK:DB01401,MONDO_0024327,CONTRAINDICATION,
DRUGBANK:DB01401,MONDO_0100192,CONTRAINDICATION,
DRUGBANK:DB01432,EFO_0003086,CONTRAINDICATION,
DRUGBANK:DB01432,EFO_0004799,CONTRAINDICATION,
DRUGBANK:DB01432,EFO_0009314,CONTRAINDICATION,
DRUGBANK:DB01432,EFO_0009552,CONTRAINDICATION,
DRUGBANK:DB01432,MONDO_0002203,CONTRAINDICATION,
DRUGBANK:DB01432,MONDO_0019259,CONTRAINDICATION,
DRUGBANK:DB01432,MONDO_0021187,INDICATION,
DRUGBANK:DB01432,MONDO_0044751,OFF_LABEL_USE,
DRUGBANK:DB01432,Orphanet_79254,CONTRAINDICATION,
DRUGBANK:DB01592,EFO_0000729,CONTRAINDICATION,
DRUGBANK:DB01592,EFO_1001463,CONTRAINDICATION,
DRUGBANK:DB01592,MONDO_0001436,CONTRAINDICATION,
DRUGBANK:DB01592,MONDO_0004247,CONTRAINDICATION,
DRUGBANK:DB03404,MONDO_0008294,INDICATION,
DRUGBANK:DB03614,EFO_1000826,CONTRAINDICATION,
DRUGBANK:DB03614,MONDO_0010788,CONTRAINDICATION,
DRUGBANK:DB04465,EFO_0008533,OFF_LABEL_USE,
DRUGBANK:DB04465,EFO_1000062,INDICATION,
DRUGBANK:DB04890,EFO_0007141,INDICATION,
DRUGBANK:DB04899,EFO_0000538,CONTRAINDICATION,
DRUGBANK:DB04899,EFO_0005251,CONTRAINDICATION,
DRUGBANK:DB04899,EFO_1000878,CONTRAINDICATION,
DRUGBANK:DB04899,EFO_1001285,CONTRAINDICATION,
DRUGBANK:DB04899,MONDO_0042981,CONTRAINDICATION,
DRUGBANK:DB04932,MONDO_0019514,INDICATION,
DRUGBANK:DB05013,EFO_0002496,INDICATION,
DRUGBANK:DB05084,EFO_0003882,INDICATION,
DRUGBANK:DB05084,MONDO_0001566,CONTRAINDICATION,
DRUGBANK:DB05311,MONDO_0019623,INDICATION,
DRUGBANK:DB05332,MONDO_0015909,INDICATION,
DRUGBANK:DB05467,MONDO_0007606,INDICATION,
DRUGBANK:DB05578,EFO_0000182,INDICATION,
DRUGBANK:DB05578,EFO_0000503,INDICATION,
DRUGBANK:DB05578,EFO_0003060,INDICATION,
DRUGBANK:DB05578,MONDO_0001056,INDICATION,
DRUGBANK:DB05630,EFO_0005044,INDICATION,
DRUGBANK:DB05679,EFO_0000384,INDICATION,
DRUGBANK:DB05679,EFO_0000676,INDICATION,
DRUGBANK:DB05679,EFO_0000729,INDICATION,
DRUGBANK:DB05679,EFO_0003778,INDICATION,
DRUGBANK:DB05773,EFO_1000294,INDICATION,
DRUGBANK:DB05889,MONDO_0020511,INDICATION,
DRUGBANK:DB06005,EFO_0000612,OFF_LABEL_USE,
DRUGBANK:DB06005,EFO_0000729,CONTRAINDICATION,
DRUGBANK:DB06005,EFO_0003770,CONTRAINDICATION,
DRUGBANK:DB06005,EFO_0003839,CONTRAINDICATION,
DRUGBANK:DB06005,EFO_0003882,CONTRAINDICATION,
DRUGBANK:DB06005,EFO_0005669,CONTRAINDICATION,
DRUGBANK:DB06005,EFO_0005672,OFF_LABEL_USE,
DRUGBANK:DB06005,EFO_0005803,CONTRAINDICATION,
DRUGBANK:DB06005,EFO_0009314,CONTRAINDICATION,
DRUGBANK:DB06005,EFO_1000820,CONTRAINDICATION,
DRUGBANK:DB06005,EFO_1000830,CONTRAINDICATION,
DRUGBANK:DB06005,EFO_1000977,CONTRAINDICATION,
DRUGBANK:DB06005,MONDO_0000565,CONTRAINDICATION,
DRUGBANK:DB06005,MONDO_0013144,CONTRAINDICATION,
DRUGBANK:DB06005,MONDO_0018660,CONTRAINDICATION,
DRUGBANK:DB06005,MONDO_0100192,CONTRAINDICATION,
DRUGBANK:DB06014,MONDO_0010679,INDICATION,
DRUGBANK:DB06043,EFO_0000691,INDICATION,
DRUGBANK:DB06081,MONDO_0018896,INDICATION,
DRUGBANK:DB06143,MONDO_0100192,INDICATION,
DRUGBANK:DB06149,EFO_1001849,INDICATION,
DRUGBANK:DB06168,MONDO_0007727,INDICATION,
DRUGBANK:DB06168,MONDO_0016168,INDICATION,
DRUGBANK:DB06168,MONDO_0017708,INDICATION,
DRUGBANK:DB06168,MONDO_0018088,INDICATION,
DRUGBANK:DB06186,EFO_0000681,INDICATION,
DRUGBANK:DB06186,EFO_0000770,INDICATION,
DRUGBANK:DB06186,MONDO_0007576,INDICATION,
DRUGBANK:DB06212,EFO_0001422,CONTRAINDICATION,
DRUGBANK:DB06212,EFO_1000982,INDICATION,
DRUGBANK:DB06212,EFO_1001496,INDICATION,
DRUGBANK:DB06212,MONDO_0007079,CONTRAINDICATION,
DRUGBANK:DB06212,MONDO_0100192,CONTRAINDICATION,
DRUGBANK:DB06273,EFO_0000685,INDICATION,
DRUGBANK:DB06273,EFO_1002020,INDICATION,
DRUGBANK:DB06273,MONDO_0015564,INDICATION,
DRUGBANK:DB06283,EFO_0005407,CONTRAINDICATION,
DRUGBANK:DB06283,EFO_0009314,CONTRAINDICATION,
DRUGBANK:DB06285,EFO_0003854,INDICATION,
DRUGBANK:DB06285,EFO_0004261,CONTRAINDICATION,
DRUGBANK:DB06285,EFO_0005251,CONTRAINDICATION,
DRUGBANK:DB06285,EFO_0005583,CONTRAINDICATION,
DRUGBANK:DB06285,EFO_0007413,CONTRAINDICATION,
DRUGBANK:DB06285,EFO_0008506,CONTRAINDICATION,
DRUGBANK:DB06285,EFO_1001152,CONTRAINDICATION,
DRUGBANK:DB06285,MONDO_0001566,CONTRAINDICATION,
DRUGBANK:DB06285,MONDO_0002629,CONTRAINDICATION,
DRUGBANK:DB06285,MONDO_0024647,CONTRAINDICATION,
DRUGBANK:DB06285,MONDO_0800486,CONTRAINDICATION,
DRUGBANK:DB06317,EFO_0001378,INDICATION,
DRUGBANK:DB06366,EFO_1000294,INDICATION,
DRUGBANK:DB06366,EFO_1000657,INDICATION,
DRUGBANK:DB06366,MONDO_0021063,INDICATION,
DRUGBANK:DB06372,MONDO_0016168,INDICATION,
DRUGBANK:DB06602,EFO_0007257,INDICATION,
DRUGBANK:DB06606,MONDO_0005147,INDICATION,
DRUGBANK:DB06612,EFO_0007208,INDICATION,
DRUGBANK:DB06612,EFO_0007257,INDICATION,
DRUGBANK:DB06612,MONDO_0004979,INDICATION,
DRUGBANK:DB06643,EFO_0003854,INDICATION,
DRUGBANK:DB06643,EFO_0003882,INDICATION,
DRUGBANK:DB06650,EFO_0008522,INDICATION,
DRUGBANK:DB06655,EFO_0000278,CONTRAINDICATION,
DRUGBANK:DB06655,EFO_1000147,CONTRAINDICATION,
DRUGBANK:DB06655,MONDO_0005148,INDICATION,
DRUGBANK:DB06655,MONDO_0008234,CONTRAINDICATION,
DRUGBANK:DB06655,MONDO_0015277,CONTRAINDICATION,
DRUGBANK:DB06674,EFO_0000685,INDICATION,
DRUGBANK:DB06674,EFO_0000729,INDICATION,
DRUGBANK:DB06674,EFO_0003778,INDICATION,
DRUGBANK:DB06674,EFO_0003898,INDICATION,
DRUGBANK:DB06674,EFO_0009730,INDICATION,
DRUGBANK:DB06713,EFO_0000400,CONTRAINDICATION,
DRUGBANK:DB06713,EFO_0000474,CONTRAINDICATION,
DRUGBANK:DB06713,EFO_0000537,CONTRAINDICATION,
DRUGBANK:DB06713,EFO_0000612,CONTRAINDICATION,
DRUGBANK:DB06713,EFO_0000712,CONTRAINDICATION,
DRUGBANK:DB06713,EFO_0001073,CONTRAINDICATION,
DRUGBANK:DB06713,EFO_0001645,CONTRAINDICATION,
DRUGBANK:DB06713,EFO_0003086,CONTRAINDICATION,
DRUGBANK:DB06713,EFO_0003832,CONTRAINDICATION,
DRUGBANK:DB06713,EFO_0009315,CONTRAINDICATION,
DRUGBANK:DB06713,EFO_0009551,CONTRAINDICATION,
DRUGBANK:DB06713,EFO_1001074,CONTRAINDICATION,
DRUGBANK:DB06713,EFO_1001512,CONTRAINDICATION,
DRUGBANK:DB06713,MONDO_0001627,CONTRAINDICATION,
DRUGBANK:DB06713,MONDO_0002050,CONTRAINDICATION,
DRUGBANK:DB06713,MONDO_0002520,CONTRAINDICATION,
DRUGBANK:DB06713,MONDO_0002691,CONTRAINDICATION,
DRUGBANK:DB06713,MONDO_0004979,CONTRAINDICATION,
DRUGBANK:DB06713,MONDO_0005277,CONTRAINDICATION,
DRUGBANK:DB06713,MONDO_0007915,CONTRAINDICATION,
DRUGBANK:DB06713,MONDO_0008170,CONTRAINDICATION,
DRUGBANK:DB06713,MONDO_0021187,CONTRAINDICATION,
DRUGBANK:DB06713,MONDO_0037748,CONTRAINDICATION,
DRUGBANK:DB06713,MONDO_0037821,CONTRAINDICATION,
DRUGBANK:DB06720,MONDO_0009265,INDICATION,
DRUGBANK:DB06720,Orphanet_77259,INDICATION,
DRUGBANK:DB06760,MONDO_0009114,INDICATION,
DRUGBANK:DB06779,EFO_0000612,OFF_LABEL_USE,
DRUGBANK:DB06779,EFO_0000729,CONTRAINDICATION,
DRUGBANK:DB06779,EFO_0003770,CONTRAINDICATION,
DRUGBANK:DB06779,EFO_0003839,CONTRAINDICATION,
DRUGBANK:DB06779,EFO_0003882,CONTRAINDICATION,
DRUGBANK:DB06779,EFO_0005669,CONTRAINDICATION,
DRUGBANK:DB06779,EFO_0005672,OFF_LABEL_USE,
DRUGBANK:DB06779,EFO_0005803,CONTRAINDICATION,
DRUGBANK:DB06779,EFO_0009314,CONTRAINDICATION,
DRUGBANK:DB06779,EFO_1000820,CONTRAINDICATION,
DRUGBANK:DB06779,EFO_1000830,CONTRAINDICATION,
DRUGBANK:DB06779,EFO_1000977,CONTRAINDICATION,
DRUGBANK:DB06779,MONDO_0000565,CONTRAINDICATION,
DRUGBANK:DB06779,MONDO_0013144,CONTRAINDICATION,
DRUGBANK:DB06779,MONDO_0018660,CONTRAINDICATION,
DRUGBANK:DB06779,MONDO_0100192,CONTRAINDICATION,
DRUGBANK:DB06788,EFO_0000400,CONTRAINDICATION,
DRUGBANK:DB06788,EFO_0000537,CONTRAINDICATION,
DRUGBANK:DB06788,EFO_0001073,CONTRAINDICATION,
DRUGBANK:DB06788,MONDO_0000088,INDICATION,
DRUGBANK:DB06791,EFO_0000537,CONTRAINDICATION,
DRUGBANK:DB06791,EFO_0003832,CONTRAINDICATION,
DRUGBANK:DB06791,EFO_0004705,CONTRAINDICATION,
DRUGBANK:DB06791,EFO_0004799,CONTRAINDICATION,
DRUGBANK:DB06791,EFO_1001485,INDICATION,
DRUGBANK:DB06791,MONDO_0001343,CONTRAINDICATION,
DRUGBANK:DB06791,MONDO_0017611,INDICATION,
DRUGBANK:DB06792,MONDO_0002203,CONTRAINDICATION,
DRUGBANK:DB06792,MONDO_0004567,CONTRAINDICATION,
DRUGBANK:DB06796,EFO_0003086,CONTRAINDICATION,
DRUGBANK:DB06796,EFO_0005809,CONTRAINDICATION,
DRUGBANK:DB06796,EFO_1001095,CONTRAINDICATION,
DRUGBANK:DB06812,EFO_0000474,CONTRAINDICATION,
DRUGBANK:DB06822,EFO_0003827,INDICATION,
DRUGBANK:DB07402,EFO_0000685,INDICATION,
DRUGBANK:DB07402,EFO_0003898,INDICATION,
DRUGBANK:DB07402,EFO_0004274,INDICATION,
DRUGBANK:DB07402,MONDO_0005178,INDICATION,
DRUGBANK:DB08818,MONDO_0005041,CONTRAINDICATION,
DRUGBANK:DB08869,EFO_0000400,CONTRAINDICATION,
DRUGBANK:DB08869,EFO_0001380,CONTRAINDICATION,
DRUGBANK:DB08870,MONDO_0009348,INDICATION,
DRUGBANK:DB08870,MONDO_0015758,INDICATION,
DRUGBANK:DB08876,MONDO_0009265,INDICATION,
DRUGBANK:DB08876,Orphanet_77259,INDICATION,
DRUGBANK:DB08879,MONDO_0007915,INDICATION,
DRUGBANK:DB08885,EFO_0009321,INDICATION,
DRUGBANK:DB08885,EFO_1001060,INDICATION,
DRUGBANK:DB08885,EFO_1001158,INDICATION,
DRUGBANK:DB08885,MONDO_0041448,INDICATION,
DRUGBANK:DB08886,EFO_0000220,INDICATION,
DRUGBANK:DB08900,MONDO_0015183,INDICATION,
DRUGBANK:DB08904,EFO_0000384,INDICATION,
DRUGBANK:DB08904,EFO_0000685,INDICATION,
DRUGBANK:DB08904,EFO_0003778,INDICATION,
DRUGBANK:DB08904,EFO_0003898,INDICATION,
DRUGBANK:DB08935,MONDO_0018906,INDICATION,
DRUGBANK:DB08941,EFO_0003763,INDICATION,
DRUGBANK:DB08941,EFO_0004264,INDICATION,
DRUGBANK:DB08941,EFO_0005251,CONTRAINDICATION,
DRUGBANK:DB08941,EFO_1001145,INDICATION,
DRUGBANK:DB09029,EFO_0003778,INDICATION,
DRUGBANK:DB09029,EFO_0003898,INDICATION,
DRUGBANK:DB09033,EFO_0000384,INDICATION,
DRUGBANK:DB09033,EFO_0000729,INDICATION,
DRUGBANK:DB09033,EFO_0001062,CONTRAINDICATION,
DRUGBANK:DB09033,EFO_0007347,CONTRAINDICATION,
DRUGBANK:DB09033,EFO_0007455,CONTRAINDICATION,
DRUGBANK:DB09035,EFO_0000708,INDICATION,
DRUGBANK:DB09035,EFO_0000770,INDICATION,
DRUGBANK:DB09035,EFO_0003060,INDICATION,
DRUGBANK:DB09035,EFO_0005950,INDICATION,
DRUGBANK:DB09035,EFO_1000601,INDICATION,
DRUGBANK:DB09035,MONDO_0001056,INDICATION,
DRUGBANK:DB09035,MONDO_0007576,INDICATION,
DRUGBANK:DB09036,MONDO_0015564,INDICATION,
DRUGBANK:DB09037,EFO_0003060,INDICATION,
DRUGBANK:DB09037,EFO_0005537,INDICATION,
DRUGBANK:DB09037,EFO_0005922,INDICATION,
DRUGBANK:DB09037,EFO_0006859,INDICATION,
DRUGBANK:DB09037,EFO_1000601,INDICATION,
DRUGBANK:DB09037,EFO_1001512,INDICATION,
DRUGBANK:DB09043,MONDO_0005148,INDICATION,
DRUGBANK:DB09043,MONDO_0008234,CONTRAINDICATION,
DRUGBANK:DB09043,MONDO_0015277,CONTRAINDICATION,
DRUGBANK:DB09045,MONDO_0005148,INDICATION,
DRUGBANK:DB09046,EFO_1000681,INDICATION,
DRUGBANK:DB09046,MONDO_0012104,INDICATION,
DRUGBANK:DB09046,MONDO_0019193,INDICATION,
DRUGBANK:DB09051,MONDO_0009659,INDICATION,
DRUGBANK:DB09052,MONDO_0020511,INDICATION,
DRUGBANK:DB09066,MONDO_0018555,INDICATION,
DRUGBANK:DB09077,EFO_0000621,INDICATION,
DRUGBANK:DB09081,MONDO_0010788,INDICATION,
DRUGBANK:DB09098,EFO_1001109,INDICATION,
DRUGBANK:DB09098,Orphanet_631,INDICATION,
DRUGBANK:DB09105,MONDO_0018570,INDICATION,
DRUGBANK:DB09108,MONDO_0010602,INDICATION,
DRUGBANK:DB09109,MONDO_0010602,INDICATION,
DRUGBANK:DB09121,EFO_0000400,CONTRAINDICATION,
DRUGBANK:DB09121,EFO_0000537,CONTRAINDICATION,
DRUGBANK:DB09121,EFO_0000685,INDICATION,
DRUGBANK:DB09121,EFO_0000699,CONTRAINDICATION,
DRUGBANK:DB09121,EFO_0003086,CONTRAINDICATION,
DRUGBANK:DB09121,EFO_0003778,OFF_LABEL_USE,
DRUGBANK:DB09121,EFO_0003872,CONTRAINDICATION,
DRUGBANK:DB09121,EFO_0003928,CONTRAINDICATION,
DRUGBANK:DB09121,EFO_0005531,CONTRAINDICATION,
DRUGBANK:DB09121,EFO_0005803,CONTRAINDICATION,
DRUGBANK:DB09121,EFO_0007269,OFF_LABEL_USE,
DRUGBANK:DB09121,EFO_0009448,CONTRAINDICATION,
DRUGBANK:DB09121,EFO_0009456,CONTRAINDICATION,
DRUGBANK:DB09121,EFO_1000697,CONTRAINDICATION,
DRUGBANK:DB09121,MONDO_0007915,CONTRAINDICATION,
DRUGBANK:DB09122,EFO_0003929,INDICATION,
DRUGBANK:DB09126,EFO_0001663,CONTRAINDICATION,
DRUGBANK:DB09126,EFO_0004562,INDICATION,
DRUGBANK:DB09126,MONDO_0000088,CONTRAINDICATION,
DRUGBANK:DB09126,MONDO_0018555,INDICATION,
DRUGBANK:DB09131,MONDO_0010200,CONTRAINDICATION,
DRUGBANK:DB09141,EFO_0009430,OFF_LABEL_USE,
DRUGBANK:DB09146,MONDO_0000328,INDICATION,
DRUGBANK:DB09208,EFO_0004274,INDICATION,
DRUGBANK:DB09259,EFO_0003827,INDICATION,
DRUGBANK:DB09260,EFO_0000612,OFF_LABEL_USE,
DRUGBANK:DB09260,EFO_0000729,CONTRAINDICATION,
DRUGBANK:DB09260,EFO_0003770,CONTRAINDICATION,
DRUGBANK:DB09260,EFO_0003839,CONTRAINDICATION,
DRUGBANK:DB09260,EFO_0003882,CONTRAINDICATION,
DRUGBANK:DB09260,EFO_0005669,CONTRAINDICATION,
DRUGBANK:DB09260,EFO_0005672,OFF_LABEL_USE,
DRUGBANK:DB09260,EFO_0005803,CONTRAINDICATION,
DRUGBANK:DB09260,EFO_0009314,CONTRAINDICATION,
DRUGBANK:DB09260,EFO_1000820,CONTRAINDICATION,
DRUGBANK:DB09260,EFO_1000830,CONTRAINDICATION,
DRUGBANK:DB09260,EFO_1000977,CONTRAINDICATION,
DRUGBANK:DB09260,MONDO_0000565,CONTRAINDICATION,
DRUGBANK:DB09260,MONDO_0013144,CONTRAINDICATION,
DRUGBANK:DB09260,MONDO_0018660,CONTRAINDICATION,
DRUGBANK:DB09260,MONDO_0100192,CONTRAINDICATION,
DRUGBANK:DB09265,MONDO_0005148,INDICATION,
DRUGBANK:DB09276,EFO_0000685,INDICATION,
DRUGBANK:DB09276,EFO_0003778,OFF_LABEL_USE,
DRUGBANK:DB09276,EFO_0007269,OFF_LABEL_USE,
DRUGBANK:DB09287,EFO_0000319,CONTRAINDICATION,
DRUGBANK:DB09287,EFO_0000400,CONTRAINDICATION,
DRUGBANK:DB09287,EFO_0000474,CONTRAINDICATION,
DRUGBANK:DB09287,EFO_0000537,CONTRAINDICATION,
DRUGBANK:DB09287,EFO_0003086,CONTRAINDICATION,
DRUGBANK:DB09287,EFO_0007149,CONTRAINDICATION,
DRUGBANK:DB09287,EFO_0009189,CONTRAINDICATION,
DRUGBANK:DB09287,EFO_0009530,CONTRAINDICATION,
DRUGBANK:DB09287,EFO_1000906,INDICATION,
DRUGBANK:DB09287,EFO_1000948,CONTRAINDICATION,
DRUGBANK:DB09287,EFO_1000987,CONTRAINDICATION,
DRUGBANK:DB09287,EFO_1001888,CONTRAINDICATION,
DRUGBANK:DB09287,MONDO_0000468,CONTRAINDICATION,
DRUGBANK:DB09287,MONDO_0001744,CONTRAINDICATION,
DRUGBANK:DB09287,MONDO_0002203,INDICATION,
DRUGBANK:DB09287,MONDO_0004567,CONTRAINDICATION,
DRUGBANK:DB09287,MONDO_0008224,CONTRAINDICATION,
DRUGBANK:DB09287,MONDO_0043885,CONTRAINDICATION,
DRUGBANK:DB09302,EFO_0003914,INDICATION,
DRUGBANK:DB09303,EFO_0000319,INDICATION,
DRUGBANK:DB09303,MONDO_0018328,INDICATION,
DRUGBANK:DB09321,EFO_0000537,CONTRAINDICATION,
DRUGBANK:DB09321,EFO_0001645,CONTRAINDICATION,
DRUGBANK:DB09321,EFO_0005628,INDICATION,
DRUGBANK:DB09321,EFO_0007421,OFF_LABEL_USE,
DRUGBANK:DB09321,EFO_0007439,INDICATION,
DRUGBANK:DB09321,EFO_0007512,INDICATION,
DRUGBANK:DB09321,EFO_0009189,CONTRAINDICATION,
DRUGBANK:DB09321,EFO_0009552,INDICATION,
DRUGBANK:DB09321,EFO_1000697,INDICATION,
DRUGBANK:DB09321,MONDO_0000879,INDICATION,
DRUGBANK:DB09321,MONDO_0002474,CONTRAINDICATION,
DRUGBANK:DB09321,MONDO_0010200,CONTRAINDICATION,
DRUGBANK:DB09321,MONDO_0011382,CONTRAINDICATION,
DRUGBANK:DB09331,EFO_0001378,INDICATION,
DRUGBANK:DB09331,MONDO_0019438,INDICATION,
DRUGBANK:DB09532,EFO_1000652,CONTRAINDICATION,
DRUGBANK:DB09532,MONDO_0004979,CONTRAINDICATION,
DRUGBANK:DB09532,MONDO_0007079,CONTRAINDICATION,
DRUGBANK:DB09532,MONDO_0021104,CONTRAINDICATION,
DRUGBANK:DB09559,EFO_0003060,INDICATION,
DRUGBANK:DB09559,MONDO_0056806,INDICATION,
DRUGBANK:DB09564,EFO_0000400,INDICATION,
DRUGBANK:DB11060,EFO_0000400,CONTRAINDICATION,
DRUGBANK:DB11060,EFO_0000537,CONTRAINDICATION,
DRUGBANK:DB11060,EFO_0001645,CONTRAINDICATION,
DRUGBANK:DB11060,EFO_0003777,CONTRAINDICATION,
DRUGBANK:DB11060,EFO_0009086,CONTRAINDICATION,
DRUGBANK:DB11060,EFO_0009189,CONTRAINDICATION,
DRUGBANK:DB11060,EFO_1000906,INDICATION,
DRUGBANK:DB11060,MONDO_0001744,CONTRAINDICATION,
DRUGBANK:DB11060,MONDO_0002277,CONTRAINDICATION,
DRUGBANK:DB11061,EFO_0000474,CONTRAINDICATION,
DRUGBANK:DB11061,EFO_1000906,INDICATION,
DRUGBANK:DB11063,EFO_1000906,INDICATION,
DRUGBANK:DB11077,EFO_0000319,CONTRAINDICATION,
DRUGBANK:DB11077,EFO_0000400,CONTRAINDICATION,
DRUGBANK:DB11077,EFO_0000474,CONTRAINDICATION,
DRUGBANK:DB11077,EFO_0000537,CONTRAINDICATION,
DRUGBANK:DB11077,EFO_0003086,CONTRAINDICATION,
DRUGBANK:DB11077,EFO_0007149,CONTRAINDICATION,
DRUGBANK:DB11077,EFO_0009189,CONTRAINDICATION,
DRUGBANK:DB11077,EFO_0009530,CONTRAINDICATION,
DRUGBANK:DB11077,EFO_1000906,INDICATION,
DRUGBANK:DB11077,EFO_1000948,CONTRAINDICATION,
DRUGBANK:DB11077,EFO_1000987,CONTRAINDICATION,
DRUGBANK:DB11077,EFO_1001888,CONTRAINDICATION,
DRUGBANK:DB11077,MONDO_0000468,CONTRAINDICATION,
DRUGBANK:DB11077,MONDO_0001744,CONTRAINDICATION,
DRUGBANK:DB11077,MONDO_0002203,INDICATION,
DRUGBANK:DB11077,MONDO_0004567,CONTRAINDICATION,
DRUGBANK:DB11077,MONDO_0008224,CONTRAINDICATION,
DRUGBANK:DB11077,MONDO_0043885,CONTRAINDICATION,
DRUGBANK:DB11087,MONDO_0003482,INDICATION,
DRUGBANK:DB11092,EFO_1000892,CONTRAINDICATION,
DRUGBANK:DB11092,MONDO_0002508,OFF_LABEL_USE,
DRUGBANK:DB11095,EFO_0003770,CONTRAINDICATION,
DRUGBANK:DB11095,EFO_0009314,CONTRAINDICATION,
DRUGBANK:DB11095,EFO_1000830,CONTRAINDICATION,
DRUGBANK:DB11095,MONDO_0001343,CONTRAINDICATION,
DRUGBANK:DB11095,MONDO_0018660,CONTRAINDICATION,
DRUGBANK:DB11118,EFO_0000400,CONTRAINDICATION,
DRUGBANK:DB11118,EFO_0000676,INDICATION,
DRUGBANK:DB11118,EFO_0003875,CONTRAINDICATION,
DRUGBANK:DB11118,EFO_1000764,INDICATION,
DRUGBANK:DB11118,MONDO_0002406,CONTRAINDICATION,
DRUGBANK:DB11118,MONDO_0045011,INDICATION,
DRUGBANK:DB11124,EFO_0000400,CONTRAINDICATION,
DRUGBANK:DB11124,EFO_0000537,CONTRAINDICATION,
DRUGBANK:DB11124,EFO_0001645,CONTRAINDICATION,
DRUGBANK:DB11124,EFO_0003875,CONTRAINDICATION,
DRUGBANK:DB11124,EFO_0009189,CONTRAINDICATION,
DRUGBANK:DB11124,MONDO_0001744,CONTRAINDICATION,
DRUGBANK:DB11161,EFO_0000319,CONTRAINDICATION,
DRUGBANK:DB11161,EFO_0000400,CONTRAINDICATION,
DRUGBANK:DB11161,EFO_0000474,CONTRAINDICATION,
DRUGBANK:DB11161,EFO_0000537,CONTRAINDICATION,
DRUGBANK:DB11161,EFO_0003086,CONTRAINDICATION,
DRUGBANK:DB11161,EFO_0007149,CONTRAINDICATION,
DRUGBANK:DB11161,EFO_0009189,CONTRAINDICATION,
DRUGBANK:DB11161,EFO_0009530,CONTRAINDICATION,
DRUGBANK:DB11161,EFO_1000906,INDICATION,
DRUGBANK:DB11161,EFO_1000948,CONTRAINDICATION,
DRUGBANK:DB11161,EFO_1000987,CONTRAINDICATION,
DRUGBANK:DB11161,EFO_1001888,CONTRAINDICATION,
DRUGBANK:DB11161,MONDO_0000468,CONTRAINDICATION,
DRUGBANK:DB11161,MONDO_0001744,CONTRAINDICATION,
DRUGBANK:DB11161,MONDO_0002203,INDICATION,
DRUGBANK:DB11161,MONDO_0004567,CONTRAINDICATION,
DRUGBANK:DB11161,MONDO_0008224,CONTRAINDICATION,
DRUGBANK:DB11161,MONDO_0043885,CONTRAINDICATION,
DRUGBANK:DB11191,EFO_1000826,CONTRAINDICATION,
DRUGBANK:DB11191,MONDO_0010788,CONTRAINDICATION,
DRUGBANK:DB11236,EFO_0000319,CONTRAINDICATION,
DRUGBANK:DB11236,EFO_0000400,CONTRAINDICATION,
DRUGBANK:DB11236,EFO_0000474,CONTRAINDICATION,
DRUGBANK:DB11236,EFO_0000537,CONTRAINDICATION,
DRUGBANK:DB11236,EFO_0003086,CONTRAINDICATION,
DRUGBANK:DB11236,EFO_0007149,CONTRAINDICATION,
DRUGBANK:DB11236,EFO_0009189,CONTRAINDICATION,
DRUGBANK:DB11236,EFO_0009530,CONTRAINDICATION,
DRUGBANK:DB11236,EFO_1000906,INDICATION,
DRUGBANK:DB11236,EFO_1000948,CONTRAINDICATION,
DRUGBANK:DB11236,EFO_1000987,CONTRAINDICATION,
DRUGBANK:DB11236,EFO_1001888,CONTRAINDICATION,
DRUGBANK:DB11236,MONDO_0000468,CONTRAINDICATION,
DRUGBANK:DB11236,MONDO_0001744,CONTRAINDICATION,
DRUGBANK:DB11236,MONDO_0002203,INDICATION,
DRUGBANK:DB11236,MONDO_0004567,CONTRAINDICATION,
DRUGBANK:DB11236,MONDO_0008224,CONTRAINDICATION,
DRUGBANK:DB11236,MONDO_0043885,CONTRAINDICATION,
DRUGBANK:DB11255,EFO_0003086,CONTRAINDICATION,
DRUGBANK:DB11255,EFO_1000820,CONTRAINDICATION,
DRUGBANK:DB11255,MONDO_0000328,CONTRAINDICATION,
DRUGBANK:DB11255,MONDO_0001566,CONTRAINDICATION,
DRUGBANK:DB11255,MONDO_0002203,CONTRAINDICATION,
DRUGBANK:DB11255,MONDO_0019338,CONTRAINDICATION,
DRUGBANK:DB11563,MONDO_0019148,INDICATION,
DRUGBANK:DB11569,EFO_0003778,INDICATION,
DRUGBANK:DB11569,EFO_0003898,INDICATION,
DRUGBANK:DB11576,EFO_0005251,CONTRAINDICATION,
DRUGBANK:DB11576,EFO_0005628,INDICATION,
DRUGBANK:DB11576,EFO_0009552,INDICATION,
DRUGBANK:DB11576,EFO_1000697,INDICATION,
DRUGBANK:DB11576,MONDO_0001436,CONTRAINDICATION,
DRUGBANK:DB11580,EFO_0004249,CONTRAINDICATION,
DRUGBANK:DB11580,EFO_0004991,INDICATION,
DRUGBANK:DB11580,MONDO_0016244,INDICATION,
DRUGBANK:DB11580,MONDO_0100244,INDICATION,
DRUGBANK:DB11595,EFO_0000182,INDICATION,
DRUGBANK:DB11595,EFO_1000601,INDICATION,
DRUGBANK:DB11607,MONDO_0010602,INDICATION,
DRUGBANK:DB11608,MONDO_0010604,INDICATION,
DRUGBANK:DB11626,EFO_0000691,INDICATION,
DRUGBANK:DB11634,MONDO_0000328,INDICATION,
DRUGBANK:DB11634,MONDO_0021187,INDICATION,
DRUGBANK:DB11638,EFO_0001068,INDICATION,
DRUGBANK:DB11639,EFO_0004994,INDICATION,
DRUGBANK:DB11693,EFO_0005761,INDICATION,
DRUGBANK:DB11708,EFO_0000685,INDICATION,
DRUGBANK:DB11708,MONDO_0100192,CONTRAINDICATION,
DRUGBANK:DB11714,EFO_0000182,INDICATION,
DRUGBANK:DB11714,EFO_0000702,INDICATION,
DRUGBANK:DB11714,EFO_0003060,INDICATION,
DRUGBANK:DB11714,EFO_1000601,INDICATION,
DRUGBANK:DB11767,EFO_0000685,INDICATION,
DRUGBANK:DB11767,EFO_0000771,CONTRAINDICATION,
DRUGBANK:DB11771,EFO_0000182,INDICATION,
DRUGBANK:DB11776,EFO_0000384,CONTRAINDICATION,
DRUGBANK:DB11834,MONDO_0015597,INDICATION,
DRUGBANK:DB11850,EFO_0003929,INDICATION,
DRUGBANK:DB11850,EFO_0004197,CONTRAINDICATION,
DRUGBANK:DB11866,EFO_0003854,INDICATION,
DRUGBANK:DB11928,MONDO_0007037,INDICATION,
DRUGBANK:DB11945,EFO_0000681,INDICATION,
DRUGBANK:DB11945,EFO_1000601,INDICATION,
DRUGBANK:DB11976,MONDO_0007915,INDICATION,
DRUGBANK:DB11988,EFO_0008520,INDICATION,
DRUGBANK:DB12014,EFO_0000685,INDICATION,
DRUGBANK:DB12023,EFO_0007257,INDICATION,
DRUGBANK:DB12086,EFO_0000341,INDICATION,
DRUGBANK:DB12159,EFO_0000274,INDICATION,
DRUGBANK:DB12159,EFO_0004232,INDICATION,
DRUGBANK:DB12159,EFO_1000024,INDICATION,
DRUGBANK:DB12159,MONDO_0004979,INDICATION,
DRUGBANK:DB12159,MONDO_0026045,INDICATION,
DRUGBANK:DB12161,MONDO_0007739,INDICATION,
DRUGBANK:DB12169,EFO_0000274,INDICATION,
DRUGBANK:DB12274,MONDO_0004975,INDICATION,
DRUGBANK:DB12281,MONDO_0019402,INDICATION,
DRUGBANK:DB12281,Orphanet_848,INDICATION,
DRUGBANK:DB12366,MONDO_0009662,INDICATION,
DRUGBANK:DB12489,MONDO_0002087,INDICATION,
DRUGBANK:DB12489,MONDO_0002158,INDICATION,
DRUGBANK:DB12489,MONDO_0018364,INDICATION,
DRUGBANK:DB12498,EFO_1001051,INDICATION,
DRUGBANK:DB12498,MONDO_0015758,INDICATION,
DRUGBANK:DB12513,MONDO_0100339,INDICATION,
DRUGBANK:DB12530,EFO_0004197,CONTRAINDICATION,
DRUGBANK:DB12530,EFO_0004256,INDICATION,
DRUGBANK:DB12530,MONDO_0018076,CONTRAINDICATION,
DRUGBANK:DB12688,EFO_1000956,INDICATION,
DRUGBANK:DB12698,EFO_0000764,INDICATION,
DRUGBANK:DB12825,EFO_0007343,INDICATION,
DRUGBANK:DB12825,EFO_0007387,INDICATION,
DRUGBANK:DB12825,EFO_0007499,INDICATION,
DRUGBANK:DB12825,EFO_1001272,INDICATION,
DRUGBANK:DB12835,MONDO_0009756,INDICATION,
DRUGBANK:DB12835,MONDO_0011871,INDICATION,
DRUGBANK:DB12893,EFO_0005537,INDICATION,
DRUGBANK:DB12917,EFO_0003767,CONTRAINDICATION,
DRUGBANK:DB12917,EFO_0007406,CONTRAINDICATION,
DRUGBANK:DB13133,MONDO_0024574,INDICATION,
DRUGBANK:DB13133,Orphanet_903,INDICATION,
DRUGBANK:DB13152,MONDO_0010604,INDICATION,
DRUGBANK:DB13160,EFO_0000464,CONTRAINDICATION,
DRUGBANK:DB13160,EFO_0000474,CONTRAINDICATION,
DRUGBANK:DB13160,EFO_0000729,CONTRAINDICATION,
DRUGBANK:DB13160,EFO_0001074,CONTRAINDICATION,
DRUGBANK:DB13160,EFO_0003086,CONTRAINDICATION,
DRUGBANK:DB13160,EFO_0003767,CONTRAINDICATION,
DRUGBANK:DB13160,EFO_0003832,CONTRAINDICATION,
DRUGBANK:DB13160,EFO_0003833,CONTRAINDICATION,
DRUGBANK:DB13160,EFO_0003890,CONTRAINDICATION,
DRUGBANK:DB13160,EFO_0004705,CONTRAINDICATION,
DRUGBANK:DB13160,EFO_0005251,CONTRAINDICATION,
DRUGBANK:DB13160,EFO_1000800,CONTRAINDICATION,
DRUGBANK:DB13160,EFO_1000902,CONTRAINDICATION,
DRUGBANK:DB13160,EFO_1001132,CONTRAINDICATION,
DRUGBANK:DB13160,MONDO_0002203,CONTRAINDICATION,
DRUGBANK:DB13160,MONDO_0002491,CONTRAINDICATION,
DRUGBANK:DB13160,MONDO_0004596,CONTRAINDICATION,
DRUGBANK:DB13160,MONDO_0015129,CONTRAINDICATION,
DRUGBANK:DB13161,EFO_0008525,INDICATION,
DRUGBANK:DB13173,MONDO_0015674,INDICATION,
DRUGBANK:DB13236,EFO_1001475,INDICATION,
DRUGBANK:DB13257,EFO_0000729,CONTRAINDICATION,
DRUGBANK:DB13257,EFO_1001463,CONTRAINDICATION,
DRUGBANK:DB13257,MONDO_0001436,CONTRAINDICATION,
DRUGBANK:DB13257,MONDO_0002474,CONTRAINDICATION,
DRUGBANK:DB13257,MONDO_0004247,CONTRAINDICATION,
DRUGBANK:DB13257,MONDO_0011382,CONTRAINDICATION,
DRUGBANK:DB13257,MONDO_0024298,INDICATION,
DRUGBANK:DB13295,EFO_0003818,CONTRAINDICATION,
DRUGBANK:DB13295,EFO_0004991,CONTRAINDICATION,
DRUGBANK:DB13295,EFO_0005251,CONTRAINDICATION,
DRUGBANK:DB13295,EFO_0020094,CONTRAINDICATION,
DRUGBANK:DB13295,MONDO_0018493,CONTRAINDICATION,
DRUGBANK:DB13302,DOID_1947,INDICATION,
DRUGBANK:DB13302,MONDO_0002026,INDICATION,
DRUGBANK:DB13387,EFO_0000729,CONTRAINDICATION,
DRUGBANK:DB13387,EFO_0009314,CONTRAINDICATION,
DRUGBANK:DB13387,EFO_1001395,CONTRAINDICATION,
DRUGBANK:DB13387,EFO_1001463,CONTRAINDICATION,
DRUGBANK:DB13387,MONDO_0001436,CONTRAINDICATION,
DRUGBANK:DB13387,MONDO_0004247,CONTRAINDICATION,
DRUGBANK:DB13388,EFO_0005628,INDICATION,
DRUGBANK:DB13388,EFO_0009552,INDICATION,
DRUGBANK:DB13521,MONDO_0009387,INDICATION,
DRUGBANK:DB13521,Orphanet_411,INDICATION,
DRUGBANK:DB13522,EFO_0003888,INDICATION,
DRUGBANK:DB13595,EFO_0003086,CONTRAINDICATION,
DRUGBANK:DB13595,EFO_0003948,INDICATION,
DRUGBANK:DB13595,EFO_0008533,INDICATION,
DRUGBANK:DB13595,EFO_0009552,CONTRAINDICATION,
DRUGBANK:DB13595,MONDO_0000313,CONTRAINDICATION,
DRUGBANK:DB13595,MONDO_0002203,CONTRAINDICATION,
DRUGBANK:DB13595,MONDO_0004247,INDICATION,
DRUGBANK:DB13595,MONDO_0016586,OFF_LABEL_USE,
DRUGBANK:DB13595,MONDO_0017169,OFF_LABEL_USE,
DRUGBANK:DB13595,MONDO_0044751,CONTRAINDICATION,
DRUGBANK:DB13732,MONDO_0100192,CONTRAINDICATION,
DRUGBANK:DB13841,EFO_0005407,INDICATION,
DRUGBANK:DB13884,MONDO_0010604,INDICATION,
DRUGBANK:DB13923,MONDO_0010602,INDICATION,
DRUGBANK:DB13928,EFO_0001073,INDICATION,
DRUGBANK:DB13928,MONDO_0005148,INDICATION,
DRUGBANK:DB13931,EFO_0004190,INDICATION,
DRUGBANK:DB13931,EFO_1001069,INDICATION,
DRUGBANK:DB13985,EFO_1001901,INDICATION,
DRUGBANK:DB13998,MONDO_0010602,INDICATION,
DRUGBANK:DB13999,MONDO_0010602,INDICATION,
DRUGBANK:DB14039,MONDO_0005277,INDICATION,
DRUGBANK:DB14040,MONDO_0005277,INDICATION,
DRUGBANK:DB14041,MONDO_0005277,INDICATION,
DRUGBANK:DB14042,MONDO_0005277,INDICATION,
DRUGBANK:DB14098,EFO_0000537,CONTRAINDICATION,
DRUGBANK:DB14098,EFO_0000734,INDICATION,
DRUGBANK:DB14098,EFO_0005576,INDICATION,
DRUGBANK:DB14098,EFO_1000826,CONTRAINDICATION,
DRUGBANK:DB14098,MONDO_0002012,OFF_LABEL_USE,
DRUGBANK:DB14098,MONDO_0010788,CONTRAINDICATION,
DRUGBANK:DB14478,EFO_0000474,CONTRAINDICATION,
DRUGBANK:DB14478,EFO_1000906,INDICATION,
DRUGBANK:DB14488,EFO_0000729,CONTRAINDICATION,
DRUGBANK:DB14488,EFO_1001463,CONTRAINDICATION,
DRUGBANK:DB14488,MONDO_0001436,CONTRAINDICATION,
DRUGBANK:DB14488,MONDO_0004247,CONTRAINDICATION,
DRUGBANK:DB14491,EFO_0000400,CONTRAINDICATION,
DRUGBANK:DB14491,EFO_0000537,CONTRAINDICATION,
DRUGBANK:DB14491,EFO_0000612,CONTRAINDICATION,
DRUGBANK:DB14491,EFO_0000660,OFF_LABEL_USE,
DRUGBANK:DB14491,EFO_0000712,CONTRAINDICATION,
DRUGBANK:DB14491,EFO_0000729,CONTRAINDICATION,
DRUGBANK:DB14491,EFO_0001065,OFF_LABEL_USE,
DRUGBANK:DB14491,EFO_0001073,CONTRAINDICATION,
DRUGBANK:DB14491,EFO_0001645,CONTRAINDICATION,
DRUGBANK:DB14491,EFO_0003086,CONTRAINDICATION,
DRUGBANK:DB14491,EFO_0003832,CONTRAINDICATION,
DRUGBANK:DB14491,EFO_0008506,CONTRAINDICATION,
DRUGBANK:DB14491,EFO_0009551,CONTRAINDICATION,
DRUGBANK:DB14491,EFO_1000820,CONTRAINDICATION,
DRUGBANK:DB14491,EFO_1000826,CONTRAINDICATION,
DRUGBANK:DB14491,EFO_1001068,CONTRAINDICATION,
DRUGBANK:DB14491,EFO_1001463,CONTRAINDICATION,
DRUGBANK:DB14491,EFO_1001512,CONTRAINDICATION,
DRUGBANK:DB14491,MONDO_0000328,CONTRAINDICATION,
DRUGBANK:DB14491,MONDO_0001436,CONTRAINDICATION,
DRUGBANK:DB14491,MONDO_0001566,CONTRAINDICATION,
DRUGBANK:DB14491,MONDO_0001836,OFF_LABEL_USE,
DRUGBANK:DB14491,MONDO_0002050,CONTRAINDICATION,
DRUGBANK:DB14491,MONDO_0002203,CONTRAINDICATION,
DRUGBANK:DB14491,MONDO_0002474,CONTRAINDICATION,
DRUGBANK:DB14491,MONDO_0002691,CONTRAINDICATION,
DRUGBANK:DB14491,MONDO_0004247,CONTRAINDICATION,
DRUGBANK:DB14491,MONDO_0005277,CONTRAINDICATION,
DRUGBANK:DB14491,MONDO_0010788,CONTRAINDICATION,
DRUGBANK:DB14491,MONDO_0011382,CONTRAINDICATION,
DRUGBANK:DB14491,MONDO_0019338,CONTRAINDICATION,
DRUGBANK:DB14491,MONDO_0021187,CONTRAINDICATION,
DRUGBANK:DB14491,MONDO_0037821,CONTRAINDICATION,
DRUGBANK:DB14580,MONDO_0004975,INDICATION,
DRUGBANK:DB14582,EFO_0004129,INDICATION,
DRUGBANK:DB14597,MONDO_0019623,INDICATION,
DRUGBANK:DB14707,EFO_0000707,INDICATION,
DRUGBANK:DB14713,MONDO_0002462,CONTRAINDICATION,
DRUGBANK:DB14724,MONDO_0015541,INDICATION,
DRUGBANK:DB14724,Orphanet_158038,INDICATION,
DRUGBANK:DB14724,Orphanet_540,INDICATION,
DRUGBANK:DB14731,EFO_0010580,INDICATION,
DRUGBANK:DB14738,MONDO_0010602,INDICATION,
DRUGBANK:DB14740,EFO_0001378,INDICATION,
DRUGBANK:DB14740,MONDO_0019438,INDICATION,
DRUGBANK:DB14751,MONDO_0009877,INDICATION,
DRUGBANK:DB14762,EFO_0000384,INDICATION,
DRUGBANK:DB14762,EFO_0000676,INDICATION,
DRUGBANK:DB14762,EFO_0003778,INDICATION,
DRUGBANK:DB14782,MONDO_0004976,INDICATION,
DRUGBANK:DB14811,EFO_0001378,INDICATION,
DRUGBANK:DB14864,EFO_0009321,INDICATION,
DRUGBANK:DB14864,EFO_1001231,CONTRAINDICATION,
DRUGBANK:DB14864,EFO_1001888,CONTRAINDICATION,
DRUGBANK:DB14864,MONDO_0043885,CONTRAINDICATION,
DRUGBANK:DB14901,EFO_0009086,INDICATION,
DRUGBANK:DB14901,MONDO_0002277,INDICATION,
DRUGBANK:DB14910,EFO_0000729,INDICATION,
DRUGBANK:DB14919,EFO_0004991,INDICATION,
DRUGBANK:DB14960,MONDO_0001208,CONTRAINDICATION,
DRUGBANK:DB14984,MONDO_0010679,INDICATION,
DRUGBANK:DB14992,MONDO_0010526,INDICATION,
DRUGBANK:DB14996,MONDO_0016450,INDICATION,
DRUGBANK:DB15005,MONDO_0010679,INDICATION,
DRUGBANK:DB15044,EFO_0000403,INDICATION,
DRUGBANK:DB15066,MONDO_0002520,INDICATION,
DRUGBANK:DB15093,EFO_0003770,CONTRAINDICATION,
DRUGBANK:DB15093,MONDO_0004992,CONTRAINDICATION,
DRUGBANK:DB15119,EFO_0002429,INDICATION,
DRUGBANK:DB15119,EFO_0005809,CONTRAINDICATION,
DRUGBANK:DB15171,MONDO_0005148,INDICATION,
DRUGBANK:DB15171,MONDO_0008234,CONTRAINDICATION,
DRUGBANK:DB15171,MONDO_0015277,CONTRAINDICATION,
DRUGBANK:DB15218,EFO_0004249,CONTRAINDICATION,
DRUGBANK:DB15226,MONDO_0008233,CONTRAINDICATION,
DRUGBANK:DB15226,MONDO_0024677,CONTRAINDICATION,
DRUGBANK:DB15252,EFO_0000274,INDICATION,
DRUGBANK:DB15258,MONDO_0018896,CONTRAINDICATION,
DRUGBANK:DB15270,EFO_0004991,INDICATION,
DRUGBANK:DB15303,EFO_0009321,INDICATION,
DRUGBANK:DB15303,EFO_1001231,CONTRAINDICATION,
DRUGBANK:DB15354,MONDO_0018328,INDICATION,
DRUGBANK:DB15389,EFO_0000621,INDICATION,
DRUGBANK:DB15395,EFO_0001378,INDICATION,
DRUGBANK:DB15404,EFO_0000612,OFF_LABEL_USE,
DRUGBANK:DB15404,EFO_0000729,CONTRAINDICATION,
DRUGBANK:DB15404,EFO_0003770,CONTRAINDICATION,
DRUGBANK:DB15404,EFO_0003839,CONTRAINDICATION,
DRUGBANK:DB15404,EFO_0003882,CONTRAINDICATION,
DRUGBANK:DB15404,EFO_0005669,CONTRAINDICATION,
DRUGBANK:DB15404,EFO_0005672,OFF_LABEL_USE,
DRUGBANK:DB15404,EFO_0005803,CONTRAINDICATION,
DRUGBANK:DB15404,EFO_0009314,CONTRAINDICATION,
DRUGBANK:DB15404,EFO_1000820,CONTRAINDICATION,
DRUGBANK:DB15404,EFO_1000830,CONTRAINDICATION,
DRUGBANK:DB15404,EFO_1000977,CONTRAINDICATION,
DRUGBANK:DB15404,MONDO_0000565,CONTRAINDICATION,
DRUGBANK:DB15404,MONDO_0013144,CONTRAINDICATION,
DRUGBANK:DB15404,MONDO_0018660,CONTRAINDICATION,
DRUGBANK:DB15404,MONDO_0100192,CONTRAINDICATION,
DRUGBANK:DB15434,MONDO_0018906,INDICATION,
DRUGBANK:DB15463,MONDO_0008667,INDICATION,
DRUGBANK:DB15561,EFO_0001422,CONTRAINDICATION,
DRUGBANK:DB15561,MONDO_0015719,INDICATION,
DRUGBANK:DB15568,EFO_0003060,INDICATION,
DRUGBANK:DB15575,EFO_0000673,INDICATION,
DRUGBANK:DB15593,MONDO_0010679,INDICATION,
DRUGBANK:DB15627,EFO_1001512,INDICATION,
DRUGBANK:DB15633,MONDO_0010674,INDICATION,
DRUGBANK:DB15685,EFO_0003060,INDICATION,
DRUGBANK:DB15685,MONDO_0002108,INDICATION,
DRUGBANK:DB15685,MONDO_0015277,INDICATION,
DRUGBANK:DB15688,MONDO_0005475,INDICATION,
DRUGBANK:DB15688,MONDO_0100431,INDICATION,
DRUGBANK:DB15694,EFO_1001779,INDICATION,
DRUGBANK:DB15718,MONDO_0100096,INDICATION,
DRUGBANK:DB15719,EFO_0001378,INDICATION,
DRUGBANK:DB15762,EFO_0004197,CONTRAINDICATION,
DRUGBANK:DB15762,EFO_0004256,INDICATION,
DRUGBANK:DB15762,MONDO_0018076,CONTRAINDICATION,
DRUGBANK:DB15822,EFO_0003060,INDICATION,
DRUGBANK:DB15822,MONDO_0015277,INDICATION,
DRUGBANK:DB15825,EFO_0003086,CONTRAINDICATION,
DRUGBANK:DB15825,EFO_0003948,INDICATION,
DRUGBANK:DB15825,EFO_0008533,INDICATION,
DRUGBANK:DB15825,EFO_0009552,CONTRAINDICATION,
DRUGBANK:DB15825,MONDO_0000313,CONTRAINDICATION,
DRUGBANK:DB15825,MONDO_0002203,CONTRAINDICATION,
DRUGBANK:DB15825,MONDO_0004247,INDICATION,
DRUGBANK:DB15825,MONDO_0016586,OFF_LABEL_USE,
DRUGBANK:DB15825,MONDO_0017169,OFF_LABEL_USE,
DRUGBANK:DB15825,MONDO_0044751,CONTRAINDICATION,
DRUGBANK:DB15897,MONDO_0100096,INDICATION,
DRUGBANK:DB15898,EFO_0007243,INDICATION,
DRUGBANK:DB15899,EFO_0007243,INDICATION,
DRUGBANK:DB15900,EFO_0007243,INDICATION,
DRUGBANK:DB15903,EFO_0001065,INDICATION,
DRUGBANK:DB15919,EFO_1000906,INDICATION,
DRUGBANK:DB15935,MONDO_0009823,INDICATION,
DRUGBANK:DB15940,MONDO_0100096,INDICATION,
DRUGBANK:DB15941,MONDO_0100096,INDICATION,
DRUGBANK:DB15959,MONDO_0001134,INDICATION,
DRUGBANK:DB15965,EFO_0000621,INDICATION,
DRUGBANK:DB15982,MONDO_0019623,INDICATION,
DRUGBANK:DB15985,EFO_0000474,INDICATION,
DRUGBANK:DB16004,EFO_0003882,INDICATION,
DRUGBANK:DB16099,MONDO_0018485,INDICATION,
DRUGBANK:DB16119,EFO_0000729,INDICATION,
DRUGBANK:DB16133,EFO_0000274,INDICATION,
DRUGBANK:DB16145,EFO_0004274,INDICATION,
DRUGBANK:DB16159,MONDO_0005178,INDICATION,
DRUGBANK:DB16165,EFO_0009491,CONTRAINDICATION,
DRUGBANK:DB16165,MONDO_0015129,CONTRAINDICATION,
DRUGBANK:DB16171,MONDO_0005180,INDICATION,
DRUGBANK:DB16183,EFO_0003060,INDICATION,
DRUGBANK:DB16183,EFO_0003086,CONTRAINDICATION,
DRUGBANK:DB16183,EFO_0009545,CONTRAINDICATION,
DRUGBANK:DB16183,MONDO_0007576,INDICATION,
DRUGBANK:DB16183,MONDO_0037821,CONTRAINDICATION,
DRUGBANK:DB16183,MONDO_0044782,CONTRAINDICATION,
DRUGBANK:DB16190,MONDO_0010674,INDICATION,
DRUGBANK:DB16220,EFO_0003770,CONTRAINDICATION,
DRUGBANK:DB16220,MONDO_0001208,CONTRAINDICATION,
DRUGBANK:DB16220,MONDO_0008300,CONTRAINDICATION,
DRUGBANK:DB16222,EFO_0000403,INDICATION,
DRUGBANK:DB16222,MONDO_0004095,INDICATION,
DRUGBANK:DB16226,MONDO_0007318,INDICATION,
DRUGBANK:DB16258,EFO_1001413,INDICATION,
DRUGBANK:DB16261,MONDO_0015762,INDICATION,
DRUGBANK:DB16267,EFO_0000222,INDICATION,
DRUGBANK:DB16308,EFO_0004607,INDICATION,
DRUGBANK:DB16308,EFO_0009454,INDICATION,
DRUGBANK:DB16310,MONDO_0042233,INDICATION,
DRUGBANK:DB16355,MONDO_0100096,INDICATION,
DRUGBANK:DB16371,EFO_0000403,INDICATION,
DRUGBANK:DB16385,EFO_0007243,INDICATION,
DRUGBANK:DB16393,MONDO_0100096,INDICATION,
DRUGBANK:DB16394,MONDO_0100096,INDICATION,
DRUGBANK:DB16405,MONDO_0100096,INDICATION,
DRUGBANK:DB16627,EFO_0001378,INDICATION,
DRUGBANK:DB16628,MONDO_0020480,INDICATION,
DRUGBANK:DB16655,EFO_0001378,INDICATION,
DRUGBANK:DB16672,EFO_0000403,INDICATION,
DRUGBANK:DB16678,EFO_0001378,INDICATION,
DRUGBANK:DB16683,MONDO_0005180,INDICATION,
DRUGBANK:DB16691,MONDO_0100096,INDICATION,
DRUGBANK:DB16694,EFO_0004249,CONTRAINDICATION,
DRUGBANK:DB16694,EFO_1001231,CONTRAINDICATION,
DRUGBANK:DB16694,MONDO_0100114,INDICATION,
DRUGBANK:DB16694,MONDO_0100244,INDICATION,
DRUGBANK:DB16699,EFO_0004129,INDICATION,
DRUGBANK:DB16703,MONDO_0020547,INDICATION,
DRUGBANK:DB16708,MONDO_0018485,INDICATION,
DRUGBANK:DB16732,EFO_0001061,INDICATION,
DRUGBANK:DB16780,MONDO_0012084,INDICATION,
DRUGBANK:DB16824,MONDO_0004907,INDICATION,
DRUGBANK:DB17056,MONDO_0005090,INDICATION,
DRUGBANK:DB17083,EFO_0003882,CONTRAINDICATION,
DRUGBANK:DB17289,EFO_0003086,CONTRAINDICATION,
DRUGBANK:DB17289,EFO_0003777,CONTRAINDICATION,
DRUGBANK:DB17289,EFO_0004287,CONTRAINDICATION,
DRUGBANK:DB17289,EFO_0008506,CONTRAINDICATION,
DRUGBANK:DB17289,MONDO_0000440,CONTRAINDICATION,
DRUGBANK:DB17289,MONDO_0001566,CONTRAINDICATION,
DRUGBANK:DB17289,MONDO_0001909,CONTRAINDICATION,
DRUGBANK:DB17289,MONDO_0002203,CONTRAINDICATION,
DRUGBANK:DB17289,MONDO_0011382,CONTRAINDICATION,
DRUGBANK:DB17289,MONDO_0019259,CONTRAINDICATION,
DRUGBANK:DB17289,MONDO_0019338,CONTRAINDICATION,
DRUGBANK:DB17289,MONDO_0024327,CONTRAINDICATION,
DRUGBANK:DB17289,Orphanet_79254,CONTRAINDICATION,
DRUGBANK:DB17472,EFO_1001469,INDICATION,
DRUGBANK:DB17823,EFO_1000906,INDICATION,
DRUGBANK:DB18314,MONDO_0019471,INDICATION,
DRUGBANK:DB18834,MONDO_0100096,INDICATION,
DRUGBANK:DB19027,EFO_0007444,INDICATION,
DRUGBANK:DB19175,MONDO_0005041,CONTRAINDICATION,
DRUGBANK:DB19356,EFO_0000400,CONTRAINDICATION,
DRUGBANK:DB19356,EFO_0000474,CONTRAINDICATION,
DRUGBANK:DB19356,EFO_0000537,CONTRAINDICATION,
DRUGBANK:DB19356,EFO_0003086,CONTRAINDICATION,
DRUGBANK:DB19356,EFO_0003777,CONTRAINDICATION,
DRUGBANK:DB19356,EFO_0003818,CONTRAINDICATION,
DRUGBANK:DB19356,EFO_0005251,CONTRAINDICATION,
DRUGBANK:DB19356,MONDO_0001641,CONTRAINDICATION,
DRUGBANK:DB19356,MONDO_0002280,CONTRAINDICATION,
DRUGBANK:DB19356,MONDO_0004979,CONTRAINDICATION,
DRUGBANK:DB19374,EFO_0000537,CONTRAINDICATION,
DRUGBANK:DB19374,EFO_0003875,CONTRAINDICATION,
DRUGBANK:DB19374,MONDO_0005041,CONTRAINDICATION,
DRUGBANK:DB19374,MONDO_0005277,OFF_LABEL_USE,
DRUGBANK:DB19374,MONDO_0007079,CONTRAINDICATION,
DRUGBANK:DB19374,MONDO_0100192,CONTRAINDICATION,
DRUGBANK:DB19434,EFO_0000537,CONTRAINDICATION,
